0	0	0	0
100	-102.403	-283.12	0
200	-214.74	-562.331	0
300	-258.99	-600.373	0
400	-225.544	-475.843	0
500	-201.751	-421.629	0
600	-205.781	-435.663	0
700	-157.694	-329.655	0
800	-28.0184	-57.1733	0
900	0.762517	1.56345	0
1000	-0.689001	-4.81421	0
1100	4.30846	9.03251	0
1200	4.74228	10.0158	0
1300	2.96514	6.32363	0
1400	2.22875	4.81213	0
1500	1.77515	3.85187	0
1600	-0.777147	-1.69098	0
1700	3.28538	7.17693	0
1800	3.79437	8.23847	0
1900	2.29402	4.91596	0
2000	1.59551	3.39887	0
2100	-1.02205	-7.84897	0
2200	0.307566	0.65395	0
2300	7.73135	16.4393	0
2400	0.787214	1.68237	0
2500	7.4014	15.7516	0
2600	7.70278	16.3328	0
2700	1.95843	4.16517	0
2800	5.08122	10.7874	0
2900	10.0219	21.3095	0
3000	9.39327	20.1971	0
3100	-0.846292	-6.97394	0
3200	-1.01969	-8.5739	0
3300	-0.33775	-0.733656	0
3400	9.72768	22.1851	0
3500	-0.656004	-1.54767	0
3600	-0.507818	-5.20253	0
3700	11.6814	25.7018	0
3800	9.91637	21.7581	0
3900	-2.40025	-15.891	0
4000	6.37125	12.0767	0
4100	-1.36693	-5.94071	0
4200	8.30993	16.3943	0
4300	-2.20117	-12.8284	0
4400	6.39557	12.2837	0
4500	11.3533	23.4046	0
4600	4.60076	9.81722	0
4700	-1.4996	-11.5033	0
4800	12.2827	26.2265	0
4900	7.35478	15.5579	0
5000	5.82765	12.2576	0
5100	8.64729	18.1277	0
5200	1.56729	3.21946	0
5300	-0.745812	-4.81306	0
5400	12.6977	26.0737	0
5500	-1.61633	-10.0779	0
5600	0.999904	2.01076	0
5700	0.224254	0.463291	0
5800	2.82182	5.8728	0
5900	9.44814	19.8253	0
6000	5.83923	12.4954	0
6100	2.23396	4.76568	0
6200	5.8732	12.5379	0
6300	10.6507	23.879	0
6400	-1.63091	-17.0251	0
6500	-2.19357	-18.4275	0
6600	-2.2975	-20.1176	0
6700	-2.15688	-19.371	0
6800	4.25445	9.30921	0
6900	-0.927567	-8.51305	0
7000	-2.01048	-15.2233	0
7100	-1.58254	-15.2191	0
7200	-71.0767	-164.513	0
7300	-522.151	-1184.3	0
7400	-1190.56	-2546.97	0
7500	-1736.59	-3662.96	0
7600	-2085.26	-4428.3	0
7700	-2325.96	-4985.53	0
7800	-2661.47	-5621.56	0
7900	-3189.23	-6018.26	0
8000	-3386.13	-6037.57	0
8100	-3370.94	-6116.8	0
8200	-2694.35	-4844.72	0
8300	-1318.85	-2550.04	0
8400	-227.944	-468.312	0
8500	2.1105	3.78122	0
8600	-287.546	-456.359	0
8700	-1209.05	-1993.74	0
8800	-1548.84	-2656.59	0
8900	-1011.36	-2047.09	0
9000	-1028.52	-1966.71	0
9100	-1093.82	-1753.98	0
9200	-1486.41	-2397.02	0
9300	-1746.24	-3101.42	0
9400	-2039.37	-3721.05	0
9500	-2661.42	-5021.46	0
9600	-3155.66	-5938.45	0
9700	-3393.31	-6529.33	0
9800	-3582.4	-7159.87	0
9900	-3675.07	-7338.02	0
10000	-3275.78	-6022.15	0
10100	-2410.11	-4519.57	0
10200	-1925.52	-4320.13	0
10300	-2129.01	-3975.56	0
10400	-2149	-3543.91	0
10500	-1884.02	-3563.83	0
10600	-1896.26	-4131.69	0
10700	-2140.28	-4586.57	0
10800	-1950.42	-3491.6	0
10900	-1316.39	-2656.76	0
11000	-943.924	-2080.24	0
11100	-1085.01	-2040.84	0
11200	-1368.25	-2567.2	0
11300	-1468.4	-2860.73	0
11400	-1426.58	-3015.1	0
11500	-1410.33	-3377.04	0
11600	-1565.81	-4068.84	0
11700	-1722.64	-4556.84	0
11800	-1734.94	-4484.76	0
11900	-1827.88	-4583.36	0
12000	-1823.72	-4407.54	0
12100	-1827.53	-4590.79	0
12200	-1854.1	-4865.11	0
12300	-1641.32	-3893.56	0
12400	-1547.37	-2686.04	0
12500	-1577.53	-2598.39	0
12600	-1550.84	-2473.71	0
12700	-1399.22	-1993.46	0
12800	-1305.48	-2138.13	0
12900	-1371.89	-2736.39	0
13000	-1476.91	-3119.34	0
13100	-1611.99	-3866.44	0
13200	-1550.8	-3962.79	0
13300	-1427.96	-3467.29	0
13400	-1533.44	-3537.1	0
13500	-1608.9	-3445	0
13600	-1619.92	-2844.5	0
13700	-1591.49	-2337.98	0
13800	-1511.98	-2240.65	0
13900	-1401.79	-2340.19	0
14000	-1335.65	-2601.4	0
14100	-1348.78	-2937.95	0
14200	-1425.03	-3168.91	0
14300	-1547.43	-3356.84	0
14400	-1609.9	-3422.75	0
14500	-1626.36	-3304.57	0
14600	-1659.7	-3121.63	0
14700	-1665.7	-3021.7	0
14800	-1689.25	-3150.93	0
14900	-1688.92	-3099.46	0
15000	-1694.36	-2989.04	0
15100	-1551.94	-3000.53	0
15200	-1470.8	-2802.86	0
15300	-1561.75	-2921.3	0
15400	-1522.76	-3098.79	0
15500	-1412.01	-2935.78	0
15600	-1461.68	-2949.46	0
15700	-1534.65	-3094.99	0
15800	-1565.33	-2954.84	0
15900	-1560.44	-2329.84	0
16000	-1503.18	-2530.78	0
16100	-1560.59	-2807.06	0
16200	-1475.51	-2462.33	0
16300	-1381.51	-2388.28	0
16400	-1288.49	-2094.6	0
16500	-1224.92	-1875.49	0
16600	-1231.7	-2212.93	0
16700	-1146.26	-2291.31	0
16800	-972.725	-2003.97	0
16900	-924.64	-2053.64	0
17000	-957.719	-2189.37	0
17100	-976.223	-2025.97	0
17200	-1005.41	-1933.19	0
17300	-1037.93	-1903.7	0
17400	-1004.52	-1660.27	0
17500	-962.127	-1627.11	0
17600	-958.119	-1773.93	0
17700	-921.742	-1551.12	0
17800	-929.054	-1626.65	0
17900	-898.369	-1573.23	0
18000	-868.342	-1584.02	0
18100	-932.036	-2022.64	0
18200	-880.876	-1998.05	0
18300	-878.276	-1897.76	0
18400	-985.035	-2079.74	0
18500	-1045.12	-2251.68	0
18600	-1129.52	-2454.03	0
18700	-1095.64	-2157.76	0
18800	-1037.34	-1843.91	0
18900	-1031.29	-1919.97	0
19000	-996.47	-1819.85	0
19100	-945.624	-1571.7	0
19200	-889.914	-1410.02	0
19300	-894.742	-1496.81	0
19400	-914.542	-1525.96	0
19500	-907.893	-1568.93	0
19600	-924.367	-1862.72	0
19700	-991.974	-2182.52	0
19800	-1010.98	-2173.53	0
19900	-989.095	-2051.69	0
20000	-1036.11	-2245.61	0
20100	-1116.37	-2519.87	0
20200	-1123.37	-2503.32	0
20300	-1107.2	-2481.67	0
20400	-1092.12	-2449.34	0
20500	-1109.28	-2376.74	0
20600	-1157.6	-2367.64	0
20700	-1160.76	-2315.07	0
20800	-1132.91	-2244.89	0
20900	-1132.56	-2284.02	0
21000	-1136.26	-2288.93	0
21100	-1114.63	-2197.91	0
21200	-1113.99	-2259.64	0
21300	-1126.69	-2306.42	0
21400	-1141.19	-2266.11	0
21500	-1151.75	-2233.61	0
21600	-1168.77	-2273.44	0
21700	-1169.12	-2106.88	0
21800	-1217.78	-2299.88	0
21900	-1213.07	-2312.3	0
22000	-1237.57	-2301.06	0
22100	-1272.94	-2388.7	0
22200	-1231.79	-2200.47	0
22300	-1244.9	-2355.02	0
22400	-1254.82	-2444.89	0
22500	-1254.68	-2386.57	0
22600	-1274.64	-2510.42	0
22700	-1263.19	-2520.17	0
22800	-1255.24	-2453.17	0
22900	-1259.31	-2410.53	0
23000	-1261.87	-2317.86	0
23100	-1267.5	-2265.06	0
23200	-1277.11	-2280.71	0
23300	-1290.62	-2284	0
23400	-1289.18	-2172.35	0
23500	-1260.18	-1933.36	0
23600	-1265.08	-1934.56	0
23700	-1299.84	-2057.91	0
23800	-1295.08	-2007.54	0
23900	-1298.7	-2020.8	0
24000	-1284.71	-1907.96	0
24100	-1297.11	-1892.93	0
24200	-1304.09	-1973.97	0
24300	-1317.84	-2100.65	0
24400	-1316.65	-2095.66	0
24500	-1287.64	-2014.92	0
24600	-1300.13	-1994.22	0
24700	-1353.16	-2143.01	0
24800	-1345.14	-2184.9	0
24900	-1294.89	-2088.81	0
25000	-1292.57	-2100.45	0
25100	-1309.43	-2100.65	0
25200	-1296.72	-2121.32	0
25300	-1292.74	-2164.03	0
25400	-1352.17	-2362.51	0
25500	-1355.98	-2328.83	0
25600	-1320.95	-2172.65	0
25700	-1321.96	-2161.94	0
25800	-1324.83	-2224.73	0
25900	-1274.96	-2036.05	0
26000	-1247.78	-1885.43	0
26100	-1281.97	-1972.83	0
26200	-1296.14	-1982.79	0
26300	-1276.43	-1938.59	0
26400	-1292.12	-1984.39	0
26500	-1315.61	-2130.41	0
26600	-1307.22	-2145.48	0
26700	-1317.15	-2178.17	0
26800	-1323.6	-2190.8	0
26900	-1324.41	-2221.52	0
27000	-1328.19	-2214.69	0
27100	-1312.73	-2188.14	0
27200	-1279.97	-2064.49	0
27300	-1289.48	-2107.55	0
27400	-1291.36	-2123.74	0
27500	-1262.89	-2055.9	0
27600	-1280.03	-2073.68	0
27700	-1320.01	-2164.58	0
27800	-1328	-2184.28	0
27900	-1322.32	-2216.64	0
28000	-1320.23	-2227.41	0
28100	-1320.61	-2201.17	0
28200	-1328.1	-2210.74	0
28300	-1321.84	-2193.79	0
28400	-1305.86	-2145.9	0
28500	-1310.82	-2158.26	0
28600	-1327.27	-2229.24	0
28700	-1334.13	-2317.67	0
28800	-1319.91	-2335.39	0
28900	-1306.79	-2326.96	0
29000	-1304.89	-2307.54	0
29100	-1299.48	-2289.2	0
29200	-1283	-2231.93	0
29300	-1286.12	-2231.18	0
29400	-1306.71	-2312.33	0
29500	-1294.36	-2288.09	0
29600	-1265.67	-2192.64	0
29700	-1264.07	-2157.39	0
29800	-1279.62	-2182.44	0
29900	-1279.98	-2203.26	0
30000	-1263.1	-2151.06	0
30100	-1259.36	-2127.49	0
30200	-1271.36	-2169.46	0
30300	-1262.38	-2141.98	0
30400	-1243.34	-2125.22	0
30500	-1252.5	-2181.88	0
30600	-1278.96	-2235.86	0
30700	-1284.63	-2232.04	0
30800	-1289.57	-2212.83	0
30900	-1294.6	-2180.56	0
31000	-1285.2	-2132.12	0
31100	-1287.71	-2156.51	0
31200	-1293.06	-2210.29	0
31300	-1276.83	-2183.42	0
31400	-1276.14	-2208.24	0
31500	-1280.01	-2234.17	0
31600	-1289.49	-2255.25	0
31700	-1291.94	-2256.6	0
31800	-1292.86	-2303.73	0
31900	-1303.89	-2373.86	0
32000	-1320.23	-2383.59	0
32100	-1317.44	-2356.23	0
32200	-1324.34	-2294.72	0
32300	-1336.48	-2253.9	0
32400	-1332.41	-2201.61	0
32500	-1336.54	-2250.13	0
32600	-1340.69	-2249.37	0
32700	-1348.79	-2313.82	0
32800	-1336.41	-2343.95	0
32900	-1314.96	-2280.22	0
33000	-1302.38	-2205.25	0
33100	-1322.53	-2265.51	0
33200	-1333.53	-2292.75	0
33300	-1334.42	-2292.84	0
33400	-1335.31	-2288.69	0
33500	-1349.68	-2347.33	0
33600	-1354.32	-2368.02	0
33700	-1345.44	-2323.18	0
33800	-1335.77	-2253.72	0
33900	-1347.96	-2293.81	0
34000	-1344.48	-2309.65	0
34100	-1322.46	-2251.55	0
34200	-1319.29	-2216.06	0
34300	-1341.81	-2258.84	0
34400	-1334.51	-2223.59	0
34500	-1350.69	-2334.43	0
34600	-1332.66	-2319.05	0
34700	-1323.6	-2259	0
34800	-1327.25	-2236.09	0
34900	-1325.84	-2219.58	0
35000	-1332.04	-2255.4	0
35100	-1338.46	-2307.01	0
35200	-1325.05	-2264.07	0
35300	-1323.92	-2262.78	0
35400	-1333.14	-2300.63	0
35500	-1334.33	-2317.89	0
35600	-1327.92	-2329.79	0
35700	-1327.99	-2334.06	0
35800	-1339.26	-2319.18	0
35900	-1334.65	-2276.22	0
36000	-1326.44	-2269.6	0
36100	-1340.84	-2311.55	0
36200	-1337.09	-2307.26	0
36300	-1335.39	-2309.52	0
36400	-1336.2	-2301.87	0
36500	-1341.87	-2297.67	0
36600	-1344.91	-2307.9	0
36700	-1338.39	-2291.6	0
36800	-1337.68	-2285.21	0
36900	-1339.81	-2294.91	0
37000	-1331.29	-2268.53	0
37100	-1322.08	-2234.17	0
37200	-1319.57	-2231	0
37300	-1324.75	-2225.42	0
37400	-1328.8	-2247.19	0
37500	-1318.34	-2233.92	0
37600	-1318.16	-2209.1	0
37700	-1326.08	-2233.44	0
37800	-1326.89	-2275.51	0
37900	-1318.05	-2249.93	0
38000	-1320.69	-2236.34	0
38100	-1322.33	-2235.73	0
38200	-1318.85	-2238.8	0
38300	-1321.89	-2246.52	0
38400	-1315.38	-2214.06	0
38500	-1316.16	-2227.74	0
38600	-1323.32	-2248.16	0
38700	-1323.22	-2248.51	0
38800	-1314.75	-2225.92	0
38900	-1317.77	-2242.51	0
39000	-1319.11	-2240.45	0
39100	-1321.05	-2252.24	0
39200	-1311.79	-2228.67	0
39300	-1307.22	-2205.19	0
39400	-1306.17	-2191.44	0
39500	-1316.25	-2223.8	0
39600	-1310.61	-2219.53	0
39700	-1313.26	-2238.33	0
39800	-1319.44	-2254.29	0
39900	-1317.09	-2247.27	0
40000	-1320.34	-2250.47	0
40100	-1328.32	-2285.1	0
40200	-1320.68	-2260	0
40300	-1316.4	-2249.46	0
40400	-1312.37	-2230.51	0
40500	-1314.01	-2225.95	0
40600	-1310.93	-2217.16	0
40700	-1316.46	-2241.3	0
40800	-1318.79	-2256.41	0
40900	-1317.07	-2253.98	0
41000	-1316.99	-2248.61	0
41100	-1315.74	-2253.16	0
41200	-1313.11	-2258.24	0
41300	-1310.81	-2249.03	0
41400	-1312.4	-2238.97	0
41500	-1311.29	-2237.04	0
41600	-1311.04	-2242.8	0
41700	-1305.91	-2210.81	0
41800	-1310.48	-2226.21	0
41900	-1314.02	-2248.41	0
42000	-1320.32	-2265.67	0
42100	-1320.53	-2264.76	0
42200	-1322.31	-2281.77	0
42300	-1320.54	-2288.32	0
42400	-1311.22	-2250.37	0
42500	-1309.89	-2230.25	0
42600	-1312.35	-2240.68	0
42700	-1304.77	-2221.29	0
42800	-1311.07	-2238.16	0
42900	-1316.87	-2273.39	0
43000	-1315.85	-2277.1	0
43100	-1319.67	-2278.42	0
43200	-1310.31	-2247.42	0
43300	-1310.35	-2246.62	0
43400	-1310.6	-2249.07	0
43500	-1311.7	-2253.19	0
43600	-1313.46	-2259.19	0
43700	-1315.36	-2265.11	0
43800	-1311.75	-2257.09	0
43900	-1316.51	-2270.56	0
44000	-1310.85	-2254.52	0
44100	-1313.68	-2260.78	0
44200	-1313.74	-2257.36	0
44300	-1315.33	-2261.29	0
44400	-1312.37	-2256.86	0
44500	-1310.26	-2247.49	0
44600	-1313.1	-2251.68	0
44700	-1310.38	-2251.05	0
44800	-1314.09	-2258.67	0
44900	-1311.38	-2253.61	0
45000	-1313.76	-2259.7	0
45100	-1311.73	-2253.89	0
45200	-1310	-2246.89	0
45300	-1311.81	-2254.62	0
45400	-1311.95	-2255.69	0
45500	-1311.55	-2251.47	0
45600	-1311.22	-2245.91	0
45700	-1312.19	-2249.88	0
45800	-1309.26	-2246.45	0
45900	-1311.21	-2253.14	0
46000	-1313.26	-2253.99	0
46100	-1312.89	-2256.28	0
46200	-1312.49	-2253.1	0
46300	-1311.24	-2249.91	0
46400	-1312.54	-2255.95	0
46500	-1312.77	-2255.53	0
46600	-1313.7	-2257.52	0
46700	-1311.54	-2253.44	0
46800	-1312.28	-2253.34	0
46900	-1313.36	-2258.82	0
47000	-1311.06	-2253.55	0
47100	-1313.6	-2258.4	0
47200	-1312.41	-2257.73	0
47300	-1313.22	-2258.56	0
47400	-1312.12	-2254.76	0
47500	-1311.73	-2253.85	0
47600	-1312.58	-2257.64	0
47700	-1313.98	-2261.54	0
47800	-1313.52	-2259.37	0
47900	-1312.53	-2259.79	0
48000	-1314.28	-2261.34	0
48100	-1310.88	-2252.64	0
48200	-1311.35	-2252.5	0
48300	-1312.75	-2256.33	0
48400	-1310.93	-2252.11	0
48500	-1312.88	-2255.45	0
48600	-1312.08	-2254.2	0
48700	-1311.85	-2255.44	0
48800	-1313.46	-2257.45	0
48900	-1312.51	-2257.82	0
49000	-1312.68	-2258	0
49100	-1313.2	-2255.62	0
49200	-1312.7	-2256.33	0
49300	-1311.95	-2253.7	0
49400	-1313.12	-2256.35	0
49500	-1312.95	-2259.44	0
49600	-1312.39	-2256.41	0
49700	-1313.23	-2256.63	0
49800	-1312.46	-2254.66	0
49900	-1311.88	-2253.46	0
50000	-1311.72	-2254.48	0
