0	0	0	0
10	0.000157721	-2.40554	0
20	0.000324694	-2.2583	0
30	0.000468765	-2.02063	0
40	0.000579718	-1.70826	0
50	0.000650096	-1.34163	0
60	0.000675494	-0.944426	0
70	0.00065483	-0.541791	0
80	0.000590394	-0.1585	0
90	0.000487634	0.182819	0
100	0.000354711	0.463277	0
110	0.000201839	0.668995	0
120	4.04628e-05	0.791983	0
130	-0.00011771	0.83054	0
140	-0.000261489	0.789168	0
150	-0.000381138	0.678019	0
160	-0.000469109	0.51191	0
170	-0.000520457	0.309015	0
180	-0.000533534	0.0893291	0
190	-0.000511725	-0.126966	0
200	-0.000461049	-0.321097	0
210	-0.000386235	-0.477137	0
220	-0.00029398	-0.583165	0
230	-0.000193076	-0.632074	0
240	-9.25726e-05	-0.621956	0
250	-1.73698e-06	-0.556053	0
260	7.1601e-05	-0.442293	0
270	0.000121501	-0.292445	0
280	0.000143897	-0.120987	0
290	0.00013765	0.0562169	0
300	0.000103618	0.223319	0
310	4.47991e-05	0.365844	0
320	-3.25601e-05	0.471891	0
330	-0.000121262	0.533088	0
340	-0.000213328	0.54521	0
350	-0.000300686	0.508433	0
360	-0.00037569	0.427207	0
370	-0.000431798	0.309759	0
380	-0.000464119	0.167289	0
390	-0.000470784	0.012928	0
400	-0.000451236	-0.13945	0
410	-0.00040718	-0.276445	0
420	-0.000342588	-0.38629	0
430	-0.000258904	-0.459833	0
440	-0.00016786	-0.491284	0
450	-7.53156e-05	-0.478643	0
460	1.08081e-05	-0.423801	0
470	8.57817e-05	-0.332293	0
480	0.000141463	-0.212744	0
490	0.000175397	-0.0760509	0
500	0.000188617	0.0656129	0
510	0.000179694	0.199893	0
520	0.000146777	0.315344	0
530	9.79748e-05	0.402425	0
540	3.99725e-05	0.454312	0
550	-2.83167e-05	0.467464	0
560	-9.13396e-05	0.441894	0
570	-0.000146514	0.38113	0
580	-0.000195229	0.291871	0
590	-0.000253003	0.183369	0
600	-0.000265887	0.0666108	0
610	-0.000266477	-0.04665	0
620	-0.000249484	-0.144904	0
630	-0.000225038	-0.217865	0
640	-0.000239343	-0.257332	0
650	-0.000251636	-0.257852	0
660	-0.000125435	-0.217146	0
670	-0.000239968	-0.136252	0
680	-0.000346012	-0.0193823	0
690	-0.000716175	0.126493	0
700	-0.000820579	0.292285	0
710	-0.00134277	0.467588	0
720	-0.0016542	0.641567	0
730	-0.00222892	0.804	0
740	-0.00278486	0.945819	0
750	-0.00455936	1.06016	0
760	-0.00453576	1.14284	0
770	-0.00629686	1.1924	0
780	-0.0080758	1.21028	0
790	-0.00885109	1.20095	0
800	-0.0105283	1.169	0
810	-0.0123733	1.11935	0
820	-0.0144149	1.05864	0
830	-0.0167513	0.994069	0
840	-0.0194143	0.934074	0
850	-0.0225165	0.884948	0
860	-0.0260388	0.849111	0
870	-0.0297872	0.825894	0
880	-0.0335404	0.811772	0
890	-0.0370202	0.800704	0
900	-0.039846	0.784969	0
910	-0.0417739	0.75624	0
920	-0.0425922	0.70654	0
930	-0.0421515	0.629278	0
940	-0.0402709	0.520196	0
950	-0.0367348	0.37812	0
960	-0.0316509	0.205435	0
970	-0.0251021	0.00816071	0
980	-0.0172374	-0.196801	0
990	-0.00982594	-0.397321	0
1000	-0.00235088	-0.576901	0
1010	0.00553123	-0.733759	0
1020	0.0142499	-0.856739	0
1030	0.0242198	-0.936743	0
1040	0.0354053	-0.967195	0
1050	0.0480076	-0.94459	0
1060	0.0620444	-0.869997	0
1070	0.0772818	-0.747574	0
1080	0.0926849	-0.581563	0
1090	0.107024	-0.379261	0
1100	0.119302	-0.154309	0
1110	0.128653	0.0771388	0
1120	0.134273	0.298248	0
1130	0.135475	0.492898	0
1140	0.131748	0.64702	0
1150	0.122815	0.749763	0
1160	0.108664	0.794379	0
1170	0.0896002	0.778742	0
1180	0.0661944	0.705475	0
1190	0.0392981	0.581668	0
1200	0.0100137	0.418205	0
1210	-0.0203575	0.228772	0
1220	-0.0503811	0.0286607	0
1230	-0.0785716	-0.166575	0
1240	-0.10347	-0.342461	0
1250	-0.123722	-0.486827	0
1260	-0.138177	-0.590784	0
1270	-0.145947	-0.649421	0
1280	-0.146486	-0.662053	0
1290	-0.139608	-0.632094	0
1300	-0.125545	-0.566608	0
1310	-0.10495	-0.475521	0
1320	-0.0788458	-0.370625	0
1330	-0.0485818	-0.264443	0
1340	-0.0157501	-0.169063	0
1350	0.0179267	-0.0950439	0
1360	0.0506941	-0.050535	0
1370	0.0808389	-0.0405888	0
1380	0.106852	-0.0667942	0
1390	0.127475	-0.127281	0
1400	0.141778	-0.216963	0
1410	0.149219	-0.328039	0
1420	0.149647	-0.450755	0
1430	0.143215	-0.574508	0
1440	0.13043	-0.689202	0
1450	0.112089	-0.786033	0
1460	0.0892409	-0.857701	0
1470	0.063165	-0.898867	0
1480	0.0352506	-0.906629	0
1490	0.00687126	-0.880799	0
1500	-0.0206935	-0.823874	0
1510	-0.0463214	-0.740809	0
1520	-0.069112	-0.638542	0
1530	-0.088427	-0.525295	0
1540	-0.10391	-0.409794	0
1550	-0.115485	-0.300461	0
1560	-0.123319	-0.204672	0
1570	-0.127793	-0.128133	0
1580	-0.129402	-0.0744521	0
1590	-0.12874	-0.04495	0
1600	-0.1264	-0.0386896	0
1610	-0.122911	-0.0528133	0
1620	-0.118683	-0.0830071	0
1630	-0.113982	-0.124067	0
1640	-0.108887	-0.170534	0
1650	-0.103309	-0.217309	0
1660	-0.0970017	-0.260177	0
1670	-0.0896036	-0.296174	0
1680	-0.080689	-0.323777	0
1690	-0.0698357	-0.342881	0
1700	-0.0566784	-0.354593	0
1710	-0.040974	-0.360853	0
1720	-0.022656	-0.363961	0
1730	-0.00189862	-0.366053	0
1740	0.0209168	-0.368614	0
1750	0.0451754	-0.372088	0
1760	0.0700579	-0.375658	0
1770	0.0945681	-0.377213	0
1780	0.117603	-0.373502	0
1790	0.138028	-0.360484	0
1800	0.154745	-0.333894	0
1810	0.166774	-0.289876	0
1820	0.173364	-0.225629	0
1830	0.174128	-0.139994	0
1840	0.168729	-0.0339056	0
1850	0.157122	0.0893718	0
1860	0.139788	0.224251	0
1870	0.117571	0.363087	0
1880	0.0914972	0.49671	0
1890	0.0627817	0.615232	0
1900	0.0327744	0.709064	0
1910	0.00287323	0.76981	0
1920	-0.0255694	0.79118	0
1930	-0.0513236	0.769771	0
1940	-0.0733863	0.705774	0
1950	-0.0910175	0.603408	0
1960	-0.103754	0.47095	0
1970	-0.111449	0.319892	0
1980	-0.114232	0.163894	0
1990	-0.112541	0.0176512	0
2000	-0.107044	-0.104368	0
2010	-0.0986258	-0.189222	0
2020	-0.0882575	-0.226713	0
2030	-0.0769928	-0.210409	0
2040	-0.0658264	-0.138355	0
2050	-0.0557252	-0.0134189	0
2060	-0.0475477	0.156735	0
2070	-0.0415507	0.360097	0
2080	-0.0380029	0.581178	0
2090	-0.0368345	0.79953	0
2100	-0.0343406	0.999355	0
2110	-0.0321023	1.16675	0
2120	-0.0310269	1.28467	0
2130	-0.0323563	1.34122	0
2140	-0.0353803	1.32463	0
2150	-0.0381298	1.23269	0
2160	-0.0420465	1.07019	0
2170	-0.0442063	0.846325	0
2180	-0.0434295	0.582385	0
2190	-0.0408212	0.293422	0
2200	-0.0351181	-0.00123732	0
2210	-0.0265391	-0.284257	0
2220	-0.0142138	-0.536093	0
2230	0.00172245	-0.739042	0
2240	0.0208973	-0.879149	0
2250	0.0426131	-0.948722	0
2260	0.0658946	-0.94371	0
2270	0.0897022	-0.86574	0
2280	0.113203	-0.714751	0
2290	0.134799	-0.500028	0
2300	0.152683	-0.240347	0
2310	0.165622	0.0430347	0
2320	0.17278	0.327298	0
2330	0.173638	0.589934	0
2340	0.168047	0.81069	0
2350	0.156258	0.973273	0
2360	0.138876	1.06669	0
2370	0.11682	1.08613	0
2380	0.0912193	1.03329	0
2390	0.0633933	0.91608	0
2400	0.0347464	0.74783	0
2410	0.00666436	0.545969	0
2420	-0.0195785	0.330352	0
2430	-0.0428746	0.121385	0
2440	-0.0623681	-0.0618873	0
2450	-0.0774738	-0.203552	0
2460	-0.0878981	-0.292293	0
2470	-0.0936394	-0.3224	0
2480	-0.0949536	-0.294256	0
2490	-0.0923191	-0.214232	0
2500	-0.0863869	-0.0940329	0
2510	-0.0778977	0.0504605	0
2520	-0.0676364	0.200765	0
2530	-0.0563793	0.337618	0
2540	-0.044805	0.442875	0
2550	-0.0334914	0.501323	0
2560	-0.0228866	0.502222	0
2570	-0.0132739	0.440444	0
2580	-0.00480421	0.317089	0
2590	0.00249775	0.139512	0
2600	0.00870193	-0.0792352	0
2610	0.0139978	-0.321515	0
2620	0.0184346	-0.566648	0
2630	0.0221633	-0.792775	0
2640	0.0253115	-0.97886	0
2650	0.0279276	-1.10668	0
2660	0.0300021	-1.16252	0
2670	0.0314665	-1.13851	0
2680	0.0321799	-1.03347	0
2690	0.0319546	-0.853173	0
2700	0.0305902	-0.610018	0
2710	0.027902	-0.322092	0
2720	0.0237531	-0.0117475	0
2730	0.0180922	0.296217	0
2740	0.0109735	0.576606	0
2750	0.00256739	0.805945	0
2760	-0.0068299	0.964463	0
2770	-0.0168097	1.03777	0
2780	-0.0268681	1.01812	0
2790	-0.0364464	0.905089	0
2800	-0.0449732	0.7057	0
2810	-0.0519232	0.433843	0
2820	-0.0568099	0.109113	0
2830	-0.0592825	-0.244772	0
2840	-0.0591821	-0.60188	0
2850	-0.056518	-0.936148	0
2860	-0.0514329	-1.22343	0
2870	-0.0443493	-1.44334	0
2880	-0.0358657	-1.58088	0
2890	-0.0266858	-1.62754	0
2900	-0.0175877	-1.58188	0
2910	-0.00936759	-1.44944	0
2920	-0.00277472	-1.24214	0
2930	0.00153917	-0.977232	0
2940	0.0031034	-0.675788	0
2950	0.00165295	-0.360999	0
2960	-0.00281915	-0.0563047	0
2970	-0.0100628	0.216461	0
2980	-0.019556	0.438744	0
2990	-0.0305548	0.596611	0
3000	-0.042138	0.681672	0
3010	-0.0532516	0.69152	0
3020	-0.0627922	0.629706	0
3030	-0.0696861	0.505281	0
3040	-0.0729653	0.331823	0
3050	-0.0718185	0.126298	0
3060	-0.065791	-0.092424	0
3070	-0.0547423	-0.305258	0
3080	-0.0385199	-0.494437	0
3090	-0.0175915	-0.644845	0
3100	0.00712872	-0.745087	0
3110	0.0344999	-0.788226	0
3120	0.0631275	-0.772009	0
3130	0.0914488	-0.69859	0
3140	0.117831	-0.574482	0
3150	0.140665	-0.409947	0
3160	0.158479	-0.218044	0
3170	0.170037	-0.0134832	0
3180	0.174422	0.188625	0
3190	0.171117	0.374042	0
3200	0.160058	0.530477	0
3210	0.141621	0.648444	0
3220	0.116657	0.721842	0
3230	0.0864216	0.748265	0
3240	0.0524923	0.72894	0
3250	0.0166892	0.66833	0
3260	-0.0190618	0.573532	0
3270	-0.0528287	0.453515	0
3280	-0.0828023	0.318279	0
3290	-0.107404	0.177999	0
3300	-0.125383	0.0422445	0
3310	-0.135846	-0.0806902	0
3320	-0.138463	-0.184272	0
3330	-0.133377	-0.264059	0
3340	-0.121103	-0.317762	0
3350	-0.102609	-0.345131	0
3360	-0.0792108	-0.347675	0
3370	-0.0524937	-0.328275	0
3380	-0.0242046	-0.290754	0
3390	0.00384636	-0.239413	0
3400	0.0299206	-0.178618	0
3410	0.052448	-0.112445	0
3420	0.070106	-0.0444098	0
3430	0.0819488	0.0226939	0
3440	0.0874568	0.0868496	0
3450	0.0864715	0.146786	0
3460	0.0792554	0.201869	0
3470	0.0665712	0.251915	0
3480	0.0493386	0.296971	0
3490	0.0286914	0.337127	0
3500	0.00606842	0.372357	0
3510	-0.0170362	0.402417	0
3520	-0.0391661	0.42681	0
3530	-0.0590235	0.444813	0
3540	-0.0754444	0.455554	0
3550	-0.0874935	0.458136	0
3560	-0.0946246	0.451788	0
3570	-0.0965868	0.435999	0
3580	-0.0934556	0.410643	0
3590	-0.0856174	0.376053	0
3600	-0.0736971	0.333052	0
3610	-0.058558	0.282918	0
3620	-0.0412076	0.227303	0
3630	-0.0225136	0.1681	0
3640	-0.00354402	0.107297	0
3650	0.0147555	0.0468224	0
3660	0.0315868	-0.0116026	0
3670	0.0463223	-0.0665725	0
3680	0.0585244	-0.117063	0
3690	0.0679574	-0.162444	0
3700	0.0745502	-0.20243	0
3710	0.0784111	-0.236995	0
3720	0.0797998	-0.266236	0
3730	0.0790944	-0.290228	0
3740	0.0767096	-0.308883	0
3750	0.073067	-0.321825	0
3760	0.0685493	-0.328318	0
3770	0.0634932	-0.327253	0
3780	0.0581443	-0.317211	0
3790	0.0526635	-0.296583	0
3800	0.0471277	-0.263756	0
3810	0.0415268	-0.217341	0
3820	0.0357993	-0.156407	0
3830	0.029853	-0.0807213	0
3840	0.0235918	0.00906368	0
3850	0.0169601	0.111275	0
3860	0.00993588	0.223175	0
3870	0.00256635	0.341012	0
3880	-0.00502418	0.460177	0
3890	-0.0126486	0.575442	0
3900	-0.0200572	0.681304	0
3910	-0.0269667	0.772339	0
3920	-0.0330766	0.843572	0
3930	-0.0381115	0.890836	0
3940	-0.0418419	0.911087	0
3950	-0.0440776	0.902632	0
3960	-0.0448003	0.865256	0
3970	-0.0440401	0.800237	0
3980	-0.0419858	0.71025	0
3990	-0.0388853	0.599167	0
4000	-0.0350963	0.471763	0
4010	-0.0310209	0.333355	0
4020	-0.0271111	0.189416	0
4030	-0.0237978	0.0451952	0
4040	-0.0215343	-0.0946147	0
4050	-0.0206812	-0.226134	0
4060	-0.0214183	-0.346458	0
4070	-0.0237742	-0.453706	0
4080	-0.0276616	-0.546957	0
4090	-0.0328452	-0.626086	0
4100	-0.0389265	-0.691525	0
4110	-0.0453917	-0.743991	0
4120	-0.0516434	-0.784195	0
4130	-0.0570409	-0.812592	0
4140	-0.0609485	-0.829186	0
4150	-0.0627853	-0.833435	0
4160	-0.062081	-0.824259	0
4170	-0.0584678	-0.800165	0
4180	-0.0517888	-0.759462	0
4190	-0.0420844	-0.700536	0
4200	-0.0295973	-0.622192	0
4210	-0.0147575	-0.524049	0
4220	0.00178855	-0.406874	0
4230	0.0193162	-0.272871	0
4240	0.0370019	-0.125818	0
4250	0.0539651	0.028942	0
4260	0.0693365	0.184674	0
4270	0.0823206	0.333583	0
4280	0.0922557	0.46733	0
4290	0.0986528	0.577654	0
4300	0.101228	0.657048	0
4310	0.0999205	0.699433	0
4320	0.0949103	0.700772	0
4330	0.0865495	0.659568	0
4340	0.0753817	0.57717	0
4350	0.0621006	0.457867	0
4360	0.0474714	0.308732	0
4370	0.0322934	0.139225	0
4380	0.0173235	-0.0394275	0
4390	0.00322078	-0.215035	0
4400	-0.00947499	-0.375366	0
4410	-0.0203756	-0.509127	0
4420	-0.02926	-0.606907	0
4430	-0.0360831	-0.661986	0
4440	-0.0409742	-0.670908	0
4450	-0.0441824	-0.633852	0
4460	-0.0460734	-0.554714	0
4470	-0.0472041	-0.440856	0
4480	-0.0480159	-0.302542	0
4490	-0.0489546	-0.152109	0
4500	-0.0503965	-0.00294641	0
4510	-0.052597	0.131656	0
4520	-0.0556822	0.239664	0
4530	-0.059621	0.311383	0
4540	-0.0642331	0.340355	0
4550	-0.0691783	0.323994	0
4560	-0.0739924	0.263906	0
4570	-0.0781341	0.165846	0
4580	-0.0810358	0.0393096	0
4590	-0.0821456	-0.103242	0
4600	-0.0809799	-0.247448	0
4610	-0.0771482	-0.378303	0
4620	-0.0703963	-0.481502	0
4630	-0.0607303	-0.544746	0
4640	-0.0484613	-0.55892	0
4650	-0.0340255	-0.518987	0
4660	-0.0166917	-0.42457	0
4670	0.00271603	-0.280127	0
4680	0.0234795	-0.0947081	0
4690	0.0446535	0.118701	0
4700	0.065595	0.344185	0
4710	0.0857333	0.564182	0
4720	0.104229	0.760922	0
4730	0.120431	0.917895	0
4740	0.133737	1.02133	0
4750	0.143714	1.06147	0
4760	0.150055	1.03342	0
4770	0.152576	0.937512	0
4780	0.151209	0.779441	0
4790	0.146022	0.569837	0
4800	0.137199	0.32353	0
4810	0.125022	0.0583619	0
4820	0.109902	-0.206256	0
4830	0.0922062	-0.450887	0
4840	0.0723978	-0.657613	0
4850	0.0509947	-0.811431	0
4860	0.028509	-0.90146	0
4870	0.00544183	-0.921771	0
4880	-0.0177131	-0.871908	0
4890	-0.0404623	-0.756936	0
4900	-0.0623479	-0.587016	0
4910	-0.0829472	-0.376581	0
4920	-0.101861	-0.143154	0
4930	-0.118701	0.0940805	0
4940	-0.133107	0.315803	0
4950	-0.144737	0.504085	0
4960	-0.153244	0.643794	0
4970	-0.158313	0.723753	0
4980	-0.159672	0.737568	0
4990	-0.157092	0.68407	0
5000	-0.150188	0.567332	0
5010	-0.138978	0.396224	0
5020	-0.123562	0.183654	0
5030	-0.103946	-0.0544468	0
5040	-0.080151	-0.300393	0
5050	-0.0530615	-0.536205	0
5060	-0.0231565	-0.74492	0
5070	0.00885529	-0.911777	0
5080	0.0420413	-1.02525	0
5090	0.0753543	-1.0778	0
5100	0.107653	-1.06638	0
5110	0.137643	-0.992502	0
5120	0.164062	-0.862071	0
5130	0.185716	-0.684763	0
5140	0.201529	-0.473174	0
5150	0.210688	-0.241777	0
5160	0.212624	-0.00576321	0
5170	0.207085	0.220122	0
5180	0.194152	0.42265	0
5190	0.17421	0.591012	0
5200	0.148029	0.717484	0
5210	0.116685	0.797807	0
5220	0.0814442	0.831284	0
5230	0.0437457	0.820598	0
5240	0.00490007	0.771364	0
5250	-0.0331439	0.691476	0
5260	-0.0689367	0.590314	0
5270	-0.101263	0.47786	0
5280	-0.128741	0.363805	0
5290	-0.150572	0.256741	0
5300	-0.166194	0.163493	0
5310	-0.175335	0.0886547	0
5320	-0.177981	0.0343403	0
5330	-0.174309	0.000212155	0
5340	-0.164893	-0.0162711	0
5350	-0.150314	-0.0193928	0
5360	-0.131345	-0.0145825	0
5370	-0.109119	-0.00775274	0
5380	-0.0844846	-0.0046134	0
5390	-0.0584287	-0.0100288	0
5400	-0.0319057	-0.0274766	0
5410	-0.00571564	-0.0586757	0
5420	0.0194039	-0.103409	0
5430	0.0428052	-0.159547	0
5440	0.0639326	-0.223265	0
5450	0.0823298	-0.289429	0
5460	0.0976927	-0.352107	0
5470	0.1097	-0.405155	0
5480	0.118112	-0.442821	0
5490	0.122738	-0.460301	0
5500	0.123452	-0.45421	0
5510	0.120183	-0.422912	0
5520	0.112922	-0.366696	0
5530	0.101726	-0.287748	0
5540	0.0867479	-0.1899	0
5550	0.0682464	-0.0783828	0
5560	0.0465925	0.0405431	0
5570	0.0222882	0.160065	0
5580	-0.00400502	0.273336	0
5590	-0.0315186	0.373984	0
5600	-0.0593573	0.456556	0
5610	-0.0864854	0.516883	0
5620	-0.1119	0.552345	0
5630	-0.134564	0.561978	0
5640	-0.153464	0.546433	0
5650	-0.167708	0.507819	0
5660	-0.176538	0.449427	0
5670	-0.179377	0.375424	0
5680	-0.175862	0.290519	0
5690	-0.165868	0.199536	0
5700	-0.149534	0.107125	0
5710	-0.127297	0.0174425	0
5720	-0.0998126	-0.066131	0
5730	-0.0679859	-0.141116	0
5740	-0.0329568	-0.205954	0
5750	0.00400566	-0.259934	0
5760	0.0415415	-0.303016	0
5770	0.0782654	-0.335602	0
5780	0.112841	-0.358289	0
5790	0.144031	-0.371633	0
5800	0.170765	-0.375947	0
5810	0.192193	-0.371146	0
5820	0.207697	-0.356682	0
5830	0.216927	-0.331568	0
5840	0.219798	-0.294514	0
5850	0.216456	-0.244111	0
5860	0.207287	-0.179035	0
5870	0.192847	-0.0984653	0
5880	0.173822	-0.00244771	0
5890	0.151006	0.107861	0
5900	0.125238	0.230003	0
5910	0.0973661	0.360136	0
5920	0.068214	0.49314	0
5930	0.0385441	0.622848	0
5940	0.0090649	0.7424	0
5950	-0.0196875	0.844659	0
5960	-0.047192	0.922689	0
5970	-0.0731393	0.970262	0
5980	-0.0972022	0.982332	0
5990	-0.119135	0.955464	0
6000	-0.138733	0.888149	0
6010	-0.155804	0.781008	0
6020	-0.170156	0.636841	0
6030	-0.181604	0.460538	0
6040	-0.189909	0.258833	0
6050	-0.194839	0.0399495	0
6060	-0.196152	-0.186872	0
6070	-0.193632	-0.4119	0
6080	-0.18711	-0.625469	0
6090	-0.176495	-0.81852	0
6100	-0.161798	-0.983093	0
6110	-0.143304	-1.11274	0
6120	-0.121186	-1.20281	0
6130	-0.0957152	-1.25065	0
6140	-0.0675679	-1.25566	0
6150	-0.0374945	-1.21918	0
6160	-0.00637847	-1.14435	0
6170	0.0248377	-1.03581	0
6180	0.055165	-0.899364	0
6190	0.0836147	-0.741606	0
6200	0.109253	-0.569558	0
6210	0.131257	-0.390293	0
6220	0.148922	-0.210592	0
6230	0.161763	-0.0366726	0
6240	0.169488	0.12597	0
6250	0.172082	0.272722	0
6260	0.169694	0.399946	0
6270	0.162681	0.505014	0
6280	0.151571	0.586306	0
6290	0.137043	0.643179	0
6300	0.119874	0.675903	0
6310	0.100877	0.685597	0
6320	0.0808681	0.674126	0
6330	0.0605989	0.644001	0
6340	0.0407447	0.59828	0
6350	0.0218474	0.540468	0
6360	0.00431193	0.47439	0
6370	-0.0116061	0.404054	0
6380	-0.0257515	0.333494	0
6390	-0.0380762	0.2666	0
6400	-0.0486522	0.206938	0
6410	-0.0576139	0.157554	0
6420	-0.0651484	0.120775	0
6430	-0.071439	0.0980334	0
6440	-0.0766531	0.0897229	0
6450	-0.080925	0.0951099	0
6460	-0.0843179	0.112319	0
6470	-0.0868346	0.138383	0
6480	-0.0883865	0.16937	0
6490	-0.0888433	0.200595	0
6500	-0.0879913	0.226917	0
6510	-0.0856167	0.243096	0
6520	-0.0814993	0.244188	0
6530	-0.0754486	0.225956	0
6540	-0.0673373	0.185265	0
6550	-0.0571627	0.12042	0
6560	-0.0451832	0.0314344	0
6570	-0.0313953	-0.0798267	0
6580	-0.0158471	-0.209626	0
6590	0.000782234	-0.352482	0
6600	0.0178372	-0.501428	0
6610	0.034713	-0.64843	0
6620	0.0507743	-0.784895	0
6630	0.0653154	-0.902254	0
6640	0.0776931	-0.992588	0
6650	0.0873148	-1.04922	0
6660	0.0936877	-1.06726	0
6670	0.0964529	-1.04391	0
6680	0.095431	-0.97887	0
6690	0.0905428	-0.874396	0
6700	0.0819516	-0.735272	0
6710	0.0701442	-0.568495	0
6720	0.0555415	-0.382823	0
6730	0.0388686	-0.188159	0
6740	0.0207067	0.00515921	0
6750	0.00187447	0.187098	0
6760	-0.0167504	0.348651	0
6770	-0.0343214	0.482503	0
6780	-0.0500631	0.583519	0
6790	-0.0632688	0.649029	0
6800	-0.0733389	0.678942	0
6810	-0.0797943	0.67563	0
6820	-0.0823236	0.643592	0
6830	-0.0808826	0.588968	0
6840	-0.075419	0.518961	0
6850	-0.0663087	0.441183	0
6860	-0.05391	0.362932	0
6870	-0.0387566	0.290521	0
6880	-0.021505	0.228748	0
6890	-0.00294226	0.180515	0
6900	0.0161198	0.146647	0
6910	0.0348056	0.125908	0
6920	0.0521616	0.115222	0
6930	0.0677514	0.110087	0
6940	0.0807265	0.105131	0
6950	0.0902585	0.0947764	0
6960	0.0959276	0.0739412	0
6970	0.0974477	0.0386938	0
6980	0.0946192	-0.0131774	0
6990	0.087346	-0.0817623	0
7000	0.0758146	-0.164861	0
7010	0.0604201	-0.258025	0
7020	0.0416776	-0.35482	0
7030	0.0202168	-0.447299	0
7040	-0.00326044	-0.526657	0
7050	-0.0279327	-0.583998	0
7060	-0.0528235	-0.611188	0
7070	-0.0767769	-0.601683	0
7080	-0.0989839	-0.551259	0
7090	-0.118446	-0.458595	0
7100	-0.134201	-0.325619	0
7110	-0.145402	-0.157593	0
7120	-0.151337	0.0371019	0
7130	-0.151477	0.247438	0
7140	-0.145498	0.460465	0
7150	-0.133347	0.662221	0
7160	-0.115251	0.838756	0
7170	-0.0916973	0.977182	0
7180	-0.0634525	1.06668	0
7190	-0.0316101	1.09936	0
7200	0.00264233	1.07091	0
7210	0.0379155	0.981024	0
7220	0.0726726	0.833449	0
7230	0.105298	0.635809	0
7240	0.134333	0.399085	0
7250	0.158565	0.136853	0
7260	0.176878	-0.135656	0
7270	0.188658	-0.402587	0
7280	0.193326	-0.648573	0
7290	0.190673	-0.859803	0
7300	0.180934	-1.02494	0
7310	0.164675	-1.13585	0
7320	0.142684	-1.18806	0
7330	0.116047	-1.18094	0
7340	0.0860871	-1.1176	0
7350	0.0542568	-1.00452	0
7360	0.0220331	-0.850964	0
7370	-0.00917415	-0.668129	0
7380	-0.0380901	-0.468286	0
7390	-0.0635695	-0.263824	0
7400	-0.0848074	-0.066368	0
7410	-0.101665	0.114	0
7420	-0.112939	0.269346	0
7430	-0.118786	0.394265	0
7440	-0.120134	0.485942	0
7450	-0.117485	0.544148	0
7460	-0.111755	0.571094	0
7470	-0.103701	0.571054	0
7480	-0.0941693	0.549788	0
7490	-0.0842107	0.513901	0
7500	-0.0748145	0.470114	0
7510	-0.0665312	0.424621	0
7520	-0.0595679	0.382579	0
7530	-0.0542953	0.34775	0
7540	-0.0507765	0.322292	0
7550	-0.0487906	0.306723	0
7560	-0.0478965	0.300029	0
7570	-0.047507	0.299933	0
7580	-0.0469495	0.303267	0
7590	-0.045497	0.306405	0
7600	-0.0424787	0.305708	0
7610	-0.0373417	0.297939	0
7620	-0.0296774	0.280615	0
7630	-0.0192477	0.25221	0
7640	-0.00604521	0.212246	0
7650	0.00968744	0.161303	0
7660	0.0275607	0.100971	0
7670	0.0469049	0.0336819	0
7680	0.066935	-0.0375432	0
7690	0.0867391	-0.10938	0
7700	0.105347	-0.178484	0
7710	0.121806	-0.241772	0
7720	0.135221	-0.296638	0
7730	0.144804	-0.341108	0
7740	0.149937	-0.373913	0
7750	0.150202	-0.394484	0
7760	0.145416	-0.402891	0
7770	0.135642	-0.399718	0
7780	0.121174	-0.385916	0
7790	0.102526	-0.362654	0
7800	0.0803672	-0.331171	0
7810	0.055406	-0.292676	0
7820	0.0282698	-0.248287	0
7830	0.000403052	-0.199018	0
7840	-0.0269347	-0.145816	0
7850	-0.0528038	-0.0896246	0
7860	-0.0764124	-0.0314781	0
7870	-0.0970263	0.0274303	0
7880	-0.114	0.0856829	0
7890	-0.126819	0.141604	0
7900	-0.135136	0.193273	0
7910	-0.138764	0.238582	0
7920	-0.137689	0.275363	0
7930	-0.132076	0.301548	0
7940	-0.12223	0.315383	0
7950	-0.108493	0.315642	0
7960	-0.0913221	0.30184	0
7970	-0.0712853	0.274404	0
7980	-0.0490368	0.234777	0
7990	-0.0252878	0.18544	0
8000	-0.000808891	0.129826	0
8010	0.0236135	0.0721393	0
8020	0.0472094	0.0170867	0
8030	0.0691944	-0.0304508	0
8040	0.088812	-0.0659035	0
8050	0.105375	-0.0854645	0
8060	0.118253	-0.0865018	0
8070	0.126871	-0.067904	0
8080	0.130886	-0.0303097	0
8090	0.130068	0.0238135	0
8100	0.124319	0.0902457	0
8110	0.113771	0.163247	0
8120	0.0987422	0.235942	0
8130	0.0796621	0.30082	0
8140	0.0571495	0.350335	0
8150	0.0319873	0.377529	0
8160	0.00512853	0.376656	0
8170	-0.0226423	0.343721	0
8180	-0.0500654	0.276903	0
8190	-0.0761949	0.176821	0
8200	-0.100071	0.0465911	0
8210	-0.120815	-0.1083	0
8220	-0.137721	-0.280321	0
8230	-0.150267	-0.460392	0
8240	-0.158126	-0.63851	0
8250	-0.161208	-0.804458	0
8260	-0.159649	-0.948541	0
8270	-0.153854	-1.06231	0
8280	-0.144632	-1.1391	0
8290	-0.132384	-1.1745	0
8300	-0.117641	-1.16658	0
8310	-0.101258	-1.11598	0
8320	-0.0840635	-1.02577	0
8330	-0.0667867	-0.901094	0
8340	-0.0499298	-0.748765	0
8350	-0.033799	-0.576639	0
8360	-0.0185467	-0.392995	0
8370	-0.00410658	-0.205891	0
8380	0.00975104	-0.0225947	0
8390	0.0233375	0.150879	0
8400	0.0371023	0.310082	0
8410	0.0515091	0.452271	0
8420	0.0670698	0.57636	0
8430	0.0841559	0.682727	0
8440	0.102987	0.772869	0
8450	0.123587	0.848959	0
8460	0.145707	0.913356	0
8470	0.168829	0.968125	0
8480	0.192218	1.01462	0
8490	0.214876	1.05319	0
8500	0.235571	1.08302	0
8510	0.252918	1.10212	0
8520	0.265532	1.1075	0
8530	0.272067	1.0955	0
8540	0.271258	1.06219	0
8550	0.262072	1.0039	0
8560	0.243794	0.917707	0
8570	0.216144	0.801973	0
8580	0.179219	0.656742	0
8590	0.133607	0.484014	0
8600	0.0803993	0.287851	0
8610	0.0210866	0.0742884	0
8620	-0.042705	-0.14895	0
8630	-0.108777	-0.372889	0
8640	-0.174684	-0.587847	0
8650	-0.237947	-0.784085	0
8660	-0.29612	-0.952588	0
8670	-0.346748	-1.08578	0
8680	-0.387708	-1.17811	0
8690	-0.417743	-1.22639	0
8700	-0.435451	-1.2302	0
8710	-0.43995	-1.1918	0
8720	-0.430886	-1.11599	0
8730	-0.408499	-1.00966	0
8740	-0.373483	-0.881146	0
8750	-0.32707	-0.739502	0
8760	-0.270644	-0.593725	0
8770	-0.206616	-0.452032	0
8780	-0.136673	-0.32123	0
8790	-0.0631316	-0.2062	0
8800	0.0119894	-0.109553	0
8810	0.0861036	-0.0315806	0
8820	0.156768	0.0296677	0
8830	0.22169	0.0780785	0
8840	0.278822	0.11883	0
8850	0.326448	0.157711	0
8860	0.363162	0.200375	0
8870	0.387901	0.25164	0
8880	0.400031	0.314854	0
8890	0.399361	0.391392	0
8900	0.386156	0.480403	0
8910	0.361103	0.578792	0
8920	0.325278	0.681288	0
8930	0.280177	0.780849	0
8940	0.227466	0.869283	0
8950	0.169022	0.938009	0
8960	0.106967	0.978888	0
8970	0.0435211	0.985073	0
8980	-0.019082	0.951805	0
8990	-0.0787203	0.877028	0
9000	-0.13356	0.761777	0
9010	-0.181291	0.610285	0
9020	-0.220557	0.429808	0
9030	-0.250228	0.230156	0
9040	-0.269479	0.0229157	0
9050	-0.277957	-0.179438	0
9060	-0.275743	-0.364489	0
9070	-0.263342	-0.520908	0
9080	-0.241629	-0.639378	0
9090	-0.211922	-0.713232	0
9100	-0.175894	-0.739166	0
9110	-0.135425	-0.717647	0
9120	-0.0925	-0.652981	0
9130	-0.0490844	-0.552846	0
9140	-0.00719759	-0.427609	0
9150	0.0314981	-0.28943	0
9160	0.0656635	-0.151218	0
9170	0.0942509	-0.0254916	0
9180	0.116572	0.0768757	0
9190	0.132322	0.147788	0
9200	0.141557	0.182342	0
9210	0.144629	0.17904	0
9220	0.142169	0.139838	0
9230	0.135053	0.0698937	0
9240	0.124232	-0.0228446	0
9250	0.11069	-0.128332	0
9260	0.0953553	-0.235689	0
9270	0.0790861	-0.334304	0
9280	0.0626547	-0.414863	0
9290	0.0466624	-0.470247	0
9300	0.0315496	-0.496207	0
9310	0.0176026	-0.491719	0
9320	0.00511006	-0.458959	0
9330	-0.00565505	-0.403004	0
9340	-0.0153918	-0.331308	0
9350	-0.0241102	-0.252915	0
9360	-0.0317371	-0.177498	0
9370	-0.0383023	-0.114327	0
9380	-0.0438432	-0.0712623	0
9390	-0.0483794	-0.0538651	0
9400	-0.051889	-0.0647114	0
9410	-0.0543017	-0.102995	0
9420	-0.0554821	-0.164451	0
9430	-0.0552399	-0.241611	0
9440	-0.0533623	-0.324387	0
9450	-0.0496657	-0.400937	0
9460	-0.0441772	-0.458748	0
9470	-0.036767	-0.485829	0
9480	-0.0274709	-0.471904	0
9490	-0.016477	-0.409506	0
9500	-0.0041235	-0.294877	0
9510	0.00913639	-0.128564	0
9520	0.0227259	0.0843211	0
9530	0.0359693	0.334236	0
9540	0.0481349	0.607716	0
9550	0.0584666	0.888245	0
9560	0.0662314	1.1574	0
9570	0.0707824	1.39621	0
9580	0.0716265	1.58657	0
9590	0.0684549	1.71269	0
9600	0.0611062	1.76236	0
9610	0.0496054	1.72801	0
9620	0.034296	1.60745	0
9630	0.0157685	1.40415	0
9640	-0.005205	1.12719	0
9650	-0.0276831	0.790744	0
9660	-0.0505962	0.413188	0
9670	-0.0728072	0.01586	0
9680	-0.0931765	-0.378383	0
9690	-0.110612	-0.746733	0
9700	-0.124135	-1.06799	0
9710	-0.132952	-1.32401	0
9720	-0.136494	-1.50088	0
9730	-0.134449	-1.58987	0
9740	-0.126741	-1.58794	0
9750	-0.113734	-1.49785	0
9760	-0.0959749	-1.32791	0
9770	-0.074186	-1.09131	0
9780	-0.0493956	-0.805156	0
9790	-0.0227893	-0.489281	0
9800	0.00435963	-0.164856	0
9810	0.0307706	0.147018	0
9820	0.0552024	0.426725	0
9830	0.0765302	0.657329	0
9840	0.0938289	0.825568	0
9850	0.106424	0.922581	0
9860	0.113888	0.944329	0
9870	0.116165	0.891657	0
9880	0.11348	0.770043	0
9890	0.106343	0.589095	0
9900	0.0955553	0.361783	0
9910	0.0821009	0.103492	0
9920	0.0671062	-0.169029	0
9930	0.0517731	-0.43875	0
9940	0.0372652	-0.689397	0
9950	0.0246488	-0.90637	0
9960	0.0148209	-1.07751	0
9970	0.00844492	-1.19365	0
9980	0.00587939	-1.24896	0
9990	0.00714322	-1.24106	0
10000	0.0119336	-1.17092	0
10010	0.0196431	-1.0426	0
10020	0.0294179	-0.862801	0
10030	0.0401947	-0.640331	0
10040	0.0507649	-0.385534	0
10050	0.0598653	-0.10967	0
10060	0.0662678	0.175674	0
10070	0.0688472	0.459104	0
10080	0.0667566	0.729868	0
10090	0.0594054	0.978212	0
10100	0.0465032	1.19565	0
10110	0.0281738	1.37517	0
10120	0.00491324	1.5113	0
10130	-0.0223926	1.6002	0
10140	-0.0524925	1.63965	0
10150	-0.0838531	1.62898	0
10160	-0.114781	1.56904	0
10170	-0.14348	1.46208	0
10180	-0.16819	1.3117	0
10190	-0.187308	1.12271	0
10200	-0.199433	0.900988	0
10210	-0.203512	0.653375	0
10220	-0.198921	0.387499	0
10230	-0.185503	0.111602	0
10240	-0.16356	-0.165687	0
10250	-0.134102	-0.435616	0
10260	-0.098399	-0.689593	0
10270	-0.0582042	-0.919496	0
10280	-0.0154452	-1.11798	0
10290	0.0278846	-1.27877	0
10300	0.0695913	-1.39695	0
10310	0.107564	-1.46918	0
10320	0.13989	-1.49386	0
10330	0.16507	-1.4712	0
10340	0.181938	-1.40318	0
10350	0.189774	-1.29344	0
10360	0.188517	-1.14706	0
10370	0.178386	-0.970278	0
10380	0.160175	-0.770179	0
10390	0.13525	-0.554363	0
10400	0.105309	-0.330614	0
10410	0.0723308	-0.106586	0
10420	0.0383708	0.110492	0
10430	0.00548327	0.314077	0
10440	-0.0244063	0.498508	0
10450	-0.0496098	0.659161	0
10460	-0.0688408	0.792546	0
10470	-0.0811873	0.896342	0
10480	-0.0863027	0.969405	0
10490	-0.0842958	1.01171	0
10500	-0.0757859	1.02422	0
10510	-0.0620202	1.00871	0
10520	-0.0443847	0.967616	0
10530	-0.0244973	0.903867	0
10540	-0.00432155	0.820782	0
10550	0.0145796	0.721986	0
10560	0.0309062	0.611301	0
10570	0.0431031	0.49263	0
10580	0.0499405	0.369835	0
10590	0.0506763	0.246566	0
10600	0.0450874	0.126166	0
10610	0.0333912	0.0116061	0
10620	0.0162519	-0.0945599	0
10630	-0.00512097	-0.190215	0
10640	-0.0293609	-0.273779	0
10650	-0.0548201	-0.344333	0
10660	-0.0798685	-0.401657	0
10670	-0.10279	-0.446244	0
10680	-0.121896	-0.479288	0
10690	-0.135756	-0.502616	0
10700	-0.143206	-0.51858	0
10710	-0.143485	-0.529887	0
10720	-0.136228	-0.539402	0
10730	-0.121467	-0.549903	0
10740	-0.0996713	-0.563822	0
10750	-0.0716927	-0.583002	0
10760	-0.0387372	-0.608484	0
10770	-0.00230783	-0.640337	0
10780	0.0358975	-0.677522	0
10790	0.0740758	-0.717828	0
10800	0.110462	-0.757907	0
10810	0.143362	-0.793411	0
10820	0.171256	-0.819239	0
10830	0.192863	-0.82988	0
10840	0.207233	-0.81982	0
10850	0.213753	-0.783983	0
10860	0.212193	-0.718181	0
10870	0.202678	-0.619525	0
10880	0.185837	-0.486779	0
10890	0.162447	-0.320603	0
10900	0.133616	-0.123713	0
10910	0.100681	0.0991081	0
10920	0.0650437	0.341148	0
10930	0.0281464	0.594045	0
10940	-0.00860475	0.848194	0
10950	-0.0437996	1.09324	0
10960	-0.0763925	1.31865	0
10970	-0.105456	1.51428	0
10980	-0.130171	1.67095	0
10990	-0.149992	1.78095	0
11000	-0.164771	1.83846	0
11010	-0.174414	1.83978	0
11020	-0.178979	1.78356	0
11030	-0.178699	1.67082	0
11040	-0.173925	1.50492	0
11050	-0.165122	1.29123	0
11060	-0.152814	1.03682	0
11070	-0.13759	0.750039	0
11080	-0.119992	0.440131	0
11090	-0.100557	0.116778	0
11100	-0.0797971	-0.210277	0
11110	-0.0581849	-0.531571	0
11120	-0.0362191	-0.838167	0
11130	-0.0143236	-1.12183	0
11140	0.0070983	-1.37513	0
11150	0.0276339	-1.5915	0
11160	0.0468638	-1.76522	0
11170	0.0644257	-1.89144	0
11180	0.0798532	-1.96618	0
11190	0.0929108	-1.98639	0
11200	0.103292	-1.95008	0
11210	0.110524	-1.85646	0
11220	0.114467	-1.70605	0
11230	0.115018	-1.50089	0
11240	0.112166	-1.24476	0
11250	0.106061	-0.943318	0
11260	0.0970041	-0.604256	0
11270	0.0854578	-0.2373	0
11280	0.0723525	0.145881	0
11290	0.0578439	0.531738	0
11300	0.0426015	0.905413	0
11310	0.0276993	1.25154	0
11320	0.0139473	1.55498	0
11330	0.00225288	1.80163	0
11340	-0.00681386	1.97917	0
11350	-0.0129537	2.07784	0
11360	-0.0159462	2.09114	0
11370	-0.0157072	2.01641	0
11380	-0.0124239	1.85523	0
11390	-0.00651043	1.61354	0
11400	0.00146282	1.30156	0
11410	0.0107682	0.933388	0
11420	0.0205436	0.526407	0
11430	0.0298756	0.10044	0
11440	0.0378552	-0.323422	0
11450	0.0435896	-0.724061	0
11460	0.0463341	-1.08157	0
11470	0.0455079	-1.37845	0
11480	0.0407412	-1.60063	0
11490	0.0318775	-1.73837	0
11500	0.0190235	-1.78679	0
11510	0.00259427	-1.74605	0
11520	-0.0167581	-1.62122	0
11530	-0.0381961	-1.42191	0
11540	-0.0606257	-1.16151	0
11550	-0.0829108	-0.856349	0
11560	-0.103864	-0.524543	0
11570	-0.122308	-0.184891	0
11580	-0.137147	0.144334	0
11590	-0.147424	0.446426	0
11600	-0.152398	0.707151	0
11610	-0.151539	0.915506	0
11620	-0.144628	1.06421	0
11630	-0.131724	1.14992	0
11640	-0.113148	1.1732	0
11650	-0.0893966	1.13823	0
11660	-0.0614266	1.05226	0
11670	-0.0302451	0.924931	0
11680	0.00287502	0.767392	0
11690	0.036523	0.591443	0
11700	0.0692342	0.408661	0
11710	0.0995709	0.229623	0
11720	0.126187	0.0632731	0
11730	0.147871	-0.0835202	0
11740	0.163635	-0.206203	0
11750	0.172784	-0.302584	0
11760	0.174952	-0.372671	0
11770	0.170115	-0.418271	0
11780	0.15859	-0.442514	0
11790	0.140964	-0.449299	0
11800	0.11826	-0.442791	0
11810	0.0916467	-0.426926	0
11820	0.0624581	-0.404905	0
11830	0.0321349	-0.378896	0
11840	0.00218997	-0.349923	0
11850	-0.0259457	-0.317924	0
11860	-0.0509995	-0.281968	0
11870	-0.0719144	-0.240549	0
11880	-0.087859	-0.191996	0
11890	-0.0983118	-0.134914	0
11900	-0.103056	-0.068586	0
11910	-0.102172	0.00668515	0
11920	-0.0960825	0.0893585	0
11930	-0.0854835	0.176574	0
11940	-0.0713181	0.26423	0
11950	-0.0546907	0.347219	0
11960	-0.0368149	0.41979	0
11970	-0.0189495	0.476027	0
11980	-0.00231681	0.510382	0
11990	0.0119729	0.518214	0
12000	0.0230406	0.49629	0
12010	0.0300443	0.443186	0
12020	0.0325772	0.359553	0
12030	0.0304963	0.248227	0
12040	0.0239513	0.114154	0
12050	0.0133584	-0.0358527	0
12060	-0.000555557	-0.193511	0
12070	-0.0168427	-0.349598	0
12080	-0.0343129	-0.494576	0
12090	-0.0517254	-0.619206	0
12100	-0.0679643	-0.715157	0
12110	-0.0818019	-0.77556	0
12120	-0.0920959	-0.795466	0
12130	-0.0978995	-0.772173	0
12140	-0.098494	-0.705393	0
12150	-0.0934323	-0.59728	0
12160	-0.0825578	-0.452293	0
12170	-0.06602	-0.276929	0
12180	-0.0442813	-0.0793593	0
12190	-0.0181307	0.131021	0
12200	0.0114249	0.344089	0
12210	0.0431494	0.549509	0
12220	0.0756189	0.737246	0
12230	0.107341	0.898038	0
12240	0.136767	1.02382	0
12250	0.162387	1.10805	0
12260	0.182802	1.14603	0
12270	0.196781	1.13509	0
12280	0.203275	1.07479	0
12290	0.201537	0.966686	0
12300	0.191171	0.814297	0
12310	0.172164	0.6229	0
12320	0.144911	0.399303	0
12330	0.110178	0.151636	0
12340	0.0690856	-0.110892	0
12350	0.0230861	-0.378241	0
12360	-0.0260999	-0.639809	0
12370	-0.0765494	-0.884753	0
12380	-0.126226	-1.10238	0
12390	-0.173078	-1.28259	0
12400	-0.215114	-1.41633	0
12410	-0.25046	-1.49615	0
12420	-0.277504	-1.51667	0
12430	-0.294949	-1.47496	0
12440	-0.301886	-1.37083	0
12450	-0.297831	-1.20697	0
12460	-0.28276	-0.988963	0
12470	-0.257108	-0.725236	0
12480	-0.22175	-0.426771	0
12490	-0.17796	-0.106716	0
12500	-0.127337	0.22017	0
12510	-0.0717309	0.538237	0
12520	-0.0131408	0.831778	0
12530	0.0464055	1.08595	0
12540	0.104861	1.28773	0
12550	0.160282	1.42677	0
12560	0.210936	1.49616	0
12570	0.255288	1.49298	0
12580	0.292058	1.4185	0
12590	0.320202	1.27815	0
12600	0.339113	1.08127	0
12610	0.348379	0.840499	0
12620	0.347886	0.571044	0
12630	0.337752	0.28969	0
12640	0.318326	0.0136794	0
12650	0.290157	-0.240437	0
12660	0.253982	-0.457908	0
12670	0.210707	-0.626774	0
12680	0.161386	-0.738686	0
12690	0.107221	-0.789475	0
12700	0.049555	-0.779398	0
12710	-0.0101615	-0.713045	0
12720	-0.0703488	-0.59895	0
12730	-0.129343	-0.44892	0
12740	-0.18545	-0.277132	0
12750	-0.236974	-0.0990759	0
12760	-0.282246	0.0695781	0
12770	-0.319721	0.214205	0
12780	-0.348018	0.322342	0
12790	-0.365978	0.384622	0
12800	-0.372809	0.395472	0
12810	-0.367961	0.353508	0
12820	-0.351197	0.261591	0
12830	-0.322862	0.126653	0
12840	-0.283928	-0.0408069	0
12850	-0.235212	-0.227574	0
12860	-0.178331	-0.418762	0
12870	-0.115334	-0.598947	0
12880	-0.0486107	-0.753336	0
12890	0.0192883	-0.868909	0
12900	0.0856612	-0.9354	0
12910	0.147769	-0.946089	0
12920	0.202932	-0.898332	0
12930	0.248816	-0.793774	0
12940	0.283464	-0.638241	0
12950	0.305424	-0.441301	0
12960	0.313806	-0.215521	0
12970	0.308392	0.0244761	0
12980	0.289649	0.263086	0
12990	0.258725	0.48488	0
13000	0.217396	0.67573	0
13010	0.167966	0.823829	0
13020	0.113165	0.920502	0
13030	0.0559963	0.960778	0
13040	-0.000423632	0.943687	0
13050	-0.0530217	0.872221	0
13060	-0.0991898	0.752968	0
13070	-0.136393	0.595543	0
13080	-0.162808	0.411814	0
13090	-0.177268	0.214951	0
13100	-0.179327	0.0184063	0
13110	-0.169263	-0.16505	0
13120	-0.148072	-0.324208	0
13130	-0.117408	-0.450137	0
13140	-0.079494	-0.53673	0
13150	-0.0369827	-0.581003	0
13160	0.00723443	-0.583137	0
13170	0.0501449	-0.546281	0
13180	0.0888799	-0.476138	0
13190	0.120901	-0.380379	0
13200	0.144069	-0.267926	0
13210	0.156862	-0.148184	0
13220	0.158462	-0.0302686	0
13230	0.148821	0.0776871	0
13240	0.128668	0.169098	0
13250	0.0994373	0.239316	0
13260	0.0631686	0.285852	0
13270	0.0223549	0.30841	0
13280	-0.0202221	0.308727	0
13290	-0.0616787	0.290243	0
13300	-0.0992264	0.257657	0
13310	-0.130355	0.216382	0
13320	-0.153002	0.17198	0
13330	-0.165727	0.129599	0
13340	-0.167789	0.0934969	0
13350	-0.159176	0.0666751	0
13360	-0.140625	0.0506512	0
13370	-0.113539	0.0453828	0
13380	-0.0799377	0.0493507	0
13390	-0.0422619	0.0597898	0
13400	-0.00318532	0.0730429	0
13410	0.0345521	0.0849993	0
13420	0.0683372	0.0915782	0
13430	0.0958674	0.0892133	0
13440	0.115331	0.0752916	0
13450	0.125528	0.048508	0
13460	0.125915	0.00909875	0
13470	0.116669	-0.0410692	0
13480	0.0986376	-0.0985653	0
13490	0.0732802	-0.158619	0
13500	0.0425534	-0.215486	0
13510	0.00873599	-0.262912	0
13520	-0.0257305	-0.294694	0
13530	-0.0584467	-0.305266	0
13540	-0.0871958	-0.290272	0
13550	-0.11008	-0.247082	0
13560	-0.125696	-0.175191	0
13570	-0.133446	-0.0764768	0
13580	-0.133064	0.0447074	0
13590	-0.12493	0.181646	0
13600	-0.110049	0.325551	0
13610	-0.0896638	0.466041	0
13620	-0.0653063	0.5917	0
13630	-0.0396585	0.690838	0
13640	-0.0142063	0.75258	0
13650	0.00947234	0.767731	0
13660	0.0298855	0.729499	0
13670	0.0458324	0.634176	0
13680	0.0567307	0.481654	0
13690	0.0627084	0.27566	0
13700	0.0641159	0.0238004	0
13710	0.0615373	-0.262478	0
13720	0.0561107	-0.568296	0
13730	0.049352	-0.876015	0
13740	0.0424291	-1.16618	0
13750	0.0364714	-1.41865	0
13760	0.0327478	-1.61395	0
13770	0.0319009	-1.73459	0
13780	0.0342252	-1.76637	0
13790	0.039758	-1.69951	0
13800	0.0480757	-1.52958	0
13810	0.0584533	-1.25813	0
13820	0.0698935	-0.892966	0
13830	0.0811247	-0.448016	0
13840	0.0910039	0.0570245	0
13850	0.0979804	0.597523	0
13860	0.100788	1.14523	0
13870	0.0996103	1.66985	0
13880	0.0921528	2.1407	0
13890	0.079158	2.52898	0
13900	0.0611148	2.80963	0
13910	0.0386717	2.96296	0
13920	0.012856	2.97601	0
13930	-0.0149216	2.84329	0
13940	-0.0431612	2.56722	0
13950	-0.0703374	2.15799	0
13960	-0.0948624	1.63299	0
13970	-0.115246	1.016	0
13980	-0.130136	0.336102	0
13990	-0.138676	-0.37391	0
14000	-0.140432	-1.07924	0
14010	-0.135114	-1.74497	0
14020	-0.122189	-2.33798	0
14030	-0.102939	-2.82865	0
14040	-0.0782607	-3.19239	0
14050	-0.0499846	-3.41091	0
14060	-0.0200751	-3.47324	0
14070	0.00930398	-3.37615	0
14080	0.0359825	-3.12447	0
14090	0.057989	-2.73076	0
14100	0.0736453	-2.21477	0
14110	0.081654	-1.60233	0
14120	0.0812098	-0.924025	0
14130	0.0721202	-0.213622	0
14140	0.0547963	0.493736	0
14150	0.0302435	1.16349	0
14160	2.03252e-05	1.76351	0
14170	-0.0338685	2.26573	0
14180	-0.0691058	2.64762	0
14190	-0.103186	2.89323	0
14200	-0.133573	2.99388	0
14210	-0.157862	2.94843	0
14220	-0.173942	2.76308	0
14230	-0.180197	2.45092	0
14240	-0.175548	2.03104	0
14250	-0.159553	1.52739	0
14260	-0.132421	0.967378	0
14270	-0.095023	0.38031	0
14280	-0.0488618	-0.204157	0
14290	0.00402786	-0.757562	0
14300	0.0611445	-1.25407	0
14310	0.119636	-1.67173	0
14320	0.176523	-1.99343	0
14330	0.228844	-2.20755	0
14340	0.273808	-2.30832	0
14350	0.308962	-2.29587	0
14360	0.33231	-2.17589	0
14370	0.342442	-1.95916	0
14380	0.338599	-1.66074	0
14390	0.320729	-1.29896	0
14400	0.289476	-0.894399	0
14410	0.246146	-0.46864	0
14420	0.192638	-0.0431728	0
14430	0.131342	0.36171	0
14440	0.0649848	0.72791	0
14450	-0.00350201	1.04033	0
14460	-0.0710547	1.28749	0
14470	-0.134748	1.46189	0
14480	-0.191963	1.56014	0
14490	-0.240426	1.5829	0
14500	-0.27832	1.53456	0
14510	-0.304393	1.42269	0
14520	-0.317993	1.25746	0
14530	-0.319083	1.0508	0
14540	-0.308227	0.815629	0
14550	-0.286529	0.565021	0
14560	-0.255561	0.311412	0
14570	-0.217258	0.0659459	0
14580	-0.17381	-0.162062	0
14590	-0.127541	-0.365493	0
14600	-0.0807965	-0.53961	0
14610	-0.035777	-0.682052	0
14620	0.00553127	-0.792649	0
14630	0.0414675	-0.873074	0
14640	0.0707423	-0.926372	0
14650	0.0925141	-0.956403	0
14660	0.106424	-0.967255	0
14670	0.112585	-0.962672	0
14680	0.111549	-0.945563	0
14690	0.104276	-0.917626	0
14700	0.092068	-0.879143	0
14710	0.0764532	-0.828946	0
14720	0.0591226	-0.764581	0
14730	0.0418086	-0.682637	0
14740	0.0261759	-0.579238	0
14750	0.0137157	-0.450662	0
14760	0.00566895	-0.294009	0
14770	0.00294521	-0.107857	0
14780	0.00606352	0.107164	0
14790	0.0151152	0.347924	0
14800	0.0297711	0.608532	0
14810	0.0492664	0.880313	0
14820	0.0724458	1.15203	0
14830	0.0978262	1.41035	0
14840	0.123671	1.6406	0
14850	0.148091	1.82762	0
14860	0.169156	1.95687	0
14870	0.185008	2.01549	0
14880	0.193956	1.9934	0
14890	0.194676	1.88429	0
14900	0.186229	1.68633	0
14910	0.168106	1.4027	0
14920	0.140339	1.04178	0
14930	0.103508	0.616931	0
14940	0.0587445	0.145991	0
14950	0.00768958	-0.349605	0
14960	-0.0475954	-0.84599	0
14970	-0.104734	-1.31823	0
14980	-0.161125	-1.74184	0
14990	-0.214104	-2.09425	0
15000	-0.261081	-2.35628	0
15010	-0.299684	-2.51334	0
15020	-0.327882	-2.55641	0
15030	-0.344113	-2.48266	0
15040	-0.347374	-2.29562	0
15050	-0.337273	-2.00509	0
15060	-0.314056	-1.62652	0
15070	-0.278601	-1.18011	0
15080	-0.232382	-0.689555	0
15090	-0.177376	-0.180576	0
15100	-0.115945	0.320621	0
15110	-0.0507155	0.788951	0
15120	0.0154668	1.20193	0
15130	0.079722	1.54098	0
15140	0.13942	1.79242	0
15150	0.192247	1.94813	0
15160	0.236205	2.00586	0
15170	0.269797	1.9691	0
15180	0.292064	1.84659	0
15190	0.302607	1.65148	0
15200	0.301575	1.40027	0
15210	0.289652	1.11152	0
15220	0.267964	0.80452	0
15230	0.237974	0.497913	0
15240	0.201479	0.208512	0
15250	0.16044	-0.0497365	0
15260	0.11682	-0.266531	0
15270	0.0725199	-0.435637	0
15280	0.0293008	-0.554977	0
15290	-0.0112753	-0.626395	0
15300	-0.0479771	-0.655169	0
15310	-0.0798516	-0.649267	0
15320	-0.106278	-0.618405	0
15330	-0.126932	-0.573034	0
15340	-0.141724	-0.52337	0
15350	-0.150789	-0.478359	0
15360	-0.154748	-0.444889	0
15370	-0.154049	-0.427224	0
15380	-0.149374	-0.426712	0
15390	-0.141581	-0.441787	0
15400	-0.13087	-0.468231	0
15410	-0.117865	-0.499708	0
15420	-0.103245	-0.528501	0
15430	-0.0874615	-0.546252	0
15440	-0.0708905	-0.544814	0
15450	-0.0538823	-0.517149	0
15460	-0.0366376	-0.458099	0
15470	-0.019388	-0.365073	0
15480	-0.00232642	-0.238441	0
15490	0.0143519	-0.0815899	0
15500	0.0304525	0.0991993	0
15510	0.0457215	0.295122	0
15520	0.0598623	0.495427	0
15530	0.0725004	0.688168	0
15540	0.0832242	0.861028	0
15550	0.0916042	1.00222	0
15560	0.0972094	1.10134	0
15570	0.0996511	1.15013	0
15580	0.0986353	1.1431	0
15590	0.0939823	1.07793	0
15600	0.0856837	0.955679	0
15610	0.0739405	0.780763	0
15620	0.0591497	0.56074	0
15630	0.0419226	0.305886	0
15640	0.0230196	0.0286004	0
15650	0.00333622	-0.257335	0
15660	-0.0161056	-0.537574	0
15670	-0.034263	-0.798031	0
15680	-0.0501453	-1.0257	0
15690	-0.0628492	-1.20939	0
15700	-0.0716487	-1.34034	0
15710	-0.0760141	-1.41269	0
15720	-0.0756694	-1.42374	0
15730	-0.0706151	-1.37405	0
15740	-0.0611558	-1.26732	0
15750	-0.047844	-1.11015	0
15760	-0.0314738	-0.911528	0
15770	-0.0130821	-0.682353	0
15780	0.00617829	-0.434735	0
15790	0.0251116	-0.181325	0
15800	0.0425057	0.0653909	0
15810	0.0572486	0.293777	0
15820	0.0683935	0.493656	0
15830	0.0752416	0.656836	0
15840	0.0773391	0.777498	0
15850	0.0745453	0.85244	0
15860	0.0670866	0.881164	0
15870	0.0554422	0.865797	0
15880	0.0403378	0.810852	0
15890	0.0227211	0.722842	0
15900	0.00387252	0.609802	0
15910	-0.0150625	0.480728	0
15920	-0.0328454	0.34496	0
15930	-0.048599	0.21155	0
15940	-0.0616386	0.0886699	0
15950	-0.0711942	-0.0169073	0
15960	-0.0769636	-0.100215	0
15970	-0.0789903	-0.158357	0
15980	-0.0775765	-0.190604	0
15990	-0.0732716	-0.19833	0
16000	-0.0668173	-0.184786	0
16010	-0.0590568	-0.154719	0
16020	-0.0509873	-0.113886	0
16030	-0.0434156	-0.068484	0
16040	-0.0370189	-0.0245615	0
16050	-0.0322852	0.0125619	0
16060	-0.029426	0.0388071	0
16070	-0.0283511	0.0517015	0
16080	-0.0286832	0.0506245	0
16090	-0.0298147	0.036846	0
16100	-0.030938	0.0133733	0
16110	-0.0311281	-0.0153404	0
16120	-0.0294129	-0.0438323	0
16130	-0.0248847	-0.0661928	0
16140	-0.0168083	-0.0766855	0
16150	-0.004718	-0.0703773	0
16160	0.0115053	-0.0437362	0
16170	0.0316363	0.00487797	0
16180	0.0550753	0.0748776	0
16190	0.0807947	0.163298	0
16200	0.107449	0.264859	0
16210	0.133435	0.372244	0
16220	0.157016	0.476578	0
16230	0.176426	0.568086	0
16240	0.190009	0.636865	0
16250	0.196381	0.673734	0
16260	0.19448	0.671092	0
16270	0.183714	0.623681	0
16280	0.164	0.529214	0
16290	0.135787	0.388781	0
16300	0.100054	0.207001	0
16310	0.0582337	-0.00810418	0
16320	0.0121729	-0.245519	0
16330	-0.0359852	-0.491908	0
16340	-0.0839494	-0.732504	0
16350	-0.129377	-0.952153	0
16360	-0.170089	-1.13644	0
16370	-0.204062	-1.27275	0
16380	-0.229727	-1.35123	0
16390	-0.246046	-1.36558	0
16400	-0.25239	-1.31363	0
16410	-0.248494	-1.19751	0
16420	-0.234829	-1.02353	0
16430	-0.212369	-0.801762	0
16440	-0.182475	-0.545305	0
16450	-0.146802	-0.269327	0
16460	-0.107206	0.0100723	0
16470	-0.0656108	0.27709	0
16480	-0.0238856	0.517403	0
16490	0.0162433	0.719223	0
16500	0.0532744	0.874134	0
16510	0.0860161	0.977647	0
16520	0.113639	1.02941	0
16530	0.135639	1.03306	0
16540	0.151795	0.995764	0
16550	0.162241	0.927454	0
16560	0.167331	0.839819	0
16570	0.167621	0.745176	0
16580	0.163721	0.655275	0
16590	0.156262	0.580189	0
16600	0.145726	0.527335	0
16610	0.132719	0.500789	0
16620	0.117732	0.500888	0
16630	0.101108	0.524157	0
16640	0.0830929	0.563598	0
16650	0.0638515	0.609336	0
16660	0.0435391	0.649563	0
16670	0.0223615	0.671672	0
16680	0.000510953	0.663509	0
16690	-0.0217587	0.614623	0
16700	-0.0440708	0.517386	0
16710	-0.0659443	0.367911	0
16720	-0.0867332	0.166671	0
16730	-0.105713	-0.0812303	0
16740	-0.122048	-0.366195	0
16750	-0.134946	-0.674668	0
16760	-0.143633	-0.990061	0
16770	-0.147435	-1.29402	0
16780	-0.145854	-1.56754	0
16790	-0.138633	-1.7923	0
16800	-0.125789	-1.95199	0
16810	-0.107644	-2.03361	0
16820	-0.0848228	-2.02849	0
16830	-0.0582432	-1.933	0
16840	-0.0290843	-1.74894	0
16850	0.00125953	-1.48366	0
16860	0.0312492	-1.14966	0
16870	0.0594168	-0.763835	0
16880	0.0843923	-0.346399	0
16890	0.10481	0.0805021	0
16900	0.119659	0.49427	0
16910	0.128259	0.873366	0
16920	0.130285	1.19872	0
16930	0.125799	1.45488	0
16940	0.115254	1.63101	0
16950	0.0994635	1.72135	0
16960	0.0795445	1.72552	0
16970	0.0568656	1.64826	0
16980	0.0329101	1.4989	0
16990	0.00918162	1.29047	0
17000	-0.0128669	1.03858	0
17010	-0.0319807	0.760198	0
17020	-0.0471738	0.47237	0
17030	-0.0578481	0.191085	0
17040	-0.0637226	-0.069745	0
17050	-0.0648506	-0.298999	0
17060	-0.0616284	-0.488824	0
17070	-0.0547648	-0.634843	0
17080	-0.0451709	-0.736	0
17090	-0.0339465	-0.794121	0
17100	-0.0222526	-0.81333	0
17110	-0.0112152	-0.799333	0
17120	-0.00183388	-0.758653	0
17130	0.00507896	-0.6979	0
17140	0.00897051	-0.623142	0
17150	0.00957689	-0.539448	0
17160	0.00690078	-0.450615	0
17170	0.00130439	-0.359076	0
17180	-0.00659355	-0.266046	0
17190	-0.0160503	-0.171888	0
17200	-0.0261364	-0.0765108	0
17210	-0.0359337	0.0201643	0
17220	-0.0445334	0.117712	0
17230	-0.0510998	0.21484	0
17240	-0.0549265	0.309171	0
17250	-0.0554716	0.397178	0
17260	-0.0526348	0.474335	0
17270	-0.0461553	0.535433	0
17280	-0.0362659	0.575042	0
17290	-0.0235652	0.588106	0
17300	-0.00850066	0.570586	0
17310	0.00806418	0.520071	0
17320	0.0253843	0.436291	0
17330	0.0424368	0.321465	0
17340	0.0582855	0.18044	0
17350	0.0720914	0.0205807	0
17360	0.0831665	-0.14859	0
17370	0.0909772	-0.315988	0
17380	0.0952721	-0.469755	0
17390	0.0960286	-0.598167	0
17400	0.0933749	-0.690588	0
17410	0.0876114	-0.738394	0
17420	0.0791692	-0.735766	0
17430	0.0685987	-0.680303	0
17440	0.0564137	-0.573395	0
17450	0.0431835	-0.420247	0
17460	0.0293699	-0.22961	0
17470	0.0154763	-0.013216	0
17480	0.00188786	0.215045	0
17490	-0.0111179	0.440181	0
17500	-0.0233491	0.64725	0
17510	-0.0346953	0.822361	0
17520	-0.0451049	0.953685	0
17530	-0.0545609	1.03233	0
17540	-0.0630536	1.05293	0
17550	-0.0705634	1.01402	0
17560	-0.0770294	0.918022	0
17570	-0.0823342	0.771036	0
17580	-0.086299	0.582271	0
17590	-0.0887064	0.363299	0
17600	-0.0892955	0.12713	0
17610	-0.0877755	-0.112772	0
17620	-0.0838983	-0.343462	0
17630	-0.0774621	-0.553412	0
17640	-0.068343	-0.733192	0
17650	-0.0565421	-0.875766	0
17660	-0.0421989	-0.976752	0
17670	-0.0255968	-1.03466	0
17680	-0.00719469	-1.0507	0
17690	0.0123793	-1.0284	0
17700	0.0323511	-0.972959	0
17710	0.0518573	-0.890577	0
17720	0.0699794	-0.787709	0
17730	0.0858173	-0.670452	0
17740	0.0985472	-0.54398	0
17750	0.107487	-0.412124	0
17760	0.112135	-0.277186	0
17770	0.112249	-0.139976	0
17780	0.107786	-7.23636e-05	0
17790	0.0989266	0.143731	0
17800	0.0861819	0.292843	0
17810	0.0702198	0.448243	0
17820	0.0518718	0.609851	0
17830	0.0321407	0.775992	0
17840	0.0120618	0.943019	0
17850	-0.00735834	1.10515	0
17860	-0.0252195	1.25458	0
17870	-0.0407603	1.38182	0
17880	-0.053386	1.47632	0
17890	-0.0627386	1.52726	0
17900	-0.0686942	1.52456	0
17910	-0.0713456	1.45982	0
17920	-0.0709553	1.3274	0
17930	-0.0680006	1.1252	0
17940	-0.0630521	0.855376	0
17950	-0.0567227	0.524664	0
17960	-0.0496629	0.144433	0
17970	-0.0424807	-0.269686	0
17980	-0.0356674	-0.69852	0
17990	-0.0295901	-1.1204	0
18000	-0.0244552	-1.51248	0
