0	0	0	0
10	-1.26094	-3.4926	0
20	-5.2549	-14.5552	0
30	-11.8408	-32.7969	0
40	-20.7919	-57.5899	0
50	-31.8086	-88.1044	0
60	-44.5366	-123.359	0
70	-58.5875	-162.277	0
80	-73.5614	-203.752	0
90	-89.0694	-246.707	0
100	-104.754	-290.15	0
110	-120.307	-333.229	0
120	-135.483	-375.266	0
130	-150.111	-415.78	0
140	-164.091	-454.503	0
150	-177.4	-491.367	0
160	-190.081	-526.493	0
170	-202.234	-560.154	0
180	-214	-592.742	0
190	-225.544	-624.717	0
200	-237.041	-656.563	0
210	-248.66	-688.746	0
220	-260.546	-721.666	0
230	-272.809	-755.633	0
240	-285.52	-790.842	0
250	-298.705	-827.36	0
260	-312.341	-865.131	0
270	-326.369	-903.985	0
280	-340.692	-943.658	0
290	-355.193	-983.823	0
300	-369.742	-1024.12	0
310	-384.211	-1064.2	0
320	-398.481	-1103.72	0
330	-412.458	-1142.44	0
340	-426.079	-1180.17	0
350	-439.313	-1216.82	0
360	-452.166	-1252.42	0
370	-464.68	-1287.08	0
380	-476.926	-1321	0
390	-488.997	-1354.44	0
400	-500.999	-1387.68	0
410	-513.043	-1421.04	0
420	-525.233	-1454.8	0
430	-537.656	-1489.21	0
440	-550.379	-1524.45	0
450	-563.436	-1560.62	0
460	-576.834	-1597.73	0
470	-590.547	-1635.71	0
480	-604.521	-1674.42	0
490	-618.68	-1713.64	0
500	-632.931	-1753.11	0
510	-647.175	-1792.56	0
520	-661.314	-1831.73	0
530	-675.26	-1870.35	0
540	-688.941	-1908.25	0
550	-702.309	-1945.27	0
560	-715.341	-1981.37	0
570	-728.039	-2016.54	0
580	-740.432	-2050.87	0
590	-752.567	-2084.48	0
600	-764.507	-2117.55	0
610	-776.321	-2150.27	0
620	-788.075	-2182.83	0
630	-799.826	-2215.38	0
640	-811.613	-2248.03	0
650	-823.45	-2280.81	0
660	-835.322	-2313.7	0
670	-847.184	-2346.55	0
680	-858.957	-2379.16	0
690	-870.535	-2411.23	0
700	-881.788	-2442.4	0
710	-892.564	-2472.25	0
720	-902.702	-2500.33	0
730	-912.039	-2526.19	0
740	-920.412	-2549.38	0
750	-927.672	-2569.49	0
760	-933.687	-2586.15	0
770	-938.344	-2599.05	0
780	-941.555	-2607.94	0
790	-943.253	-2612.64	0
800	-943.39	-2613.02	0
810	-942.038	-2608.68	0
820	-939.381	-2599.33	0
830	-935.426	-2585.03	0
840	-930.186	-2565.87	0
850	-923.686	-2541.97	0
860	-915.953	-2513.49	0
870	-907.023	-2480.59	0
880	-896.935	-2443.48	0
890	-885.741	-2402.38	0
900	-873.502	-2357.55	0
910	-860.294	-2309.32	0
920	-846.212	-2258.05	0
930	-831.373	-2204.19	0
940	-815.914	-2148.27	0
950	-799.995	-2090.87	0
960	-783.794	-2032.65	0
970	-767.501	-1974.28	0
980	-751.318	-1916.49	0
990	-735.441	-1859.98	0
1000	-720.057	-1805.39	0
1010	-705.33	-1753.28	0
1020	-691.402	-1704.11	0
1030	-678.387	-1658.21	0
1040	-666.363	-1615.75	0
1050	-655.372	-1576.76	0
1060	-645.415	-1541.09	0
1070	-636.456	-1508.43	0
1080	-628.419	-1478.31	0
1090	-621.195	-1450.17	0
1100	-614.643	-1423.33	0
1110	-608.601	-1397.05	0
1120	-602.892	-1370.62	0
1130	-597.339	-1343.34	0
1140	-591.772	-1314.6	0
1150	-586.04	-1283.95	0
1160	-580.013	-1251.04	0
1170	-573.597	-1215.75	0
1180	-566.727	-1178.09	0
1190	-559.375	-1138.26	0
1200	-551.546	-1096.62	0
1210	-543.275	-1053.63	0
1220	-534.618	-1009.84	0
1230	-525.651	-965.83	0
1240	-516.459	-922.193	0
1250	-507.132	-879.467	0
1260	-497.757	-838.111	0
1270	-488.415	-798.481	0
1280	-479.176	-760.816	0
1290	-470.102	-725.228	0
1300	-461.243	-691.713	0
1310	-452.643	-660.167	0
1320	-444.339	-630.409	0
1330	-436.367	-602.212	0
1340	-428.763	-575.333	0
1350	-421.568	-549.547	0
1360	-414.829	-524.674	0
1370	-408.601	-500.602	0
1380	-402.943	-477.307	0
1390	-397.922	-454.854	0
1400	-393.607	-433.402	0
1410	-390.065	-413.191	0
1420	-387.357	-394.523	0
1430	-385.533	-377.74	0
1440	-384.628	-363.199	0
1450	-384.656	-351.239	0
1460	-385.614	-342.167	0
1470	-387.472	-336.232	0
1480	-390.179	-333.599	0
1490	-393.661	-334.345	0
1500	-397.828	-338.451	0
1510	-402.572	-345.809	0
1520	-407.778	-356.235	0
1530	-413.33	-369.481	0
1540	-419.113	-385.261	0
1550	-425.022	-403.266	0
1560	-430.968	-423.194	0
1570	-436.879	-444.764	0
1580	-442.706	-467.736	0
1590	-448.42	-491.921	0
1600	-454.017	-517.189	0
1610	-459.511	-543.466	0
1620	-464.933	-570.728	0
1630	-470.326	-598.994	0
1640	-475.743	-628.309	0
1650	-481.24	-658.731	0
1660	-486.872	-690.319	0
1670	-492.69	-723.112	0
1680	-498.742	-757.128	0
1690	-505.067	-792.351	0
1700	-511.694	-828.735	0
1710	-518.649	-866.201	0
1720	-525.951	-904.646	0
1730	-533.612	-943.949	0
1740	-541.645	-983.986	0
1750	-550.06	-1024.63	0
1760	-558.864	-1065.77	0
1770	-568.065	-1107.31	0
1780	-577.667	-1149.17	0
1790	-587.668	-1191.28	0
1800	-598.061	-1233.6	0
1810	-608.826	-1276.06	0
1820	-619.928	-1318.62	0
1830	-631.319	-1361.2	0
1840	-642.93	-1403.69	0
1850	-654.677	-1445.98	0
1860	-666.458	-1487.89	0
1870	-678.159	-1529.23	0
1880	-689.657	-1569.78	0
1890	-700.828	-1609.33	0
1900	-711.552	-1647.64	0
1910	-721.722	-1684.53	0
1920	-731.252	-1719.84	0
1930	-740.078	-1753.45	0
1940	-748.168	-1785.35	0
1950	-755.524	-1815.57	0
1960	-762.178	-1844.23	0
1970	-768.193	-1871.52	0
1980	-773.657	-1897.66	0
1990	-778.675	-1922.93	0
2000	-783.363	-1947.6	0
2010	-787.837	-1971.93	0
2020	-792.203	-1996.14	0
2030	-796.549	-2020.37	0
2040	-800.937	-2044.67	0
2050	-805.398	-2069.01	0
2060	-809.926	-2093.22	0
2070	-814.478	-2117.03	0
2080	-818.98	-2140.1	0
2090	-823.331	-2161.99	0
2100	-827.419	-2182.26	0
2110	-831.121	-2200.45	0
2120	-834.307	-2216.11	0
2130	-836.85	-2228.82	0
2140	-838.634	-2238.22	0
2150	-839.567	-2244.08	0
2160	-839.595	-2246.27	0
2170	-838.693	-2244.81	0
2180	-836.877	-2239.84	0
2190	-834.188	-2231.58	0
2200	-830.694	-2220.38	0
2210	-826.489	-2206.62	0
2220	-821.68	-2190.74	0
2230	-816.39	-2173.17	0
2240	-810.746	-2154.34	0
2250	-804.873	-2134.62	0
2260	-798.889	-2114.32	0
2270	-792.896	-2093.68	0
2280	-786.982	-2072.86	0
2290	-781.208	-2051.91	0
2300	-775.609	-2030.8	0
2310	-770.192	-2009.43	0
2320	-764.942	-1987.61	0
2330	-759.82	-1965.17	0
2340	-754.774	-1941.9	0
2350	-749.74	-1917.6	0
2360	-744.655	-1892.15	0
2370	-739.456	-1865.45	0
2380	-734.092	-1837.5	0
2390	-728.523	-1808.35	0
2400	-722.722	-1778.13	0
2410	-716.678	-1747.02	0
2420	-710.391	-1715.25	0
2430	-703.874	-1683.05	0
2440	-697.147	-1650.63	0
2450	-690.231	-1618.19	0
2460	-683.15	-1585.88	0
2470	-675.923	-1553.78	0
2480	-668.564	-1521.91	0
2490	-661.084	-1490.21	0
2500	-653.487	-1458.59	0
2510	-645.774	-1426.91	0
2520	-637.946	-1395.03	0
2530	-630.009	-1362.79	0
2540	-621.975	-1330.1	0
2550	-613.865	-1296.9	0
2560	-605.715	-1263.23	0
2570	-597.576	-1229.19	0
2580	-589.512	-1194.99	0
2590	-581.597	-1160.9	0
2600	-573.918	-1127.27	0
2610	-566.562	-1094.49	0
2620	-559.614	-1062.96	0
2630	-553.15	-1033.06	0
2640	-547.232	-1005.13	0
2650	-541.897	-979.417	0
2660	-537.16	-956.074	0
2670	-533.003	-935.136	0
2680	-529.384	-916.514	0
2690	-526.231	-900.003	0
2700	-523.449	-885.293	0
2710	-520.93	-872	0
2720	-518.555	-859.69	0
2730	-516.206	-847.923	0
2740	-513.775	-836.286	0
2750	-511.171	-824.432	0
2760	-508.332	-812.107	0
2770	-505.224	-799.182	0
2780	-501.85	-785.658	0
2790	-498.247	-771.672	0
2800	-494.487	-757.491	0
2810	-490.668	-743.486	0
2820	-486.909	-730.107	0
2830	-483.345	-717.843	0
2840	-480.107	-707.184	0
2850	-477.323	-698.579	0
2860	-475.1	-692.399	0
2870	-473.521	-688.904	0
2880	-472.634	-688.22	0
2890	-472.451	-690.327	0
2900	-472.949	-695.061	0
2910	-474.067	-702.122	0
2920	-475.715	-711.098	0
2930	-477.776	-721.495	0
2940	-480.12	-732.776	0
2950	-482.609	-744.4	0
2960	-485.11	-755.862	0
2970	-487.5	-766.734	0
2980	-489.682	-776.694	0
2990	-491.584	-785.547	0
3000	-493.169	-793.241	0
3010	-494.433	-799.867	0
3020	-495.407	-805.65	0
3030	-496.152	-810.926	0
3040	-496.756	-816.12	0
3050	-497.325	-821.708	0
3060	-497.98	-828.185	0
3070	-498.84	-836.022	0
3080	-500.024	-845.639	0
3090	-501.638	-857.369	0
3100	-503.77	-871.442	0
3110	-506.483	-887.966	0
3120	-509.819	-906.928	0
3130	-513.788	-928.191	0
3140	-518.377	-951.513	0
3150	-523.545	-976.56	0
3160	-529.231	-1002.93	0
3170	-535.355	-1030.18	0
3180	-541.825	-1057.86	0
3190	-548.542	-1085.54	0
3200	-555.404	-1112.82	0
3210	-562.313	-1139.37	0
3220	-569.177	-1164.95	0
3230	-575.916	-1189.37	0
3240	-582.462	-1212.56	0
3250	-588.764	-1234.51	0
3260	-594.784	-1255.29	0
3270	-600.501	-1275.04	0
3280	-605.911	-1293.92	0
3290	-611.02	-1312.14	0
3300	-615.848	-1329.9	0
3310	-620.426	-1347.41	0
3320	-624.793	-1364.85	0
3330	-628.995	-1382.4	0
3340	-633.082	-1400.17	0
3350	-637.108	-1418.27	0
3360	-641.126	-1436.76	0
3370	-645.187	-1455.67	0
3380	-649.336	-1475	0
3390	-653.611	-1494.72	0
3400	-658.041	-1514.78	0
3410	-662.64	-1535.1	0
3420	-667.411	-1555.56	0
3430	-672.338	-1576.05	0
3440	-677.391	-1596.42	0
3450	-682.523	-1616.5	0
3460	-687.674	-1636.09	0
3470	-692.77	-1655	0
3480	-697.728	-1673	0
3490	-702.46	-1689.89	0
3500	-706.877	-1705.45	0
3510	-710.896	-1719.47	0
3520	-714.443	-1731.78	0
3530	-717.457	-1742.24	0
3540	-719.897	-1750.76	0
3550	-721.741	-1757.28	0
3560	-722.992	-1761.83	0
3570	-723.673	-1764.46	0
3580	-723.831	-1765.31	0
3590	-723.53	-1764.54	0
3600	-722.846	-1762.37	0
3610	-721.866	-1759.04	0
3620	-720.681	-1754.78	0
3630	-719.374	-1749.84	0
3640	-718.025	-1744.43	0
3650	-716.696	-1738.75	0
3660	-715.433	-1732.91	0
3670	-714.263	-1726.99	0
3680	-713.192	-1721.02	0
3690	-712.205	-1714.95	0
3700	-711.271	-1708.71	0
3710	-710.347	-1702.15	0
3720	-709.379	-1695.12	0
3730	-708.31	-1687.46	0
3740	-707.086	-1679.01	0
3750	-705.659	-1669.64	0
3760	-703.993	-1659.25	0
3770	-702.067	-1647.78	0
3780	-699.875	-1635.25	0
3790	-697.429	-1621.72	0
3800	-694.756	-1607.31	0
3810	-691.895	-1592.16	0
3820	-688.896	-1576.49	0
3830	-685.814	-1560.5	0
3840	-682.703	-1544.43	0
3850	-679.615	-1528.49	0
3860	-676.596	-1512.87	0
3870	-673.681	-1497.73	0
3880	-670.893	-1483.18	0
3890	-668.241	-1469.31	0
3900	-665.727	-1456.12	0
3910	-663.337	-1443.6	0
3920	-661.055	-1431.7	0
3930	-658.855	-1420.33	0
3940	-656.713	-1409.39	0
3950	-654.604	-1398.78	0
3960	-652.508	-1388.39	0
3970	-650.41	-1378.14	0
3980	-648.299	-1367.94	0
3990	-646.174	-1357.74	0
4000	-644.036	-1347.52	0
4010	-641.889	-1337.26	0
4020	-639.741	-1326.96	0
4030	-637.595	-1316.62	0
4040	-635.454	-1306.27	0
4050	-633.31	-1295.91	0
4060	-631.151	-1285.55	0
4070	-628.956	-1275.16	0
4080	-626.696	-1264.72	0
4090	-624.335	-1254.2	0
4100	-621.835	-1243.55	0
4110	-619.156	-1232.73	0
4120	-616.262	-1221.69	0
4130	-613.124	-1210.4	0
4140	-609.722	-1198.87	0
4150	-606.051	-1187.09	0
4160	-602.122	-1175.11	0
4170	-597.961	-1163	0
4180	-593.612	-1150.87	0
4190	-589.135	-1138.84	0
4200	-584.6	-1127.05	0
4210	-580.087	-1115.66	0
4220	-575.681	-1104.82	0
4230	-571.465	-1094.66	0
4240	-567.517	-1085.3	0
4250	-563.905	-1076.84	0
4260	-560.682	-1069.32	0
4270	-557.883	-1062.77	0
4280	-555.527	-1057.16	0
4290	-553.614	-1052.43	0
4300	-552.123	-1048.51	0
4310	-551.022	-1045.3	0
4320	-550.266	-1042.69	0
4330	-549.801	-1040.58	0
4340	-549.571	-1038.88	0
4350	-549.519	-1037.5	0
4360	-549.593	-1036.41	0
4370	-549.749	-1035.57	0
4380	-549.95	-1034.97	0
4390	-550.17	-1034.64	0
4400	-550.393	-1034.59	0
4410	-550.608	-1034.85	0
4420	-550.814	-1035.44	0
4430	-551.011	-1036.37	0
4440	-551.202	-1037.6	0
4450	-551.386	-1039.1	0
4460	-551.561	-1040.79	0
4470	-551.719	-1042.55	0
4480	-551.85	-1044.26	0
4490	-551.935	-1045.79	0
4500	-551.957	-1047	0
4510	-551.896	-1047.78	0
4520	-551.733	-1048.04	0
4530	-551.457	-1047.74	0
4540	-551.063	-1046.88	0
4550	-550.555	-1045.54	0
4560	-549.949	-1043.85	0
4570	-549.273	-1041.98	0
4580	-548.566	-1040.19	0
4590	-547.875	-1038.71	0
4600	-547.252	-1037.84	0
4610	-546.754	-1037.83	0
4620	-546.43	-1038.92	0
4630	-546.327	-1041.29	0
4640	-546.477	-1045.04	0
4650	-546.897	-1050.21	0
4660	-547.587	-1056.71	0
4670	-548.529	-1064.4	0
4680	-549.686	-1073.02	0
4690	-551.005	-1082.26	0
4700	-552.423	-1091.75	0
4710	-553.867	-1101.12	0
4720	-555.266	-1109.96	0
4730	-556.553	-1117.96	0
4740	-557.672	-1124.81	0
4750	-558.584	-1130.33	0
4760	-559.269	-1134.43	0
4770	-559.731	-1137.12	0
4780	-559.996	-1138.53	0
4790	-560.11	-1138.89	0
4800	-560.138	-1138.53	0
4810	-560.158	-1137.8	0
4820	-560.254	-1137.13	0
4830	-560.51	-1136.93	0
4840	-561.003	-1137.57	0
4850	-561.797	-1139.39	0
4860	-562.936	-1142.62	0
4870	-564.439	-1147.39	0
4880	-566.303	-1153.73	0
4890	-568.493	-1161.53	0
4900	-570.953	-1170.58	0
4910	-573.601	-1180.58	0
4920	-576.341	-1191.14	0
4930	-579.062	-1201.82	0
4940	-581.65	-1212.16	0
4950	-583.994	-1221.73	0
4960	-585.993	-1230.13	0
4970	-587.562	-1237.03	0
4980	-588.638	-1242.18	0
4990	-589.186	-1245.47	0
5000	-589.195	-1246.86	0
5010	-588.683	-1246.43	0
5020	-587.697	-1244.37	0
5030	-586.305	-1240.92	0
5040	-584.592	-1236.4	0
5050	-582.659	-1231.15	0
5060	-580.612	-1225.52	0
5070	-578.561	-1219.84	0
5080	-576.608	-1214.41	0
5090	-574.847	-1209.49	0
5100	-573.361	-1205.24	0
5110	-572.214	-1201.78	0
5120	-571.455	-1199.15	0
5130	-571.114	-1197.34	0
5140	-571.205	-1196.28	0
5150	-571.728	-1195.86	0
5160	-572.667	-1195.98	0
5170	-573.998	-1196.51	0
5180	-575.689	-1197.35	0
5190	-577.704	-1198.43	0
5200	-580.003	-1199.71	0
5210	-582.548	-1201.2	0
5220	-585.3	-1202.96	0
5230	-588.223	-1205.06	0
5240	-591.286	-1207.64	0
5250	-594.454	-1210.81	0
5260	-597.699	-1214.72	0
5270	-600.989	-1219.48	0
5280	-604.293	-1225.18	0
5290	-607.577	-1231.86	0
5300	-610.807	-1239.52	0
5310	-613.946	-1248.1	0
5320	-616.955	-1257.49	0
5330	-619.798	-1267.51	0
5340	-622.44	-1277.97	0
5350	-624.848	-1288.64	0
5360	-626.999	-1299.28	0
5370	-628.877	-1309.66	0
5380	-630.478	-1319.59	0
5390	-631.809	-1328.89	0
5400	-632.89	-1337.45	0
5410	-633.754	-1345.21	0
5420	-634.444	-1352.17	0
5430	-635.011	-1358.38	0
5440	-635.516	-1363.95	0
5450	-636.017	-1369.01	0
5460	-636.574	-1373.74	0
5470	-637.241	-1378.31	0
5480	-638.063	-1382.87	0
5490	-639.074	-1387.56	0
5500	-640.292	-1392.49	0
5510	-641.722	-1397.73	0
5520	-643.353	-1403.28	0
5530	-645.158	-1409.1	0
5540	-647.096	-1415.11	0
5550	-649.118	-1421.19	0
5560	-651.165	-1427.2	0
5570	-653.174	-1432.95	0
5580	-655.082	-1438.27	0
5590	-656.826	-1443.02	0
5600	-658.35	-1447.03	0
5610	-659.608	-1450.21	0
5620	-660.56	-1452.46	0
5630	-661.178	-1453.76	0
5640	-661.448	-1454.09	0
5650	-661.363	-1453.51	0
5660	-660.932	-1452.08	0
5670	-660.168	-1449.89	0
5680	-659.095	-1447.07	0
5690	-657.741	-1443.73	0
5700	-656.134	-1439.99	0
5710	-654.306	-1435.92	0
5720	-652.286	-1431.59	0
5730	-650.098	-1427.04	0
5740	-647.767	-1422.27	0
5750	-645.312	-1417.25	0
5760	-642.75	-1411.92	0
5770	-640.098	-1406.2	0
5780	-637.371	-1400.03	0
5790	-634.588	-1393.33	0
5800	-631.769	-1386.03	0
5810	-628.94	-1378.1	0
5820	-626.13	-1369.55	0
5830	-623.377	-1360.4	0
5840	-620.718	-1350.74	0
5850	-618.198	-1340.66	0
5860	-615.861	-1330.31	0
5870	-613.749	-1319.85	0
5880	-611.903	-1309.46	0
5890	-610.354	-1299.3	0
5900	-609.126	-1289.55	0
5910	-608.232	-1280.34	0
5920	-607.673	-1271.79	0
5930	-607.435	-1263.99	0
5940	-607.494	-1256.97	0
5950	-607.813	-1250.75	0
5960	-608.344	-1245.3	0
5970	-609.031	-1240.57	0
5980	-609.815	-1236.48	0
5990	-610.63	-1232.94	0
6000	-611.412	-1229.85	0
6010	-612.1	-1227.1	0
6020	-612.637	-1224.59	0
6030	-612.97	-1222.23	0
6040	-613.06	-1219.94	0
6050	-612.871	-1217.67	0
6060	-612.382	-1215.35	0
6070	-611.578	-1212.95	0
6080	-610.456	-1210.43	0
6090	-609.023	-1207.77	0
6100	-607.29	-1204.96	0
6110	-605.279	-1201.95	0
6120	-603.017	-1198.73	0
6130	-600.533	-1195.26	0
6140	-597.861	-1191.51	0
6150	-595.036	-1187.41	0
6160	-592.097	-1182.94	0
6170	-589.078	-1178.02	0
6180	-586.017	-1172.63	0
6190	-582.947	-1166.71	0
6200	-579.902	-1160.23	0
6210	-576.912	-1153.18	0
6220	-574.006	-1145.57	0
6230	-571.209	-1137.41	0
6240	-568.545	-1128.77	0
6250	-566.035	-1119.71	0
6260	-563.699	-1110.33	0
6270	-561.555	-1100.75	0
6280	-559.619	-1091.13	0
6290	-557.907	-1081.61	0
6300	-556.432	-1072.37	0
6310	-555.205	-1063.57	0
6320	-554.235	-1055.4	0
6330	-553.53	-1048.01	0
6340	-553.092	-1041.56	0
6350	-552.92	-1036.16	0
6360	-553.01	-1031.92	0
6370	-553.35	-1028.9	0
6380	-553.922	-1027.13	0
6390	-554.701	-1026.59	0
6400	-555.656	-1027.22	0
6410	-556.746	-1028.92	0
6420	-557.926	-1031.56	0
6430	-559.145	-1034.96	0
6440	-560.344	-1038.92	0
6450	-561.466	-1043.21	0
6460	-562.449	-1047.58	0
6470	-563.236	-1051.8	0
6480	-563.774	-1055.64	0
6490	-564.017	-1058.87	0
6500	-563.931	-1061.33	0
6510	-563.495	-1062.88	0
6520	-562.702	-1063.42	0
6530	-561.563	-1062.93	0
6540	-560.105	-1061.44	0
6550	-558.373	-1059.02	0
6560	-556.427	-1055.83	0
6570	-554.337	-1052.04	0
6580	-552.186	-1047.89	0
6590	-550.061	-1043.63	0
6600	-548.049	-1039.5	0
6610	-546.235	-1035.75	0
6620	-544.694	-1032.62	0
6630	-543.486	-1030.29	0
6640	-542.657	-1028.89	0
6650	-542.231	-1028.5	0
6660	-542.211	-1029.13	0
6670	-542.577	-1030.71	0
6680	-543.291	-1033.14	0
6690	-544.294	-1036.23	0
6700	-545.514	-1039.77	0
6710	-546.871	-1043.54	0
6720	-548.279	-1047.28	0
6730	-549.655	-1050.76	0
6740	-550.924	-1053.8	0
6750	-552.023	-1056.25	0
6760	-552.907	-1058.03	0
6770	-553.55	-1059.12	0
6780	-553.95	-1059.59	0
6790	-554.122	-1059.56	0
6800	-554.105	-1059.23	0
6810	-553.952	-1058.82	0
6820	-553.729	-1058.61	0
6830	-553.507	-1058.85	0
6840	-553.361	-1059.8	0
6850	-553.358	-1061.66	0
6860	-553.558	-1064.61	0
6870	-554.005	-1068.71	0
6880	-554.726	-1073.98	0
6890	-555.732	-1080.35	0
6900	-557.012	-1087.67	0
6910	-558.538	-1095.7	0
6920	-560.271	-1104.19	0
6930	-562.157	-1112.83	0
6940	-564.139	-1121.31	0
6950	-566.158	-1129.32	0
6960	-568.16	-1136.62	0
6970	-570.099	-1142.99	0
6980	-571.942	-1148.32	0
6990	-573.672	-1152.56	0
7000	-575.283	-1155.74	0
7010	-576.79	-1158.01	0
7020	-578.217	-1159.57	0
7030	-579.601	-1160.68	0
7040	-580.983	-1161.65	0
7050	-582.403	-1162.79	0
7060	-583.899	-1164.41	0
7070	-585.499	-1166.77	0
7080	-587.217	-1170.08	0
7090	-589.054	-1174.49	0
7100	-590.992	-1180.04	0
7110	-592.998	-1186.7	0
7120	-595.026	-1194.36	0
7130	-597.02	-1202.82	0
7140	-598.918	-1211.85	0
7150	-600.662	-1221.15	0
7160	-602.197	-1230.45	0
7170	-603.481	-1239.44	0
7180	-604.488	-1247.89	0
7190	-605.213	-1255.58	0
7200	-605.668	-1262.37	0
7210	-605.888	-1268.19	0
7220	-605.924	-1273.04	0
7230	-605.842	-1276.97	0
7240	-605.715	-1280.1	0
7250	-605.62	-1282.57	0
7260	-605.628	-1284.58	0
7270	-605.801	-1286.27	0
7280	-606.185	-1287.83	0
7290	-606.805	-1289.37	0
7300	-607.665	-1290.98	0
7310	-608.744	-1292.69	0
7320	-609.999	-1294.49	0
7330	-611.37	-1296.3	0
7340	-612.781	-1298.02	0
7350	-614.15	-1299.53	0
7360	-615.393	-1300.69	0
7370	-616.431	-1301.34	0
7380	-617.198	-1301.4	0
7390	-617.642	-1300.76	0
7400	-617.735	-1299.41	0
7410	-617.47	-1297.36	0
7420	-616.865	-1294.7	0
7430	-615.961	-1291.55	0
7440	-614.816	-1288.07	0
7450	-613.503	-1284.47	0
7460	-612.106	-1280.95	0
7470	-610.71	-1277.74	0
7480	-609.397	-1275.01	0
7490	-608.238	-1272.94	0
7500	-607.291	-1271.63	0
7510	-606.598	-1271.16	0
7520	-606.177	-1271.52	0
7530	-606.03	-1272.66	0
7540	-606.138	-1274.47	0
7550	-606.465	-1276.8	0
7560	-606.967	-1279.46	0
7570	-607.588	-1282.26	0
7580	-608.273	-1285	0
7590	-608.97	-1287.51	0
7600	-609.629	-1289.63	0
7610	-610.215	-1291.24	0
7620	-610.701	-1292.27	0
7630	-611.072	-1292.66	0
7640	-611.327	-1292.43	0
7650	-611.473	-1291.6	0
7660	-611.524	-1290.21	0
7670	-611.498	-1288.34	0
7680	-611.416	-1286.04	0
7690	-611.293	-1283.36	0
7700	-611.143	-1280.36	0
7710	-610.969	-1277.03	0
7720	-610.769	-1273.38	0
7730	-610.53	-1269.37	0
7740	-610.235	-1264.96	0
7750	-609.858	-1260.1	0
7760	-609.373	-1254.72	0
7770	-608.754	-1248.76	0
7780	-607.977	-1242.21	0
7790	-607.024	-1235.04	0
7800	-605.886	-1227.29	0
7810	-604.561	-1219	0
7820	-603.057	-1210.27	0
7830	-601.391	-1201.21	0
7840	-599.588	-1191.96	0
7850	-597.677	-1182.68	0
7860	-595.692	-1173.51	0
7870	-593.665	-1164.62	0
7880	-591.624	-1156.11	0
7890	-589.595	-1148.1	0
7900	-587.595	-1140.66	0
7910	-585.633	-1133.8	0
7920	-583.711	-1127.53	0
7930	-581.823	-1121.81	0
7940	-579.962	-1116.57	0
7950	-578.115	-1111.74	0
7960	-576.272	-1107.23	0
7970	-574.428	-1102.98	0
7980	-572.586	-1098.93	0
7990	-570.757	-1095.05	0
8000	-568.966	-1091.36	0
8010	-567.247	-1087.89	0
8020	-565.644	-1084.71	0
8030	-564.213	-1081.93	0
8040	-563.011	-1079.67	0
8050	-562.095	-1078.04	0
8060	-561.52	-1077.15	0
8070	-561.328	-1077.08	0
8080	-561.549	-1077.88	0
8090	-562.192	-1079.54	0
8100	-563.248	-1082.02	0
8110	-564.682	-1085.2	0
8120	-566.44	-1088.91	0
8130	-568.448	-1092.95	0
8140	-570.614	-1097.08	0
8150	-572.837	-1101.05	0
8160	-575.01	-1104.62	0
8170	-577.027	-1107.54	0
8180	-578.791	-1109.63	0
8190	-580.218	-1110.76	0
8200	-581.244	-1110.85	0
8210	-581.828	-1109.89	0
8220	-581.955	-1107.96	0
8230	-581.634	-1105.2	0
8240	-580.9	-1101.8	0
8250	-579.811	-1098	0
8260	-578.439	-1094.06	0
8270	-576.873	-1090.27	0
8280	-575.203	-1086.89	0
8290	-573.523	-1084.16	0
8300	-571.919	-1082.28	0
8310	-570.466	-1081.41	0
8320	-569.226	-1081.62	0
8330	-568.241	-1082.94	0
8340	-567.535	-1085.36	0
8350	-567.116	-1088.8	0
8360	-566.973	-1093.13	0
8370	-567.084	-1098.21	0
8380	-567.416	-1103.9	0
8390	-567.932	-1110.03	0
8400	-568.595	-1116.47	0
8410	-569.369	-1123.09	0
8420	-570.225	-1129.8	0
8430	-571.141	-1136.52	0
8440	-572.105	-1143.21	0
8450	-573.115	-1149.84	0
8460	-574.175	-1156.41	0
8470	-575.298	-1162.89	0
8480	-576.496	-1169.27	0
8490	-577.786	-1175.52	0
8500	-579.179	-1181.58	0
8510	-580.681	-1187.37	0
8520	-582.291	-1192.79	0
8530	-583.997	-1197.71	0
8540	-585.778	-1202	0
8550	-587.603	-1205.5	0
8560	-589.431	-1208.09	0
8570	-591.217	-1209.64	0
8580	-592.909	-1210.06	0
8590	-594.455	-1209.3	0
8600	-595.802	-1207.37	0
8610	-596.904	-1204.32	0
8620	-597.72	-1200.24	0
8630	-598.216	-1195.3	0
8640	-598.372	-1189.69	0
8650	-598.172	-1183.61	0
8660	-597.614	-1177.32	0
8670	-596.703	-1171.04	0
8680	-595.45	-1164.98	0
8690	-593.874	-1159.32	0
8700	-591.993	-1154.2	0
8710	-589.834	-1149.71	0
8720	-587.423	-1145.87	0
8730	-584.791	-1142.69	0
8740	-581.972	-1140.11	0
8750	-579.005	-1138.04	0
8760	-575.932	-1136.39	0
8770	-572.801	-1135.05	0
8780	-569.664	-1133.93	0
8790	-566.584	-1132.94	0
8800	-563.625	-1132.04	0
8810	-560.86	-1131.2	0
8820	-558.363	-1130.43	0
8830	-556.212	-1129.77	0
8840	-554.476	-1129.29	0
8850	-553.22	-1129.06	0
8860	-552.495	-1129.17	0
8870	-552.335	-1129.66	0
8880	-552.753	-1130.59	0
8890	-553.742	-1131.95	0
8900	-555.269	-1133.73	0
8910	-557.275	-1135.84	0
8920	-559.683	-1138.17	0
8930	-562.392	-1140.58	0
8940	-565.289	-1142.89	0
8950	-568.249	-1144.92	0
8960	-571.145	-1146.49	0
8970	-573.851	-1147.45	0
8980	-576.251	-1147.65	0
8990	-578.243	-1147.03	0
9000	-579.744	-1145.54	0
9010	-580.697	-1143.21	0
9020	-581.067	-1140.12	0
9030	-580.85	-1136.39	0
9040	-580.065	-1132.18	0
9050	-578.752	-1127.68	0
9060	-576.973	-1123.07	0
9070	-574.805	-1118.54	0
9080	-572.334	-1114.22	0
9090	-569.648	-1110.24	0
9100	-566.839	-1106.67	0
9110	-563.99	-1103.5	0
9120	-561.175	-1100.69	0
9130	-558.457	-1098.16	0
9140	-555.887	-1095.77	0
9150	-553.502	-1093.37	0
9160	-551.328	-1090.82	0
9170	-549.382	-1087.96	0
9180	-547.675	-1084.7	0
9190	-546.215	-1080.97	0
9200	-545.01	-1076.78	0
9210	-544.067	-1072.18	0
9220	-543.398	-1067.3	0
9230	-543.015	-1062.29	0
9240	-542.933	-1057.36	0
9250	-543.164	-1052.74	0
9260	-543.717	-1048.64	0
9270	-544.596	-1045.26	0
9280	-545.793	-1042.75	0
9290	-547.29	-1041.22	0
9300	-549.053	-1040.68	0
9310	-551.034	-1041.08	0
9320	-553.171	-1042.31	0
9330	-555.389	-1044.17	0
9340	-557.604	-1046.44	0
9350	-559.727	-1048.85	0
9360	-561.671	-1051.14	0
9370	-563.352	-1053.04	0
9380	-564.701	-1054.34	0
9390	-565.664	-1054.89	0
9400	-566.209	-1054.62	0
9410	-566.328	-1053.52	0
9420	-566.04	-1051.71	0
9430	-565.387	-1049.35	0
9440	-564.436	-1046.7	0
9450	-563.274	-1044.07	0
9460	-562.003	-1041.8	0
9470	-560.734	-1040.22	0
9480	-559.584	-1039.68	0
9490	-558.663	-1040.45	0
9500	-558.076	-1042.78	0
9510	-557.911	-1046.81	0
9520	-558.238	-1052.61	0
9530	-559.104	-1060.15	0
9540	-560.534	-1069.33	0
9550	-562.526	-1079.97	0
9560	-565.056	-1091.8	0
9570	-568.077	-1104.56	0
9580	-571.525	-1117.91	0
9590	-575.318	-1131.53	0
9600	-579.365	-1145.14	0
9610	-583.569	-1158.45	0
9620	-587.827	-1171.23	0
9630	-592.039	-1183.3	0
9640	-596.112	-1194.56	0
9650	-599.957	-1204.93	0
9660	-603.498	-1214.39	0
9670	-606.669	-1222.98	0
9680	-609.418	-1230.75	0
9690	-611.708	-1237.78	0
9700	-613.516	-1244.15	0
9710	-614.83	-1249.93	0
9720	-615.653	-1255.19	0
9730	-616.003	-1259.98	0
9740	-615.905	-1264.32	0
9750	-615.398	-1268.21	0
9760	-614.528	-1271.63	0
9770	-613.348	-1274.56	0
9780	-611.919	-1276.94	0
9790	-610.303	-1278.75	0
9800	-608.566	-1279.94	0
9810	-606.771	-1280.49	0
9820	-604.978	-1280.38	0
9830	-603.243	-1279.63	0
9840	-601.613	-1278.26	0
9850	-600.123	-1276.3	0
9860	-598.798	-1273.8	0
9870	-597.649	-1270.81	0
9880	-596.673	-1267.37	0
9890	-595.853	-1263.52	0
9900	-595.16	-1259.29	0
9910	-594.555	-1254.69	0
9920	-593.989	-1249.7	0
9930	-593.41	-1244.31	0
9940	-592.765	-1238.47	0
9950	-592.002	-1232.14	0
9960	-591.079	-1225.27	0
9970	-589.959	-1217.83	0
9980	-588.624	-1209.79	0
9990	-587.066	-1201.13	0
10000	-585.295	-1191.9	0
10010	-583.339	-1182.13	0
10020	-581.237	-1171.93	0
10030	-579.043	-1161.39	0
10040	-576.819	-1150.68	0
10050	-574.631	-1139.94	0
10060	-572.549	-1129.38	0
10070	-570.636	-1119.15	0
10080	-568.948	-1109.45	0
10090	-567.531	-1100.43	0
10100	-566.415	-1092.24	0
10110	-565.615	-1084.97	0
10120	-565.128	-1078.71	0
10130	-564.937	-1073.5	0
10140	-565.009	-1069.33	0
10150	-565.299	-1066.2	0
10160	-565.757	-1064.04	0
10170	-566.327	-1062.79	0
10180	-566.954	-1062.38	0
10190	-567.587	-1062.72	0
10200	-568.185	-1063.72	0
10210	-568.715	-1065.33	0
10220	-569.159	-1067.47	0
10230	-569.51	-1070.08	0
10240	-569.773	-1073.13	0
10250	-569.966	-1076.56	0
10260	-570.112	-1080.34	0
10270	-570.24	-1084.43	0
10280	-570.381	-1088.76	0
10290	-570.561	-1093.26	0
10300	-570.802	-1097.84	0
10310	-571.115	-1102.39	0
10320	-571.502	-1106.77	0
10330	-571.952	-1110.85	0
10340	-572.445	-1114.45	0
10350	-572.947	-1117.44	0
10360	-573.418	-1119.65	0
10370	-573.811	-1120.97	0
10380	-574.078	-1121.27	0
10390	-574.171	-1120.51	0
10400	-574.048	-1118.65	0
10410	-573.673	-1115.71	0
10420	-573.023	-1111.76	0
10430	-572.088	-1106.9	0
10440	-570.871	-1101.29	0
10450	-569.391	-1095.1	0
10460	-567.678	-1088.53	0
10470	-565.779	-1081.78	0
10480	-563.744	-1075.06	0
10490	-561.633	-1068.55	0
10500	-559.508	-1062.41	0
10510	-557.429	-1056.75	0
10520	-555.452	-1051.67	0
10530	-553.625	-1047.18	0
10540	-551.988	-1043.3	0
10550	-550.57	-1039.97	0
10560	-549.388	-1037.14	0
10570	-548.449	-1034.72	0
10580	-547.746	-1032.61	0
10590	-547.269	-1030.73	0
10600	-546.996	-1029	0
10610	-546.9	-1027.36	0
10620	-546.95	-1025.78	0
10630	-547.112	-1024.24	0
10640	-547.349	-1022.75	0
10650	-547.624	-1021.33	0
10660	-547.9	-1020.01	0
10670	-548.139	-1018.83	0
10680	-548.308	-1017.82	0
10690	-548.371	-1016.98	0
10700	-548.298	-1016.32	0
10710	-548.06	-1015.8	0
10720	-547.631	-1015.35	0
10730	-546.99	-1014.89	0
10740	-546.123	-1014.3	0
10750	-545.023	-1013.47	0
10760	-543.693	-1012.26	0
10770	-542.148	-1010.56	0
10780	-540.414	-1008.3	0
10790	-538.532	-1005.4	0
10800	-536.554	-1001.87	0
10810	-534.549	-997.762	0
10820	-532.593	-993.177	0
10830	-530.771	-988.283	0
10840	-529.175	-983.296	0
10850	-527.893	-978.473	0
10860	-527.011	-974.097	0
10870	-526.603	-970.461	0
10880	-526.731	-967.85	0
10890	-527.434	-966.519	0
10900	-528.733	-966.679	0
10910	-530.623	-968.483	0
10920	-533.072	-972.009	0
10930	-536.025	-977.258	0
10940	-539.405	-984.154	0
10950	-543.114	-992.542	0
10960	-547.038	-1002.2	0
10970	-551.055	-1012.85	0
10980	-555.038	-1024.17	0
10990	-558.862	-1035.82	0
11000	-562.409	-1047.46	0
11010	-565.578	-1058.76	0
11020	-568.281	-1069.42	0
11030	-570.455	-1079.19	0
11040	-572.058	-1087.85	0
11050	-573.075	-1095.27	0
11060	-573.51	-1101.38	0
11070	-573.392	-1106.13	0
11080	-572.769	-1109.58	0
11090	-571.706	-1111.8	0
11100	-570.279	-1112.91	0
11110	-568.574	-1113.06	0
11120	-566.683	-1112.43	0
11130	-564.697	-1111.2	0
11140	-562.707	-1109.54	0
11150	-560.797	-1107.64	0
11160	-559.044	-1105.68	0
11170	-557.516	-1103.81	0
11180	-556.268	-1102.17	0
11190	-555.343	-1100.88	0
11200	-554.77	-1100.05	0
11210	-554.564	-1099.76	0
11220	-554.727	-1100.06	0
11230	-555.246	-1101	0
11240	-556.095	-1102.58	0
11250	-557.235	-1104.78	0
11260	-558.618	-1107.56	0
11270	-560.182	-1110.84	0
11280	-561.863	-1114.52	0
11290	-563.588	-1118.46	0
11300	-565.286	-1122.51	0
11310	-566.886	-1126.51	0
11320	-568.323	-1130.3	0
11330	-569.54	-1133.7	0
11340	-570.492	-1136.57	0
11350	-571.149	-1138.78	0
11360	-571.496	-1140.24	0
11370	-571.537	-1140.89	0
11380	-571.294	-1140.71	0
11390	-570.803	-1139.75	0
11400	-570.119	-1138.07	0
11410	-569.306	-1135.8	0
11420	-568.438	-1133.1	0
11430	-567.592	-1130.17	0
11440	-566.845	-1127.21	0
11450	-566.265	-1124.43	0
11460	-565.911	-1122.01	0
11470	-565.826	-1120.13	0
11480	-566.032	-1118.92	0
11490	-566.533	-1118.44	0
11500	-567.311	-1118.71	0
11510	-568.327	-1119.7	0
11520	-569.524	-1121.29	0
11530	-570.832	-1123.35	0
11540	-572.171	-1125.68	0
11550	-573.458	-1128.1	0
11560	-574.61	-1130.37	0
11570	-575.553	-1132.3	0
11580	-576.224	-1133.71	0
11590	-576.575	-1134.43	0
11600	-576.579	-1134.38	0
11610	-576.231	-1133.49	0
11620	-575.549	-1131.78	0
11630	-574.574	-1129.32	0
11640	-573.367	-1126.26	0
11650	-572.006	-1122.76	0
11660	-570.58	-1119.04	0
11670	-569.183	-1115.34	0
11680	-567.908	-1111.89	0
11690	-566.844	-1108.92	0
11700	-566.064	-1106.62	0
11710	-565.627	-1105.13	0
11720	-565.568	-1104.56	0
11730	-565.902	-1104.92	0
11740	-566.618	-1106.2	0
11750	-567.682	-1108.3	0
11760	-569.039	-1111.07	0
11770	-570.619	-1114.33	0
11780	-572.338	-1117.85	0
11790	-574.106	-1121.41	0
11800	-575.833	-1124.76	0
11810	-577.434	-1127.71	0
11820	-578.834	-1130.07	0
11830	-579.974	-1131.7	0
11840	-580.81	-1132.51	0
11850	-581.318	-1132.45	0
11860	-581.495	-1131.54	0
11870	-581.354	-1129.85	0
11880	-580.925	-1127.46	0
11890	-580.249	-1124.51	0
11900	-579.379	-1121.15	0
11910	-578.372	-1117.51	0
11920	-577.286	-1113.75	0
11930	-576.177	-1110	0
11940	-575.094	-1106.37	0
11950	-574.081	-1102.94	0
11960	-573.169	-1099.77	0
11970	-572.381	-1096.88	0
11980	-571.727	-1094.28	0
11990	-571.209	-1091.96	0
12000	-570.819	-1089.89	0
12010	-570.541	-1088.02	0
12020	-570.356	-1086.33	0
12030	-570.24	-1084.8	0
12040	-570.168	-1083.4	0
12050	-570.115	-1082.14	0
12060	-570.059	-1081.03	0
12070	-569.979	-1080.11	0
12080	-569.858	-1079.42	0
12090	-569.683	-1079.02	0
12100	-569.447	-1078.97	0
12110	-569.145	-1079.35	0
12120	-568.777	-1080.21	0
12130	-568.348	-1081.62	0
12140	-567.863	-1083.61	0
12150	-567.334	-1086.21	0
12160	-566.772	-1089.4	0
12170	-566.191	-1093.16	0
12180	-565.606	-1097.44	0
12190	-565.033	-1102.12	0
12200	-564.484	-1107.09	0
12210	-563.974	-1112.21	0
12220	-563.515	-1117.28	0
12230	-563.117	-1122.12	0
12240	-562.785	-1126.52	0
12250	-562.526	-1130.26	0
12260	-562.341	-1133.16	0
12270	-562.227	-1135.01	0
12280	-562.179	-1135.67	0
12290	-562.192	-1135.03	0
12300	-562.253	-1132.99	0
12310	-562.352	-1129.56	0
12320	-562.474	-1124.75	0
12330	-562.602	-1118.67	0
12340	-562.722	-1111.46	0
12350	-562.816	-1103.34	0
12360	-562.869	-1094.56	0
12370	-562.868	-1085.42	0
12380	-562.798	-1076.24	0
12390	-562.651	-1067.35	0
12400	-562.417	-1059.06	0
12410	-562.087	-1051.69	0
12420	-561.653	-1045.48	0
12430	-561.106	-1040.61	0
12440	-560.438	-1037.21	0
12450	-559.637	-1035.31	0
12460	-558.692	-1034.86	0
12470	-557.588	-1035.72	0
12480	-556.312	-1037.66	0
12490	-554.851	-1040.4	0
12500	-553.193	-1043.61	0
12510	-551.332	-1046.91	0
12520	-549.265	-1049.92	0
12530	-547.001	-1052.29	0
12540	-544.557	-1053.7	0
12550	-541.965	-1053.91	0
12560	-539.267	-1052.75	0
12570	-536.523	-1050.17	0
12580	-533.803	-1046.18	0
12590	-531.193	-1040.95	0
12600	-528.785	-1034.7	0
12610	-526.68	-1027.76	0
12620	-524.977	-1020.51	0
12630	-523.77	-1013.36	0
12640	-523.144	-1006.74	0
12650	-523.163	-1001.05	0
12660	-523.87	-996.616	0
12670	-525.278	-993.72	0
12680	-527.369	-992.525	0
12690	-530.093	-993.089	0
12700	-533.365	-995.358	0
12710	-537.072	-999.166	0
12720	-541.074	-1004.25	0
12730	-545.212	-1010.26	0
12740	-549.318	-1016.82	0
12750	-553.217	-1023.5	0
12760	-556.744	-1029.88	0
12770	-559.748	-1035.61	0
12780	-562.102	-1040.36	0
12790	-563.713	-1043.91	0
12800	-564.522	-1046.15	0
12810	-564.513	-1047.07	0
12820	-563.71	-1046.76	0
12830	-562.18	-1045.42	0
12840	-560.024	-1043.34	0
12850	-557.376	-1040.86	0
12860	-554.393	-1038.37	0
12870	-551.248	-1036.25	0
12880	-548.119	-1034.88	0
12890	-545.183	-1034.59	0
12900	-542.599	-1035.63	0
12910	-540.508	-1038.18	0
12920	-539.018	-1042.28	0
12930	-538.204	-1047.91	0
12940	-538.103	-1054.9	0
12950	-538.713	-1063.01	0
12960	-539.994	-1071.93	0
12970	-541.874	-1081.29	0
12980	-544.252	-1090.67	0
12990	-547.003	-1099.67	0
13000	-549.993	-1107.93	0
13010	-553.079	-1115.11	0
13020	-556.123	-1120.95	0
13030	-558.997	-1125.29	0
13040	-561.592	-1128.05	0
13050	-563.822	-1129.25	0
13060	-565.625	-1129	0
13070	-566.973	-1127.48	0
13080	-567.862	-1124.95	0
13090	-568.319	-1121.69	0
13100	-568.394	-1118.04	0
13110	-568.159	-1114.29	0
13120	-567.7	-1110.77	0
13130	-567.115	-1107.73	0
13140	-566.503	-1105.4	0
13150	-565.96	-1103.93	0
13160	-565.577	-1103.44	0
13170	-565.431	-1103.96	0
13180	-565.581	-1105.48	0
13190	-566.066	-1107.93	0
13200	-566.907	-1111.21	0
13210	-568.098	-1115.2	0
13220	-569.614	-1119.73	0
13230	-571.409	-1124.66	0
13240	-573.421	-1129.85	0
13250	-575.574	-1135.16	0
13260	-577.784	-1140.48	0
13270	-579.964	-1145.71	0
13280	-582.027	-1150.78	0
13290	-583.893	-1155.65	0
13300	-585.495	-1160.29	0
13310	-586.777	-1164.69	0
13320	-587.704	-1168.83	0
13330	-588.26	-1172.71	0
13340	-588.45	-1176.33	0
13350	-588.297	-1179.68	0
13360	-587.847	-1182.75	0
13370	-587.158	-1185.52	0
13380	-586.303	-1187.97	0
13390	-585.362	-1190.06	0
13400	-584.42	-1191.77	0
13410	-583.557	-1193.08	0
13420	-582.85	-1193.96	0
13430	-582.362	-1194.41	0
13440	-582.143	-1194.42	0
13450	-582.224	-1194.03	0
13460	-582.619	-1193.26	0
13470	-583.318	-1192.15	0
13480	-584.296	-1190.76	0
13490	-585.508	-1189.17	0
13500	-586.894	-1187.43	0
13510	-588.384	-1185.62	0
13520	-589.901	-1183.81	0
13530	-591.364	-1182.04	0
13540	-592.693	-1180.35	0
13550	-593.816	-1178.77	0
13560	-594.667	-1177.29	0
13570	-595.193	-1175.89	0
13580	-595.352	-1174.51	0
13590	-595.116	-1173.09	0
13600	-594.473	-1171.53	0
13610	-593.42	-1169.74	0
13620	-591.97	-1167.59	0
13630	-590.142	-1164.98	0
13640	-587.966	-1161.8	0
13650	-585.479	-1157.96	0
13660	-582.724	-1153.41	0
13670	-579.748	-1148.12	0
13680	-576.603	-1142.11	0
13690	-573.343	-1135.43	0
13700	-570.028	-1128.2	0
13710	-566.719	-1120.55	0
13720	-563.482	-1112.68	0
13730	-560.387	-1104.82	0
13740	-557.504	-1097.22	0
13750	-554.906	-1090.15	0
13760	-552.661	-1083.88	0
13770	-550.832	-1078.64	0
13780	-549.473	-1074.65	0
13790	-548.624	-1072.06	0
13800	-548.307	-1070.96	0
13810	-548.525	-1071.37	0
13820	-549.257	-1073.2	0
13830	-550.461	-1076.3	0
13840	-552.07	-1080.46	0
13850	-554	-1085.36	0
13860	-556.148	-1090.67	0
13870	-558.396	-1096.01	0
13880	-560.622	-1100.99	0
13890	-562.694	-1105.21	0
13900	-564.489	-1108.34	0
13910	-565.891	-1110.05	0
13920	-566.799	-1110.13	0
13930	-567.134	-1108.43	0
13940	-566.845	-1104.88	0
13950	-565.908	-1099.51	0
13960	-564.329	-1092.43	0
13970	-562.145	-1083.84	0
13980	-559.424	-1074.01	0
13990	-556.259	-1063.26	0
14000	-552.769	-1051.96	0
14010	-549.09	-1040.51	0
14020	-545.372	-1029.32	0
14030	-541.77	-1018.79	0
14040	-538.44	-1009.31	0
14050	-535.527	-1001.2	0
14060	-533.161	-994.751	0
14070	-531.448	-990.157	0
14080	-530.464	-987.543	0
14090	-530.249	-986.944	0
14100	-530.804	-988.3	0
14110	-532.094	-991.46	0
14120	-534.039	-996.191	0
14130	-536.531	-1002.19	0
14140	-539.425	-1009.08	0
14150	-542.559	-1016.47	0
14160	-545.75	-1023.93	0
14170	-548.813	-1031.03	0
14180	-551.57	-1037.38	0
14190	-553.855	-1042.64	0
14200	-555.531	-1046.53	0
14210	-556.494	-1048.86	0
14220	-556.681	-1049.54	0
14230	-556.075	-1048.59	0
14240	-554.704	-1046.13	0
14250	-552.644	-1042.38	0
14260	-550.01	-1037.65	0
14270	-546.956	-1032.33	0
14280	-543.657	-1026.84	0
14290	-540.31	-1021.63	0
14300	-537.113	-1017.11	0
14310	-534.259	-1013.7	0
14320	-531.923	-1011.71	0
14330	-530.253	-1011.39	0
14340	-529.357	-1012.88	0
14350	-529.304	-1016.2	0
14360	-530.114	-1021.26	0
14370	-531.76	-1027.85	0
14380	-534.17	-1035.67	0
14390	-537.232	-1044.33	0
14400	-540.8	-1053.37	0
14410	-544.706	-1062.34	0
14420	-548.766	-1070.76	0
14430	-552.799	-1078.19	0
14440	-556.631	-1084.28	0
14450	-560.107	-1088.74	0
14460	-563.103	-1091.43	0
14470	-565.53	-1092.3	0
14480	-567.339	-1091.46	0
14490	-568.522	-1089.11	0
14500	-569.112	-1085.59	0
14510	-569.177	-1081.32	0
14520	-568.815	-1076.76	0
14530	-568.148	-1072.41	0
14540	-567.307	-1068.77	0
14550	-566.429	-1066.28	0
14560	-565.642	-1065.32	0
14570	-565.059	-1066.16	0
14580	-564.773	-1068.96	0
14590	-564.846	-1073.75	0
14600	-565.31	-1080.41	0
14610	-566.167	-1088.74	0
14620	-567.388	-1098.4	0
14630	-568.919	-1108.99	0
14640	-570.686	-1120.08	0
14650	-572.601	-1131.19	0
14660	-574.571	-1141.9	0
14670	-576.504	-1151.82	0
14680	-578.316	-1160.63	0
14690	-579.938	-1168.15	0
14700	-581.317	-1174.26	0
14710	-582.422	-1178.98	0
14720	-583.245	-1182.43	0
14730	-583.797	-1184.82	0
14740	-584.106	-1186.43	0
14750	-584.216	-1187.55	0
14760	-584.18	-1188.5	0
14770	-584.055	-1189.59	0
14780	-583.9	-1191.04	0
14790	-583.766	-1193.03	0
14800	-583.699	-1195.63	0
14810	-583.733	-1198.82	0
14820	-583.89	-1202.48	0
14830	-584.182	-1206.41	0
14840	-584.607	-1210.34	0
14850	-585.155	-1213.95	0
14860	-585.811	-1216.92	0
14870	-586.552	-1218.94	0
14880	-587.356	-1219.73	0
14890	-588.199	-1219.1	0
14900	-589.062	-1216.95	0
14910	-589.925	-1213.26	0
14920	-590.771	-1208.14	0
14930	-591.585	-1201.79	0
14940	-592.351	-1194.51	0
14950	-593.053	-1186.65	0
14960	-593.668	-1178.61	0
14970	-594.171	-1170.79	0
14980	-594.529	-1163.58	0
14990	-594.703	-1157.3	0
15000	-594.648	-1152.22	0
15010	-594.317	-1148.48	0
15020	-593.661	-1146.12	0
15030	-592.636	-1145.1	0
15040	-591.202	-1145.23	0
15050	-589.335	-1146.26	0
15060	-587.025	-1147.86	0
15070	-584.282	-1149.67	0
15080	-581.139	-1151.31	0
15090	-577.652	-1152.42	0
15100	-573.9	-1152.69	0
15110	-569.984	-1151.88	0
15120	-566.021	-1149.86	0
15130	-562.141	-1146.57	0
15140	-558.477	-1142.08	0
15150	-555.16	-1136.53	0
15160	-552.31	-1130.17	0
15170	-550.027	-1123.29	0
15180	-548.389	-1116.21	0
15190	-547.438	-1109.29	0
15200	-547.185	-1102.82	0
15210	-547.604	-1097.07	0
15220	-548.632	-1092.24	0
15230	-550.172	-1088.43	0
15240	-552.104	-1085.65	0
15250	-554.282	-1083.83	0
15260	-556.55	-1082.78	0
15270	-558.75	-1082.28	0
15280	-560.728	-1082.03	0
15290	-562.342	-1081.71	0
15300	-563.477	-1080.99	0
15310	-564.044	-1079.58	0
15320	-563.985	-1077.25	0
15330	-563.282	-1073.8	0
15340	-561.949	-1069.17	0
15350	-560.033	-1063.34	0
15360	-557.613	-1056.41	0
15370	-554.789	-1048.57	0
15380	-551.68	-1040.08	0
15390	-548.411	-1031.23	0
15400	-545.11	-1022.37	0
15410	-541.899	-1013.85	0
15420	-538.887	-1006	0
15430	-536.165	-999.088	0
15440	-533.802	-993.357	0
15450	-531.842	-988.95	0
15460	-530.303	-985.927	0
15470	-529.181	-984.266	0
15480	-528.454	-983.868	0
15490	-528.083	-984.564	0
15500	-528.018	-986.132	0
15510	-528.202	-988.315	0
15520	-528.579	-990.841	0
15530	-529.093	-993.442	0
15540	-529.694	-995.875	0
15550	-530.345	-997.936	0
15560	-531.015	-999.475	0
15570	-531.684	-1000.4	0
15580	-532.341	-1000.68	0
15590	-532.983	-1000.35	0
15600	-533.611	-999.496	0
15610	-534.23	-998.234	0
15620	-534.845	-996.727	0
15630	-535.457	-995.146	0
15640	-536.069	-993.668	0
15650	-536.677	-992.462	0
15660	-537.277	-991.675	0
15670	-537.861	-991.429	0
15680	-538.421	-991.81	0
15690	-538.952	-992.872	0
15700	-539.451	-994.629	0
15710	-539.918	-997.067	0
15720	-540.363	-1000.14	0
15730	-540.801	-1003.79	0
15740	-541.253	-1007.94	0
15750	-541.75	-1012.5	0
15760	-542.322	-1017.39	0
15770	-543.004	-1022.52	0
15780	-543.828	-1027.81	0
15790	-544.82	-1033.19	0
15800	-545.998	-1038.59	0
15810	-547.368	-1043.95	0
15820	-548.921	-1049.19	0
15830	-550.634	-1054.27	0
15840	-552.467	-1059.1	0
15850	-554.368	-1063.64	0
15860	-556.273	-1067.82	0
15870	-558.111	-1071.58	0
15880	-559.811	-1074.88	0
15890	-561.303	-1077.69	0
15900	-562.529	-1080	0
15910	-563.444	-1081.83	0
15920	-564.024	-1083.22	0
15930	-564.266	-1084.25	0
15940	-564.191	-1085.05	0
15950	-563.846	-1085.74	0
15960	-563.297	-1086.5	0
15970	-562.629	-1087.5	0
15980	-561.941	-1088.94	0
15990	-561.334	-1090.98	0
16000	-560.912	-1093.8	0
16010	-560.768	-1097.52	0
16020	-560.981	-1102.24	0
16030	-561.606	-1108	0
16040	-562.676	-1114.78	0
16050	-564.193	-1122.53	0
16060	-566.13	-1131.12	0
16070	-568.433	-1140.4	0
16080	-571.024	-1150.17	0
16090	-573.805	-1160.18	0
16100	-576.666	-1170.2	0
16110	-579.492	-1179.97	0
16120	-582.167	-1189.25	0
16130	-584.587	-1197.81	0
16140	-586.663	-1205.45	0
16150	-588.324	-1212.04	0
16160	-589.527	-1217.44	0
16170	-590.253	-1221.58	0
16180	-590.507	-1224.45	0
16190	-590.322	-1226.05	0
16200	-589.748	-1226.41	0
16210	-588.851	-1225.63	0
16220	-587.71	-1223.77	0
16230	-586.406	-1220.96	0
16240	-585.019	-1217.29	0
16250	-583.624	-1212.89	0
16260	-582.284	-1207.88	0
16270	-581.051	-1202.36	0
16280	-579.959	-1196.46	0
16290	-579.026	-1190.28	0
16300	-578.256	-1183.95	0
16310	-577.639	-1177.56	0
16320	-577.151	-1171.25	0
16330	-576.764	-1165.12	0
16340	-576.44	-1159.27	0
16350	-576.142	-1153.8	0
16360	-575.833	-1148.8	0
16370	-575.476	-1144.33	0
16380	-575.041	-1140.42	0
16390	-574.502	-1137.09	0
16400	-573.84	-1134.31	0
16410	-573.039	-1132	0
16420	-572.093	-1130.08	0
16430	-570.997	-1128.41	0
16440	-569.753	-1126.83	0
16450	-568.366	-1125.19	0
16460	-566.849	-1123.31	0
16470	-565.217	-1121.06	0
16480	-563.49	-1118.29	0
16490	-561.695	-1114.94	0
16500	-559.863	-1110.97	0
16510	-558.032	-1106.4	0
16520	-556.243	-1101.31	0
16530	-554.541	-1095.83	0
16540	-552.976	-1090.14	0
16550	-551.596	-1084.46	0
16560	-550.449	-1079.02	0
16570	-549.578	-1074.07	0
16580	-549.016	-1069.81	0
16590	-548.786	-1066.43	0
16600	-548.897	-1064.05	0
16610	-549.338	-1062.73	0
16620	-550.082	-1062.44	0
16630	-551.081	-1063.1	0
16640	-552.272	-1064.51	0
16650	-553.573	-1066.44	0
16660	-554.893	-1068.6	0
16670	-556.131	-1070.66	0
16680	-557.186	-1072.31	0
16690	-557.96	-1073.24	0
16700	-558.367	-1073.17	0
16710	-558.335	-1071.89	0
16720	-557.816	-1069.29	0
16730	-556.786	-1065.33	0
16740	-555.249	-1060.07	0
16750	-553.241	-1053.65	0
16760	-550.825	-1046.33	0
16770	-548.088	-1038.4	0
16780	-545.142	-1030.22	0
16790	-542.112	-1022.18	0
16800	-539.133	-1014.66	0
16810	-536.34	-1008.02	0
16820	-533.864	-1002.57	0
16830	-531.818	-998.546	0
16840	-530.295	-996.106	0
16850	-529.359	-995.302	0
16860	-529.043	-996.089	0
16870	-529.351	-998.331	0
16880	-530.248	-1001.81	0
16890	-531.674	-1006.23	0
16900	-533.537	-1011.28	0
16910	-535.727	-1016.58	0
16920	-538.118	-1021.81	0
16930	-540.58	-1026.62	0
16940	-542.981	-1030.77	0
16950	-545.202	-1034.03	0
16960	-547.136	-1036.29	0
16970	-548.699	-1037.49	0
16980	-549.829	-1037.66	0
16990	-550.492	-1036.9	0
17000	-550.68	-1035.37	0
17010	-550.411	-1033.26	0
17020	-549.724	-1030.8	0
17030	-548.681	-1028.21	0
17040	-547.354	-1025.7	0
17050	-545.828	-1023.48	0
17060	-544.191	-1021.68	0
17070	-542.533	-1020.42	0
17080	-540.938	-1019.76	0
17090	-539.485	-1019.72	0
17100	-538.24	-1020.29	0
17110	-537.259	-1021.41	0
17120	-536.585	-1023.03	0
17130	-536.244	-1025.07	0
17140	-536.253	-1027.47	0
17150	-536.615	-1030.17	0
17160	-537.32	-1033.13	0
17170	-538.351	-1036.33	0
17180	-539.677	-1039.77	0
17190	-541.265	-1043.47	0
17200	-543.07	-1047.43	0
17210	-545.044	-1051.7	0
17220	-547.131	-1056.26	0
17230	-549.277	-1061.13	0
17240	-551.422	-1066.28	0
17250	-553.506	-1071.66	0
17260	-555.475	-1077.2	0
17270	-557.274	-1082.8	0
17280	-558.859	-1088.36	0
17290	-560.192	-1093.76	0
17300	-561.25	-1098.88	0
17310	-562.018	-1103.61	0
17320	-562.5	-1107.88	0
17330	-562.71	-1111.63	0
17340	-562.679	-1114.86	0
17350	-562.448	-1117.58	0
17360	-562.071	-1119.86	0
17370	-561.607	-1121.8	0
17380	-561.119	-1123.49	0
17390	-560.671	-1125.08	0
17400	-560.32	-1126.67	0
17410	-560.118	-1128.39	0
17420	-560.104	-1130.3	0
17430	-560.305	-1132.46	0
17440	-560.732	-1134.86	0
17450	-561.381	-1137.47	0
17460	-562.233	-1140.2	0
17470	-563.254	-1142.91	0
17480	-564.403	-1145.47	0
17490	-565.627	-1147.71	0
17500	-566.87	-1149.46	0
17510	-568.073	-1150.56	0
17520	-569.181	-1150.9	0
17530	-570.142	-1150.38	0
17540	-570.911	-1148.94	0
17550	-571.452	-1146.6	0
17560	-571.737	-1143.38	0
17570	-571.75	-1139.39	0
17580	-571.482	-1134.73	0
17590	-570.937	-1129.57	0
17600	-570.121	-1124.04	0
17610	-569.052	-1118.33	0
17620	-567.749	-1112.57	0
17630	-566.239	-1106.89	0
17640	-564.549	-1101.39	0
17650	-562.712	-1096.16	0
17660	-560.764	-1091.24	0
17670	-558.742	-1086.64	0
17680	-556.688	-1082.38	0
17690	-554.645	-1078.41	0
17700	-552.661	-1074.74	0
17710	-550.784	-1071.33	0
17720	-549.063	-1068.19	0
17730	-547.548	-1065.31	0
17740	-546.287	-1062.75	0
17750	-545.325	-1060.55	0
17760	-544.699	-1058.8	0
17770	-544.44	-1057.6	0
17780	-544.565	-1057.06	0
17790	-545.08	-1057.26	0
17800	-545.975	-1058.29	0
17810	-547.222	-1060.19	0
17820	-548.779	-1062.98	0
17830	-550.585	-1066.59	0
17840	-552.566	-1070.94	0
17850	-554.635	-1075.85	0
17860	-556.698	-1081.1	0
17870	-558.659	-1086.44	0
17880	-560.422	-1091.58	0
17890	-561.9	-1096.22	0
17900	-563.021	-1100.07	0
17910	-563.728	-1102.89	0
17920	-563.988	-1104.46	0
17930	-563.793	-1104.67	0
17940	-563.162	-1103.46	0
17950	-562.137	-1100.89	0
17960	-560.788	-1097.1	0
17970	-559.199	-1092.31	0
17980	-557.472	-1086.83	0
17990	-555.715	-1081.01	0
18000	-554.038	-1075.24	0
