0	0	0	0
10	7.87007e-10	-0.000243519	0
20	1.63253e-09	-0.000476771	0
30	2.34434e-09	-0.000690219	0
40	2.86821e-09	-0.00087564	0
50	3.15648e-09	-0.00102665	0
60	3.183e-09	-0.00113912	0
70	2.94246e-09	-0.00121136	0
80	2.44866e-09	-0.0012442	0
90	1.73211e-09	-0.00124085	0
100	8.35675e-10	-0.00120657	0
110	-1.8628e-10	-0.00114827	0
120	-1.27246e-09	-0.00107391	0
130	-2.36173e-09	-0.000991901	0
140	-3.39667e-09	-0.000910497	0
150	-4.32617e-09	-0.000837172	0
160	-5.11146e-09	-0.000778124	0
170	-5.72504e-09	-0.00073787	0
180	-6.162e-09	-0.000718997	0
190	-6.54091e-09	-0.000722069	0
200	-7.26869e-09	-0.000745696	0
210	-8.72466e-09	-0.000786759	0
220	-1.11041e-08	-0.000840753	0
230	-1.44937e-08	-0.000902247	0
240	-1.88985e-08	-0.000965379	0
250	-2.42718e-08	-0.00102438	0
260	-3.05469e-08	-0.00107408	0
270	-3.76026e-08	-0.00111031	0
280	-4.52928e-08	-0.00113024	0
290	-5.34628e-08	-0.00113257	0
300	-6.19346e-08	-0.00111762	0
310	-7.06016e-08	-0.00108719	0
320	-7.93439e-08	-0.00104443	0
330	-8.8025e-08	-0.000993481	0
340	-9.65144e-08	-0.000939095	0
350	-1.04724e-07	-0.000886205	0
360	-1.12563e-07	-0.000839492	0
370	-1.19954e-07	-0.000802974	0
380	-1.26848e-07	-0.00077968	0
390	-1.33207e-07	-0.0007714	0
400	-1.39048e-07	-0.000778561	0
410	-1.44345e-07	-0.000800219	0
420	-1.49138e-07	-0.000834171	0
430	-1.53189e-07	-0.000877174	0
440	-1.56295e-07	-0.000925248	0
450	-1.58518e-07	-0.000974043	0
460	-1.59787e-07	-0.00101922	0
470	-1.59976e-07	-0.00105684	0
480	-1.59094e-07	-0.00108368	0
490	-1.57146e-07	-0.00109753	0
500	-1.54e-07	-0.00109733	0
510	-1.49434e-07	-0.00108328	0
520	-1.43652e-07	-0.00105674	0
530	-1.36817e-07	-0.00102015	0
540	-1.2901e-07	-0.000976741	0
550	-1.20328e-07	-0.000930262	0
560	-1.11111e-07	-0.000884611	0
570	-1.013e-07	-0.000843497	0
580	-9.15379e-08	-0.000810093	0
590	-8.2951e-08	-0.000786758	0
600	-7.70853e-08	-0.000774823	0
610	-7.26189e-08	-0.00077447	0
620	-7.03777e-08	-0.000784708	0
630	-7.20154e-08	-0.000803458	0
640	-8.00124e-08	-0.00082772	0
650	-9.67339e-08	-0.000853818	0
660	-1.23291e-07	-0.000877706	0
670	-1.62632e-07	-0.000895291	0
680	-2.2135e-07	-0.00090276	0
690	-3.04403e-07	-0.00089688	0
700	-4.13317e-07	-0.000875234	0
710	-5.63205e-07	-0.000836396	0
720	-7.56446e-07	-0.00078001	0
730	-9.98253e-07	-0.000706783	0
740	-1.2973e-06	-0.000618382	0
750	-1.68292e-06	-0.00051726	0
760	-2.14269e-06	-0.000406419	0
770	-2.71999e-06	-0.000289128	0
780	-3.40481e-06	-0.000168641	0
790	-4.22578e-06	-4.79151e-05	0
800	-5.20655e-06	7.05766e-05	0
810	-6.35993e-06	0.000184868	0
820	-7.70813e-06	0.000293529	0
830	-9.27541e-06	0.000395835	0
840	-1.10944e-05	0.000491873	0
850	-1.32024e-05	0.000582474	0
860	-1.5645e-05	0.000668886	0
870	-1.84541e-05	0.000752427	0
880	-2.16401e-05	0.000834186	0
890	-2.51894e-05	0.000914759	0
900	-2.90534e-05	0.000994037	0
910	-3.31524e-05	0.0010711	0
920	-3.73843e-05	0.00114419	0
930	-4.16308e-05	0.00121084	0
940	-4.5755e-05	0.00126804	0
950	-4.96011e-05	0.00131252	0
960	-5.30072e-05	0.00134106	0
970	-5.5824e-05	0.00135093	0
980	-5.78972e-05	0.00134042	0
990	-5.92217e-05	0.00130957	0
1000	-5.97939e-05	0.00125982	0
1010	-5.9599e-05	0.00119327	0
1020	-5.85761e-05	0.00111281	0
1030	-5.66133e-05	0.00102235	0
1040	-5.3586e-05	0.00092657	0
1050	-4.93648e-05	0.000830654	0
1060	-4.3803e-05	0.000739885	0
1070	-3.67686e-05	0.000659234	0
1080	-2.81895e-05	0.00059327	0
1090	-1.81191e-05	0.000545991	0
1100	-6.72077e-06	0.000520315	0
1110	5.75132e-06	0.00051763	0
1120	1.89595e-05	0.000537659	0
1130	3.24919e-05	0.00057847	0
1140	4.58766e-05	0.000636621	0
1150	5.86035e-05	0.000707432	0
1160	7.01489e-05	0.000785358	0
1170	8.00054e-05	0.000864429	0
1180	8.77109e-05	0.000938726	0
1190	9.28756e-05	0.00100284	0
1200	9.52094e-05	0.00105229	0
1210	9.45435e-05	0.00108385	0
1220	9.08475e-05	0.00109574	0
1230	8.42377e-05	0.00108777	0
1240	7.49781e-05	0.00106122	0
1250	6.34738e-05	0.00101873	0
1260	5.02547e-05	0.000963972	0
1270	3.59517e-05	0.000901286	0
1280	2.12663e-05	0.000835277	0
1290	6.93513e-06	0.000770393	0
1300	-6.3094e-06	0.000710529	0
1310	-1.77814e-05	0.000658714	0
1320	-2.68809e-05	0.000616868	0
1330	-3.3129e-05	0.000585686	0
1340	-3.61955e-05	0.000564624	0
1350	-3.59182e-05	0.000552003	0
1360	-3.23085e-05	0.000545216	0
1370	-2.55529e-05	0.000541006	0
1380	-1.59986e-05	0.000535802	0
1390	-4.13027e-06	0.000526062	0
1400	9.45913e-06	0.000508614	0
1410	2.41038e-05	0.000480947	0
1420	3.9107e-05	0.000441446	0
1430	5.37729e-05	0.000389529	0
1440	6.74407e-05	0.000325657	0
1450	7.95168e-05	0.000251231	0
1460	8.95012e-05	0.000168453	0
1470	9.70121e-05	8.01512e-05	0
1480	0.000101803	-1.04429e-05	0
1490	0.000103765	-9.9956e-05	0
1500	0.000102925	-0.000185145	0
1510	9.94257e-05	-0.000263153	0
1520	9.35136e-05	-0.000331735	0
1530	8.55095e-05	-0.000389415	0
1540	7.57829e-05	-0.000435575	0
1550	6.47234e-05	-0.000470458	0
1560	5.27145e-05	-0.000495097	0
1570	4.01108e-05	-0.000511178	0
1580	2.72217e-05	-0.000520841	0
1590	1.43016e-05	-0.000526465	0
1600	1.54481e-06	-0.000530433	0
1610	-1.09109e-05	-0.000534927	0
1620	-2.29741e-05	-0.000541757	0
1630	-3.45871e-05	-0.000552249	0
1640	-4.57085e-05	-0.000567188	0
1650	-5.62952e-05	-0.000586831	0
1660	-6.62865e-05	-0.000610966	0
1670	-7.55905e-05	-0.000639029	0
1680	-8.40749e-05	-0.000670236	0
1690	-9.15645e-05	-0.000703732	0
1700	-9.78446e-05	-0.000738718	0
1710	-0.00010267	-0.000774557	0
1720	-0.000105781	-0.00081083	0
1730	-0.000106924	-0.000847342	0
1740	-0.000105874	-0.00088408	0
1750	-0.000102457	-0.000921127	0
1760	-9.65723e-05	-0.000958538	0
1770	-8.82109e-05	-0.000996218	0
1780	-7.74703e-05	-0.00103379	0
1790	-6.45605e-05	-0.00107052	0
1800	-4.98034e-05	-0.00110524	0
1810	-3.36251e-05	-0.00113636	0
1820	-1.65386e-05	-0.00116199	0
1830	8.91154e-07	-0.00118002	0
1840	1.80581e-05	-0.00118834	0
1850	3.43427e-05	-0.00118508	0
1860	4.91456e-05	-0.00116879	0
1870	6.1939e-05	-0.00113872	0
1880	7.22891e-05	-0.00109498	0
1890	7.98757e-05	-0.00103863	0
1900	8.45085e-05	-0.000971703	0
1910	8.61347e-05	-0.000897153	0
1920	8.48403e-05	-0.000818653	0
1930	8.08401e-05	-0.000740354	0
1940	7.44604e-05	-0.000666556	0
1950	6.61132e-05	-0.000601321	0
1960	5.62696e-05	-0.000548061	0
1970	4.54294e-05	-0.000509174	0
1980	3.40922e-05	-0.000485784	0
1990	2.27275e-05	-0.00047758	0
2000	1.17477e-05	-0.000482782	0
2010	1.48608e-06	-0.00049824	0
2020	-7.81809e-06	-0.000519647	0
2030	-1.60275e-05	-0.000541881	0
2040	-2.31079e-05	-0.000559414	0
2050	-2.91214e-05	-0.00056679	0
2060	-3.42258e-05	-0.000559103	0
2070	-3.86319e-05	-0.000532459	0
2080	-4.25708e-05	-0.000484365	0
2090	-4.63282e-05	-0.000414126	0
2100	-4.98816e-05	-0.000322972	0
2110	-5.31876e-05	-0.000213516	0
2120	-5.63209e-05	-8.99101e-05	0
2130	-5.94784e-05	4.22491e-05	0
2140	-6.28758e-05	0.000176079	0
2150	-6.65526e-05	0.000304098	0
2160	-7.05928e-05	0.00041898	0
2170	-7.49278e-05	0.000514135	0
2180	-7.93269e-05	0.000584433	0
2190	-8.35511e-05	0.000626946	0
2200	-8.73308e-05	0.000640059	0
2210	-9.04015e-05	0.000624192	0
2220	-9.24081e-05	0.000581581	0
2230	-9.29816e-05	0.000516341	0
2240	-9.17793e-05	0.000434168	0
2250	-8.85088e-05	0.000341813	0
2260	-8.29798e-05	0.000246624	0
2270	-7.5082e-05	0.000155921	0
2280	-6.48116e-05	7.70685e-05	0
2290	-5.22797e-05	1.69492e-05	0
2300	-3.77796e-05	-1.90579e-05	0
2310	-2.1755e-05	-2.76091e-05	0
2320	-4.74877e-06	-7.58354e-06	0
2330	1.26296e-05	3.9858e-05	0
2340	2.97387e-05	0.000111413	0
2350	4.59441e-05	0.000201958	0
2360	6.06567e-05	0.000305024	0
2370	7.33654e-05	0.000413375	0
2380	8.36634e-05	0.000519655	0
2390	9.12675e-05	0.000617021	0
2400	9.60323e-05	0.000699729	0
2410	9.79522e-05	0.000763608	0
2420	9.71552e-05	0.000806374	0
2430	9.38878e-05	0.000827779	0
2440	8.8494e-05	0.000829554	0
2450	8.13885e-05	0.000815176	0
2460	7.30288e-05	0.000789471	0
2470	6.38852e-05	0.000758094	0
2480	5.44142e-05	0.000726939	0
2490	4.50336e-05	0.000701528	0
2500	3.61038e-05	0.000686444	0
2510	2.79141e-05	0.000684861	0
2520	2.06774e-05	0.000698206	0
2530	1.45276e-05	0.000725998	0
2540	9.52621e-06	0.000765878	0
2550	5.67229e-06	0.000813819	0
2560	2.91362e-06	0.000864505	0
2570	1.16267e-06	0.000911852	0
2580	3.10824e-07	0.000949599	0
2590	2.4147e-07	0.000971942	0
2600	8.4105e-07	0.000974135	0
2610	2.00955e-06	0.000952999	0
2620	3.65998e-06	0.000907298	0
2630	5.71367e-06	0.00083795	0
2640	8.10765e-06	0.000748027	0
2650	1.0787e-05	0.000642566	0
2660	1.36986e-05	0.000528191	0
2670	1.67848e-05	0.000412585	0
2680	1.99776e-05	0.000303857	0
2690	2.31918e-05	0.000209847	0
2700	2.63224e-05	0.000137451	0
2710	2.92452e-05	9.20031e-05	0
2720	3.18196e-05	7.6778e-05	0
2730	3.3896e-05	9.26659e-05	0
2740	3.53252e-05	0.000138037	0
2750	3.59698e-05	0.000208822	0
2760	3.57163e-05	0.000298787	0
2770	3.44873e-05	0.000400011	0
2780	3.22515e-05	0.000503488	0
2790	2.90316e-05	0.000599836	0
2800	2.49069e-05	0.000680043	0
2810	2.00124e-05	0.000736185	0
2820	1.45325e-05	0.000762053	0
2830	8.69467e-06	0.000753636	0
2840	2.75082e-06	0.000709435	0
2850	-3.04216e-06	0.00063057	0
2860	-8.4327e-06	0.000520676	0
2870	-1.32007e-05	0.000385612	0
2880	-1.71776e-05	0.000232988	0
2890	-2.0262e-05	7.15669e-05	0
2900	-2.24262e-05	-8.9425e-05	0
2910	-2.37224e-05	-0.000241004	0
2920	-2.42803e-05	-0.0003751	0
2930	-2.42994e-05	-0.000485138	0
2940	-2.40353e-05	-0.000566489	0
2950	-2.37794e-05	-0.000616767	0
2960	-2.38358e-05	-0.000635931	0
2970	-2.44951e-05	-0.000626214	0
2980	-2.60076e-05	-0.00059186	0
2990	-2.85594e-05	-0.000538728	0
3000	-3.22513e-05	-0.000473769	0
3010	-3.70847e-05	-0.000404445	0
3020	-4.29522e-05	-0.000338132	0
3030	-4.96366e-05	-0.000281538	0
3040	-5.68189e-05	-0.000240211	0
3050	-6.40914e-05	-0.000218145	0
3060	-7.09826e-05	-0.000217515	0
3070	-7.69967e-05	-0.000238588	0
3080	-8.16206e-05	-0.000279781	0
3090	-8.43567e-05	-0.000337871	0
3100	-8.47833e-05	-0.000408318	0
3110	-8.25815e-05	-0.000485687	0
3120	-7.75611e-05	-0.000564105	0
3130	-6.96813e-05	-0.000637719	0
3140	-5.90627e-05	-0.000701133	0
3150	-4.59881e-05	-0.000749815	0
3160	-3.08949e-05	-0.000780422	0
3170	-1.43553e-05	-0.000791017	0
3180	2.95153e-06	-0.000781168	0
3190	2.02763e-05	-0.000751916	0
3200	3.68429e-05	-0.000705625	0
3210	5.18927e-05	-0.000645741	0
3220	6.4731e-05	-0.000576476	0
3230	7.47711e-05	-0.000502451	0
3240	8.15704e-05	-0.000428324	0
3250	8.4858e-05	-0.000358448	0
3260	8.45521e-05	-0.000296582	0
3270	8.07647e-05	-0.000245662	0
3280	7.37951e-05	-0.000207665	0
3290	6.41118e-05	-0.000183552	0
3300	5.23238e-05	-0.000173293	0
3310	3.91453e-05	-0.000175965	0
3320	2.53522e-05	-0.000189913	0
3330	1.17235e-05	-0.000212937	0
3340	-9.95117e-07	-0.000242516	0
3350	-1.21347e-05	-0.000276011	0
3360	-2.11429e-05	-0.000310858	0
3370	-2.76149e-05	-0.000344725	0
3380	-3.13138e-05	-0.000375621	0
3390	-3.21822e-05	-0.000401969	0
3400	-3.03404e-05	-0.000422627	0
3410	-2.60742e-05	-0.000436878	0
3420	-1.98132e-05	-0.000444383	0
3430	-1.21006e-05	-0.000445116	0
3440	-3.5492e-06	-0.000439288	0
3450	5.19549e-06	-0.000427268	0
3460	1.34947e-05	-0.000409518	0
3470	2.07638e-05	-0.000386537	0
3480	2.65066e-05	-0.000358827	0
3490	3.03274e-05	-0.000326881	0
3500	3.19623e-05	-0.00029119	0
3510	3.12963e-05	-0.000252256	0
3520	2.83617e-05	-0.000210623	0
3530	2.33293e-05	-0.000166896	0
3540	1.64909e-05	-0.00012176	0
3550	8.245e-06	-7.59922e-05	0
3560	-9.38609e-07	-3.04514e-05	0
3570	-1.05519e-05	1.39381e-05	0
3580	-2.00791e-05	5.62217e-05	0
3590	-2.90302e-05	9.5457e-05	0
3600	-3.69667e-05	0.000130762	0
3610	-4.35258e-05	0.000161362	0
3620	-4.84428e-05	0.000186633	0
3630	-5.15419e-05	0.000206129	0
3640	-5.27481e-05	0.000219599	0
3650	-5.2087e-05	0.000226993	0
3660	-4.96708e-05	0.000228438	0
3670	-4.56822e-05	0.000224221	0
3680	-4.03568e-05	0.000214747	0
3690	-3.39619e-05	0.000200501	0
3700	-2.67804e-05	0.000182012	0
3710	-1.90913e-05	0.000159824	0
3720	-1.1155e-05	0.000134473	0
3730	-3.19815e-06	0.000106486	0
3740	4.59224e-06	7.63924e-05	0
3750	1.20715e-05	4.47426e-05	0
3760	1.91355e-05	1.21458e-05	0
3770	2.57157e-05	-2.06952e-05	0
3780	3.17724e-05	-5.29487e-05	0
3790	3.7286e-05	-8.36294e-05	0
3800	4.22483e-05	-0.000111589	0
3810	4.66538e-05	-0.000135529	0
3820	5.04929e-05	-0.000154033	0
3830	5.3748e-05	-0.000165632	0
3840	5.63918e-05	-0.000168877	0
3850	5.83895e-05	-0.000162442	0
3860	5.97024e-05	-0.000145226	0
3870	6.02931e-05	-0.000116458	0
3880	6.01334e-05	-7.57929e-05	0
3890	5.9211e-05	-2.3381e-05	0
3900	5.75357e-05	4.0086e-05	0
3910	5.51446e-05	0.000113367	0
3920	5.21042e-05	0.000194701	0
3930	4.85097e-05	0.00028187	0
3940	4.44817e-05	0.000372299	0
3950	4.0162e-05	0.000463183	0
3960	3.57018e-05	0.000551626	0
3970	3.12521e-05	0.000634795	0
3980	2.69513e-05	0.000710061	0
3990	2.29159e-05	0.000775132	0
4000	1.92317e-05	0.000828154	0
4010	1.59456e-05	0.000867786	0
4020	1.30618e-05	0.000893228	0
4030	1.05397e-05	0.00090422	0
4040	8.29477e-06	0.000900996	0
4050	6.2011e-06	0.000884219	0
4060	4.1058e-06	0.000854886	0
4070	1.8475e-06	0.000814229	0
4080	-7.31707e-07	0.000763612	0
4090	-3.77372e-06	0.000704449	0
4100	-7.38727e-06	0.000638131	0
4110	-1.16347e-05	0.000565989	0
4120	-1.65221e-05	0.00048928	0
4130	-2.1993e-05	0.000409202	0
4140	-2.79268e-05	0.000326932	0
4150	-3.41419e-05	0.000243674	0
4160	-4.04043e-05	0.000160719	0
4170	-4.64388e-05	7.94878e-05	0
4180	-5.19437e-05	1.56597e-06	0
4190	-5.6613e-05	-7.12955e-05	0
4200	-6.01563e-05	-0.000137203	0
4210	-6.23168e-05	-0.000194187	0
4220	-6.28938e-05	-0.000240298	0
4230	-6.17557e-05	-0.000273741	0
4240	-5.88491e-05	-0.000293028	0
4250	-5.42063e-05	-0.000297135	0
4260	-4.79478e-05	-0.000285653	0
4270	-4.02774e-05	-0.000258905	0
4280	-3.14714e-05	-0.000218031	0
4290	-2.18634e-05	-0.000165004	0
4300	-1.18243e-05	-0.000102589	0
4310	-1.74185e-06	-3.42279e-05	0
4320	8.00404e-06	3.6138e-05	0
4330	1.70609e-05	0.000104299	0
4340	2.51221e-05	0.00016605	0
4350	3.19441e-05	0.000217485	0
4360	3.73574e-05	0.000255279	0
4370	4.12711e-05	0.000276954	0
4380	4.36724e-05	0.000281076	0
4390	4.46196e-05	0.000267399	0
4400	4.42299e-05	0.000236902	0
4410	4.26669e-05	0.000191747	0
4420	4.01236e-05	0.000135127	0
4430	3.68056e-05	7.10356e-05	0
4440	3.29133e-05	3.96049e-06	0
4450	2.86264e-05	-6.1461e-05	0
4460	2.4096e-05	-0.000120815	0
4470	1.94219e-05	-0.000170272	0
4480	1.46561e-05	-0.000206904	0
4490	9.80569e-06	-0.00022893	0
4500	4.83633e-06	-0.000235871	0
4510	-3.17385e-07	-0.00022859	0
4520	-5.73941e-06	-0.00020922	0
4530	-1.15178e-05	-0.000180977	0
4540	-1.77291e-05	-0.000147876	0
4550	-2.44235e-05	-0.000114367	0
4560	-3.16094e-05	-8.4929e-05	0
4570	-3.92443e-05	-6.36523e-05	0
4580	-4.723e-05	-5.384e-05	0
4590	-5.54115e-05	-5.76745e-05	0
4600	-6.35825e-05	-7.59782e-05	0
4610	-7.14931e-05	-0.000108091	0
4620	-7.88612e-05	-0.00015188	0
4630	-8.53934e-05	-0.000203882	0
4640	-9.08079e-05	-0.000259568	0
4650	-9.48828e-05	-0.000313719	0
4660	-9.7353e-05	-0.000360864	0
4670	-9.79691e-05	-0.000395758	0
4680	-9.65634e-05	-0.000413863	0
4690	-9.30486e-05	-0.000411765	0
4700	-8.74288e-05	-0.000387522	0
4710	-7.97511e-05	-0.000340884	0
4720	-7.0144e-05	-0.000273382	0
4730	-5.88084e-05	-0.000188266	0
4740	-4.60075e-05	-9.02991e-05	0
4750	-3.20562e-05	1.45918e-05	0
4760	-1.73051e-05	0.000119765	0
4770	-2.1291e-06	0.000218377	0
4780	1.30852e-05	0.00030391	0
4790	2.79518e-05	0.000370695	0
4800	4.20977e-05	0.000414365	0
4810	5.51741e-05	0.00043221	0
4820	6.6867e-05	0.000423407	0
4830	7.69035e-05	0.000389084	0
4840	8.50499e-05	0.000332246	0
4850	9.11236e-05	0.000257536	0
4860	9.49932e-05	0.000170882	0
4870	9.65782e-05	7.90338e-05	0
4880	9.58475e-05	-1.09671e-05	0
4890	9.28197e-05	-9.23369e-05	0
4900	8.75608e-05	-0.000159084	0
4910	8.01808e-05	-0.000206478	0
4920	7.08302e-05	-0.000231409	0
4930	5.96993e-05	-0.000232627	0
4940	4.70154e-05	-0.000210819	0
4950	3.30407e-05	-0.00016854	0
4960	1.8072e-05	-0.000109994	0
4970	2.43914e-06	-4.06899e-05	0
4980	-1.34983e-05	3.30037e-05	0
4990	-2.93573e-05	0.000104364	0
5000	-4.47266e-05	0.000166843	0
5010	-5.91621e-05	0.000214566	0
5020	-7.22472e-05	0.000242777	0
5030	-8.35584e-05	0.000248186	0
5040	-9.26788e-05	0.000229204	0
5050	-9.92291e-05	0.000186039	0
5060	-0.000102911	0.000120651	0
5070	-0.00010348	3.65832e-05	0
5080	-0.000100775	-6.13134e-05	0
5090	-9.47354e-05	-0.000167251	0
5100	-8.54096e-05	-0.000274931	0
5110	-7.29706e-05	-0.000378003	0
5120	-5.77189e-05	-0.000470511	0
5130	-4.00775e-05	-0.000547305	0
5140	-2.05843e-05	-0.000604369	0
5150	1.30042e-07	-0.00063906	0
5160	2.13665e-05	-0.000650233	0
5170	4.23861e-05	-0.000638244	0
5180	6.24431e-05	-0.000604852	0
5190	8.0817e-05	-0.000553008	0
5200	9.68452e-05	-0.000486582	0
5210	0.000109962	-0.000410027	0
5220	0.000119719	-0.000328025	0
5230	0.000125804	-0.000245139	0
5240	0.000128044	-0.000165499	0
5250	0.000126429	-9.25403e-05	0
5260	0.000121122	-2.8822e-05	0
5270	0.000112415	2.40765e-05	0
5280	0.000100734	6.5565e-05	0
5290	8.66097e-05	9.5968e-05	0
5300	7.06404e-05	0.000116377	0
5310	5.34645e-05	0.000128446	0
5320	3.57318e-05	0.000134152	0
5330	1.80859e-05	0.00013555	0
5340	1.128e-06	0.000134535	0
5350	-1.46002e-05	0.000132647	0
5360	-2.86194e-05	0.000130931	0
5370	-4.05545e-05	0.000129856	0
5380	-5.01275e-05	0.000129306	0
5390	-5.71504e-05	0.000128634	0
5400	-6.15348e-05	0.000126781	0
5410	-6.32791e-05	0.000122432	0
5420	-6.24574e-05	0.00011421	0
5430	-5.92133e-05	0.000100862	0
5440	-5.37499e-05	8.14462e-05	0
5450	-4.6321e-05	5.54772e-05	0
5460	-3.72168e-05	2.30328e-05	0
5470	-2.67582e-05	-1.51998e-05	0
5480	-1.52951e-05	-5.79354e-05	0
5490	-3.19765e-06	-0.000103362	0
5500	9.14809e-06	-0.000149261	0
5510	2.13465e-05	-0.00019317	0
5520	3.29984e-05	-0.000232569	0
5530	4.37068e-05	-0.000265071	0
5540	5.30859e-05	-0.0002886	0
5550	6.07707e-05	-0.000301545	0
5560	6.64286e-05	-0.000302875	0
5570	6.97703e-05	-0.000292224	0
5580	7.05665e-05	-0.000269908	0
5590	6.86593e-05	-0.000236911	0
5600	6.39749e-05	-0.000194802	0
5610	5.65369e-05	-0.000145632	0
5620	4.64723e-05	-9.17816e-05	0
5630	3.40087e-05	-3.58045e-05	0
5640	1.94778e-05	1.97393e-05	0
5650	3.30614e-06	7.24372e-05	0
5660	-1.39976e-05	0.000120155	0
5670	-3.18589e-05	0.000161137	0
5680	-4.96564e-05	0.000194079	0
5690	-6.67463e-05	0.000218158	0
5700	-8.24856e-05	0.000233022	0
5710	-9.62623e-05	0.000238765	0
5720	-0.00010752	0.00023585	0
5730	-0.000115783	0.000225034	0
5740	-0.000120676	0.000207269	0
5750	-0.000121949	0.000183614	0
5760	-0.000119483	0.000155162	0
5770	-0.000113297	0.000122984	0
5780	-0.000103546	8.80972e-05	0
5790	-9.05133e-05	5.14591e-05	0
5800	-7.45993e-05	1.39844e-05	0
5810	-5.62976e-05	-2.3423e-05	0
5820	-3.61749e-05	-5.98253e-05	0
5830	-1.4845e-05	-9.42052e-05	0
5840	7.05781e-06	-0.000125428	0
5850	2.89037e-05	-0.000152223	0
5860	5.0091e-05	-0.000173181	0
5870	7.00664e-05	-0.000186782	0
5880	8.83393e-05	-0.000191472	0
5890	0.000104494	-0.00018576	0
5900	0.000118199	-0.00016834	0
5910	0.000129203	-0.000138229	0
5920	0.000137344	-9.48996e-05	0
5930	0.000142535	-3.8397e-05	0
5940	0.000144764	3.05764e-05	0
5950	0.000144081	0.000110613	0
5960	0.000140588	0.000199597	0
5970	0.000134427	0.000294757	0
5980	0.000125773	0.000392757	0
5990	0.000114828	0.000489843	0
6000	0.000101817	0.000582021	0
6010	8.69827e-05	0.000665264	0
6020	7.05898e-05	0.000735724	0
6030	5.29197e-05	0.000789951	0
6040	3.42757e-05	0.000825088	0
6050	1.49847e-05	0.000839038	0
6060	-4.60217e-06	0.000830583	0
6070	-2.41111e-05	0.000799464	0
6080	-4.31491e-05	0.000746395	0
6090	-6.13102e-05	0.000673026	0
6100	-7.81847e-05	0.000581859	0
6110	-9.33763e-05	0.000476109	0
6120	-0.00010652	0.000359541	0
6130	-0.000117263	0.000236275	0
6140	-0.000125306	0.000110584	0
6150	-0.000130421	-1.33078e-05	0
6160	-0.000132464	-0.00013141	0
6170	-0.000131381	-0.000240131	0
6180	-0.000127218	-0.000336412	0
6190	-0.000120117	-0.000417818	0
6200	-0.000110319	-0.000482605	0
6210	-9.81505e-05	-0.000529732	0
6220	-8.4015e-05	-0.000558855	0
6230	-6.83753e-05	-0.000570277	0
6240	-5.17314e-05	-0.000564885	0
6250	-3.45979e-05	-0.000544069	0
6260	-1.74811e-05	-0.000509626	0
6270	-8.61236e-07	-0.000463662	0
6280	1.4827e-05	-0.000408489	0
6290	2.92101e-05	-0.000346529	0
6300	4.19887e-05	-0.000280215	0
6310	5.29429e-05	-0.000211908	0
6320	6.19352e-05	-0.000143814	0
6330	6.89065e-05	-7.79167e-05	0
6340	7.38685e-05	-1.59165e-05	0
6350	7.68938e-05	4.08162e-05	0
6360	7.81016e-05	9.12806e-05	0
6370	7.76431e-05	0.000134869	0
6380	7.56896e-05	0.00017138	0
6390	7.24216e-05	0.000201004	0
6400	6.80182e-05	0.00022431	0
6410	6.26475e-05	0.000242192	0
6420	5.64607e-05	0.000255813	0
6430	4.95904e-05	0.000266521	0
6440	4.21514e-05	0.000275749	0
6450	3.42437e-05	0.000284911	0
6460	2.59574e-05	0.000295281	0
6470	1.73797e-05	0.000307888	0
6480	8.60243e-06	0.000323409	0
6490	-2.71329e-07	0.000342082	0
6500	-9.12035e-06	0.000363651	0
6510	-1.78023e-05	0.000387338	0
6520	-2.61529e-05	0.000411851	0
6530	-3.39867e-05	0.000435441	0
6540	-4.11028e-05	0.000455993	0
6550	-4.7293e-05	0.000471155	0
6560	-5.23647e-05	0.000478497	0
6570	-5.61404e-05	0.000475693	0
6580	-5.8437e-05	0.000460704	0
6590	-5.91131e-05	0.000431965	0
6600	-5.80979e-05	0.000388543	0
6610	-5.53822e-05	0.000330264	0
6620	-5.10178e-05	0.000257793	0
6630	-4.51254e-05	0.000172657	0
6640	-3.78926e-05	7.72104e-05	0
6650	-2.95692e-05	-2.54647e-05	0
6660	-2.04586e-05	-0.000131712	0
6670	-1.09071e-05	-0.000237501	0
6680	-1.2864e-06	-0.000338653	0
6690	8.02073e-06	-0.000431103	0
6700	1.66299e-05	-0.000511151	0
6710	2.42018e-05	-0.0005757	0
6720	3.04322e-05	-0.000622454	0
6730	3.50844e-05	-0.000650061	0
6740	3.79816e-05	-0.000658191	0
6750	3.90185e-05	-0.000647535	0
6760	3.81762e-05	-0.000619739	0
6770	3.55228e-05	-0.000577258	0
6780	3.12067e-05	-0.000523166	0
6790	2.54504e-05	-0.000460914	0
6800	1.85414e-05	-0.000394079	0
6810	1.08203e-05	-0.000326108	0
6820	2.66913e-06	-0.000260094	0
6830	-5.51731e-06	-0.000198581	0
6840	-1.33365e-05	-0.000143439	0
6850	-2.04064e-05	-9.57877e-05	0
6860	-2.63804e-05	-5.59973e-05	0
6870	-3.09585e-05	-2.37573e-05	0
6880	-3.38995e-05	1.79447e-06	0
6890	-3.50365e-05	2.18981e-05	0
6900	-3.42827e-05	3.79705e-05	0
6910	-3.16363e-05	5.13964e-05	0
6920	-2.71882e-05	6.33333e-05	0
6930	-2.10978e-05	7.45486e-05	0
6940	-1.35834e-05	8.53065e-05	0
6950	-4.95595e-06	9.53168e-05	0
6960	4.41488e-06	0.000103753	0
6970	1.41264e-05	0.00010934	0
6980	2.37521e-05	0.000110497	0
6990	3.28505e-05	0.00010554	0
7000	4.09844e-05	9.28978e-05	0
7010	4.77492e-05	7.13468e-05	0
7020	5.27855e-05	4.02196e-05	0
7030	5.57927e-05	-4.19953e-07	0
7040	5.65363e-05	-4.966e-05	0
7050	5.48608e-05	-0.000105696	0
7060	5.06938e-05	-0.00016587	0
7070	4.4083e-05	-0.000226791	0
7080	3.51655e-05	-0.000284533	0
7090	2.41699e-05	-0.000334908	0
7100	1.14246e-05	-0.00037377	0
7110	-2.65235e-06	-0.000397349	0
7120	-1.75648e-05	-0.000402579	0
7130	-3.27557e-05	-0.000387378	0
7140	-4.76257e-05	-0.000350883	0
7150	-6.15575e-05	-0.000293588	0
7160	-7.39444e-05	-0.000217393	0
7170	-8.42165e-05	-0.000125541	0
7180	-9.18674e-05	-2.24597e-05	0
7190	-9.6486e-05	8.64978e-05	0
7200	-9.77778e-05	0.000195381	0
7210	-9.55757e-05	0.000298026	0
7220	-8.98618e-05	0.000388461	0
7230	-8.07739e-05	0.000461308	0
7240	-6.8615e-05	0.000512139	0
7250	-5.38013e-05	0.000537774	0
7260	-3.68872e-05	0.000536491	0
7270	-1.84945e-05	0.000508133	0
7280	6.88179e-07	0.000454113	0
7290	1.99349e-05	0.0003773	0
7300	3.8523e-05	0.000281818	0
7310	5.57738e-05	0.000172752	0
7320	7.10746e-05	5.58029e-05	0
7330	8.39113e-05	-6.30938e-05	0
7340	9.38896e-05	-0.000178146	0
7350	0.000100757	-0.000284062	0
7360	0.000104408	-0.000376359	0
7370	0.000104881	-0.000451591	0
7380	0.000102349	-0.000507501	0
7390	9.71065e-05	-0.000543073	0
7400	8.95448e-05	-0.000558493	0
7410	8.00976e-05	-0.000555032	0
7420	6.92629e-05	-0.000534856	0
7430	5.76051e-05	-0.000500784	0
7440	4.56141e-05	-0.000456036	0
7450	3.37198e-05	-0.00040397	0
7460	2.22638e-05	-0.00034783	0
7470	1.15145e-05	-0.000290523	0
7480	1.66066e-06	-0.000234438	0
7490	-7.20666e-06	-0.000181341	0
7500	-1.51072e-05	-0.00013232	0
7510	-2.21201e-05	-8.78202e-05	0
7520	-2.83779e-05	-4.77167e-05	0
7530	-3.40298e-05	-1.14453e-05	0
7540	-3.9252e-05	2.18476e-05	0
7550	-4.42093e-05	5.31409e-05	0
7560	-4.90322e-05	8.33796e-05	0
7570	-5.37991e-05	0.000113335	0
7580	-5.85237e-05	0.000143498	0
7590	-6.31494e-05	0.000174014	0
7600	-6.75487e-05	0.000204662	0
7610	-7.15339e-05	0.000234875	0
7620	-7.48687e-05	0.000263803	0
7630	-7.72855e-05	0.000290397	0
7640	-7.85064e-05	0.000313515	0
7650	-7.8265e-05	0.000332023	0
7660	-7.63283e-05	0.000344904	0
7670	-7.25175e-05	0.000351346	0
7680	-6.67274e-05	0.000350815	0
7690	-5.89389e-05	0.000343101	0
7700	-4.92276e-05	0.000328327	0
7710	-3.77661e-05	0.000306938	0
7720	-2.48193e-05	0.000279664	0
7730	-1.07356e-05	0.000247462	0
7740	4.06585e-06	0.000211448	0
7750	1.91156e-05	0.000172824	0
7760	3.39142e-05	0.000132814	0
7770	4.79586e-05	9.26075e-05	0
7780	6.0764e-05	5.33117e-05	0
7790	7.18877e-05	1.59266e-05	0
7800	8.09473e-05	-1.867e-05	0
7810	8.76327e-05	-4.97229e-05	0
7820	9.16931e-05	-7.65933e-05	0
7830	9.29879e-05	-9.87485e-05	0
7840	9.15159e-05	-0.000115753	0
7850	8.73842e-05	-0.000127265	0
7860	8.07836e-05	-0.00013304	0
7870	7.19811e-05	-0.000132949	0
7880	6.13126e-05	-0.00012699	0
7890	4.91717e-05	-0.000115319	0
7900	3.59941e-05	-9.82737e-05	0
7910	2.22419e-05	-7.63929e-05	0
7920	8.38605e-06	-5.04326e-05	0
7930	-5.11035e-06	-2.13608e-05	0
7940	-1.781e-05	9.66286e-06	0
7950	-2.9308e-05	4.13307e-05	0
7960	-3.9239e-05	7.22514e-05	0
7970	-4.72903e-05	0.000101035	0
7980	-5.32106e-05	0.000126387	0
7990	-5.68173e-05	0.000147219	0
8000	-5.80024e-05	0.000162739	0
8010	-5.67365e-05	0.000172547	0
8020	-5.30673e-05	0.000176692	0
8030	-4.71207e-05	0.000175704	0
8040	-3.90998e-05	0.000170592	0
8050	-2.92795e-05	0.000162782	0
8060	-1.80011e-05	0.000154018	0
8070	-5.66472e-06	0.000146229	0
8080	7.28223e-06	0.000141357	0
8090	2.03663e-05	0.000141181	0
8100	3.30976e-05	0.000147137	0
8110	4.49877e-05	0.000160149	0
8120	5.55737e-05	0.000180505	0
8130	6.44297e-05	0.000207763	0
8140	7.11831e-05	0.000240726	0
8150	7.55321e-05	0.000277465	0
8160	7.72657e-05	0.000315421	0
8170	7.62535e-05	0.000351551	0
8180	7.24741e-05	0.000382529	0
8190	6.60161e-05	0.00040498	0
8200	5.7061e-05	0.000415729	0
8210	4.58841e-05	0.000412044	0
8220	3.28388e-05	0.000391859	0
8230	1.8339e-05	0.000353949	0
8240	2.8407e-06	0.000298054	0
8250	-1.31806e-05	0.000224934	0
8260	-2.92528e-05	0.000136346	0
8270	-4.49309e-05	3.49546e-05	0
8280	-5.98348e-05	-7.58265e-05	0
8290	-7.36482e-05	-0.000192037	0
8300	-8.60927e-05	-0.000309409	0
8310	-9.69657e-05	-0.000423627	0
8320	-0.000106149	-0.000530572	0
8330	-0.000113604	-0.00062655	0
8340	-0.00011935	-0.000708479	0
8350	-0.000123449	-0.000774018	0
8360	-0.000125983	-0.000821642	0
8370	-0.000127037	-0.000850648	0
8380	-0.000126682	-0.000861097	0
8390	-0.000124959	-0.000853714	0
8400	-0.000121872	-0.000829738	0
8410	-0.000117377	-0.000790762	0
8420	-0.000111381	-0.00073856	0
8430	-0.000103748	-0.000674933	0
8440	-9.43119e-05	-0.000601577	0
8450	-8.28941e-05	-0.000519999	0
8460	-6.93296e-05	-0.000431474	0
8470	-5.34927e-05	-0.000337053	0
8480	-3.5322e-05	-0.000237618	0
8490	-1.4843e-05	-0.000133968	0
8500	7.80435e-06	-2.69291e-05	0
8510	3.23494e-05	8.2523e-05	0
8520	5.83795e-05	0.000193159	0
8530	8.53478e-05	0.000303408	0
8540	0.000112575	0.000411318	0
8550	0.000139268	0.00051455	0
8560	0.000164547	0.000610439	0
8570	0.000187483	0.000696091	0
8580	0.000207142	0.000768538	0
8590	0.000222623	0.000824926	0
8600	0.000233114	0.00086271	0
8610	0.000237938	0.000879863	0
8620	0.000236566	0.000875058	0
8630	0.000228671	0.000847812	0
8640	0.000214156	0.000798586	0
8650	0.000193177	0.000728815	0
8660	0.00016613	0.000640876	0
8670	0.000133661	0.000537974	0
8680	9.66486e-05	0.000423964	0
8690	5.61296e-05	0.000303128	0
8700	1.32753e-05	0.000179918	0
8710	-3.06304e-05	5.86781e-05	0
8720	-7.42369e-05	-5.66153e-05	0
8730	-0.000116203	-0.000162585	0
8740	-0.000155227	-0.000256629	0
8750	-0.000190112	-0.000337024	0
8760	-0.00021979	-0.000402955	0
8770	-0.000243382	-0.00045447	0
8780	-0.000260239	-0.000492366	0
8790	-0.000269885	-0.000518018	0
8800	-0.000272069	-0.000533166	0
8810	-0.000266775	-0.000539683	0
8820	-0.00025424	-0.000539348	0
8830	-0.000234936	-0.000533633	0
8840	-0.000209553	-0.000523544	0
8850	-0.000178966	-0.000509531	0
8860	-0.000144207	-0.000491466	0
8870	-0.000106428	-0.000468697	0
8880	-6.68657e-05	-0.000440164	0
8890	-2.67942e-05	-0.000404579	0
8900	1.25167e-05	-0.000360637	0
8910	4.98483e-05	-0.000307244	0
8920	8.40719e-05	-0.000243735	0
8930	0.000114188	-0.000170074	0
8940	0.000139363	-8.69975e-05	0
8950	0.000158934	3.90828e-06	0
8960	0.000172443	0.000100218	0
8970	0.000179653	0.000198757	0
8980	0.000180546	0.000295773	0
8990	0.000175325	0.000387183	0
9000	0.000164388	0.000468869	0
9010	0.000148342	0.000536988	0
9020	0.000127978	0.000588292	0
9030	0.000104208	0.000620404	0
9040	7.8038e-05	0.000632033	0
9050	5.05347e-05	0.000623103	0
9060	2.2774e-05	0.00059479	0
9070	-4.19927e-06	0.00054946	0
9080	-2.9411e-05	0.000490508	0
9090	-5.19996e-05	0.000422121	0
9100	-7.12551e-05	0.000348972	0
9110	-8.6647e-05	0.000275859	0
9120	-9.78412e-05	0.000207322	0
9130	-0.000104699	0.000147278	0
9140	-0.000107283	9.8723e-05	0
9150	-0.000105843	6.35082e-05	0
9160	-0.000100771	4.22197e-05	0
9170	-9.25834e-05	3.41643e-05	0
9180	-8.18771e-05	3.74762e-05	0
9190	-6.92992e-05	4.93486e-05	0
9200	-5.55064e-05	6.63394e-05	0
9210	-4.1133e-05	8.47014e-05	0
9220	-2.67632e-05	0.000100729	0
9230	-1.29031e-05	0.00011109	0
9240	3.35249e-08	0.000113128	0
9250	1.17302e-05	0.000105102	0
9260	2.19671e-05	8.6335e-05	0
9270	3.06122e-05	5.7229e-05	0
9280	3.76156e-05	1.91856e-05	0
9290	4.29958e-05	-2.55767e-05	0
9300	4.68223e-05	-7.42812e-05	0
9310	4.91996e-05	-0.000123902	0
9320	5.02584e-05	-0.000171488	0
9330	5.01662e-05	-0.00021447	0
9340	4.90575e-05	-0.000250922	0
9350	4.70299e-05	-0.000279757	0
9360	4.41905e-05	-0.000300836	0
9370	4.06471e-05	-0.000314975	0
9380	3.65037e-05	-0.000323846	0
9390	3.18616e-05	-0.000329788	0
9400	2.6822e-05	-0.000335536	0
9410	2.14908e-05	-0.000343899	0
9420	1.59848e-05	-0.000357414	0
9430	1.04374e-05	-0.000378012	0
9440	5.00192e-06	-0.000406726	0
9450	-1.45335e-07	-0.000443478	0
9460	-4.8256e-06	-0.000486957	0
9470	-8.85164e-06	-0.000534621	0
9480	-1.20321e-05	-0.000582812	0
9490	-1.41873e-05	-0.000626992	0
9500	-1.51651e-05	-0.000662073	0
9510	-1.48535e-05	-0.000682826	0
9520	-1.31924e-05	-0.000684325	0
9530	-1.01856e-05	-0.000662403	0
9540	-5.9076e-06	-0.000614068	0
9550	-5.07619e-07	-0.000537851	0
9560	5.79011e-06	-0.000434051	0
9570	1.26924e-05	-0.000304849	0
9580	1.98491e-05	-0.000154289	0
9590	2.68712e-05	1.18909e-05	0
9600	3.33474e-05	0.000186561	0
9610	3.88587e-05	0.000361618	0
9620	4.30065e-05	0.000528495	0
9630	4.54407e-05	0.000678711	0
9640	4.58805e-05	0.00080445	0
9650	4.41319e-05	0.000899085	0
9660	4.01022e-05	0.000957648	0
9670	3.38105e-05	0.000977184	0
9680	2.53896e-05	0.000956966	0
9690	1.50846e-05	0.000898563	0
9700	3.24374e-06	0.000805752	0
9710	-9.6962e-06	0.000684269	0
9720	-2.32314e-05	0.000541443	0
9730	-3.68151e-05	0.000385714	0
9740	-4.9882e-05	0.000226086	0
9750	-6.18822e-05	7.15464e-05	0
9760	-7.23157e-05	-6.95029e-05	0
9770	-8.07441e-05	-0.000189765	0
9780	-8.68192e-05	-0.000283488	0
9790	-9.03053e-05	-0.000346789	0
9800	-9.10901e-05	-0.000377856	0
9810	-8.91903e-05	-0.000377001	0
9820	-8.47483e-05	-0.000346575	0
9830	-7.80252e-05	-0.000290753	0
9840	-6.93844e-05	-0.000215209	0
9850	-5.92677e-05	-0.000126705	0
9860	-4.81717e-05	-3.2626e-05	0
9870	-3.66154e-05	5.9508e-05	0
9880	-2.51073e-05	0.00014252	0
9890	-1.41181e-05	0.000210012	0
9900	-4.05082e-06	0.000256742	0
9910	4.78228e-06	0.000278902	0
9920	1.21754e-05	0.000274309	0
9930	1.80406e-05	0.000242479	0
9940	2.24086e-05	0.000184598	0
9950	2.54216e-05	0.000103393	0
9960	2.73198e-05	2.92222e-06	0
9970	2.84207e-05	-0.000111699	0
9980	2.90921e-05	-0.000234623	0
9990	2.97187e-05	-0.000359607	0
10000	3.06695e-05	-0.000480357	0
10010	3.2266e-05	-0.000590847	0
10020	3.47549e-05	-0.00068561	0
10030	3.8286e-05	-0.000759965	0
10040	4.28938e-05	-0.000810206	0
10050	4.84881e-05	-0.000833713	0
10060	5.48538e-05	-0.000829016	0
10070	6.16582e-05	-0.000795799	0
10080	6.84691e-05	-0.00073485	0
10090	7.47858e-05	-0.000647982	0
10100	8.00625e-05	-0.000537915	0
10110	8.37481e-05	-0.000408139	0
10120	8.53236e-05	-0.000262759	0
10130	8.4342e-05	-0.000106338	0
10140	8.04642e-05	5.6265e-05	0
10150	7.34938e-05	0.000220055	0
10160	6.33965e-05	0.000380056	0
10170	5.03141e-05	0.000531452	0
10180	3.45673e-05	0.000669729	0
10190	1.66445e-05	0.0007908	0
10200	-2.81587e-06	0.000891119	0
10210	-2.30531e-05	0.000967782	0
10220	-4.32248e-05	0.00101861	0
10230	-6.24512e-05	0.00104224	0
10240	-7.98608e-05	0.00103812	0
10250	-9.46543e-05	0.00100661	0
10260	-0.000106146	0.000948914	0
10270	-0.000113804	0.00086708	0
10280	-0.000117286	0.000763927	0
10290	-0.000116443	0.000642952	0
10300	-0.000111338	0.000508207	0
10310	-0.000102251	0.00036415	0
10320	-8.96636e-05	0.000215481	0
10330	-7.42255e-05	6.69563e-05	0
10340	-5.67182e-05	-7.67843e-05	0
10350	-3.80178e-05	-0.000211392	0
10360	-1.90348e-05	-0.000332964	0
10370	-6.69101e-07	-0.000438169	0
10380	1.62294e-05	-0.000524353	0
10390	3.0925e-05	-0.000589599	0
10400	4.28366e-05	-0.000632762	0
10410	5.15703e-05	-0.000653474	0
10420	5.69351e-05	-0.000652108	0
10430	5.89465e-05	-0.000629725	0
10440	5.78184e-05	-0.000587995	0
10450	5.39473e-05	-0.000529096	0
10460	4.78746e-05	-0.000455607	0
10470	4.02525e-05	-0.000370393	0
10480	3.17926e-05	-0.000276485	0
10490	2.32152e-05	-0.000176967	0
10500	1.52046e-05	-7.48679e-05	0
10510	8.34528e-06	2.69224e-05	0
10520	3.08756e-06	0.000125733	0
10530	-2.68426e-07	0.000219162	0
10540	-1.60445e-06	0.000305124	0
10550	-9.79739e-07	0.000381882	0
10560	1.40381e-06	0.000448075	0
10570	5.20502e-06	0.000502728	0
10580	9.93957e-06	0.000545256	0
10590	1.50261e-05	0.00057545	0
10600	1.98381e-05	0.000593448	0
10610	2.37521e-05	0.000599704	0
10620	2.61889e-05	0.000594947	0
10630	2.66687e-05	0.000580136	0
10640	2.48406e-05	0.000556414	0
10650	2.05075e-05	0.000525046	0
10660	1.36371e-05	0.000487352	0
10670	4.36555e-06	0.000444632	0
10680	-7.00289e-06	0.000398102	0
10690	-2.00037e-05	0.000348819	0
10700	-3.40455e-05	0.000297629	0
10710	-4.84427e-05	0.000245123	0
10720	-6.24549e-05	0.000191608	0
10730	-7.53266e-05	0.000137109	0
10740	-8.63297e-05	8.139e-05	0
10750	-9.48046e-05	2.4002e-05	0
10760	-0.000100197	-3.56459e-05	0
10770	-0.000102089	-9.81962e-05	0
10780	-0.000100225	-0.000164238	0
10790	-9.45281e-05	-0.000234194	0
10800	-8.50973e-05	-0.000308199	0
10810	-7.22063e-05	-0.000386001	0
10820	-5.62889e-05	-0.000466865	0
10830	-3.79185e-05	-0.000549522	0
10840	-1.77791e-05	-0.00063215	0
10850	3.36907e-06	-0.000712392	0
10860	2.47252e-05	-0.000787433	0
10870	4.54842e-05	-0.000854104	0
10880	6.48833e-05	-0.000909037	0
10890	8.22307e-05	-0.000948843	0
10900	9.69291e-05	-0.000970311	0
10910	0.000108507	-0.000970616	0
10920	0.000116632	-0.000947519	0
10930	0.000121111	-0.000899547	0
10940	0.000121898	-0.000826132	0
10950	0.000119083	-0.000727717	0
10960	0.000112886	-0.00060579	0
10970	0.000103615	-0.00046288	0
10980	9.16717e-05	-0.000302479	0
10990	7.75226e-05	-0.000128922	0
11000	6.16686e-05	5.27881e-05	0
11010	4.46187e-05	0.00023718	0
11020	2.68851e-05	0.00041854	0
11030	8.96392e-06	0.000591151	0
11040	-8.6787e-06	0.000749528	0
11050	-2.56181e-05	0.000888635	0
11060	-4.14799e-05	0.00100407	0
11070	-5.59458e-05	0.00109221	0
11080	-6.87544e-05	0.00115032	0
11090	-7.96976e-05	0.00117662	0
11100	-8.86205e-05	0.0011703	0
11110	-9.54168e-05	0.00113151	0
11120	-0.000100028	0.00106134	0
11130	-0.000102444	0.000961697	0
11140	-0.000102692	0.000835304	0
11150	-0.000100844	0.000685561	0
11160	-9.70104e-05	0.000516483	0
11170	-9.13417e-05	0.000332609	0
11180	-8.40325e-05	0.000138916	0
11190	-7.53084e-05	-5.92733e-05	0
11200	-6.54213e-05	-0.000256387	0
11210	-5.46678e-05	-0.000446719	0
11220	-4.33709e-05	-0.000624555	0
11230	-3.18653e-05	-0.000784315	0
11240	-2.04927e-05	-0.000920716	0
11250	-9.58604e-06	-0.00102896	0
11260	5.44574e-07	-0.00110491	0
11270	9.62809e-06	-0.00114534	0
11280	1.74585e-05	-0.00114808	0
11290	2.39075e-05	-0.00111223	0
11300	2.88546e-05	-0.00103834	0
11310	3.22886e-05	-0.000928472	0
11320	3.42902e-05	-0.000786216	0
11330	3.50212e-05	-0.00061663	0
11340	3.47248e-05	-0.000426088	0
11350	3.36808e-05	-0.000222061	0
11360	3.21944e-05	-1.28237e-05	0
11370	3.05866e-05	0.000192907	0
11380	2.91729e-05	0.000386379	0
11390	2.82362e-05	0.000559237	0
11400	2.80094e-05	0.000703958	0
11410	2.86599e-05	0.000814261	0
11420	3.02742e-05	0.000885457	0
11430	3.28495e-05	0.00091474	0
11440	3.62909e-05	0.000901367	0
11450	4.04137e-05	0.000846713	0
11460	4.49509e-05	0.000754211	0
11470	4.95702e-05	0.000629161	0
11480	5.38923e-05	0.000478433	0
11490	5.75128e-05	0.000310069	0
11500	6.00252e-05	0.000132825	0
11510	6.1051e-05	-4.43355e-05	0
11520	6.0267e-05	-0.000212736	0
11530	5.74257e-05	-0.00036446	0
11540	5.23758e-05	-0.00049277	0
11550	4.50816e-05	-0.000592433	0
11560	3.56221e-05	-0.000659961	0
11570	2.4196e-05	-0.000693722	0
11580	1.11152e-05	-0.000693946	0
11590	-3.20573e-06	-0.000662611	0
11600	-1.8268e-05	-0.000603236	0
11610	-3.351e-05	-0.000520593	0
11620	-4.83339e-05	-0.000420352	0
11630	-6.21351e-05	-0.000308694	0
11640	-7.43311e-05	-0.000191919	0
11650	-8.43784e-05	-7.60679e-05	0
11660	-9.18109e-05	3.34106e-05	0
11670	-9.62601e-05	0.00013193	0
11680	-9.74733e-05	0.00021596	0
11690	-9.53335e-05	0.000283125	0
11700	-8.98683e-05	0.000332227	0
11710	-8.12511e-05	0.000363175	0
11720	-6.97942e-05	0.000376852	0
11730	-5.59377e-05	0.000374922	0
11740	-4.02314e-05	0.000359611	0
11750	-2.33081e-05	0.00033347	0
11760	-5.8522e-06	0.000299145	0
11770	1.14339e-05	0.000259179	0
11780	2.78647e-05	0.000215857	0
11790	4.28007e-05	0.000171106	0
11800	5.56857e-05	0.000126441	0
11810	6.6075e-05	8.29721e-05	0
11820	7.36497e-05	4.14506e-05	0
11830	7.82309e-05	2.36362e-06	0
11840	7.97882e-05	-3.39557e-05	0
11850	7.84393e-05	-6.72158e-05	0
11860	7.44366e-05	-9.70689e-05	0
11870	6.81484e-05	-0.00012304	0
11880	6.00363e-05	-0.00014449	0
11890	5.06289e-05	-0.000160624	0
11900	4.04895e-05	-0.000170544	0
11910	3.01873e-05	-0.000173332	0
11920	2.02645e-05	-0.000168168	0
11930	1.12056e-05	-0.000154458	0
11940	3.41132e-06	-0.000131963	0
11950	-2.82148e-06	-0.000100914	0
11960	-7.31246e-06	-6.20903e-05	0
11970	-1.00061e-05	-1.68597e-05	0
11980	-1.09713e-05	3.2834e-05	0
11990	-1.03937e-05	8.45376e-05	0
12000	-8.55739e-06	0.000135408	0
12010	-5.83235e-06	0.000182374	0
12020	-2.65071e-06	0.000222336	0
12030	5.30237e-07	0.00025238	0
12040	3.25567e-06	0.00026999	0
12050	5.09892e-06	0.000273255	0
12060	5.69338e-06	0.000261024	0
12070	4.75703e-06	0.000233036	0
12080	2.1161e-06	0.000189972	0
12090	-2.2778e-06	0.000133455	0
12100	-8.3582e-06	6.59899e-05	0
12110	-1.59404e-05	-9.16487e-06	0
12120	-2.47203e-05	-8.81645e-05	0
12130	-3.42894e-05	-0.000166791	0
12140	-4.41574e-05	-0.000240689	0
12150	-5.37761e-05	-0.000305608	0
12160	-6.25691e-05	-0.000357642	0
12170	-6.99605e-05	-0.000393446	0
12180	-7.54072e-05	-0.000410418	0
12190	-7.84295e-05	-0.000406848	0
12200	-7.86404e-05	-0.000382006	0
12210	-7.57653e-05	-0.000336194	0
12220	-6.96646e-05	-0.000270732	0
12230	-6.03455e-05	-0.000187906	0
12240	-4.79677e-05	-9.08662e-05	0
12250	-3.28445e-05	1.65133e-05	0
12260	-1.54348e-05	0.000129803	0
12270	3.67205e-06	0.000244213	0
12280	2.37726e-05	0.000354809	0
12290	4.40747e-05	0.000456725	0
12300	6.373e-05	0.000545358	0
12310	8.18721e-05	0.000616557	0
12320	9.76549e-05	0.000666783	0
12330	0.000110293	0.000693254	0
12340	0.000119098	0.000694061	0
12350	0.00012351	0.000668264	0
12360	0.000123132	0.000615961	0
12370	0.00011775	0.000538327	0
12380	0.000107348	0.000437613	0
12390	9.21165e-05	0.000317116	0
12400	7.2449e-05	0.000181084	0
12410	4.89313e-05	3.45902e-05	0
12420	2.23235e-05	-0.000116659	0
12430	-6.46999e-06	-0.000266551	0
12440	-3.64358e-05	-0.000408828	0
12450	-6.64929e-05	-0.000537373	0
12460	-9.55369e-05	-0.000646495	0
12470	-0.000122486	-0.000731222	0
12480	-0.000146328	-0.000787566	0
12490	-0.000166158	-0.000812759	0
12500	-0.000181219	-0.000805444	0
12510	-0.000190927	-0.000765795	0
12520	-0.000194894	-0.000695561	0
12530	-0.000192932	-0.000598022	0
12540	-0.000185059	-0.00047785	0
12550	-0.000171493	-0.000340878	0
12560	-0.000152632	-0.000193792	0
12570	-0.000129042	-4.37513e-05	0
12580	-0.000101423	0.000102022	0
12590	-7.05955e-05	0.000236663	0
12600	-3.74568e-05	0.000354069	0
12610	-2.95543e-06	0.000449256	0
12620	3.19356e-05	0.000518655	0
12630	6.62452e-05	0.000560312	0
12640	9.90267e-05	0.000573986	0
12650	0.000129379	0.000561132	0
12660	0.000156468	0.000524771	0
12670	0.000179541	0.000469251	0
12680	0.000197944	0.000399925	0
12690	0.000211138	0.000322753	0
12700	0.000218711	0.00024387	0
12710	0.000220393	0.000169145	0
12720	0.000216064	0.000103766	0
12730	0.000205767	5.18823e-05	0
12740	0.000189716	1.63218e-05	0
12750	0.000168293	-1.58472e-06	0
12760	0.000142047	-2.07597e-06	0
12770	0.000111691	1.309e-05	0
12780	7.8082e-05	4.0803e-05	0
12790	4.22031e-05	7.68701e-05	0
12800	5.13657e-06	0.000116366	0
12810	-3.19765e-05	0.000154035	0
12820	-6.7948e-05	0.00018472	0
12830	-0.000101602	0.000203774	0
12840	-0.000131833	0.000207446	0
12850	-0.000157621	0.000193193	0
12860	-0.000178074	0.000159893	0
12870	-0.000192483	0.000107953	0
12880	-0.000200367	3.92966e-05	0
12890	-0.000201492	-4.2761e-05	0
12900	-0.000195889	-0.000133747	0
12910	-0.00018386	-0.000228353	0
12920	-0.000165982	-0.000320817	0
12930	-0.00014308	-0.00040535	0
12940	-0.000116193	-0.00047656	0
12950	-8.65297e-05	-0.000529846	0
12960	-5.54124e-05	-0.000561738	0
12970	-2.42167e-05	-0.000570144	0
12980	5.69791e-06	-0.000554496	0
12990	3.3056e-05	-0.000515789	0
13000	5.67325e-05	-0.000456496	0
13010	7.58095e-05	-0.000380384	0
13020	8.96243e-05	-0.000292234	0
13030	9.78032e-05	-0.000197493	0
13040	0.000100281	-0.000101888	0
13050	9.73025e-05	-1.10237e-05	0
13060	8.93969e-05	6.99981e-05	0
13070	7.73492e-05	0.000136905	0
13080	6.21622e-05	0.000186518	0
13090	4.49845e-05	0.000216925	0
13100	2.70422e-05	0.000227553	0
13110	9.56614e-06	0.000219146	0
13120	-6.28058e-06	0.000193646	0
13130	-1.9471e-05	0.000153996	0
13140	-2.91759e-05	0.000103878	0
13150	-3.48135e-05	4.74165e-05	0
13160	-3.60815e-05	-1.11401e-05	0
13170	-3.29747e-05	-6.77283e-05	0
13180	-2.57846e-05	-0.000118744	0
13190	-1.50703e-05	-0.000161267	0
13200	-1.62566e-06	-0.000193219	0
13210	1.35749e-05	-0.000213447	0
13220	2.9443e-05	-0.00022173	0
13230	4.48498e-05	-0.000218707	0
13240	5.87052e-05	-0.000205752	0
13250	7.00316e-05	-0.000184792	0
13260	7.80289e-05	-0.000158101	0
13270	8.21273e-05	-0.000128081	0
13280	8.20237e-05	-9.70513e-05	0
13290	7.77004e-05	-6.7058e-05	0
13300	6.94242e-05	-3.97312e-05	0
13310	5.77273e-05	-1.61871e-05	0
13320	4.33691e-05	3.01251e-06	0
13330	2.72831e-05	1.78436e-05	0
13340	1.05078e-05	2.87516e-05	0
13350	-5.88349e-06	3.65409e-05	0
13360	-2.08579e-05	4.22358e-05	0
13370	-3.34935e-05	4.69266e-05	0
13380	-4.30436e-05	5.16167e-05	0
13390	-4.89879e-05	5.70866e-05	0
13400	-5.10651e-05	6.37879e-05	0
13410	-4.9286e-05	7.17777e-05	0
13420	-4.39299e-05	8.06997e-05	0
13430	-3.5522e-05	8.98138e-05	0
13440	-2.47924e-05	9.80723e-05	0
13450	-1.26186e-05	0.000104236	0
13460	3.67045e-08	0.000107018	0
13470	1.21966e-05	0.000105246	0
13480	2.29391e-05	9.8019e-05	0
13490	3.14612e-05	8.48581e-05	0
13500	3.71345e-05	6.58168e-05	0
13510	3.95453e-05	4.15558e-05	0
13520	3.85186e-05	1.33631e-05	0
13530	3.41223e-05	-1.68829e-05	0
13540	2.66553e-05	-4.68096e-05	0
13550	1.66204e-05	-7.36995e-05	0
13560	4.69122e-06	-9.46865e-05	0
13570	-8.37156e-06	-0.000106983	0
13580	-2.17616e-05	-0.000108127	0
13590	-3.46814e-05	-9.62212e-05	0
13600	-4.64064e-05	-7.01584e-05	0
13610	-5.63305e-05	-2.98024e-05	0
13620	-6.3979e-05	2.3884e-05	0
13630	-6.91039e-05	8.87722e-05	0
13640	-7.16616e-05	0.000161601	0
13650	-7.17589e-05	0.000238109	0
13660	-6.96565e-05	0.00031324	0
13670	-6.57491e-05	0.000381425	0
13680	-6.05242e-05	0.000436916	0
13690	-5.44832e-05	0.000474167	0
13700	-4.80993e-05	0.000488218	0
13710	-4.17992e-05	0.00047508	0
13720	-3.59271e-05	0.000432104	0
13730	-3.06819e-05	0.000358287	0
13740	-2.61298e-05	0.000254499	0
13750	-2.22287e-05	0.000123602	0
13760	-1.88082e-05	-2.95517e-05	0
13770	-1.56051e-05	-0.000198262	0
13780	-1.23142e-05	-0.00037425	0
13790	-8.61258e-06	-0.00054805	0
13800	-4.19983e-06	-0.000709508	0
13810	1.16531e-06	-0.000848352	0
13820	7.63616e-06	-0.000954806	0
13830	1.52494e-05	-0.00102022	0
13840	2.39231e-05	-0.00103764	0
13850	3.34387e-05	-0.00100239	0
13860	4.34256e-05	-0.000912451	0
13870	5.34951e-05	-0.000768755	0
13880	6.30937e-05	-0.000575307	0
13890	7.16378e-05	-0.00033909	0
13900	7.86008e-05	-6.97784e-05	0
13910	8.35106e-05	0.000220733	0
13920	8.59802e-05	0.000518938	0
13930	8.57482e-05	0.000810444	0
13940	8.27003e-05	0.00108074	0
13950	7.68744e-05	0.00131599	0
13960	6.84634e-05	0.00150378	0
13970	5.7816e-05	0.00163379	0
13980	4.54224e-05	0.00169839	0
13990	3.18856e-05	0.00169305	0
14000	1.78619e-05	0.00161669	0
14010	4.05099e-06	0.00147168	0
14020	-8.80818e-06	0.00126384	0
14030	-2.00195e-05	0.0010021	0
14040	-2.89935e-05	0.000698094	0
14050	-3.52862e-05	0.000365581	0
14060	-3.86446e-05	1.97481e-05	0
14070	-3.90228e-05	-0.000323543	0
14080	-3.65941e-05	-0.000648551	0
14090	-3.17396e-05	-0.000940444	0
14100	-2.50211e-05	-0.00118605	0
14110	-1.7149e-05	-0.00137452	0
14120	-8.93652e-06	-0.00149785	0
14130	-1.24497e-06	-0.0015513	0
14140	5.07899e-06	-0.00153359	0
14150	9.26214e-06	-0.00144693	0
14160	1.06633e-05	-0.00129689	0
14170	8.82253e-06	-0.001092	0
14180	3.49862e-06	-0.000843357	0
14190	-5.30647e-06	-0.000563915	0
14200	-1.73371e-05	-0.000267843	0
14210	-3.209e-05	3.02354e-05	0
14220	-4.88358e-05	0.000315994	0
14230	-6.66603e-05	0.000576109	0
14240	-8.45173e-05	0.000798905	0
14250	-0.000101286	0.00097489	0
14260	-0.000115838	0.00109717	0
14270	-0.000127103	0.00116172	0
14280	-0.000134131	0.00116747	0
14290	-0.000136154	0.00111625	0
14300	-0.000132633	0.00101262	0
14310	-0.000123301	0.000863508	0
14320	-0.000108183	0.000677794	0
14330	-8.76033e-05	0.000465754	0
14340	-6.21745e-05	0.000238513	0
14350	-3.27703e-05	7.44677e-06	0
14360	-4.85786e-07	-0.000216391	0
14370	3.34157e-05	-0.000422802	0
14380	6.75652e-05	-0.000602907	0
14390	0.000100556	-0.000749524	0
14400	0.000131016	-0.000857434	0
14410	0.000157673	-0.000923542	0
14420	0.00017942	-0.000946917	0
14430	0.000195366	-0.000928717	0
14440	0.00020488	-0.000872019	0
14450	0.000207617	-0.000781547	0
14460	0.000203531	-0.000663345	0
14470	0.000192879	-0.000524383	0
14480	0.000176194	-0.000372159	0
14490	0.000154252	-0.000214283	0
14500	0.000128032	-5.80919e-05	0
14510	9.86647e-05	8.96967e-05	0
14520	6.73734e-05	0.000223271	0
14530	3.54124e-05	0.000337939	0
14540	4.0064e-06	0.000430266	0
14550	-2.57065e-05	0.00049812	0
14560	-5.27252e-05	0.00054065	0
14570	-7.62264e-05	0.000558182	0
14580	-9.55955e-05	0.000552059	0
14590	-0.000110445	0.000524438	0
14600	-0.000120623	0.000478057	0
14610	-0.000126204	0.000415997	0
14620	-0.000127471	0.00034145	0
14630	-0.000124892	0.000257524	0
14640	-0.000119076	0.000167077	0
14650	-0.00011074	7.26128e-05	0
14660	-0.000100658	-2.37663e-05	0
14670	-8.96146e-05	-0.000120353	0
14680	-7.8357e-05	-0.000215774	0
14690	-6.75556e-05	-0.00030888	0
14700	-5.77647e-05	-0.000398615	0
14710	-4.93955e-05	-0.000483874	0
14720	-4.26963e-05	-0.000563358	0
14730	-3.77435e-05	-0.00063547	0
14740	-3.44428e-05	-0.00069824	0
14750	-3.25423e-05	-0.000749314	0
14760	-3.1654e-05	-0.000786004	0
14770	-3.12836e-05	-0.000805411	0
14780	-3.08668e-05	-0.0008046	0
14790	-2.98108e-05	-0.000780834	0
14800	-2.7537e-05	-0.00073184	0
14810	-2.35233e-05	-0.000656088	0
14820	-1.73465e-05	-0.00055306	0
14830	-8.71732e-06	-0.00042348	0
14840	2.49056e-06	-0.000269486	0
14850	1.62205e-05	-9.47218e-05	0
14860	3.22236e-05	9.56823e-05	0
14870	5.00614e-05	0.000295223	0
14880	6.91175e-05	0.000496255	0
14890	8.86248e-05	0.000690327	0
14900	0.000107706	0.000868596	0
14910	0.000125413	0.00102231	0
14920	0.000140774	0.00114332	0
14930	0.000152854	0.00122459	0
14940	0.000160802	0.00126068	0
14950	0.000163912	0.00124813	0
14960	0.000161666	0.00118577	0
14970	0.000153769	0.0010749	0
14980	0.000140176	0.000919275	0
14990	0.000121111	0.000725036	0
15000	9.70572e-05	0.000500386	0
15010	6.87478e-05	0.000255207	0
15020	3.71355e-05	5.41983e-07	0
15030	3.35079e-06	-0.000252002	0
15040	-3.13494e-05	-0.000490884	0
15050	-6.56415e-05	-0.000705265	0
15060	-9.81973e-05	-0.000885602	0
15070	-0.000127749	-0.00102417	0
15080	-0.000153148	-0.00111546	0
15090	-0.000173424	-0.00115646	0
15100	-0.000187825	-0.00114678	0
15110	-0.000195852	-0.0010886	0
15120	-0.00019728	-0.000986446	0
15130	-0.000192172	-0.000846931	0
15140	-0.000180869	-0.000678238	0
15150	-0.000163956	-0.000489624	0
15160	-0.000142233	-0.000290833	0
15170	-0.000116675	-9.15177e-05	0
15180	-8.83743e-05	9.93134e-05	0
15190	-5.8491e-05	0.000273776	0
15200	-2.81936e-05	0.000425495	0
15210	1.39392e-06	0.000549871	0
15220	2.92413e-05	0.00064421	0
15230	5.44498e-05	0.000707722	0
15240	7.62855e-05	0.000741392	0
15250	9.42056e-05	0.000747734	0
15260	0.000107864	0.000730463	0
15270	0.000117107	0.000694101	0
15280	0.000121966	0.000643565	0
15290	0.000122638	0.000583761	0
15300	0.000119455	0.000519216	0
15310	0.000112861	0.000453776	0
15320	0.000103376	0.000390384	0
15330	9.1564e-05	0.000330962	0
15340	7.80088e-05	0.000276394	0
15350	6.32927e-05	0.000226603	0
15360	4.79558e-05	0.000180725	0
15370	3.24831e-05	0.000137348	0
15380	1.73068e-05	9.47936e-05	0
15390	2.77317e-06	5.14082e-05	0
15400	-1.08179e-05	5.84549e-06	0
15410	-2.32055e-05	-4.26977e-05	0
15420	-3.41991e-05	-9.43083e-05	0
15430	-4.36636e-05	-0.00014826	0
15440	-5.1503e-05	-0.000202996	0
15450	-5.76595e-05	-0.000256197	0
15460	-6.21002e-05	-0.000304938	0
15470	-6.48145e-05	-0.000345915	0
15480	-6.58125e-05	-0.000375725	0
15490	-6.51239e-05	-0.00039117	0
15500	-6.27974e-05	-0.00038955	0
15510	-5.89045e-05	-0.000368938	0
15520	-5.35438e-05	-0.000328397	0
15530	-4.68484e-05	-0.00026814	0
15540	-3.8991e-05	-0.000189602	0
15550	-3.01865e-05	-9.54266e-05	0
15560	-2.06932e-05	1.06315e-05	0
15570	-1.08105e-05	0.000123891	0
15580	-8.71844e-07	0.000238993	0
15590	8.76627e-06	0.000350199	0
15600	1.77376e-05	0.000451726	0
15610	2.56872e-05	0.000538082	0
15620	3.22906e-05	0.00060439	0
15630	3.72752e-05	0.000646686	0
15640	4.04382e-05	0.000662154	0
15650	4.16599e-05	0.0006493	0
15660	4.09179e-05	0.000608047	0
15670	3.82939e-05	0.000539745	0
15680	3.39713e-05	0.0004471	0
15690	2.82286e-05	0.000334025	0
15700	2.1425e-05	0.00020542	0
15710	1.39818e-05	6.69069e-05	0
15720	6.36005e-06	-7.54781e-05	0
15730	-9.66864e-07	-0.000215609	0
15740	-7.54261e-06	-0.000347592	0
15750	-1.29549e-05	-0.000466062	0
15760	-1.68601e-05	-0.000566452	0
15770	-1.90079e-05	-0.000645203	0
15780	-1.92592e-05	-0.00069992	0
15790	-1.75923e-05	-0.000729451	0
15800	-1.41069e-05	-0.000733909	0
15810	-9.01946e-06	-0.000714613	0
15820	-2.64856e-06	-0.00067397	0
15830	4.60498e-06	-0.000615299	0
15840	1.22849e-05	-0.000542611	0
15850	1.99051e-05	-0.000460356	0
15860	2.69861e-05	-0.000373156	0
15870	3.30864e-05	-0.000285536	0
15880	3.78247e-05	-0.000201676	0
15890	4.09055e-05	-0.00012519	0
15900	4.2146e-05	-5.89522e-05	0
15910	4.14881e-05	-4.9773e-06	0
15920	3.8988e-05	3.56452e-05	0
15930	3.48189e-05	6.27488e-05	0
15940	2.92154e-05	7.70281e-05	0
15950	2.24954e-05	7.99221e-05	0
15960	1.50271e-05	7.34505e-05	0
15970	7.18934e-06	6.00172e-05	0
15980	-6.5843e-07	4.21969e-05	0
15990	-8.20033e-06	2.25201e-05	0
16000	-1.5187e-05	3.27422e-06	0
16010	-2.14486e-05	-1.36644e-05	0
16020	-2.69095e-05	-2.69539e-05	0
16030	-3.15846e-05	-3.58575e-05	0
16040	-3.55622e-05	-4.02545e-05	0
16050	-3.89887e-05	-4.05937e-05	0
16060	-4.20443e-05	-3.77914e-05	0
16070	-4.49142e-05	-3.30859e-05	0
16080	-4.77581e-05	-2.78622e-05	0
16090	-5.06852e-05	-2.34627e-05	0
16100	-5.37322e-05	-2.10056e-05	0
16110	-5.68481e-05	-2.12257e-05	0
16120	-5.98862e-05	-2.43528e-05	0
16130	-6.26051e-05	-3.00408e-05	0
16140	-6.4681e-05	-3.73571e-05	0
16150	-6.57311e-05	-4.48344e-05	0
16160	-6.53441e-05	-5.05846e-05	0
16170	-6.31171e-05	-5.24668e-05	0
16180	-5.86879e-05	-4.82969e-05	0
16190	-5.17795e-05	-3.60795e-05	0
16200	-4.22354e-05	-1.42449e-05	0
16210	-3.00487e-05	1.81339e-05	0
16220	-1.53811e-05	6.11613e-05	0
16230	1.42978e-06	0.000113999	0
16240	1.98735e-05	0.000174818	0
16250	3.92894e-05	0.00024083	0
16260	5.88944e-05	0.000308409	0
16270	7.78245e-05	0.000373295	0
16280	9.51844e-05	0.000430856	0
16290	0.0001101	0.000476419	0
16300	0.00012177	0.000505612	0
16310	0.000129518	0.000514715	0
16320	0.000132834	0.000500979	0
16330	0.000131411	0.00046289	0
16340	0.000125162	0.000400356	0
16350	0.00011424	0.000314791	0
16360	9.90154e-05	0.000209092	0
16370	8.00754e-05	8.751e-05	0
16380	5.81836e-05	-4.459e-05	0
16390	3.42325e-05	-0.000181047	0
16400	9.19458e-06	-0.000315292	0
16410	-1.59137e-05	-0.000440778	0
16420	-4.00888e-05	-0.0005514	0
16430	-6.24038e-05	-0.0006419	0
16440	-8.20514e-05	-0.000708197	0
16450	-9.83771e-05	-0.000747644	0
16460	-0.000110904	-0.000759171	0
16470	-0.000119345	-0.000743314	0
16480	-0.000123605	-0.000702114	0
16490	-0.000123767	-0.000638916	0
16500	-0.000120075	-0.000558062	0
16510	-0.000112907	-0.000464523	0
16520	-0.000102742	-0.000363494	0
16530	-9.01199e-05	-0.00025998	0
16540	-7.56194e-05	-0.000158425	0
16550	-5.98194e-05	-6.23966e-05	0
16560	-4.32731e-05	2.56375e-05	0
16570	-2.64877e-05	0.000104422	0
16580	-9.9075e-06	0.000173911	0
16590	6.08189e-06	0.000235151	0
16600	2.11515e-05	0.000290057	0
16610	3.50268e-05	0.000341107	0
16620	4.74891e-05	0.00039098	0
16630	5.83603e-05	0.000442181	0
16640	6.74911e-05	0.00049667	0
16650	7.47516e-05	0.00055554	0
16660	8.00276e-05	0.000618783	0
16670	8.3223e-05	0.000685157	0
16680	8.42621e-05	0.000752171	0
16690	8.30905e-05	0.000816206	0
16700	7.96859e-05	0.000872741	0
16710	7.40698e-05	0.000916695	0
16720	6.63202e-05	0.000942831	0
16730	5.65847e-05	0.000946215	0
16740	4.50899e-05	0.000922674	0
16750	3.2144e-05	0.000869218	0
16760	1.81339e-05	0.000784388	0
16770	3.51883e-06	0.000668491	0
16780	-1.11836e-05	0.000523717	0
16790	-2.54188e-05	0.000354128	0
16800	-3.86212e-05	0.000165519	0
16810	-5.02437e-05	-3.48563e-05	0
16820	-5.97881e-05	-0.000238674	0
16830	-6.68351e-05	-0.000437018	0
16840	-7.10714e-05	-0.000620904	0
16850	-7.23147e-05	-0.000781834	0
16860	-7.0529e-05	-0.000912333	0
16870	-6.58349e-05	-0.00100643	0
16880	-5.84872e-05	-0.00106002	0
16890	-4.88827e-05	-0.00107117	0
16900	-3.75357e-05	-0.00104016	0
16910	-2.50433e-05	-0.000969513	0
16920	-1.20514e-05	-0.000863769	0
16930	7.82805e-07	-0.000729185	0
16940	1.28299e-05	-0.000573318	0
16950	2.3526e-05	-0.000404531	0
16960	3.24054e-05	-0.000231468	0
16970	3.91293e-05	-6.2526e-05	0
16980	4.35027e-05	9.46309e-05	0
16990	4.54805e-05	0.000233483	0
17000	4.51667e-05	0.000348966	0
17010	4.27991e-05	0.00043766	0
17020	3.87299e-05	0.000497859	0
17030	3.33865e-05	0.00052951	0
17040	2.72386e-05	0.000534054	0
17050	2.07663e-05	0.000514172	0
17060	1.44252e-05	0.000473484	0
17070	8.61324e-06	0.0004162	0
17080	3.64623e-06	0.000346785	0
17090	-2.62173e-07	0.000269647	0
17100	-3.01279e-06	0.00018888	0
17110	-4.62117e-06	0.000108069	0
17120	-5.20938e-06	3.01803e-05	0
17130	-4.98949e-06	-4.24829e-05	0
17140	-4.2411e-06	-0.000108254	0
17150	-3.28325e-06	-0.000166021	0
17160	-2.44598e-06	-0.00021511	0
17170	-2.04228e-06	-0.000255153	0
17180	-2.32994e-06	-0.000285954	0
17190	-3.50034e-06	-0.000307389	0
17200	-5.65883e-06	-0.000319343	0
17210	-8.81739e-06	-0.000321687	0
17220	-1.28972e-05	-0.000314309	0
17230	-1.77316e-05	-0.000297184	0
17240	-2.30772e-05	-0.000270476	0
17250	-2.86285e-05	-0.000234649	0
17260	-3.40454e-05	-0.000190577	0
17270	-3.8984e-05	-0.000139628	0
17280	-4.30795e-05	-8.37072e-05	0
17290	-4.60302e-05	-2.52468e-05	0
17300	-4.7573e-05	3.28653e-05	0
17310	-4.75221e-05	8.74225e-05	0
17320	-4.5765e-05	0.000135091	0
17330	-4.22825e-05	0.000172645	0
17340	-3.71535e-05	0.000197224	0
17350	-3.05458e-05	0.000206595	0
17360	-2.27023e-05	0.000199381	0
17370	-1.39276e-05	0.000175252	0
17380	-4.56431e-06	0.000135035	0
17390	5.03349e-06	8.07411e-05	0
17400	1.45176e-05	1.55051e-05	0
17410	2.35622e-05	-5.65799e-05	0
17420	3.18789e-05	-0.000130706	0
17430	3.923e-05	-0.000201668	0
17440	4.54301e-05	-0.000264227	0
17450	5.03509e-05	-0.000313494	0
17460	5.39121e-05	-0.000345299	0
17470	5.60838e-05	-0.000356516	0
17480	5.68802e-05	-0.00034532	0
17490	5.63479e-05	-0.000311344	0
17500	5.45565e-05	-0.000255729	0
17510	5.15899e-05	-0.000181056	0
17520	4.75401e-05	-9.11946e-05	0
17530	4.25016e-05	8.96168e-06	0
17540	3.65704e-05	0.000113819	0
17550	2.98437e-05	0.000217459	0
17560	2.24227e-05	0.000314032	0
17570	1.44178e-05	0.000398136	0
17580	5.95442e-06	0.000465158	0
17590	-2.82165e-06	0.000511538	0
17600	-1.1741e-05	0.000534965	0
17610	-2.06054e-05	0.00053446	0
17620	-2.91901e-05	0.000510368	0
17630	-3.72477e-05	0.000464261	0
17640	-4.45147e-05	0.00039875	0
17650	-5.07217e-05	0.00031726	0
17660	-5.56071e-05	0.000223776	0
17670	-5.89309e-05	0.000122562	0
17680	-6.0491e-05	1.78796e-05	0
17690	-6.01405e-05	-8.62606e-05	0
17700	-5.7804e-05	-0.0001863	0
17710	-5.34884e-05	-0.00027926	0
17720	-4.72908e-05	-0.000362803	0
17730	-3.93993e-05	-0.00043522	0
17740	-3.00888e-05	-0.000495368	0
17750	-1.97087e-05	-0.000542546	0
17760	-8.66755e-06	-0.000576357	0
17770	2.59001e-06	-0.000596548	0
17780	1.36072e-05	-0.000602877	0
17790	2.3933e-05	-0.000595013	0
17800	3.31542e-05	-0.000572488	0
17810	4.0918e-05	-0.000534711	0
17820	4.69465e-05	-0.000481045	0
17830	5.10556e-05	-0.000410948	0
17840	5.31639e-05	-0.000324149	0
17850	5.32927e-05	-0.00022086	0
17860	5.15582e-05	-0.000101984	0
17870	4.81597e-05	3.06982e-05	0
17880	4.33633e-05	0.000174393	0
17890	3.74824e-05	0.00032523	0
17900	3.08531e-05	0.000478288	0
17910	2.38113e-05	0.000627723	0
17920	1.66749e-05	0.000766995	0
17930	9.72295e-06	0.000889187	0
17940	3.18109e-06	0.000987404	0
17950	-2.78472e-06	0.00105522	0
17960	-8.07208e-06	0.00108712	0
17970	-1.26422e-05	0.00107899	0
17980	-1.65107e-05	0.00102847	0
17990	-1.9736e-05	0.000935265	0
18000	-2.24044e-05	0.00080132	0
