0	0	0	0
10	2.39646e-09	-0.000243519	0
20	4.92828e-09	-0.000476771	0
30	7.24739e-09	-0.000690219	0
40	9.2153e-09	-0.00087564	0
50	1.07243e-08	-0.00102665	0
60	1.17129e-08	-0.00113912	0
70	1.21586e-08	-0.00121136	0
80	1.20723e-08	-0.0012442	0
90	1.14931e-08	-0.00124085	0
100	1.04792e-08	-0.00120657	0
110	9.11065e-09	-0.00114827	0
120	7.48325e-09	-0.00107391	0
130	5.69332e-09	-0.000991901	0
140	3.83453e-09	-0.000910497	0
150	1.99677e-09	-0.000837172	0
160	2.52725e-10	-0.000778124	0
170	-1.33581e-09	-0.00073787	0
180	-2.74779e-09	-0.000718997	0
190	-4.31021e-09	-0.000722069	0
200	-7.19391e-09	-0.000745696	0
210	-1.24665e-08	-0.000786758	0
220	-2.06314e-08	-0.000840753	0
230	-3.18554e-08	-0.000902246	0
240	-4.60712e-08	-0.000965378	0
250	-6.30494e-08	-0.00102438	0
260	-8.25219e-08	-0.00107408	0
270	-1.04085e-07	-0.00111031	0
280	-1.27285e-07	-0.00113024	0
290	-1.51663e-07	-0.00113257	0
300	-1.76671e-07	-0.00111761	0
310	-2.02029e-07	-0.00108719	0
320	-2.27463e-07	-0.00104443	0
330	-2.52638e-07	-0.000993478	0
340	-2.77224e-07	-0.000939092	0
350	-3.01037e-07	-0.000886203	0
360	-3.23881e-07	-0.000839491	0
370	-3.45574e-07	-0.000802976	0
380	-3.65993e-07	-0.000779687	0
390	-3.85047e-07	-0.000771413	0
400	-4.02777e-07	-0.000778584	0
410	-4.19142e-07	-0.000800255	0
420	-4.34145e-07	-0.000834223	0
430	-4.47028e-07	-0.000877247	0
440	-4.57121e-07	-0.000925348	0
450	-4.64557e-07	-0.000974176	0
460	-4.69022e-07	-0.00101939	0
470	-4.7014e-07	-0.00105706	0
480	-4.6782e-07	-0.00108395	0
490	-4.6208e-07	-0.00109786	0
500	-4.5265e-07	-0.00109773	0
510	-4.38593e-07	-0.00108374	0
520	-4.20857e-07	-0.00105727	0
530	-3.99648e-07	-0.00102075	0
540	-3.75652e-07	-0.000977407	0
550	-3.49107e-07	-0.000930981	0
560	-3.20866e-07	-0.00088537	0
570	-2.90941e-07	-0.000844272	0
580	-2.61304e-07	-0.000810857	0
590	-2.35441e-07	-0.000787476	0
600	-2.18159e-07	-0.000775451	0
610	-2.05191e-07	-0.000774957	0
620	-1.99227e-07	-0.000784999	0
630	-2.05343e-07	-0.000803489	0
640	-2.30365e-07	-0.000827421	0
650	-2.814e-07	-0.000853118	0
660	-3.6222e-07	-0.000876528	0
670	-4.8199e-07	-0.000893557	0
680	-6.58922e-07	-0.000900394	0
690	-9.08046e-07	-0.000893806	0
700	-1.23497e-06	-0.00087138	0
710	-1.68306e-06	-0.000831695	0
720	-2.26131e-06	-0.0007744	0
730	-2.98427e-06	-0.000700211	0
740	-3.88231e-06	-0.0006108	0
750	-5.03138e-06	-0.000508625	0
760	-6.41645e-06	-0.000396702	0
770	-8.14141e-06	-0.000278307	0
780	-1.0197e-05	-0.000156714	0
790	-1.26696e-05	-3.48842e-05	0
800	-1.56126e-05	8.46618e-05	0
810	-1.9073e-05	0.000199916	0
820	-2.312e-05	0.000309498	0
830	-2.78267e-05	0.000412701	0
840	-3.32918e-05	0.000509601	0
850	-3.96275e-05	0.00060097	0
860	-4.69707e-05	0.000687988	0
870	-5.54161e-05	0.000771913	0
880	-6.49933e-05	0.000853807	0
890	-7.566e-05	0.00093426	0
900	-8.72679e-05	0.00101317	0
910	-9.95765e-05	0.00108967	0
920	-0.000112277	0.0011621	0
930	-0.000125013	0.00122813	0
940	-0.000137372	0.00128489	0
950	-0.000148886	0.00132928	0
960	-0.000159067	0.00135827	0
970	-0.000167466	0.00136923	0
980	-0.000173622	0.00136049	0
990	-0.000177536	0.00133181	0
1000	-0.000179192	0.00128423	0
1010	-0.000178542	0.00121951	0
1020	-0.000175402	0.00114034	0
1030	-0.000169437	0.00105046	0
1040	-0.000160275	0.000954372	0
1050	-0.00014753	0.000857219	0
1060	-0.000130765	0.000764322	0
1070	-0.000109587	0.000680746	0
1080	-8.37862e-05	0.000611131	0
1090	-5.35293e-05	0.000559474	0
1100	-1.93133e-05	0.00052867	0
1110	1.80938e-05	0.000520133	0
1120	5.76742e-05	0.00053368	0
1130	9.81883e-05	0.000567537	0
1140	0.000138219	0.000618485	0
1150	0.000176235	0.000682121	0
1160	0.000210668	0.000753213	0
1170	0.00024	0.000826123	0
1180	0.000262851	0.000895257	0
1190	0.000278061	0.0009555	0
1200	0.000284768	0.00100261	0
1210	0.000282479	0.00103351	0
1220	0.000271114	0.00104653	0
1230	0.000251035	0.00104144	0
1240	0.000223046	0.0010194	0
1250	0.000188372	0.000982835	0
1260	0.000148613	0.000935106	0
1270	0.000105669	0.000880182	0
1280	6.16485e-05	0.000822247	0
1290	1.87638e-05	0.000765303	0
1300	-2.07887e-05	0.000712824	0
1310	-5.49548e-05	0.000667458	0
1320	-8.19415e-05	0.000630825	0
1330	-0.00010032	0.000603416	0
1340	-0.000109111	0.000584603	0
1350	-0.00010784	0.000572742	0
1360	-9.65549e-05	0.000565376	0
1370	-7.58284e-05	0.000559497	0
1380	-4.67157e-05	0.000551859	0
1390	-1.0685e-05	0.000539291	0
1400	3.04726e-05	0.000519	0
1410	7.47483e-05	0.000488828	0
1420	0.000120043	0.00044746	0
1430	0.000164261	0.000394531	0
1440	0.000205413	0.000330618	0
1450	0.000241715	0.000257133	0
1460	0.000271665	0.000176182	0
1470	0.000294117	9.0383e-05	0
1480	0.000308334	2.66076e-06	0
1490	0.000313997	-8.40022e-05	0
1500	0.000311186	-0.000166808	0
1510	0.000300343	-0.000243368	0
1520	0.000282215	-0.000311889	0
1530	0.000257774	-0.000371297	0
1540	0.000228143	-0.000421284	0
1550	0.000194501	-0.000462282	0
1560	0.000158013	-0.000495372	0
1570	0.000119756	-0.000522122	0
1580	8.06708e-05	-0.000544396	0
1590	4.15315e-05	-0.000564138	0
1600	2.9318e-06	-0.000583161	0
1610	-3.47064e-05	-0.000602965	0
1620	-7.11025e-05	-0.000624606	0
1630	-0.000106079	-0.000648624	0
1640	-0.00013951	-0.000675033	0
1650	-0.000171266	-0.000703373	0
1660	-0.00020117	-0.000732821	0
1670	-0.00022895	-0.000762334	0
1680	-0.000254219	-0.000790817	0
1690	-0.00027646	-0.000817284	0
1700	-0.00029504	-0.000840999	0
1710	-0.000309238	-0.00086157	0
1720	-0.000318284	-0.000879001	0
1730	-0.000321429	-0.000893666	0
1740	-0.00031801	-0.000906242	0
1750	-0.000307516	-0.000917577	0
1760	-0.000289652	-0.000928539	0
1770	-0.000264397	-0.00093984	0
1780	-0.000232047	-0.000951877	0
1790	-0.000193233	-0.000964603	0
1800	-0.00014892	-0.000977452	0
1810	-0.000100383	-0.000989326	0
1820	-4.91569e-05	-0.000998665	0
1830	3.06845e-06	-0.00100358	0
1840	5.44828e-05	-0.00100207	0
1850	0.000103234	-0.000992217	0
1860	0.00014753	-0.000972487	0
1870	0.000185793	-0.00094195	0
1880	0.000216726	-0.000900491	0
1890	0.000239372	-0.00084895	0
1900	0.00025316	-0.000789162	0
1910	0.000257933	-0.000723905	0
1920	0.000253947	-0.000656742	0
1930	0.000241846	-0.00059178	0
1940	0.000222606	-0.00053334	0
1950	0.000197462	-0.000485563	0
1960	0.000167826	-0.000451996	0
1970	0.0001352	-0.000435213	0
1980	0.000101085	-0.000436521	0
1990	6.68935e-05	-0.000455775	0
2000	3.38676e-05	-0.0004913	0
2010	3.01383e-06	-0.000539945	0
2020	-2.49427e-05	-0.000597265	0
2030	-4.95828e-05	-0.000657822	0
2040	-7.07967e-05	-0.000715577	0
2050	-8.87636e-05	-0.000764342	0
2060	-0.000103952	-0.00079827	0
2070	-0.000116989	-0.000812327	0
2080	-0.000128567	-0.000802725	0
2090	-0.00013955	-0.000767587	0
2100	-0.000149872	-0.000707115	0
2110	-0.000159402	-0.000622144	0
2120	-0.000168371	-0.000515039	0
2130	-0.000177382	-0.000390299	0
2140	-0.000187101	-0.000253798	0
2150	-0.000197683	-0.000112319	0
2160	-0.00020937	2.71453e-05	0
2170	-0.000221976	0.00015799	0
2180	-0.000234822	0.000274564	0
2190	-0.000247234	0.000372462	0
2200	-0.000258393	0.000448608	0
2210	-0.000267514	0.000501757	0
2220	-0.000273522	0.000532193	0
2230	-0.00027531	0.000541894	0
2240	-0.000271847	0.000534332	0
2250	-0.000262253	0.000514047	0
2260	-0.000245955	0.00048631	0
2270	-0.000222605	0.000456683	0
2280	-0.000192169	0.000430832	0
2290	-0.000154973	0.000414108	0
2300	-0.000111895	0.000410785	0
2310	-6.42626e-05	0.000423594	0
2320	-1.36941e-05	0.000453519	0
2330	3.79904e-05	0.000499724	0
2340	8.88747e-05	0.000559648	0
2350	0.000137063	0.000629267	0
2360	0.000180793	0.000703485	0
2370	0.000218534	0.000776631	0
2380	0.000249067	0.000842999	0
2390	0.000271542	0.000897402	0
2400	0.000285517	0.000935669	0
2410	0.000290972	0.000955049	0
2420	0.000288285	0.000954479	0
2430	0.00027819	0.000934692	0
2440	0.000261714	0.000898157	0
2450	0.0002401	0.000848847	0
2460	0.000214719	0.000791867	0
2470	0.000186988	0.000732969	0
2480	0.000158286	0.000678005	0
2490	0.00012988	0.000632367	0
2500	0.000102872	0.00060046	0
2510	7.81511e-05	0.000585272	0
2520	5.63838e-05	0.00058806	0
2530	3.79993e-05	0.000608207	0
2540	2.32102e-05	0.000643247	0
2550	1.20394e-05	0.000689072	0
2560	4.3528e-06	0.000740285	0
2570	-9.7746e-08	0.000790685	0
2580	-1.63139e-06	0.000833837	0
2590	-6.01049e-07	0.000863663	0
2600	2.63758e-06	0.00087502	0
2610	7.75781e-06	0.000864189	0
2620	1.44596e-05	0.000829252	0
2630	2.24571e-05	0.000770307	0
2640	3.15025e-05	0.000689498	0
2650	4.13645e-05	0.000590872	0
2660	5.18125e-05	0.000480052	0
2670	6.26021e-05	0.000363777	0
2680	7.3459e-05	0.000249339	0
2690	8.40634e-05	0.00014397	0
2700	9.40458e-05	5.4228e-05	0
2710	0.000102991	-1.4565e-05	0
2720	0.000110449	-5.87791e-05	0
2730	0.000115959	-7.67882e-05	0
2740	0.000119079	-6.91122e-05	0
2750	0.000119419	-3.83736e-05	0
2760	0.000116677	1.09273e-05	0
2770	0.000110676	7.27969e-05	0
2780	0.000101389	0.000140262	0
2790	8.89589e-05	0.000205965	0
2800	7.37088e-05	0.000262797	0
2810	5.61288e-05	0.000304499	0
2820	3.68582e-05	0.00032619	0
2830	1.66619e-05	0.00032477	0
2840	-3.62832e-06	0.000299168	0
2850	-2.31747e-05	0.000250419	0
2860	-4.11665e-05	0.000181556	0
2870	-5.68987e-05	9.73466e-05	0
2880	-6.98352e-05	3.88031e-06	0
2890	-7.96525e-05	-9.19575e-05	0
2900	-8.62614e-05	-0.00018307	0
2910	-8.98243e-05	-0.000262747	0
2920	-9.07456e-05	-0.00032521	0
2930	-8.96492e-05	-0.000366084	0
2940	-8.73348e-05	-0.00038274	0
2950	-8.47159e-05	-0.000374495	0
2960	-8.27503e-05	-0.00034265	0
2970	-8.23588e-05	-0.000290371	0
2980	-8.43462e-05	-0.000222415	0
2990	-8.93259e-05	-0.000144731	0
3000	-9.76583e-05	-6.39775e-05	0
3010	-0.000109407	1.3008e-05	0
3020	-0.000124311	7.97341e-05	0
3030	-0.000141777	0.000130547	0
3040	-0.00016091	0.000161042	0
3050	-0.000180542	0.000168363	0
3060	-0.000199312	0.000151385	0
3070	-0.000215776	0.000110738	0
3080	-0.000228443	4.87028e-05	0
3090	-0.000235858	-3.10229e-05	0
3100	-0.000236775	-0.000123651	0
3110	-0.000230252	-0.000223701	0
3120	-0.000215717	-0.000325422	0
3130	-0.000193033	-0.000423209	0
3140	-0.000162536	-0.000511979	0
3150	-0.000125032	-0.000587521	0
3160	-8.17797e-05	-0.000646753	0
3170	-3.44339e-05	-0.000687891	0
3180	1.50399e-05	-0.000710499	0
3190	6.44701e-05	-0.000715435	0
3200	0.000111608	-0.000704692	0
3210	0.000154254	-0.000681169	0
3220	0.000190399	-0.00064838	0
3230	0.00021835	-0.000610143	0
3240	0.000236836	-0.000570255	0
3250	0.000245093	-0.000532206	0
3260	0.000242907	-0.000498943	0
3270	0.000230632	-0.000472698	0
3280	0.00020917	-0.000454894	0
3290	0.000179916	-0.000446121	0
3300	0.000144675	-0.000446184	0
3310	0.000105558	-0.000454199	0
3320	6.48502e-05	-0.000468744	0
3330	2.48382e-05	-0.000488029	0
3340	-1.2289e-05	-0.000510072	0
3350	-4.45733e-05	-0.000532872	0
3360	-7.0404e-05	-0.00055455	0
3370	-8.8607e-05	-0.000573457	0
3380	-9.85055e-05	-0.000588252	0
3390	-9.99507e-05	-0.000597936	0
3400	-9.33192e-05	-0.000601852	0
3410	-7.94745e-05	-0.000599665	0
3420	-5.97052e-05	-0.000591312	0
3430	-3.56338e-05	-0.000576955	0
3440	-9.08021e-06	-0.000556921	0
3450	1.80314e-05	-0.00053165	0
3460	4.37972e-05	-0.000501652	0
3470	6.64734e-05	-0.000467482	0
3480	8.45761e-05	-0.000429723	0
3490	9.69144e-05	-0.000388992	0
3500	0.000102686	-0.00034594	0
3510	0.000101525	-0.00030127	0
3520	9.35025e-05	-0.000255737	0
3530	7.9095e-05	-0.000210146	0
3540	5.91383e-05	-0.000165333	0
3550	3.47859e-05	-0.000122138	0
3560	7.4062e-06	-8.13592e-05	0
3570	-2.15149e-05	-4.36929e-05	0
3580	-5.04616e-05	-9.67851e-06	0
3590	-7.79824e-05	2.03624e-05	0
3600	-0.000102771	4.63732e-05	0
3610	-0.00012373	6.85924e-05	0
3620	-0.000140045	8.75602e-05	0
3630	-0.000151153	0.000104096	0
3640	-0.000156778	0.000119246	0
3650	-0.000156933	0.000134212	0
3660	-0.000151884	0.000150249	0
3670	-0.000142101	0.000168555	0
3680	-0.000128213	0.000190158	0
3690	-0.000110944	0.000215807	0
3700	-9.10754e-05	0.000245883	0
3710	-6.93841e-05	0.000280335	0
3720	-4.66054e-05	0.000318651	0
3730	-2.33897e-05	0.000359872	0
3740	-2.84237e-07	0.000402638	0
3750	2.22741e-05	0.000445276	0
3760	4.39545e-05	0.00048592	0
3770	6.4519e-05	0.000522642	0
3780	8.38053e-05	0.000553602	0
3790	0.000101704	0.000577183	0
3800	0.000118134	0.000592119	0
3810	0.000133026	0.000597584	0
3820	0.000146297	0.000593251	0
3830	0.000157847	0.000579306	0
3840	0.000167557	0.000556423	0
3850	0.000175291	0.000525698	0
3860	0.000180912	0.00048855	0
3870	0.000184296	0.000446602	0
3880	0.000185353	0.000401553	0
3890	0.000184045	0.000355049	0
3900	0.000180404	0.000308575	0
3910	0.000174544	0.000263373	0
3920	0.000166661	0.000220381	0
3930	0.000157035	0.000180223	0
3940	0.000146014	0.000143223	0
3950	0.000134002	0.000109455	0
3960	0.000121424	7.88149e-05	0
3970	0.000108697	5.11072e-05	0
3980	9.61979e-05	2.61365e-05	0
3990	8.42338e-05	3.78942e-06	0
4000	7.30241e-05	-1.59e-05	0
4010	6.26746e-05	-3.27112e-05	0
4020	5.31723e-05	-4.62311e-05	0
4030	4.4382e-05	-5.5882e-05	0
4040	3.60513e-05	-6.09809e-05	0
4050	2.78205e-05	-6.08243e-05	0
4060	1.92663e-05	-5.47893e-05	0
4070	9.95803e-06	-4.24405e-05	0
4080	-5.09123e-07	-2.36281e-05	0
4090	-1.24813e-05	1.43541e-06	0
4100	-2.61936e-05	3.21288e-05	0
4110	-4.17359e-05	6.74143e-05	0
4120	-5.903e-05	0.000105871	0
4130	-7.78143e-05	0.000145769	0
4140	-9.76439e-05	0.000185181	0
4150	-0.000117904	0.00022212	0
4160	-0.000137839	0.000254688	0
4170	-0.000156592	0.000281235	0
4180	-0.000173245	0.000300486	0
4190	-0.000186889	0.000311663	0
4200	-0.000196681	0.000314556	0
4210	-0.000201899	0.000309547	0
4220	-0.000202	0.000297585	0
4230	-0.000196663	0.000280105	0
4240	-0.000185809	0.000258894	0
4250	-0.000169615	0.000235931	0
4260	-0.000148526	0.000213204	0
4270	-0.000123228	0.000192518	0
4280	-9.4619e-05	0.000175328	0
4290	-6.37563e-05	0.000162596	0
4300	-3.1799e-05	0.000154712	0
4310	5.69673e-08	0.000151457	0
4320	3.06503e-05	0.000152038	0
4330	5.89127e-05	0.000155175	0
4340	8.39221e-05	0.00015925	0
4350	0.000104953	0.000162488	0
4360	0.000121507	0.00016316	0
4370	0.000133323	0.000159793	0
4380	0.000140377	0.000151351	0
4390	0.000142856	0.000137386	0
4400	0.000141125	0.000118126	0
4410	0.000135686	9.45008e-05	0
4420	0.00012713	6.80863e-05	0
4430	0.000116088	4.09792e-05	0
4440	0.000103172	1.56127e-05	0
4450	8.89396e-05	-5.47244e-06	0
4460	7.38638e-05	-1.98858e-05	0
4470	5.82742e-05	-2.5648e-05	0
4480	4.23601e-05	-2.14278e-05	0
4490	2.61851e-05	-6.73103e-06	0
4500	9.69409e-06	1.79796e-05	0
4510	-7.2558e-06	5.12482e-05	0
4520	-2.48599e-05	9.06814e-05	0
4530	-4.33245e-05	0.000133095	0
4540	-6.28245e-05	0.000174742	0
4550	-8.34596e-05	0.000211609	0
4560	-0.000105213	0.000239746	0
4570	-0.00012793	0.000255622	0
4580	-0.000151301	0.000256456	0
4590	-0.000174864	0.0002405	0
4600	-0.000198024	0.000207247	0
4610	-0.000220068	0.000157537	0
4620	-0.000240209	9.35502e-05	0
4630	-0.00025764	1.86862e-05	0
4640	-0.000271595	-6.26725e-05	0
4650	-0.000281493	-0.000145483	0
4660	-0.000286661	-0.000224436	0
4670	-0.000286449	-0.000294379	0
4680	-0.000280439	-0.000350747	0
4690	-0.00026845	-0.000389948	0
4700	-0.00025056	-0.000409676	0
4710	-0.000226952	-0.000409122	0
4720	-0.000198037	-0.000389068	0
4730	-0.000164421	-0.000351846	0
4740	-0.000126872	-0.000301172	0
4750	-8.62891e-05	-0.000241846	0
4760	-4.36638e-05	-0.000179363	0
4770	-4.27935e-08	-0.00011947	0
4780	4.35026e-05	-6.77017e-05	0
4790	8.59094e-05	-2.8921e-05	0
4800	0.000126155	-6.91542e-06	0
4810	0.000163284	-4.07558e-06	0
4820	0.000196438	-2.11913e-05	0
4830	0.000224867	-5.73781e-05	0
4840	0.000247928	-0.000110139	0
4850	0.000265108	-0.000175551	0
4860	0.000276028	-0.000248569	0
4870	0.000280446	-0.000323414	0
4880	0.000278249	-0.000394021	0
4890	0.000269457	-0.000454508	0
4900	0.000254221	-0.000499634	0
4910	0.000232811	-0.000525196	0
4920	0.000205619	-0.000528345	0
4930	0.000173152	-0.000507788	0
4940	0.000136033	-0.00046387	0
4950	9.49974e-05	-0.000398524	0
4960	5.08921e-05	-0.000315105	0
4970	4.67795e-06	-0.000218111	0
4980	-4.2581e-05	-0.000112832	0
4990	-8.97372e-05	-4.94285e-06	0
5000	-0.000135543	9.99176e-05	0
5010	-0.000178639	0.000196546	0
5020	-0.000217739	0.000280519	0
5030	-0.000251528	0.00034847	0
5040	-0.000278718	0.000398274	0
5050	-0.000298121	0.000429119	0
5060	-0.000308797	0.000441471	0
5070	-0.000309981	0.000436948	0
5080	-0.00030117	0.000418123	0
5090	-0.000282175	0.000388256	0
5100	-0.000253147	0.000350994	0
5110	-0.000214628	0.000310045	0
5120	-0.000167556	0.000268872	0
5130	-0.000113253	0.000230412	0
5140	-5.33988e-05	0.000196868	0
5150	1.00442e-05	0.000169567	0
5160	7.49023e-05	0.00014891	0
5170	0.000138886	0.000134404	0
5180	0.000199688	0.000124774	0
5190	0.000255088	0.000118142	0
5200	0.000303049	0.000112251	0
5210	0.000341854	0.000104714	0
5220	0.000370145	9.32674e-05	0
5230	0.000386999	7.60054e-05	0
5240	0.000391929	5.15754e-05	0
5250	0.000384957	1.93177e-05	0
5260	0.000366655	-2.066e-05	0
5270	0.000337974	-6.74777e-05	0
5280	0.000300302	-0.000119549	0
5290	0.000255335	-0.000174713	0
5300	0.00020497	-0.00023041	0
5310	0.000151228	-0.0002839	0
5320	9.61568e-05	-0.00033249	0
5330	4.17712e-05	-0.000373758	0
5340	-1.00616e-05	-0.000405749	0
5350	-5.76706e-05	-0.000427122	0
5360	-9.95889e-05	-0.000437243	0
5370	-0.000134704	-0.000436215	0
5380	-0.000162204	-0.000424845	0
5390	-0.000181576	-0.000404553	0
5400	-0.000192633	-0.000377235	0
5410	-0.000195454	-0.000345085	0
5420	-0.000190364	-0.000310408	0
5430	-0.000177906	-0.000275433	0
5440	-0.000158807	-0.000242137	0
5450	-0.000133944	-0.00021211	0
5460	-0.000104295	-0.000186462	0
5470	-7.09229e-05	-0.000165776	0
5480	-3.49616e-05	-0.000150117	0
5490	2.41202e-06	-0.000139089	0
5500	3.99968e-05	-0.000131926	0
5510	7.65841e-05	-0.000127611	0
5520	0.000110978	-0.000125014	0
5530	0.000142013	-0.000123023	0
5540	0.000168579	-0.000120656	0
5550	0.000189644	-0.000117149	0
5560	0.00020429	-0.000112011	0
5570	0.000211743	-0.00010505	0
5580	0.000211413	-9.63614e-05	0
5590	0.000202928	-8.62815e-05	0
5600	0.00018617	-7.53143e-05	0
5610	0.000161305	-6.40406e-05	0
5620	0.000128806	-5.30194e-05	0
5630	8.94284e-05	-4.26907e-05	0
5640	4.42276e-05	-3.32946e-05	0
5650	-5.47436e-06	-2.48148e-05	0
5660	-5.81243e-05	-1.69557e-05	0
5670	-0.000111989	-9.15447e-06	0
5680	-0.000165214	-6.23852e-07	0
5690	-0.000215891	9.57385e-06	0
5700	-0.000262129	2.24286e-05	0
5710	-0.000302144	3.88733e-05	0
5720	-0.000334323	5.9666e-05	0
5730	-0.000357297	8.52773e-05	0
5740	-0.00037001	0.000115797	0
5750	-0.000371773	0.000150871	0
5760	-0.000362285	0.000189673	0
5770	-0.000341656	0.000230921	0
5780	-0.000310397	0.000272936	0
5790	-0.000269398	0.00031374	0
5800	-0.000219883	0.000351187	0
5810	-0.000163355	0.000383106	0
5820	-0.000101524	0.000407474	0
5830	-3.62366e-05	0.000422562	0
5840	3.06059e-05	0.000427085	0
5850	9.71188e-05	0.000420312	0
5860	0.000161504	0.000402138	0
5870	0.000222107	0.000373121	0
5880	0.000277463	0.000334444	0
5890	0.00032633	0.000287834	0
5900	0.000367708	0.000235435	0
5910	0.000400849	0.000179657	0
5920	0.000425252	0.000122994	0
5930	0.00044065	6.78585e-05	0
5940	0.000446993	1.64211e-05	0
5950	0.000444415	-2.95142e-05	0
5960	0.000433206	-6.86041e-05	0
5970	0.000413778	-0.000100016	0
5980	0.000386639	-0.000123436	0
5990	0.00035239	-0.000139027	0
6000	0.000311704	-0.000147362	0
6010	0.000265321	-0.000149319	0
6020	0.000214045	-0.000145961	0
6030	0.000158751	-0.000138414	0
6040	0.000100393	-0.000127745	0
6050	4.00018e-05	-0.000114863	0
6060	-2.13082e-05	-0.000100441	0
6070	-8.23466e-05	-8.48716e-05	0
6080	-0.000141859	-6.82545e-05	0
6090	-0.00019855	-5.04208e-05	0
6100	-0.000251111	-3.09835e-05	0
6110	-0.000298277	-9.41392e-06	0
6120	-0.000338887	1.48682e-05	0
6130	-0.000371833	4.23977e-05	0
6140	-0.000396176	7.35695e-05	0
6150	-0.000411214	0.000108559	0
6160	-0.00041651	0.00014726	0
6170	-0.000411926	0.000189257	0
6180	-0.000397637	0.000233811	0
6190	-0.000374134	0.000279885	0
6200	-0.00034221	0.000326192	0
6210	-0.000302944	0.000371253	0
6220	-0.000257652	0.000413487	0
6230	-0.000207822	0.000451296	0
6240	-0.000155057	0.000483155	0
6250	-0.000101	0.000507692	0
6260	-4.72571e-05	0.000523752	0
6270	4.65928e-06	0.000530451	0
6280	5.33927e-05	0.000527207	0
6290	9.77914e-05	0.000513761	0
6300	0.000136949	0.000490172	0
6310	0.00017022	0.000456807	0
6320	0.000197227	0.000414313	0
6330	0.000217846	0.000363589	0
6340	0.000232179	0.000305743	0
6350	0.000240524	0.000242064	0
6360	0.000243322	0.000173982	0
6370	0.000241114	0.000103041	0
6380	0.00023449	3.08647e-05	0
6390	0.000224063	-4.08684e-05	0
6400	0.000210421	-0.000110457	0
6410	0.000194104	-0.000176204	0
6420	0.000175581	-0.000236453	0
6430	0.000155242	-0.000289633	0
6440	0.000133404	-0.000334306	0
6450	0.000110319	-0.000369228	0
6460	8.61968e-05	-0.000393402	0
6470	6.12261e-05	-0.000406145	0
6480	3.56019e-05	-0.000407136	0
6490	9.55085e-06	-0.000396471	0
6500	-1.66424e-05	-0.000374689	0
6510	-4.26214e-05	-0.000342785	0
6520	-6.79519e-05	-0.00030219	0
6530	-9.21187e-05	-0.000254727	0
6540	-0.00011454	-0.00020254	0
6550	-0.000134598	-0.00014799	0
6560	-0.000151713	-9.35324e-05	0
6570	-0.000165301	-4.1577e-05	0
6580	-0.000174726	5.65664e-06	0
6590	-0.000179496	4.62818e-05	0
6600	-0.000179322	7.88708e-05	0
6610	-0.000174077	0.000102556	0
6620	-0.000163818	0.000117091	0
6630	-0.000148803	0.00012287	0
6640	-0.000129499	0.0001209	0
6650	-0.000106568	0.000112718	0
6660	-8.08457e-05	0.000100276	0
6670	-5.33097e-05	8.57827e-05	0
6680	-2.50348e-05	7.15264e-05	0
6690	2.8529e-06	5.96826e-05	0
6700	2.92039e-05	5.21242e-05	0
6710	5.29866e-05	5.02527e-05	0
6720	7.32598e-05	5.48671e-05	0
6730	8.92537e-05	6.6082e-05	0
6740	0.000100374	8.33046e-05	0
6750	0.000106231	0.000105275	0
6760	0.000106684	0.000130163	0
6770	0.000101844	0.000155728	0
6780	9.20627e-05	0.000179508	0
6790	7.79134e-05	0.000199051	0
6800	6.01702e-05	0.00021213	0
6810	3.97705e-05	0.000216959	0
6820	1.77841e-05	0.00021237	0
6830	-4.66665e-06	0.000197931	0
6840	-2.64261e-05	0.000174019	0
6850	-4.63806e-05	0.000141809	0
6860	-6.35076e-05	0.000103203	0
6870	-7.69064e-05	6.06899e-05	0
6880	-8.58387e-05	1.71388e-05	0
6890	-8.97697e-05	-2.4435e-05	0
6900	-8.83914e-05	-6.11305e-05	0
6910	-8.1638e-05	-9.04181e-05	0
6920	-6.97057e-05	-0.000110372	0
6930	-5.30093e-05	-0.000119858	0
6940	-3.21271e-05	-0.000118665	0
6950	-7.90881e-06	-0.000107551	0
6960	1.86091e-05	-8.82124e-05	0
6970	4.628e-05	-6.31678e-05	0
6980	7.38762e-05	-3.55668e-05	0
6990	0.00010011	-8.9408e-06	0
7000	0.000123695	1.30857e-05	0
7010	0.000143424	2.70977e-05	0
7020	0.000158213	3.01836e-05	0
7030	0.000167134	2.01953e-05	0
7040	0.000169447	-4.04799e-06	0
7050	0.000164637	-4.26294e-05	0
7060	0.000152432	-9.44919e-05	0
7070	0.000132898	-0.000157488	0
7080	0.000106388	-0.000228521	0
7090	7.35228e-05	-0.000303761	0
7100	3.52271e-05	-0.000378933	0
7110	-7.29276e-06	-0.000449637	0
7120	-5.25827e-05	-0.000511683	0
7130	-9.89875e-05	-0.000561408	0
7140	-0.000144706	-0.000595948	0
7150	-0.000187863	-0.000613441	0
7160	-0.000226592	-0.000613158	0
7170	-0.00025912	-0.000595523	0
7180	-0.000283846	-0.000562058	0
7190	-0.000299437	-0.00051523	0
7200	-0.000304907	-0.000458227	0
7210	-0.000299647	-0.000394685	0
7220	-0.000283499	-0.000328381	0
7230	-0.000256778	-0.000262929	0
7240	-0.000220309	-0.000201495	0
7250	-0.000175295	-0.000146567	0
7260	-0.000123371	-9.97866e-05	0
7270	-6.63906e-05	-6.18624e-05	0
7280	-6.45458e-06	-3.2566e-05	0
7290	5.4193e-05	-1.08117e-05	0
7300	0.000113287	5.1891e-06	0
7310	0.000168667	1.77117e-05	0
7320	0.000218335	2.92633e-05	0
7330	0.000260594	4.23152e-05	0
7340	0.000294091	5.90465e-05	0
7350	0.000317889	8.11152e-05	0
7360	0.0003315	0.000109483	0
7370	0.000334886	0.000144306	0
7380	0.000328437	0.0001849	0
7390	0.000312938	0.000229784	0
7400	0.000289495	0.000276797	0
7410	0.000259389	0.000323274	0
7420	0.000224116	0.000366271	0
7430	0.000185416	0.000402808	0
7440	0.000144874	0.000430113	0
7450	0.000103919	0.000445833	0
7460	6.37594e-05	0.000448223	0
7470	2.5402e-05	0.000436308	0
7480	-1.03647e-05	0.00040997	0
7490	-4.30292e-05	0.000369978	0
7500	-7.24015e-05	0.000317933	0
7510	-9.84746e-05	0.000256149	0
7520	-0.000121422	0.000187472	0
7530	-0.000141492	0.000115082	0
7540	-0.000159031	4.22604e-05	0
7550	-0.000174397	-2.78191e-05	0
7560	-0.000187894	-9.22935e-05	0
7570	-0.000199722	-0.000148773	0
7580	-0.000209945	-0.000195455	0
7590	-0.000218474	-0.000231185	0
7600	-0.000225069	-0.000255462	0
7610	-0.00022936	-0.000268395	0
7620	-0.000230884	-0.000270611	0
7630	-0.000229125	-0.000263141	0
7640	-0.000223562	-0.000247292	0
7650	-0.000213731	-0.00022452	0
7660	-0.000199273	-0.000196309	0
7670	-0.000179978	-0.000164062	0
7680	-0.000155835	-0.000129025	0
7690	-0.000127053	-9.22376e-05	0
7700	-9.40743e-05	-5.45155e-05	0
7710	-5.75738e-05	-1.64674e-05	0
7720	-1.84344e-05	2.14691e-05	0
7730	2.22813e-05	5.8973e-05	0
7740	6.33751e-05	9.57814e-05	0
7750	0.000103568	0.000131632	0
7760	0.000141554	0.000166221	0
7770	0.000176074	0.000199168	0
7780	0.000205971	0.000230019	0
7790	0.000230244	0.000258248	0
7800	0.000248088	0.000283299	0
7810	0.000258912	0.000304621	0
7820	0.00026226	0.000321728	0
7830	0.000258043	0.000334243	0
7840	0.000246543	0.000341938	0
7850	0.000228276	0.000344766	0
7860	0.000203952	0.000342864	0
7870	0.000174455	0.000336542	0
7880	0.000140816	0.000326252	0
7890	0.000104179	0.000312536	0
7900	6.57595e-05	0.000295968	0
7910	2.68086e-05	0.000277088	0
7920	-1.14341e-05	0.000256335	0
7930	-4.77708e-05	0.000234	0
7940	-8.10927e-05	0.000210187	0
7950	-0.000110393	0.000184811	0
7960	-0.000134773	0.00015761	0
7970	-0.000153472	0.000128199	0
7980	-0.000165889	9.61439e-05	0
7990	-0.000171595	6.10464e-05	0
8000	-0.000170353	2.26511e-05	0
8010	-0.000162131	-1.90583e-05	0
8020	-0.000147102	-6.37719e-05	0
8030	-0.000125648	-0.000110787	0
8040	-9.83677e-05	-0.000158977	0
8050	-6.6065e-05	-0.000206811	0
8060	-2.97401e-05	-0.000252407	0
8070	9.41809e-06	-0.000293639	0
8080	5.00738e-05	-0.000328274	0
8090	9.08003e-05	-0.000354133	0
8100	0.000130106	-0.000369268	0
8110	0.000166485	-0.00037213	0
8120	0.000198488	-0.000361719	0
8130	0.000224773	-0.000337702	0
8140	0.000244158	-0.000300478	0
8150	0.000255671	-0.0002512	0
8160	0.000258615	-0.000191732	0
8170	0.000252568	-0.000124546	0
8180	0.000237457	-5.2578e-05	0
8190	0.000213563	2.09597e-05	0
8200	0.000181482	9.27897e-05	0
8210	0.00014213	0.000159783	0
8220	9.66923e-05	0.000219164	0
8230	4.65716e-05	0.000268681	0
8240	-6.67573e-06	0.00030674	0
8250	-6.14129e-05	0.000332479	0
8260	-0.000116002	0.000345788	0
8270	-0.000168882	0.000347259	0
8280	-0.000218713	0.000338087	0
8290	-0.000264338	0.000319929	0
8300	-0.000304718	0.000294728	0
8310	-0.000339111	0.000264526	0
8320	-0.000367079	0.000231282	0
8330	-0.000388455	0.000196702	0
8340	-0.000403308	0.000162111	0
8350	-0.000411875	0.00012837	0
8360	-0.000414505	9.58515e-05	0
8370	-0.000411604	6.44662e-05	0
8380	-0.000403568	3.37484e-05	0
8390	-0.00039074	2.97936e-06	0
8400	-0.000373364	-2.86597e-05	0
8410	-0.000351566	-6.19228e-05	0
8420	-0.000325326	-9.73413e-05	0
8430	-0.000294489	-0.000135089	0
8440	-0.000258797	-0.000174884	0
8450	-0.000217935	-0.00021594	0
8460	-0.000171598	-0.000256976	0
8470	-0.000119566	-0.000296282	0
8480	-6.17756e-05	-0.000331837	0
8490	1.61378e-06	-0.000361469	0
8500	7.01458e-05	-0.000383043	0
8510	0.000143015	-0.000394659	0
8520	0.000219031	-0.000394838	0
8530	0.000296644	-0.000382686	0
8540	0.000373944	-0.000358009	0
8550	0.000448711	-0.000321374	0
8560	0.000518497	-0.000274114	0
8570	0.000580726	-0.000218259	0
8580	0.000632823	-0.000156412	0
8590	0.000672318	-9.15698e-05	0
8600	0.000697012	-2.69063e-05	0
8610	0.000705097	3.44596e-05	0
8620	0.000695199	8.96941e-05	0
8630	0.000666522	0.000136453	0
8640	0.000618932	0.000173049	0
8650	0.000553005	0.000198572	0
8660	0.000470012	0.000212943	0
8670	0.000371896	0.000216885	0
8680	0.000261257	0.00021183	0
8690	0.00014118	0.000199763	0
8700	1.50857e-05	0.000183019	0
8710	-0.000113325	0.000164055	0
8720	-0.000240194	0.000145211	0
8730	-0.000361713	0.0001285	0
8740	-0.000474206	0.000115425	0
8750	-0.000574299	0.000106861	0
8760	-0.000659014	0.000103002	0
8770	-0.00072591	0.000103376	0
8780	-0.000773221	0.000106915	0
8790	-0.000799684	0.000112091	0
8800	-0.000804653	0.00011709	0
8810	-0.000788136	0.000120031	0
8820	-0.000750842	0.000119183	0
8830	-0.000694147	0.000113182	0
8840	-0.000620028	0.000101189	0
8850	-0.000530985	8.30013e-05	0
8860	-0.000429947	5.90966e-05	0
8870	-0.000320186	3.06066e-05	0
8880	-0.000205213	-7.736e-07	0
8890	-8.86535e-05	-3.29405e-05	0
8900	2.58714e-05	-6.35801e-05	0
8910	0.000134872	-9.03855e-05	0
8920	0.000235103	-0.000111285	0
8930	0.000323671	-0.000124659	0
8940	0.000398124	-0.000129516	0
8950	0.000456482	-0.00012561	0
8960	0.000497341	-0.000113497	0
8970	0.000519912	-9.4504e-05	0
8980	0.000524046	-7.06272e-05	0
8990	0.000510222	-4.43603e-05	0
9000	0.000479509	-1.84645e-05	0
9010	0.00043355	4.29115e-06	0
9020	0.000374571	2.13979e-05	0
9030	0.000305204	3.08588e-05	0
9040	0.000228391	3.1394e-05	0
9050	0.000147275	2.25784e-05	0
9060	6.50736e-05	4.90622e-06	0
9070	-1.50535e-05	-2.0228e-05	0
9080	-9.01218e-05	-5.06333e-05	0
9090	-0.000157452	-8.34884e-05	0
9100	-0.000214797	-0.000115564	0
9110	-0.00026043	-0.000143514	0
9120	-0.000293209	-0.000164188	0
9130	-0.000312599	-0.000174941	0
9140	-0.000318678	-0.000173883	0
9150	-0.000312118	-0.000160076	0
9160	-0.000294072	-0.000133638	0
9170	-0.000266092	-9.57583e-05	0
9180	-0.000230035	-4.85994e-05	0
9190	-0.000187944	4.90635e-06	0
9200	-0.000141936	6.13328e-05	0
9210	-9.40955e-05	0.000117063	0
9220	-4.6376e-05	0.00016861	0
9230	-5.08524e-07	0.000212925	0
9240	4.20506e-05	0.000247675	0
9250	8.01513e-05	0.000271471	0
9260	0.000112963	0.000283991	0
9270	0.000139961	0.000285999	0
9280	0.000160905	0.000279255	0
9290	0.000175807	0.000266332	0
9300	0.000184876	0.000250355	0
9310	0.000188475	0.000234677	0
9320	0.000187075	0.000222536	0
9330	0.000181263	0.000216724	0
9340	0.000171649	0.000219286	0
9350	0.000158734	0.000231288	0
9360	0.000143019	0.000252662	0
9370	0.000125015	0.000282162	0
9380	0.000105231	0.000317429	0
9390	8.41612e-05	0.000355164	0
9400	6.2287e-05	0.000391384	0
9410	4.00868e-05	0.000421761	0
9420	1.80496e-05	0.000441986	0
9430	-3.31453e-06	0.000448156	0
9440	-2.34596e-05	0.000437128	0
9450	-4.18055e-05	0.00040682	0
9460	-5.77631e-05	0.000356435	0
9470	-7.07612e-05	0.000286571	0
9480	-8.02447e-05	0.00019923	0
9490	-8.5713e-05	9.77001e-05	0
9500	-8.67694e-05	-1.3663e-05	0
9510	-8.31573e-05	-0.000129744	0
9520	-7.47949e-05	-0.000245044	0
9530	-6.18079e-05	-0.000354082	0
9540	-4.45495e-05	-0.000451809	0
9550	-2.36083e-05	-0.000533971	0
9560	1.93999e-07	-0.000597427	0
9570	2.5824e-05	-0.000640361	0
9580	5.20769e-05	-0.000662397	0
9590	7.76355e-05	-0.000664603	0
9600	0.000101129	-0.000649368	0
9610	0.000121186	-0.000620187	0
9620	0.000136518	-0.000581356	0
9630	0.000146012	-0.000537605	0
9640	0.000148793	-0.000493708	0
9650	0.000144289	-0.000454087	0
9660	0.000132268	-0.000422456	0
9670	0.000112868	-0.000401527	0
9680	8.65993e-05	-0.000392804	0
9690	5.43356e-05	-0.000396476	0
9700	1.72763e-05	-0.000411429	0
9710	-2.31062e-05	-0.000435355	0
9720	-6.51393e-05	-0.000464956	0
9730	-0.000107034	-0.000496227	0
9740	-0.000146972	-0.00052479	0
9750	-0.000183205	-0.000546248	0
9760	-0.000214158	-0.000556539	0
9770	-0.0002385	-0.000552254	0
9780	-0.000255209	-0.000530895	0
9790	-0.000263639	-0.000491068	0
9800	-0.000263551	-0.000432576	0
9810	-0.000255121	-0.000356429	0
9820	-0.000238925	-0.000264758	0
9830	-0.000215906	-0.000160648	0
9840	-0.000187314	-4.79077e-05	0
9850	-0.000154626	6.92049e-05	0
9860	-0.00011947	0.000186275	0
9870	-8.35212e-05	0.000299019	0
9880	-4.83914e-05	0.000403552	0
9890	-1.55471e-05	0.000496609	0
9900	1.37717e-05	0.000575712	0
9910	3.86249e-05	0.00063928	0
9920	5.84184e-05	0.000686655	0
9930	7.29283e-05	0.000718067	0
9940	8.23013e-05	0.000734531	0
9950	8.70292e-05	0.000737701	0
9960	8.79015e-05	0.000729676	0
9970	8.59439e-05	0.000712805	0
9980	8.23372e-05	0.00068948	0
9990	7.83198e-05	0.000661947	0
10000	7.50897e-05	0.000632152	0
10010	7.37137e-05	0.000601621	0
10020	7.50472e-05	0.000571391	0
10030	7.96682e-05	0.000541991	0
10040	8.78272e-05	0.000513463	0
10050	9.94186e-05	0.000485426	0
10060	0.000113975	0.000457178	0
10070	0.000130689	0.000427808	0
10080	0.000148454	0.000396323	0
10090	0.000165945	0.000361775	0
10100	0.000181691	0.000323364	0
10110	0.000194163	0.000280532	0
10120	0.000201884	0.000233024	0
10130	0.000203538	0.000180919	0
10140	0.000198068	0.000124632	0
10150	0.000184765	6.48919e-05	0
10160	0.000163334	2.69756e-06	0
10170	0.000133938	-6.07465e-05	0
10180	9.72176e-05	-0.000124097	0
10190	5.42606e-05	-0.000185945	0
10200	6.57866e-06	-0.00024488	0
10210	-4.39573e-05	-0.000299561	0
10220	-9.52145e-05	-0.000348754	0
10230	-0.000144917	-0.000391371	0
10240	-0.000190751	-0.00042649	0
10250	-0.000230539	-0.000453361	0
10260	-0.000262369	-0.000471415	0
10270	-0.000284682	-0.000480254	0
10280	-0.000296387	-0.000479655	0
10290	-0.000296865	-0.000469566	0
10300	-0.000286048	-0.00045011	0
10310	-0.00026445	-0.000421593	0
10320	-0.000233141	-0.000384521	0
10330	-0.000193676	-0.000339614	0
10340	-0.000148002	-0.000287809	0
10350	-9.8364e-05	-0.000230266	0
10360	-4.71766e-05	-0.000168359	0
10370	3.08938e-06	-0.000103657	0
10380	5.00533e-05	-3.78853e-05	0
10390	9.15829e-05	2.71248e-05	0
10400	0.000125909	8.94939e-05	0
10410	0.000151727	0.000147364	0
10420	0.00016826	0.00019897	0
10430	0.000175293	0.000242717	0
10440	0.000173158	0.000277249	0
10450	0.000162707	0.000301514	0
10460	0.000145274	0.000314817	0
10470	0.000122558	0.000316856	0
10480	9.64816e-05	0.00030774	0
10490	6.90733e-05	0.000287995	0
10500	4.23508e-05	0.000258538	0
10510	1.81506e-05	0.000220643	0
10520	-2.01637e-06	0.000175879	0
10530	-1.70136e-05	0.000126028	0
10540	-2.61836e-05	7.30054e-05	0
10550	-2.93507e-05	1.87726e-05	0
10560	-2.67626e-05	-3.47344e-05	0
10570	-1.91015e-05	-8.56717e-05	0
10580	-7.52728e-06	-0.000132341	0
10590	6.44178e-06	-0.000173234	0
10600	2.10753e-05	-0.000207075	0
10610	3.45519e-05	-0.000232837	0
10620	4.50819e-05	-0.000249756	0
10630	5.10448e-05	-0.000257314	0
10640	5.1154e-05	-0.000255221	0
10650	4.44997e-05	-0.000243402	0
10660	3.06049e-05	-0.000221983	0
10670	9.4735e-06	-0.000191276	0
10680	-1.83761e-05	-0.000151782	0
10690	-5.19238e-05	-0.000104185	0
10700	-8.9712e-05	-4.93615e-05	0
10710	-0.000129925	1.16118e-05	0
10720	-0.000170487	7.74491e-05	0
10730	-0.000209173	0.000146654	0
10740	-0.000243723	0.000217529	0
10750	-0.000271984	0.000288191	0
10760	-0.000292027	0.000356608	0
10770	-0.000302259	0.000420649	0
10780	-0.000301521	0.000478143	0
10790	-0.00028916	0.000526964	0
10800	-0.000265071	0.000565127	0
10810	-0.000229703	0.000590883	0
10820	-0.000184049	0.000602826	0
10830	-0.000129606	0.000599974	0
10840	-6.83061e-05	0.000581845	0
10850	-2.4103e-06	0.000548495	0
10860	6.5589e-05	0.000500538	0
10870	0.000133075	0.000439129	0
10880	0.000197477	0.000365919	0
10890	0.000256396	0.000282988	0
10900	0.000307645	0.000192749	0
10910	0.000349409	9.78435e-05	0
10920	0.000380299	1.01534e-06	0
10930	0.0003994	-9.50023e-05	0
10940	0.000406291	-0.000187601	0
10950	0.000401047	-0.000274393	0
10960	0.000384219	-0.00035329	0
10970	0.000356737	-0.000422557	0
10980	0.000319885	-0.000480842	0
10990	0.000275235	-0.00052719	0
11000	0.000224533	-0.000561024	0
11010	0.000169573	-0.000582127	0
11020	0.000112179	-0.000590608	0
11030	5.41162e-05	-0.000586863	0
11040	-2.97234e-06	-0.000571526	0
11050	-5.76236e-05	-0.000545438	0
11060	-0.000108595	-0.00050962	0
11070	-0.00015489	-0.000465259	0
11080	-0.000195758	-0.0004137	0
11090	-0.00023069	-0.000356446	0
11100	-0.000259398	-0.000295152	0
11110	-0.000281791	-0.000231623	0
11120	-0.000297942	-0.000167791	0
11130	-0.000308067	-0.000105681	0
11140	-0.000312464	-4.73553e-05	0
11150	-0.000311505	5.16267e-06	0
11160	-0.000305616	4.99837e-05	0
11170	-0.000295257	8.54621e-05	0
11180	-0.000280913	0.000110313	0
11190	-0.000263046	0.000123719	0
11200	-0.000242121	0.000125425	0
11210	-0.000218637	0.000115799	0
11220	-0.000193122	9.58664e-05	0
11230	-0.0001661	6.72974e-05	0
11240	-0.000138113	3.23514e-05	0
11250	-0.000109723	-6.23165e-06	0
11260	-8.14657e-05	-4.53847e-05	0
11270	-5.38463e-05	-8.19089e-05	0
11280	-2.7275e-05	-0.000112693	0
11290	-2.07313e-06	-0.000134961	0
11300	2.13085e-05	-0.000146516	0
11310	4.26293e-05	-0.000145923	0
11320	6.17917e-05	-0.000132623	0
11330	7.88202e-05	-0.000106992	0
11340	9.38943e-05	-7.0337e-05	0
11350	0.000107241	-2.48319e-05	0
11360	0.000119126	2.66132e-05	0
11370	0.000129881	8.05415e-05	0
11380	0.00013984	0.00013319	0
11390	0.000149311	0.000180761	0
11400	0.000158542	0.00021971	0
11410	0.000167704	0.000247014	0
11420	0.000176849	0.000260421	0
11430	0.000185897	0.000258645	0
11440	0.000194621	0.000241495	0
11450	0.000202655	0.000209908	0
11460	0.000209495	0.000165899	0
11470	0.000214535	0.000112421	0
11480	0.0002171	5.31556e-05	0
11490	0.000216482	-7.76108e-06	0
11500	0.000211989	-6.6057e-05	0
11510	0.000203004	-0.000117647	0
11520	0.000189035	-0.00015894	0
11530	0.000169766	-0.0001871	0
11540	0.000145078	-0.000200259	0
11550	0.000115126	-0.000197639	0
11560	8.03252e-05	-0.000179607	0
11570	4.13456e-05	-0.000147625	0
11580	-8.99466e-07	-0.000104135	0
11590	-4.52705e-05	-5.23642e-05	0
11600	-9.04373e-05	3.91671e-06	0
11610	-0.00013493	6.06795e-05	0
11620	-0.0001772	0.000113938	0
11630	-0.000215696	0.000160042	0
11640	-0.00024892	0.000195936	0
11650	-0.000275505	0.000219376	0
11660	-0.000294274	0.00022908	0
11670	-0.000304314	0.000224799	0
11680	-0.000305022	0.000207313	0
11690	-0.000296161	0.000178339	0
11700	-0.000277889	0.000140372	0
11710	-0.000250764	9.64693e-05	0
11720	-0.00021573	4.99886e-05	0
11730	-0.000174083	4.31557e-06	0
11740	-0.000127418	-3.74069e-05	0
11750	-7.75606e-05	-7.25221e-05	0
11760	-2.64734e-05	-9.90596e-05	0
11770	2.38401e-05	-0.000115867	0
11780	7.14369e-05	-0.000122665	0
11790	0.000114524	-0.000120022	0
11800	0.00015156	-0.000109263	0
11810	0.000181333	-9.23184e-05	0
11820	0.000203007	-7.1513e-05	0
11830	0.000216156	-4.93285e-05	0
11840	0.000220791	-2.81565e-05	0
11850	0.000217346	-1.0071e-05	0
11860	0.000206639	3.3591e-06	0
11870	0.000189811	1.12039e-05	0
11880	0.000168253	1.3242e-05	0
11890	0.000143526	9.95591e-06	0
11900	0.000117257	2.45971e-06	0
11910	9.10498e-05	-7.63522e-06	0
11920	6.63937e-05	-1.8401e-05	0
11930	4.45745e-05	-2.78033e-05	0
11940	2.65971e-05	-3.39208e-05	0
11950	1.31393e-05	-3.5152e-05	0
11960	4.52156e-06	-3.03912e-05	0
11970	6.91874e-07	-1.91567e-05	0
11980	1.24213e-06	-1.65918e-06	0
11990	5.44188e-06	2.11951e-05	0
12000	1.22965e-05	4.78665e-05	0
12010	2.06185e-05	7.63032e-05	0
12020	2.90873e-05	0.00010411	0
12030	3.63584e-05	0.00012875	0
12040	4.11516e-05	0.000147755	0
12050	4.23196e-05	0.000158944	0
12060	3.8936e-05	0.000160598	0
12070	3.0363e-05	0.000151622	0
12080	1.63094e-05	0.000131632	0
12090	-3.12632e-06	0.000101001	0
12100	-2.75253e-05	6.08415e-05	0
12110	-5.6118e-05	1.29375e-05	0
12120	-8.78039e-05	-4.03719e-05	0
12130	-0.000121211	-9.63465e-05	0
12140	-0.000154765	-0.000152021	0
12150	-0.000186761	-0.000204394	0
12160	-0.00021545	-0.000250606	0
12170	-0.000239125	-0.000288108	0
12180	-0.000256206	-0.0003148	0
12190	-0.000265326	-0.000329134	0
12200	-0.000265411	-0.00033018	0
12210	-0.000255727	-0.000317658	0
12220	-0.000235934	-0.000291927	0
12230	-0.000206126	-0.000253944	0
12240	-0.000166833	-0.000205195	0
12250	-0.000119028	-0.000147599	0
12260	-6.41045e-05	-8.34073e-05	0
12270	-3.83889e-06	-1.50845e-05	0
12280	5.9666e-05	5.48138e-05	0
12290	0.000124048	0.000123747	0
12300	0.000186775	0.000189277	0
12310	0.000245241	0.000249148	0
12320	0.000296885	0.000301341	0
12330	0.000339298	0.000344122	0
12340	0.00037033	0.000376078	0
12350	0.000388195	0.000396156	0
12360	0.00039156	0.000403697	0
12370	0.000379623	0.000398479	0
12380	0.000352166	0.000380749	0
12390	0.000309584	0.00035125	0
12400	0.000252888	0.000311232	0
12410	0.000183688	0.000262443	0
12420	0.000104146	0.000207088	0
12430	1.68992e-05	0.000147745	0
12440	-7.50375e-05	8.72764e-05	0
12450	-0.000168393	2.86945e-05	0
12460	-0.000259767	-2.49734e-05	0
12470	-0.000345774	-7.0846e-05	0
12480	-0.000423182	-0.000106355	0
12490	-0.000489052	-0.000129414	0
12500	-0.000540856	-0.000138577	0
12510	-0.000576579	-0.000133173	0
12520	-0.000594788	-0.000113404	0
12530	-0.000594676	-8.03899e-05	0
12540	-0.000576083	-3.6152e-05	0
12550	-0.000539497	1.64722e-05	0
12560	-0.000486005	7.39768e-05	0
12570	-0.000417241	0.000132395	0
12580	-0.000335311	0.000187551	0
12590	-0.000242719	0.00023533	0
12600	-0.000142267	0.000271965	0
12610	-3.69372e-05	0.000294301	0
12620	7.01984e-05	0.00030004	0
12630	0.000176059	0.000287928	0
12640	0.000277646	0.000257866	0
12650	0.000372112	0.000210956	0
12660	0.000456836	0.000149447	0
12670	0.000529475	7.66064e-05	0
12680	0.000588022	-3.48865e-06	0
12690	0.000630851	-8.6226e-05	0
12700	0.000656751	-0.000166776	0
12710	0.000664959	-0.000240427	0
12720	0.000655181	-0.000302914	0
12730	0.000627609	-0.000350718	0
12740	0.00058292	-0.000381311	0
12750	0.000522283	-0.000393332	0
12760	0.000447334	-0.000386683	0
12770	0.000360148	-0.000362534	0
12780	0.000263191	-0.000323225	0
12790	0.000159266	-0.000272093	0
12800	5.14323e-05	-0.00021322	0
12810	-5.70997e-05	-0.000151123	0
12820	-0.000162992	-9.04299e-05	0
12830	-0.000262946	-3.55376e-05	0
12840	-0.000353847	9.71332e-06	0
12850	-0.00043281	4.23168e-05	0
12860	-0.000497294	6.03148e-05	0
12870	-0.000545249	6.29301e-05	0
12880	-0.00057521	5.06114e-05	0
12890	-0.00058638	2.49861e-05	0
12900	-0.000578669	-1.12777e-05	0
12910	-0.000552726	-5.4686e-05	0
12920	-0.000509947	-0.000101196	0
12930	-0.000452415	-0.000146534	0
12940	-0.000382819	-0.000186528	0
12950	-0.000304331	-0.000217434	0
12960	-0.000220479	-0.000236221	0
12970	-0.000134977	-0.000240798	0
12980	-5.1545e-05	-0.000230171	0
12990	2.62799e-05	-0.000204505	0
13000	9.53188e-05	-0.000165105	0
13010	0.000152917	-0.000114305	0
13020	0.000197083	-5.52738e-05	0
13030	0.000226588	8.2245e-06	0
13040	0.000241033	7.21271e-05	0
13050	0.000240858	0.000132379	0
13060	0.000227301	0.00018523	0
13070	0.000202319	0.000227496	0
13080	0.000168486	0.000256779	0
13090	0.000128811	0.000271614	0
13100	8.656e-05	0.000271539	0
13110	4.50519e-05	0.000257095	0
13120	7.45556e-06	0.000229741	0
13130	-2.341e-05	0.00019171	0
13140	-4.52532e-05	0.000145816	0
13150	-5.64554e-05	9.52207e-05	0
13160	-5.61763e-05	4.3183e-05	0
13170	-4.44022e-05	-7.18208e-06	0
13180	-2.19592e-05	-5.31257e-05	0
13190	9.55612e-06	-9.24474e-05	0
13200	4.788e-05	-0.000123626	0
13210	9.02267e-05	-0.000145888	0
13220	0.00013348	-0.000159219	0
13230	0.000174404	-0.000164306	0
13240	0.000209884	-0.000162432	0
13250	0.000237137	-0.000155327	0
13260	0.000253911	-0.00014499	0
13270	0.000258641	-0.000133495	0
13280	0.000250565	-0.000122803	0
13290	0.000229782	-0.000114588	0
13300	0.000197254	-0.000110101	0
13310	0.000154747	-0.000110072	0
13320	0.000104725	-0.000114659	0
13330	5.01803e-05	-0.000123452	0
13340	-5.57235e-06	-0.000135529	0
13350	-5.91166e-05	-0.00014955	0
13360	-0.00010717	-0.000163886	0
13370	-0.00014681	-0.000176777	0
13380	-0.00017567	-0.000186494	0
13390	-0.000192105	-0.000191499	0
13400	-0.000195311	-0.000190589	0
13410	-0.000185366	-0.000183008	0
13420	-0.000163227	-0.000168527	0
13430	-0.000130661	-0.00014747	0
13440	-9.01168e-05	-0.000120706	0
13450	-4.45477e-05	-8.9581e-05	0
13460	2.79058e-06	-5.58181e-05	0
13470	4.85661e-05	-2.13818e-05	0
13480	8.96013e-05	1.16823e-05	0
13490	0.000123086	4.14162e-05	0
13500	0.000146765	6.61148e-05	0
13510	0.000159081	8.44763e-05	0
13520	0.000159268	9.57251e-05	0
13530	0.000147376	9.96958e-05	0
13540	0.000124249	9.68708e-05	0
13550	9.14445e-05	8.83666e-05	0
13560	5.11353e-05	7.5869e-05	0
13570	5.85203e-06	6.15191e-05	0
13580	-4.16504e-05	4.77566e-05	0
13590	-8.85795e-05	3.7131e-05	0
13600	-0.000132316	3.20927e-05	0
13610	-0.000170582	3.47783e-05	0
13620	-0.000201518	4.68018e-05	0
13630	-0.000223925	6.90556e-05	0
13640	-0.000237285	0.000101582	0
13650	-0.00024162	0.000143522	0
13660	-0.000237508	0.000193111	0
13670	-0.000226034	0.000247741	0
13680	-0.000208671	0.000304084	0
13690	-0.000187051	0.000358275	0
13700	-0.000162822	0.000406132	0
13710	-0.000137588	0.000443438	0
13720	-0.000112793	0.00046625	0
13730	-8.94392e-05	0.000471218	0
13740	-6.81995e-05	0.000455877	0
13750	-4.94313e-05	0.000418911	0
13760	-3.30485e-05	0.000360334	0
13770	-1.86525e-05	0.000281588	0
13780	-5.64493e-06	0.000185546	0
13790	6.71743e-06	7.64014e-05	0
13800	1.92123e-05	-4.05287e-05	0
13810	3.25499e-05	-0.000159096	0
13820	4.72825e-05	-0.000272679	0
13830	6.37154e-05	-0.000374596	0
13840	8.18694e-05	-0.000458536	0
13850	0.000101451	-0.000519001	0
13860	0.000121794	-0.000551708	0
13870	0.000142162	-0.000553922	0
13880	0.000161363	-0.000524716	0
13890	0.000178113	-0.00046509	0
13900	0.000191261	-0.000377916	0
13910	0.000199778	-0.000267759	0
13920	0.000202828	-0.000140589	0
13930	0.000199874	-3.39072e-06	0
13940	0.000190722	0.000136258	0
13950	0.000175535	0.000270642	0
13960	0.000154846	0.000392355	0
13970	0.000129567	0.000494717	0
13980	0.000100941	0.000572153	0
13990	7.0474e-05	0.000620511	0
14000	3.97622e-05	0.000637293	0
14010	1.05473e-05	0.000621779	0
14020	-1.54101e-05	0.000575052	0
14030	-3.64874e-05	0.000499912	0
14040	-5.13647e-05	0.000400706	0
14050	-5.91329e-05	0.000283069	0
14060	-5.94158e-05	0.0001536	0
14070	-5.24077e-05	1.94862e-05	0
14080	-3.88938e-05	-0.000111901	0
14090	-2.02033e-05	-0.000233427	0
14100	1.86958e-06	-0.000338604	0
14110	2.51667e-05	-0.000421963	0
14120	4.73063e-05	-0.00047936	0
14130	6.58352e-05	-0.000508211	0
14140	7.84126e-05	-0.000507645	0
14150	8.29851e-05	-0.000478525	0
14160	7.79494e-05	-0.000423376	0
14170	6.22847e-05	-0.000346201	0
14180	3.56494e-05	-0.000252212	0
14190	-1.56448e-06	-0.000147487	0
14200	-4.82164e-05	-3.85909e-05	0
14210	-0.000102453	6.7838e-05	0
14220	-0.000161789	0.000165485	0
14230	-0.000223245	0.000248736	0
14240	-0.000283525	0.000313003	0
14250	-0.000339184	0.000354976	0
14260	-0.000386828	0.000372795	0
14270	-0.000423311	0.000366126	0
14280	-0.000445917	0.000336136	0
14290	-0.00045253	0.000285389	0
14300	-0.000441761	0.000217644	0
14310	-0.000413049	0.000137594	0
14320	-0.00036671	5.05458e-05	0
14330	-0.000303937	-3.79244e-05	0
14340	-0.000226744	-0.000122321	0
14350	-0.00013788	-0.000197566	0
14360	-4.06889e-05	-0.000259297	0
14370	6.1048e-05	-0.00030412	0
14380	0.000163307	-0.000329798	0
14390	0.000262021	-0.000335359	0
14400	0.000353275	-0.00032113	0
14410	0.000433494	-0.000288685	0
14420	0.000499608	-0.000240719	0
14430	0.000549192	-0.000180855	0
14440	0.00058056	-0.000113395	0
14450	0.00059283	-4.30356e-05	0
14460	0.00058593	2.54381e-05	0
14470	0.000560604	8.74626e-05	0
14480	0.000518337	0.000138984	0
14490	0.00046125	0.000176713	0
14500	0.000391979	0.000198327	0
14510	0.000313534	0.000202607	0
14520	0.000229154	0.000189506	0
14530	0.000142139	0.000160136	0
14540	5.57066e-05	0.00011668	0
14550	-2.71496e-05	6.22319e-05	0
14560	-0.000103782	5.7908e-07	0
14570	-0.000171986	-6.40637e-05	0
14580	-0.000230068	-0.000127348	0
14590	-0.000276891	-0.000185091	0
14600	-0.000311893	-0.000233567	0
14610	-0.000335072	-0.000269767	0
14620	-0.00034693	-0.000291602	0
14630	-0.000348422	-0.000298052	0
14640	-0.000340887	-0.00028923	0
14650	-0.00032594	-0.000266376	0
14660	-0.000305374	-0.000231753	0
14670	-0.000281042	-0.000188486	0
14680	-0.000254758	-0.00014032	0
14690	-0.000228189	-9.1339e-05	0
14700	-0.000202765	-4.5653e-05	0
14710	-0.000179607	-7.08231e-06	0
14720	-0.000159469	2.11407e-05	0
14730	-0.000142703	3.66279e-05	0
14740	-0.000129249	3.80323e-05	0
14750	-0.000118655	2.51652e-05	0
14760	-0.000110116	-9.74409e-07	0
14770	-0.000102539	-3.82628e-05	0
14780	-9.46216e-05	-8.36015e-05	0
14790	-8.49551e-05	-0.000133145	0
14800	-7.21338e-05	-0.000182588	0
14810	-5.48642e-05	-0.000227496	0
14820	-3.20772e-05	-0.000263651	0
14830	-3.03239e-06	-0.000287377	0
14840	3.25935e-05	-0.000295842	0
14850	7.46385e-05	-0.000287285	0
14860	0.000122416	-0.000261173	0
14870	0.000174707	-0.000218257	0
14880	0.000229783	-0.000160536	0
14890	0.000285467	-9.11149e-05	0
14900	0.00033924	-1.3989e-05	0
14910	0.000388354	6.62526e-05	0
14920	0.000429976	0.000144764	0
14930	0.00046135	0.0002168	0
14940	0.00047997	0.000278071	0
14950	0.000483744	0.00032506	0
14960	0.000471146	0.000355279	0
14970	0.000441338	0.000367444	0
14980	0.000394261	0.000361562	0
14990	0.000330688	0.00033891	0
15000	0.000252227	0.000301926	0
15010	0.000161278	0.000254005	0
15020	6.09397e-05	0.000199227	0
15030	-4.51191e-05	0.000142039	0
15040	-0.000152833	8.69065e-05	0
15050	-0.000257935	3.79773e-05	0
15060	-0.00035617	-1.23551e-06	0
15070	-0.000443508	-2.81146e-05	0
15080	-0.000516354	-4.11268e-05	0
15090	-0.000571731	-3.99235e-05	0
15100	-0.00060742	-2.5346e-05	0
15110	-0.000622083	6.63363e-07	0
15120	-0.000615315	3.52372e-05	0
15130	-0.000587662	7.48308e-05	0
15140	-0.000540597	0.000115521	0
15150	-0.000476411	0.000153334	0
15160	-0.000398068	0.000184573	0
15170	-0.000309052	0.000206123	0
15180	-0.000213177	0.000215704	0
15190	-0.000114389	0.000212061	0
15200	-1.65695e-05	0.000195066	0
15210	7.66468e-05	0.000165729	0
15220	0.000162036	0.000126122	0
15230	0.000236905	7.92149e-05	0
15240	0.000299188	2.86407e-05	0
15250	0.000347513	-2.15941e-05	0
15260	0.000381194	-6.74276e-05	0
15270	0.000400198	-0.000105067	0
15280	0.000405086	-0.00013129	0
15290	0.000396933	-0.000143701	0
15300	0.000377213	-0.00014092	0
15310	0.000347682	-0.000122704	0
15320	0.000310259	-8.99702e-05	0
15330	0.000266915	-4.47411e-05	0
15340	0.000219581	9.99658e-06	0
15350	0.000170076	7.05037e-05	0
15360	0.000120036	0.000132567	0
15370	7.08464e-05	0.000191811	0
15380	2.36703e-05	0.00024402	0
15390	-2.05894e-05	0.000285452	0
15400	-6.12636e-05	0.000313102	0
15410	-9.77737e-05	0.000324918	0
15420	-0.000129679	0.000319933	0
15430	-0.000156662	0.000298325	0
15440	-0.000178494	0.000261393	0
15450	-0.000195006	0.000211448	0
15460	-0.000206056	0.000151631	0
15470	-0.00021154	8.56689e-05	0
15480	-0.000211397	1.75907e-05	0
15490	-0.000205624	-4.85653e-05	0
15500	-0.000194294	-0.000109031	0
15510	-0.000177582	-0.000160559	0
15520	-0.000155794	-0.000200625	0
15530	-0.000129399	-0.000227569	0
15540	-9.90488e-05	-0.000240668	0
15550	-6.5587e-05	-0.000240138	0
15560	-3.0044e-05	-0.000227074	0
15570	6.37908e-06	-0.000203319	0
15580	4.23469e-05	-0.000171306	0
15590	7.64495e-05	-0.000133852	0
15600	0.000107266	-9.39546e-05	0
15610	0.000133443	-5.45751e-05	0
15620	0.000153778	-1.84489e-05	0
15630	0.000167305	1.20873e-05	0
15640	0.000173363	3.52312e-05	0
15650	0.000171646	4.98067e-05	0
15660	0.000162242	5.53078e-05	0
15670	0.000145647	5.18969e-05	0
15680	0.000122749	4.036e-05	0
15690	9.47841e-05	2.20223e-05	0
15700	6.32789e-05	-1.36648e-06	0
15710	2.99645e-05	-2.77671e-05	0
15720	-3.3202e-06	-5.49967e-05	0
15730	-3.4738e-05	-8.08744e-05	0
15740	-6.25627e-05	-0.000103359	0
15750	-8.52836e-05	-0.000120669	0
15760	-0.000101694	-0.000131383	0
15770	-0.000110977	-0.000134511	0
15780	-0.000112751	-0.00012954	0
15790	-0.000107082	-0.000116453	0
15800	-9.449e-05	-9.57228e-05	0
15810	-7.59133e-05	-6.82765e-05	0
15820	-5.26423e-05	-3.54411e-05	0
15830	-2.62315e-05	1.13196e-06	0
15840	1.61424e-06	3.95575e-05	0
15850	2.91316e-05	7.78184e-05	0
15860	5.46082e-05	0.000113873	0
15870	7.65002e-05	0.000145763	0
15880	9.35271e-05	0.000171718	0
15890	0.000104748	0.000190247	0
15900	0.000109622	0.000200214	0
15910	0.00010804	0.000200903	0
15920	0.00010033	0.000192052	0
15930	8.73245e-05	0.000173867	0
15940	7.0049e-05	0.000147003	0
15950	4.96777e-05	0.000112527	0
15960	2.75318e-05	7.18429e-05	0
15970	4.95638e-06	2.66067e-05	0
15980	-1.67957e-05	-2.13832e-05	0
15990	-3.665e-05	-7.02979e-05	0
16000	-5.37961e-05	-0.000118393	0
16010	-6.7733e-05	-0.000164114	0
16020	-7.82917e-05	-0.000206188	0
16030	-8.56462e-05	-0.000243686	0
16040	-9.0254e-05	-0.000276061	0
16050	-9.27968e-05	-0.000303152	0
16060	-9.40987e-05	-0.00032515	0
16070	-9.50084e-05	-0.000342533	0
16080	-9.63141e-05	-0.00035598	0
16090	-9.86535e-05	-0.000366261	0
16100	-0.000102433	-0.000374131	0
16110	-0.000107769	-0.000380211	0
16120	-0.000114451	-0.000384901	0
16130	-0.000121939	-0.0003883	0
16140	-0.000129392	-0.000390164	0
16150	-0.000135727	-0.0003899	0
16160	-0.00013971	-0.000386591	0
16170	-0.000140058	-0.000379079	0
16180	-0.000135537	-0.000366057	0
16190	-0.000125097	-0.00034621	0
16200	-0.000107979	-0.000318356	0
16210	-8.38055e-05	-0.000281597	0
16220	-5.26522e-05	-0.000235455	0
16230	-1.50785e-05	-0.000179987	0
16240	2.78669e-05	-0.000115856	0
16250	7.46931e-05	-4.43648e-05	0
16260	0.00012353	3.25735e-05	0
16270	0.000172229	0.000112511	0
16280	0.000218481	0.000192599	0
16290	0.00025996	0.000269761	0
16300	0.000294458	0.000340898	0
16310	0.000320027	0.000403105	0
16320	0.00033509	0.000453888	0
16330	0.000338547	0.000491347	0
16340	0.000329847	0.000514336	0
16350	0.000309048	0.00052255	0
16360	0.000276746	0.000516552	0
16370	0.000234088	0.000497737	0
16380	0.000182712	0.000468223	0
16390	0.000124636	0.00043069	0
16400	6.21463e-05	0.00038816	0
16410	-2.28168e-06	0.000343753	0
16420	-6.61371e-05	0.000300423	0
16430	-0.000127036	0.000260728	0
16440	-0.000182815	0.000226614	0
16450	-0.000231622	0.000199263	0
16460	-0.00027198	0.000179	0
16470	-0.000302835	0.00016528	0
16480	-0.000323572	0.000156757	0
16490	-0.000333996	0.00015143	0
16500	-0.000334302	0.000146844	0
16510	-0.000325026	0.000140349	0
16520	-0.000306985	0.000129369	0
16530	-0.000281198	0.000111686	0
16540	-0.000248831	8.5684e-05	0
16550	-0.000211144	5.05553e-05	0
16560	-0.000169423	6.43698e-06	0
16570	-0.000124944	-4.55348e-05	0
16580	-7.89251e-05	-0.000103259	0
16590	-3.2554e-05	-0.000163794	0
16600	1.30339e-05	-0.000223568	0
16610	5.6758e-05	-0.000278641	0
16620	9.76122e-05	-0.000325025	0
16630	0.000134658	-0.00035901	0
16640	0.000167027	-0.000377488	0
16650	0.000193923	-0.000378244	0
16660	0.000214642	-0.000360175	0
16670	0.000228597	-0.000323437	0
16680	0.000235345	-0.000269487	0
16690	0.000234611	-0.000201021	0
16700	0.000226325	-0.000121821	0
16710	0.000210647	-3.64991e-05	0
16720	0.000187999	4.98114e-05	0
16730	0.00015909	0.000131825	0
16740	0.000124906	0.000204482	0
16750	8.6707e-05	0.000263315	0
16760	4.59772e-05	0.000304771	0
16770	4.37629e-06	0.000326452	0
16780	-3.63298e-05	0.000327274	0
16790	-7.43542e-05	0.00030755	0
16800	-0.00010798	0.000268964	0
16810	-0.000135655	0.000214451	0
16820	-0.000156089	0.000147987	0
16830	-0.000168331	7.42993e-05	0
16840	-0.000171838	-1.46109e-06	0
16850	-0.000166524	-7.4093e-05	0
16860	-0.000152775	-0.000138715	0
16870	-0.000131451	-0.000191109	0
16880	-0.000103792	-0.00022801	0
16890	-7.14012e-05	-0.000247315	0
16900	-3.61497e-05	-0.000248195	0
16910	-4.8171e-08	-0.000231112	0
16920	3.48707e-05	-0.000197727	0
16930	6.66757e-05	-0.000150733	0
16940	9.36536e-05	-9.36082e-05	0
16950	0.000114412	-3.0326e-05	0
16960	0.000127964	3.49627e-05	0
16970	0.000133785	9.82425e-05	0
16980	0.000131843	0.000155919	0
16990	0.000122578	0.000205053	0
17000	0.000106876	0.000243516	0
17010	8.59898e-05	0.000270081	0
17020	6.14429e-05	0.000284412	0
17030	3.49027e-05	0.000286994	0
17040	8.08437e-06	0.000278989	0
17050	-1.73647e-05	0.000262043	0
17060	-3.99785e-05	0.000238081	0
17070	-5.85656e-05	0.000209081	0
17080	-7.22695e-05	0.00017688	0
17090	-8.06186e-05	0.000143018	0
17100	-8.35464e-05	0.000108631	0
17110	-8.13743e-05	7.4416e-05	0
17120	-7.47701e-05	4.06439e-05	0
17130	-6.46845e-05	7.23325e-06	0
17140	-5.22703e-05	-2.61317e-05	0
17150	-3.87859e-05	-5.98563e-05	0
17160	-2.55035e-05	-9.42806e-05	0
17170	-1.3619e-05	-0.000129534	0
17180	-4.14244e-06	-0.000165412	0
17190	2.14258e-06	-0.00020131	0
17200	4.73174e-06	-0.000236205	0
17210	3.419e-06	-0.000268694	0
17220	-1.7202e-06	-0.0002971	0
17230	-1.03218e-05	-0.000319619	0
17240	-2.17739e-05	-0.0003345	0
17250	-3.52755e-05	-0.000340244	0
17260	-4.98852e-05	-0.00033579	0
17270	-6.46234e-05	-0.000320676	0
17280	-7.84377e-05	-0.000295149	0
17290	-9.04054e-05	-0.000260215	0
17300	-9.96504e-05	-0.000217619	0
17310	-0.000105496	-0.00016975	0
17320	-0.000107405	-0.000119484	0
17330	-0.000105083	-6.99672e-05	0
17340	-9.84773e-05	-2.43696e-05	0
17350	-8.77515e-05	1.43789e-05	0
17360	-7.32628e-05	4.38383e-05	0
17370	-5.55302e-05	6.22728e-05	0
17380	-3.51921e-05	6.88079e-05	0
17390	-1.29447e-05	6.35155e-05	0
17400	1.04994e-05	4.7418e-05	0
17410	3.44359e-05	2.24103e-05	0
17420	5.81927e-05	-8.89483e-06	0
17430	8.11574e-05	-4.33841e-05	0
17440	0.000102771	-7.77079e-05	0
17450	0.000122538	-0.000108566	0
17460	0.000139999	-0.000132985	0
17470	0.000154745	-0.000148571	0
17480	0.000166407	-0.000153699	0
17490	0.000174646	-0.000147643	0
17500	0.000179146	-0.0001306	0
17510	0.000179615	-0.000103653	0
17520	0.000175795	-6.86463e-05	0
17530	0.000167481	-2.80078e-05	0
17540	0.000154537	1.5488e-05	0
17550	0.000136932	5.89746e-05	0
17560	0.00011476	9.97508e-05	0
17570	8.82771e-05	0.000135516	0
17580	5.79232e-05	0.000164562	0
17590	2.43382e-05	0.000185895	0
17600	-1.16417e-05	0.000199296	0
17610	-4.89856e-05	0.000205292	0
17620	-8.64941e-05	0.000205056	0
17630	-0.00012284	0.000200249	0
17640	-0.000156622	0.0001928	0
17650	-0.000186436	0.000184688	0
17660	-0.000210937	0.000177722	0
17670	-0.000228923	0.000173331	0
17680	-0.000239406	0.000172391	0
17690	-0.000241688	0.0001751	0
17700	-0.000235422	0.000180933	0
17710	-0.00022065	0.00018867	0
17720	-0.00019782	0.000196508	0
17730	-0.00016778	0.000202228	0
17740	-0.000131745	0.000203422	0
17750	-9.12402e-05	0.000197749	0
17760	-4.80203e-05	0.000183201	0
17770	-3.97448e-06	0.000158357	0
17780	3.89842e-05	0.000122586	0
17790	7.9015e-05	7.61916e-05	0
17800	0.000114454	2.04754e-05	0
17810	0.000143925	-4.22946e-05	0
17820	0.000166395	-0.000109003	0
17830	0.000181221	-0.000175892	0
17840	0.000188189	-0.000238839	0
17850	0.00018752	-0.000293678	0
17860	0.000179823	-0.000336547	0
17870	0.000166047	-0.000364218	0
17880	0.000147398	-0.0003744	0
17890	0.00012526	-0.000365963	0
17900	0.000101089	-0.000339083	0
17910	7.63157e-05	-0.000295278	0
17920	5.22554e-05	-0.000237336	0
17930	3.00331e-05	-0.000169136	0
17940	1.05151e-05	-9.53697e-05	0
17950	-5.7254e-06	-2.11958e-05	0
17960	-1.84218e-05	4.81665e-05	0
17970	-2.76121e-05	0.00010785	0
17980	-3.36075e-05	0.000153739	0
17990	-3.69389e-05	0.000182808	0
18000	-3.82925e-05	0.00019339	0
