0	0	0	0
1000	-0.0109089	8.53358e-19	0
2000	-0.0218665	1.6721e-18	0
3000	-0.0328191	2.50738e-18	0
4000	-0.0437667	3.27321e-18	0
5000	-0.0547094	4.18729e-18	0
6000	-0.0656471	5.02448e-18	0
7000	-0.0765799	5.90104e-18	0
8000	-0.0875078	6.70057e-18	0
9000	-0.0984307	7.44614e-18	0
10000	-0.109349	8.34918e-18	0
11000	-0.120262	9.16105e-18	0
12000	-0.13117	9.99502e-18	0
13000	-0.142073	1.06947e-17	0
14000	-0.152971	1.16018e-17	0
15000	-0.163865	1.24555e-17	0
16000	-0.174753	1.33038e-17	0
17000	-0.185637	1.41096e-17	0
18000	-0.196516	1.48183e-17	0
19000	-0.207389	1.56427e-17	0
20000	-0.218258	1.65296e-17	0
21000	-0.229122	1.73526e-17	0
22000	-0.239981	1.83122e-17	0
23000	-0.250835	1.91769e-17	0
24000	-0.261685	1.98855e-17	0
25000	-0.272529	2.0752e-17	0
26000	-0.283369	2.1577e-17	0
27000	-0.294204	2.24101e-17	0
28000	-0.305033	2.32567e-17	0
29000	-0.315858	2.40641e-17	0
30000	-0.326678	2.49455e-17	0
31000	-0.337494	2.5685e-17	0
32000	-0.348304	2.65768e-17	0
33000	-0.359109	2.73869e-17	0
34000	-0.36991	2.81771e-17	0
35000	-0.380706	2.90448e-17	0
36000	-0.391497	2.98354e-17	0
37000	-0.402283	3.06451e-17	0
38000	-0.413064	3.1423e-17	0
39000	-0.423841	3.22239e-17	0
40000	-0.434612	3.3048e-17	0
41000	-0.445379	3.38389e-17	0
42000	-0.456141	3.461e-17	0
43000	-0.466898	3.55623e-17	0
44000	-0.477651	3.6391e-17	0
45000	-0.488398	3.71854e-17	0
46000	-0.499141	3.79365e-17	0
47000	-0.509879	3.88927e-17	0
48000	-0.520612	3.97103e-17	0
49000	-0.53134	4.04997e-17	0
50000	-0.542064	4.12352e-17	0
51000	-0.552782	4.20247e-17	0
52000	-0.563496	4.27736e-17	0
53000	-0.574205	4.37128e-17	0
54000	-0.58491	4.44946e-17	0
55000	-0.595609	4.53153e-17	0
56000	-0.606304	4.61603e-17	0
57000	-0.616994	4.70488e-17	0
58000	-0.627679	4.78949e-17	0
59000	-0.638359	4.86695e-17	0
60000	-0.649035	4.94484e-17	0
61000	-0.659706	5.01821e-17	0
62000	-0.670372	5.10203e-17	0
63000	-0.681033	5.18675e-17	0
64000	-0.69169	5.27602e-17	0
65000	-0.702342	5.36248e-17	0
66000	-0.712989	5.43924e-17	0
67000	-0.723631	5.51472e-17	0
68000	-0.734269	5.59079e-17	0
69000	-0.744902	5.67279e-17	0
70000	-0.75553	5.75255e-17	0
71000	-0.766153	5.8374e-17	0
72000	-0.776772	5.9218e-17	0
73000	-0.787386	6.00193e-17	0
74000	-0.797995	6.08628e-17	0
75000	-0.8086	6.16329e-17	0
76000	-0.819199	6.25361e-17	0
77000	-0.829794	6.33936e-17	0
78000	-0.840385	6.42177e-17	0
79000	-0.85097	6.50254e-17	0
80000	-0.861551	6.58776e-17	0
81000	-0.872128	6.66888e-17	0
82000	-0.882699	6.74876e-17	0
83000	-0.893266	6.83312e-17	0
84000	-0.903828	6.91263e-17	0
85000	-0.914386	6.9892e-17	0
86000	-0.924938	7.06752e-17	0
87000	-0.935486	7.14642e-17	0
88000	-0.94603	7.22023e-17	0
89000	-0.956568	7.29582e-17	0
90000	-0.967102	7.38035e-17	0
91000	-0.977632	7.46747e-17	0
92000	-0.988156	7.55102e-17	0
93000	-0.998676	7.64059e-17	0
94000	-1.00919	7.7272e-17	0
95000	-1.0197	7.80742e-17	0
96000	-1.03021	7.88387e-17	0
97000	-1.04071	7.97033e-17	0
98000	-1.05121	8.05776e-17	0
99000	-1.0617	8.13886e-17	0
100000	-1.07219	8.22728e-17	0
