0	0	0	0
10	1.61985e-12	4.70967e-11	2.98207e-13
20	-3.61118e-10	8.68019e-09	7.27291e-11
30	3.04433e-09	-1.79001e-08	9.21619e-10
40	6.16244e-09	-1.53842e-08	5.64311e-10
50	5.60917e-09	-9.20755e-09	1.44887e-09
60	5.66225e-09	-2.95557e-09	1.26182e-09
70	5.66581e-09	-3.31177e-09	1.37217e-09
80	5.74729e-09	-7.6982e-09	1.35397e-09
90	5.80569e-09	-1.44285e-08	1.29802e-09
100	5.83588e-09	-2.2788e-08	1.17526e-09
110	5.8387e-09	-3.21465e-08	1.03283e-09
120	5.81618e-09	-4.19774e-08	9.23686e-10
130	5.76252e-09	-5.17928e-08	8.84433e-10
140	5.66862e-09	-6.08274e-08	9.49699e-10
150	5.53861e-09	-6.70004e-08	1.13685e-09
160	5.43248e-09	-6.7992e-08	1.47197e-09
170	5.38947e-09	-6.49527e-08	1.89861e-09
180	5.41272e-09	-5.85893e-08	2.23646e-09
190	5.51114e-09	-4.92353e-08	2.32336e-09
200	5.69881e-09	-3.73288e-08	2.13601e-09
210	5.97907e-09	-2.34981e-08	1.6579e-09
220	6.3486e-09	-8.56223e-09	8.74232e-10
230	6.76684e-09	4.13985e-09	-2.24759e-10
240	7.14995e-09	7.62327e-09	-1.48324e-09
250	7.42815e-09	1.01818e-08	-2.75374e-09
260	7.57779e-09	1.27081e-08	-3.73101e-09
270	7.57647e-09	1.51613e-08	-4.32247e-09
280	7.39361e-09	1.74844e-08	-4.56954e-09
290	6.98526e-09	1.96452e-08	-4.42472e-09
300	6.43276e-09	2.16676e-08	-3.80995e-09
310	5.38623e-09	2.35866e-08	-2.92213e-09
320	4.13812e-09	2.5466e-08	-1.59729e-09
330	2.92334e-09	2.72965e-08	1.74038e-10
340	1.9225e-09	2.91989e-08	2.30727e-09
350	1.287e-09	3.11757e-08	4.50718e-09
360	1.12055e-09	3.32337e-08	6.30507e-09
370	1.53134e-09	3.54257e-08	7.44969e-09
380	2.59793e-09	3.78147e-08	7.61196e-09
390	4.43976e-09	4.0434e-08	6.56108e-09
400	7.00343e-09	4.32314e-08	4.07322e-09
410	9.94637e-09	4.61794e-08	1.68188e-10
420	1.2627e-08	4.91773e-08	-5.52104e-09
430	1.47574e-08	5.1886e-08	-1.27256e-08
440	1.59129e-08	5.39172e-08	-2.10638e-08
450	1.57707e-08	5.5275e-08	-2.97564e-08
460	1.39424e-08	5.5892e-08	-3.83309e-08
470	1.02592e-08	5.54619e-08	-4.6487e-08
480	4.95202e-09	5.3732e-08	-5.42562e-08
490	-1.38752e-09	5.18813e-08	-6.05386e-08
500	-6.7182e-09	5.0606e-08	-6.31427e-08
510	-1.3019e-08	4.96606e-08	-6.31067e-08
520	-1.94324e-08	5.0066e-08	-5.87454e-08
530	-2.52839e-08	5.15506e-08	-5.00643e-08
540	-2.99455e-08	5.32557e-08	-3.77473e-08
550	-3.27761e-08	5.50254e-08	-2.16675e-08
560	-3.28586e-08	5.67669e-08	-4.66515e-10
570	-2.86258e-08	5.69336e-08	2.74355e-08
580	-1.76373e-08	5.49618e-08	6.80789e-08
590	4.45323e-09	4.95328e-08	1.1514e-07
600	3.82762e-08	4.19268e-08	1.77177e-07
610	9.50299e-08	2.765e-08	2.56671e-07
620	1.84741e-07	3.01989e-09	3.51956e-07
630	3.39878e-07	-3.81539e-08	4.68547e-07
640	6.09415e-07	-1.09015e-07	6.12092e-07
650	1.05199e-06	-2.36561e-07	7.84527e-07
660	1.73231e-06	-4.38419e-07	9.75115e-07
670	2.71808e-06	-7.25724e-07	1.16416e-06
680	4.07544e-06	-1.11383e-06	1.32417e-06
690	5.86422e-06	-1.61797e-06	1.42033e-06
700	8.13305e-06	-2.25165e-06	1.41247e-06
710	1.09168e-05	-3.02475e-06	1.25691e-06
720	1.42415e-05	-3.94115e-06	9.12158e-07
730	1.81244e-05	-5.0044e-06	3.45088e-07
740	2.25646e-05	-6.2171e-06	-4.72646e-07
750	2.75374e-05	-7.58459e-06	-1.56389e-06
760	3.29935e-05	-9.14612e-06	-2.92822e-06
770	3.88594e-05	-1.0968e-05	-4.54497e-06
780	4.50391e-05	-1.31201e-05	-6.38753e-06
790	5.14159e-05	-1.56727e-05	-8.4253e-06
800	5.78569e-05	-1.86937e-05	-1.06253e-05
810	6.4217e-05	-2.22449e-05	-1.29535e-05
820	7.03456e-05	-2.63839e-05	-1.53812e-05
830	7.6093e-05	-3.12315e-05	-1.79595e-05
840	8.13207e-05	-3.68643e-05	-2.07237e-05
850	8.59074e-05	-4.3305e-05	-2.36926e-05
860	8.97496e-05	-5.05615e-05	-2.69072e-05
870	9.27758e-05	-5.86416e-05	-3.04142e-05
880	9.50142e-05	-6.75075e-05	-3.42635e-05
890	9.64728e-05	-7.70099e-05	-3.85255e-05
900	9.71395e-05	-8.68767e-05	-4.3177e-05
910	9.70146e-05	-9.68025e-05	-4.81759e-05
920	9.61189e-05	-0.000106466	-5.34622e-05
930	9.44975e-05	-0.000115579	-5.898e-05
940	9.22259e-05	-0.000123993	-6.47369e-05
950	8.94136e-05	-0.000131479	-7.06556e-05
960	8.62014e-05	-0.000137847	-7.66452e-05
970	8.27527e-05	-0.000142983	-8.26169e-05
980	7.92432e-05	-0.000146841	-8.84852e-05
990	7.58503e-05	-0.00014945	-9.41694e-05
1000	7.27406e-05	-0.000150905	-9.95947e-05
1010	7.00565e-05	-0.000151352	-0.000104691
1020	6.79045e-05	-0.000150979	-0.000109392
1030	6.63471e-05	-0.000149999	-0.000113636
1040	6.54002e-05	-0.000148634	-0.000117365
1050	6.50319e-05	-0.000147103	-0.000120522
1060	6.51659e-05	-0.000145606	-0.000123059
1070	6.56907e-05	-0.000144313	-0.000124929
1080	6.64713e-05	-0.000143361	-0.000126093
1090	6.73602e-05	-0.000142842	-0.000126523
1100	6.82106e-05	-0.000142802	-0.000126201
1110	6.88893e-05	-0.000143243	-0.000125122
1120	6.92906e-05	-0.000144126	-0.000123297
1130	6.93454e-05	-0.000145379	-0.000120757
1140	6.90296e-05	-0.000146906	-0.000117553
1150	6.83668e-05	-0.000148601	-0.00011376
1160	6.74277e-05	-0.000150355	-0.000109472
1170	6.63265e-05	-0.000152077	-0.000104803
1180	6.52125e-05	-0.000153696	-9.98851e-05
1190	6.42596e-05	-0.000155175	-9.48612e-05
1200	6.36536e-05	-0.000156519	-8.98833e-05
1210	6.35779e-05	-0.000157772	-8.5105e-05
1220	6.41917e-05	-0.000159024	-8.06738e-05
1230	6.56216e-05	-0.000160406	-7.67261e-05
1240	6.79542e-05	-0.000162076	-7.33823e-05
1250	7.12249e-05	-0.000164212	-7.0741e-05
1260	7.54125e-05	-0.000166997	-6.88763e-05
1270	8.04371e-05	-0.000170597	-6.78358e-05
1280	8.61576e-05	-0.000175065	-6.75887e-05
1290	9.23811e-05	-0.000180355	-6.80514e-05
1300	9.8911e-05	-0.000186575	-6.92422e-05
1310	0.000105569	-0.000193754	-7.11623e-05
1320	0.00011222	-0.000201497	-7.3439e-05
1330	0.00011877	-0.00020969	-7.59762e-05
1340	0.000125152	-0.000218336	-7.87722e-05
1350	0.000131305	-0.000227429	-8.17979e-05
1360	0.000137182	-0.000236942	-8.50025e-05
1370	0.00014277	-0.000246867	-8.82865e-05
1380	0.00014807	-0.000257213	-9.15098e-05
1390	0.000153094	-0.000267808	-9.46138e-05
1400	0.000157859	-0.000278459	-9.75336e-05
1410	0.000162391	-0.000288981	-0.000100189
1420	0.000166717	-0.000299221	-0.000102478
1430	0.000170871	-0.000309031	-0.000104299
1440	0.00017489	-0.000318265	-0.000105559
1450	0.000178811	-0.000326787	-0.000106209
1460	0.00018267	-0.000334481	-0.000106215
1470	0.000186503	-0.000341134	-0.00010559
1480	0.000190342	-0.000346568	-0.000104361
1490	0.000194214	-0.000350655	-0.000102572
1500	0.000198141	-0.00035333	-0.00010028
1510	0.000202132	-0.00035459	-9.75569e-05
1520	0.000206185	-0.000354506	-9.44859e-05
1530	0.000210285	-0.000353214	-9.11583e-05
1540	0.000214413	-0.000350911	-8.76707e-05
1550	0.000218542	-0.000347842	-8.41223e-05
1560	0.000222639	-0.000344285	-8.06118e-05
1570	0.00022667	-0.000340535	-7.72356e-05
1580	0.0002306	-0.000336882	-7.40832e-05
1590	0.000234396	-0.000333595	-7.1234e-05
1600	0.000238032	-0.000330901	-6.8755e-05
1610	0.000241487	-0.000328976	-6.66984e-05
1620	0.000244746	-0.000327934	-6.51009e-05
1630	0.000247804	-0.000327821	-6.39822e-05
1640	0.000250662	-0.000328617	-6.33461e-05
1650	0.000253329	-0.000330239	-6.31828e-05
1660	0.000255817	-0.000332552	-6.34672e-05
1670	0.000258146	-0.000335379	-6.41611e-05
1680	0.000260338	-0.000338521	-6.52149e-05
1690	0.000262416	-0.000341769	-6.65702e-05
1700	0.000264401	-0.000344925	-6.81623e-05
1710	0.000266315	-0.000347814	-6.99241e-05
1720	0.000268173	-0.000350302	-7.17889e-05
1730	0.00026999	-0.000352295	-7.36901e-05
1740	0.000271775	-0.00035375	-7.55629e-05
1750	0.000273537	-0.000354674	-7.73459e-05
1760	0.000275276	-0.000355124	-7.89834e-05
1770	0.000276988	-0.000355203	-8.04255e-05
1780	0.000278664	-0.000355043	-8.16297e-05
1790	0.000280293	-0.000354793	-8.2561e-05
1800	0.000281863	-0.000354603	-8.31923e-05
1810	0.000283359	-0.000354611	-8.35042e-05
1820	0.000284771	-0.000354923	-8.34852e-05
1830	0.000286089	-0.000355607	-8.31313e-05
1840	0.000287308	-0.000356678	-8.24451e-05
1850	0.000288426	-0.000358101	-8.14357e-05
1860	0.000289446	-0.000359783	-8.01181e-05
1870	0.000290374	-0.000361588	-7.85126e-05
1880	0.00029122	-0.000363341	-7.66438e-05
1890	0.000291995	-0.000364842	-7.45404e-05
1900	0.000292713	-0.000365887	-7.22344e-05
1910	0.000293388	-0.00036628	-6.97611e-05
1920	0.000294031	-0.000365853	-6.71582e-05
1930	0.000294652	-0.000364481	-6.44656e-05
1940	0.000295256	-0.000362094	-6.17241e-05
1950	0.000295845	-0.000358688	-5.89753e-05
1960	0.000296412	-0.000354325	-5.62614e-05
1970	0.000296952	-0.000349133	-5.36241e-05
1980	0.000297457	-0.0003433	-5.11057e-05
1990	0.000297928	-0.000337067	-4.87519e-05
2000	0.00029838	-0.000330834	-4.668e-05
2010	0.000298786	-0.000325017	-4.4962e-05
2020	0.000299105	-0.000319797	-4.35428e-05
2030	0.000299342	-0.000315332	-4.24304e-05
2040	0.000299513	-0.000311778	-4.16757e-05
2050	0.000299645	-0.000309253	-4.13309e-05
2060	0.000299763	-0.000307818	-4.1436e-05
2070	0.000299871	-0.000307476	-4.20082e-05
2080	0.000299961	-0.000308172	-4.30452e-05
2090	0.000300022	-0.000309796	-4.45306e-05
2100	0.000300052	-0.000312178	-4.64444e-05
2110	0.000300057	-0.000314975	-4.88455e-05
2120	0.000300067	-0.000318015	-5.16867e-05
2130	0.000300098	-0.000321211	-5.48441e-05
2140	0.000300117	-0.000324528	-5.81449e-05
2150	0.000300135	-0.000327862	-6.1472e-05
2160	0.000300164	-0.000331113	-6.47094e-05
2170	0.000300202	-0.000334182	-6.77529e-05
2180	0.000300258	-0.000336979	-7.05221e-05
2190	0.00030033	-0.000339422	-7.29377e-05
2200	0.000300416	-0.000341431	-7.49273e-05
2210	0.000300507	-0.000342956	-7.6422e-05
2220	0.000300608	-0.000343968	-7.74013e-05
2230	0.000300724	-0.000344467	-7.78592e-05
2240	0.000300848	-0.000344476	-7.78279e-05
2250	0.000300957	-0.000344206	-7.7577e-05
2260	0.000301047	-0.000343853	-7.74039e-05
2270	0.000301111	-0.00034346	-7.73437e-05
2280	0.00030114	-0.000343037	-7.73909e-05
2290	0.000301143	-0.000342551	-7.75249e-05
2300	0.000301141	-0.000341965	-7.76972e-05
2310	0.000301143	-0.000341294	-7.79003e-05
2320	0.000301146	-0.000340568	-7.81223e-05
2330	0.000301143	-0.000339815	-7.8356e-05
2340	0.000301136	-0.000339064	-7.85876e-05
2350	0.000301122	-0.000338343	-7.8803e-05
2360	0.00030111	-0.000337684	-7.90006e-05
2370	0.000301102	-0.000337136	-7.91665e-05
2380	0.0003011	-0.00033677	-7.92827e-05
2390	0.000301093	-0.000336656	-7.93284e-05
2400	0.000301058	-0.000336764	-7.93123e-05
2410	0.000300956	-0.000336916	-7.92734e-05
2420	0.000300762	-0.000337116	-7.92188e-05
2430	0.000300455	-0.000337372	-7.91609e-05
2440	0.000300025	-0.0003377	-7.91139e-05
2450	0.000299472	-0.000338132	-7.90921e-05
2460	0.000298807	-0.000338707	-7.91123e-05
2470	0.000298049	-0.00033945	-7.9196e-05
2480	0.000297228	-0.000340392	-7.93634e-05
2490	0.000296378	-0.000341541	-7.96374e-05
2500	0.000295538	-0.000342845	-8.00492e-05
2510	0.000294749	-0.000344232	-8.06254e-05
2520	0.000294046	-0.000345626	-8.13846e-05
2530	0.000293461	-0.000346949	-8.23329e-05
2540	0.000293012	-0.000348123	-8.34656e-05
2550	0.000292703	-0.000349068	-8.47671e-05
2560	0.000292528	-0.000349771	-8.61724e-05
2570	0.000292467	-0.000350339	-8.7549e-05
2580	0.000292496	-0.00035075	-8.88488e-05
2590	0.000292585	-0.000350986	-9.00106e-05
2600	0.000292705	-0.000351039	-9.09879e-05
2610	0.000292837	-0.000350904	-9.17408e-05
2620	0.000292972	-0.000350589	-9.22444e-05
2630	0.000293104	-0.000350112	-9.2481e-05
2640	0.000293233	-0.000349502	-9.24434e-05
2650	0.000293355	-0.000348785	-9.21425e-05
2660	0.000293467	-0.00034799	-9.16034e-05
2670	0.000293565	-0.000347162	-9.08691e-05
2680	0.000293633	-0.000346309	-9.00416e-05
2690	0.000293653	-0.000345472	-8.92134e-05
2700	0.000293658	-0.000344684	-8.84565e-05
2710	0.000293666	-0.000343964	-8.77771e-05
2720	0.000293678	-0.000343344	-8.71986e-05
2730	0.000293684	-0.000342838	-8.67238e-05
2740	0.000293691	-0.000342451	-8.63728e-05
2750	0.000293699	-0.00034219	-8.61521e-05
2760	0.000293712	-0.000342054	-8.60694e-05
2770	0.000293731	-0.000342004	-8.60757e-05
2780	0.00029375	-0.000341965	-8.60819e-05
2790	0.000293772	-0.000341929	-8.60954e-05
2800	0.000293794	-0.000341892	-8.61173e-05
2810	0.000293816	-0.000341848	-8.61346e-05
2820	0.000293845	-0.000341793	-8.61456e-05
2830	0.00029389	-0.000341725	-8.61267e-05
2840	0.00029393	-0.000341633	-8.61218e-05
2850	0.000293975	-0.000341504	-8.61114e-05
2860	0.000294029	-0.000341335	-8.61084e-05
2870	0.000294092	-0.000341117	-8.61064e-05
2880	0.000294158	-0.000340853	-8.61211e-05
2890	0.00029423	-0.000340542	-8.61578e-05
2900	0.000294306	-0.000340179	-8.62093e-05
2910	0.00029438	-0.000339762	-8.62706e-05
2920	0.000294468	-0.000339296	-8.63453e-05
2930	0.000294569	-0.000338782	-8.64313e-05
2940	0.000294689	-0.00033823	-8.65258e-05
2950	0.000294838	-0.000337646	-8.6622e-05
2960	0.000295024	-0.000337041	-8.67084e-05
2970	0.000295253	-0.000336422	-8.67797e-05
2980	0.000295526	-0.000335799	-8.68271e-05
2990	0.000295838	-0.000335184	-8.68425e-05
3000	0.000296188	-0.000334583	-8.68229e-05
3010	0.000296574	-0.000333993	-8.67684e-05
3020	0.000296988	-0.00033342	-8.66763e-05
3030	0.000297426	-0.000332875	-8.6545e-05
3040	0.000297882	-0.000332372	-8.63717e-05
3050	0.000298349	-0.00033192	-8.61588e-05
3060	0.000298816	-0.000331527	-8.59064e-05
3070	0.000299277	-0.0003312	-8.56192e-05
3080	0.000299724	-0.000330945	-8.53016e-05
3090	0.000300151	-0.000330765	-8.49594e-05
3100	0.000300559	-0.000330661	-8.45893e-05
3110	0.000300946	-0.000330631	-8.42001e-05
3120	0.000301309	-0.00033067	-8.37967e-05
3130	0.000301644	-0.000330774	-8.33872e-05
3140	0.000301955	-0.000330907	-8.29922e-05
3150	0.000302239	-0.000331021	-8.2619e-05
3160	0.000302498	-0.000331123	-8.22757e-05
3170	0.00030273	-0.000331214	-8.19667e-05
3180	0.000302939	-0.000331294	-8.16907e-05
3190	0.000303123	-0.000331363	-8.14491e-05
3200	0.000303285	-0.000331422	-8.12438e-05
3210	0.000303426	-0.00033147	-8.10735e-05
3220	0.000303547	-0.000331509	-8.09425e-05
3230	0.00030365	-0.00033154	-8.08491e-05
3240	0.000303739	-0.000331567	-8.07901e-05
3250	0.000303822	-0.000331597	-8.07435e-05
3260	0.000303899	-0.000331629	-8.07052e-05
3270	0.000303968	-0.000331663	-8.06733e-05
3280	0.00030403	-0.000331699	-8.06485e-05
3290	0.000304085	-0.000331734	-8.06292e-05
3300	0.000304133	-0.00033177	-8.06151e-05
3310	0.000304174	-0.000331805	-8.06053e-05
3320	0.000304208	-0.000331839	-8.05988e-05
3330	0.000304235	-0.000331872	-8.05957e-05
3340	0.000304255	-0.000331903	-8.05951e-05
3350	0.000304268	-0.000331933	-8.05973e-05
3360	0.000304275	-0.000331961	-8.06005e-05
3370	0.000304282	-0.000331992	-8.05939e-05
3380	0.000304289	-0.000332022	-8.0585e-05
3390	0.000304295	-0.00033205	-8.05736e-05
3400	0.000304301	-0.000332077	-8.05608e-05
3410	0.000304309	-0.000332101	-8.05487e-05
3420	0.000304318	-0.000332122	-8.0536e-05
3430	0.000304324	-0.000332138	-8.05256e-05
3440	0.000304333	-0.000332147	-8.05186e-05
3450	0.000304341	-0.000332145	-8.05155e-05
3460	0.000304347	-0.000332127	-8.05214e-05
3470	0.000304354	-0.000332082	-8.05381e-05
3480	0.00030436	-0.000332	-8.05729e-05
3490	0.000304367	-0.000331883	-8.06259e-05
3500	0.000304375	-0.000331721	-8.06928e-05
3510	0.000304383	-0.000331513	-8.07801e-05
3520	0.000304392	-0.000331261	-8.088e-05
3530	0.000304397	-0.000330967	-8.10042e-05
3540	0.000304406	-0.000330631	-8.11404e-05
3550	0.000304412	-0.000330255	-8.12998e-05
3560	0.000304416	-0.000329842	-8.14817e-05
3570	0.000304423	-0.000329397	-8.16738e-05
3580	0.000304425	-0.000328926	-8.18872e-05
3590	0.000304431	-0.000328438	-8.21094e-05
3600	0.000304431	-0.000327942	-8.23483e-05
3610	0.000304436	-0.000327448	-8.25893e-05
3620	0.000304434	-0.000326967	-8.28346e-05
3630	0.000304436	-0.000326507	-8.3076e-05
3640	0.000304434	-0.000326079	-8.3316e-05
3650	0.000304426	-0.00032569	-8.35478e-05
3660	0.00030442	-0.000325348	-8.37596e-05
3670	0.000304411	-0.00032506	-8.39551e-05
3680	0.000304397	-0.000324833	-8.41253e-05
3690	0.000304383	-0.000324665	-8.42625e-05
3700	0.000304369	-0.00032456	-8.43647e-05
3710	0.000304356	-0.000324517	-8.44307e-05
3720	0.000304343	-0.000324532	-8.44607e-05
3730	0.000304332	-0.0003246	-8.44556e-05
3740	0.000304324	-0.000324694	-8.44364e-05
3750	0.000304318	-0.000324787	-8.44303e-05
3760	0.000304314	-0.000324875	-8.44385e-05
3770	0.000304312	-0.000324958	-8.44599e-05
3780	0.000304313	-0.000325035	-8.44918e-05
3790	0.000304316	-0.000325111	-8.45302e-05
3800	0.000304321	-0.000325186	-8.45713e-05
3810	0.000304327	-0.000325259	-8.46119e-05
3820	0.000304337	-0.00032533	-8.46491e-05
3830	0.000304348	-0.000325397	-8.46793e-05
3840	0.000304364	-0.000325457	-8.47006e-05
3850	0.000304383	-0.00032551	-8.4708e-05
3860	0.000304405	-0.000325554	-8.47025e-05
3870	0.000304434	-0.00032559	-8.46795e-05
3880	0.000304465	-0.000325618	-8.46398e-05
3890	0.000304498	-0.000325639	-8.45812e-05
3900	0.000304537	-0.000325657	-8.45016e-05
3910	0.000304579	-0.000325673	-8.4404e-05
3920	0.000304623	-0.000325689	-8.42891e-05
3930	0.000304668	-0.000325708	-8.41584e-05
3940	0.000304712	-0.000325731	-8.40173e-05
3950	0.000304756	-0.000325755	-8.38694e-05
3960	0.000304801	-0.000325769	-8.37089e-05
3970	0.000304845	-0.000325762	-8.35386e-05
3980	0.000304888	-0.000325728	-8.33621e-05
3990	0.000304928	-0.000325663	-8.31835e-05
4000	0.000304963	-0.00032556	-8.30073e-05
4010	0.000304984	-0.000325411	-8.28278e-05
4020	0.000304997	-0.000325217	-8.26473e-05
4030	0.000305005	-0.000324979	-8.24682e-05
4040	0.000305009	-0.000324698	-8.22937e-05
4050	0.000305009	-0.000324382	-8.21262e-05
4060	0.000305009	-0.000324038	-8.19702e-05
4070	0.000305007	-0.000323673	-8.18224e-05
4080	0.000305006	-0.000323299	-8.16845e-05
4090	0.000305004	-0.000322924	-8.15561e-05
4100	0.000305005	-0.000322559	-8.1433e-05
4110	0.00030501	-0.000322215	-8.13149e-05
4120	0.000305019	-0.000321903	-8.11944e-05
4130	0.000305032	-0.000321633	-8.10657e-05
4140	0.000305052	-0.000321411	-8.09321e-05
4150	0.000305079	-0.000321248	-8.07895e-05
4160	0.000305113	-0.00032115	-8.06333e-05
4170	0.000305154	-0.000321123	-8.04641e-05
4180	0.000305201	-0.00032115	-8.02868e-05
4190	0.000305255	-0.000321195	-8.01244e-05
4200	0.000305318	-0.000321253	-7.99813e-05
4210	0.00030539	-0.000321331	-7.98617e-05
4220	0.000305468	-0.000321426	-7.97571e-05
4230	0.000305549	-0.000321552	-7.96621e-05
4240	0.00030563	-0.000321704	-7.95794e-05
4250	0.000305704	-0.000321884	-7.9521e-05
4260	0.000305763	-0.000322091	-7.94987e-05
4270	0.000305814	-0.000322325	-7.95221e-05
4280	0.000305859	-0.000322584	-7.95997e-05
4290	0.000305903	-0.000322862	-7.97365e-05
4300	0.00030595	-0.000323154	-7.99384e-05
4310	0.00030599	-0.000323471	-8.02023e-05
4320	0.000306021	-0.000323817	-8.05056e-05
4330	0.00030604	-0.000324183	-8.08367e-05
4340	0.000306045	-0.000324561	-8.1191e-05
4350	0.000306043	-0.000324936	-8.1551e-05
4360	0.000306036	-0.000325284	-8.18893e-05
4370	0.000306033	-0.000325593	-8.21906e-05
4380	0.00030603	-0.000325849	-8.24403e-05
4390	0.000306026	-0.000326046	-8.26302e-05
4400	0.000306025	-0.000326181	-8.27577e-05
4410	0.000306025	-0.000326248	-8.28183e-05
4420	0.000306023	-0.000326264	-8.2827e-05
4430	0.000306027	-0.000326263	-8.28147e-05
4440	0.000306026	-0.00032626	-8.28051e-05
4450	0.000306023	-0.000326257	-8.2789e-05
4460	0.000306024	-0.000326253	-8.27719e-05
4470	0.000306021	-0.000326251	-8.27584e-05
4480	0.000306021	-0.000326247	-8.27405e-05
4490	0.000306021	-0.000326242	-8.27239e-05
4500	0.000306022	-0.000326234	-8.27063e-05
4510	0.000306022	-0.000326229	-8.26931e-05
4520	0.000306023	-0.000326225	-8.26723e-05
4530	0.000306025	-0.000326223	-8.26553e-05
4540	0.000306028	-0.000326221	-8.26365e-05
4550	0.00030603	-0.000326217	-8.26161e-05
4560	0.000306025	-0.000326216	-8.25947e-05
4570	0.000306029	-0.000326211	-8.25693e-05
4580	0.00030603	-0.000326211	-8.25554e-05
4590	0.00030603	-0.000326207	-8.25396e-05
4600	0.000306031	-0.0003262	-8.25229e-05
4610	0.00030603	-0.000326198	-8.25115e-05
4620	0.000306028	-0.000326193	-8.25087e-05
4630	0.00030603	-0.000326184	-8.24984e-05
4640	0.000306031	-0.000326178	-8.24916e-05
4650	0.000306031	-0.000326174	-8.24921e-05
4660	0.000306034	-0.000326172	-8.24944e-05
4670	0.000306034	-0.000326171	-8.25016e-05
4680	0.000306036	-0.000326166	-8.25006e-05
4690	0.000306034	-0.000326166	-8.24978e-05
4700	0.000306035	-0.000326164	-8.24997e-05
4710	0.000306034	-0.000326159	-8.25067e-05
4720	0.000306035	-0.000326152	-8.25113e-05
4730	0.000306035	-0.000326148	-8.25176e-05
4740	0.000306035	-0.000326145	-8.2521e-05
4750	0.000306033	-0.000326142	-8.25259e-05
4760	0.000306033	-0.00032614	-8.25291e-05
4770	0.000306035	-0.000326137	-8.25299e-05
4780	0.000306037	-0.000326136	-8.25281e-05
4790	0.000306039	-0.000326136	-8.25262e-05
4800	0.000306041	-0.000326137	-8.25178e-05
4810	0.000306045	-0.000326136	-8.25039e-05
4820	0.000306054	-0.000326132	-8.24834e-05
4830	0.000306067	-0.000326122	-8.24523e-05
4840	0.000306086	-0.000326109	-8.24103e-05
4850	0.00030611	-0.000326089	-8.23542e-05
4860	0.00030614	-0.000326065	-8.22823e-05
4870	0.000306177	-0.000326036	-8.21931e-05
4880	0.00030622	-0.000326008	-8.20831e-05
4890	0.000306269	-0.000325981	-8.19442e-05
4900	0.000306324	-0.000325958	-8.17679e-05
4910	0.000306387	-0.000325942	-8.15421e-05
4920	0.000306461	-0.000325936	-8.12529e-05
4930	0.000306546	-0.000325942	-8.08874e-05
4940	0.000306647	-0.000325957	-8.04346e-05
4950	0.000306767	-0.000325975	-7.98877e-05
4960	0.000306911	-0.000325984	-7.92452e-05
4970	0.000307083	-0.000325976	-7.8514e-05
4980	0.000307285	-0.000325942	-7.77087e-05
4990	0.000307523	-0.000325879	-7.68503e-05
5000	0.000307797	-0.000325788	-7.59642e-05
5010	0.00030811	-0.000325669	-7.50797e-05
5020	0.000308462	-0.000325529	-7.42267e-05
5030	0.000308854	-0.000325373	-7.34351e-05
5040	0.000309285	-0.000325213	-7.27337e-05
5050	0.000309754	-0.000325062	-7.21498e-05
5060	0.000310258	-0.000324935	-7.17077e-05
5070	0.000310796	-0.00032485	-7.14254e-05
5080	0.000311365	-0.000324827	-7.13196e-05
5090	0.000311963	-0.000324889	-7.14002e-05
5100	0.000312588	-0.00032506	-7.16726e-05
5110	0.000313239	-0.000325361	-7.21378e-05
5120	0.000313915	-0.000325817	-7.27923e-05
5130	0.000314617	-0.000326446	-7.36282e-05
5140	0.000315348	-0.000327268	-7.46348e-05
5150	0.000316108	-0.000328296	-7.57971e-05
5160	0.000316902	-0.000329539	-7.70985e-05
5170	0.000317732	-0.000331004	-7.85187e-05
5180	0.000318603	-0.00033269	-8.00354e-05
5190	0.000319519	-0.000334592	-8.16251e-05
5200	0.000320485	-0.000336694	-8.32652e-05
5210	0.000321505	-0.000338976	-8.49319e-05
5220	0.000322585	-0.000341407	-8.66022e-05
5230	0.000323728	-0.000343953	-8.82551e-05
5240	0.00032494	-0.000346574	-8.98709e-05
5250	0.000326221	-0.000349225	-9.14311e-05
5260	0.000327571	-0.000351862	-9.29193e-05
5270	0.000328987	-0.000354459	-9.43178e-05
5280	0.000330467	-0.000357003	-9.56085e-05
5290	0.000332004	-0.000359492	-9.67757e-05
5300	0.00033359	-0.000361928	-9.78053e-05
5310	0.000335217	-0.000364322	-9.86845e-05
5320	0.000336876	-0.000366689	-9.94015e-05
5330	0.000338558	-0.000369047	-9.99462e-05
5340	0.000340254	-0.000371417	-0.000100308
5350	0.000341955	-0.000373813	-0.000100478
5360	0.000343652	-0.000376246	-0.000100445
5370	0.000345341	-0.000378719	-0.000100201
5380	0.000347018	-0.000381225	-9.97354e-05
5390	0.000348684	-0.000383746	-9.90407e-05
5400	0.000350339	-0.000386256	-9.81096e-05
5410	0.000351987	-0.00038872	-9.69385e-05
5420	0.000353634	-0.000391097	-9.55296e-05
5430	0.000355287	-0.000393237	-9.39501e-05
5440	0.000356958	-0.000395072	-9.2436e-05
5450	0.000358656	-0.000396953	-9.12268e-05
5460	0.000360362	-0.000398875	-9.03308e-05
5470	0.000362066	-0.000400774	-8.97587e-05
5480	0.000363758	-0.000402586	-8.9504e-05
5490	0.00036541	-0.000404259	-8.95464e-05
5500	0.000366989	-0.000405768	-8.98497e-05
5510	0.000368466	-0.000407139	-9.03429e-05
5520	0.000369861	-0.000408423	-9.09523e-05
5530	0.000371234	-0.00040964	-9.16417e-05
5540	0.000372627	-0.000410778	-9.24055e-05
5550	0.000374069	-0.000411819	-9.32538e-05
5560	0.000375565	-0.000412751	-9.41912e-05
5570	0.000377123	-0.000413601	-9.52585e-05
5580	0.000378734	-0.000414413	-9.65037e-05
5590	0.000380389	-0.00041521	-9.79576e-05
5600	0.000382077	-0.000416034	-9.96451e-05
5610	0.00038379	-0.000416891	-0.000101499
5620	0.000385506	-0.000417784	-0.000103439
5630	0.000387215	-0.000418805	-0.000105446
5640	0.000388897	-0.000420027	-0.000107499
5650	0.000390533	-0.000421517	-0.000109578
5660	0.000392104	-0.00042333	-0.000111663
5670	0.000393598	-0.000425501	-0.000113733
5680	0.000395003	-0.000428043	-0.00011577
5690	0.000396313	-0.000430955	-0.000117757
5700	0.000397524	-0.000434219	-0.000119675
5710	0.000398637	-0.000437805	-0.000121502
5720	0.000399653	-0.000441675	-0.000123218
5730	0.000400579	-0.00044579	-0.000124811
5740	0.000401424	-0.000450122	-0.000126283
5750	0.000402197	-0.000454668	-0.000127647
5760	0.000402919	-0.000459443	-0.000128914
5770	0.000403641	-0.00046444	-0.000130072
5780	0.000404404	-0.000469562	-0.000131083
5790	0.000405195	-0.000474712	-0.00013192
5800	0.00040598	-0.000479792	-0.000132576
5810	0.000406736	-0.000484689	-0.00013303
5820	0.000407435	-0.000489283	-0.000133272
5830	0.000408056	-0.000493485	-0.000133284
5840	0.000408576	-0.000497309	-0.000133013
5850	0.000408966	-0.000500637	-0.000132463
5860	0.000409216	-0.000503316	-0.000131703
5870	0.000409439	-0.000505381	-0.000131067
5880	0.000409758	-0.000506891	-0.000130681
5890	0.000410174	-0.000507862	-0.000130547
5900	0.000410696	-0.000508423	-0.00013058
5910	0.000411319	-0.000508887	-0.00013045
5920	0.000412034	-0.000509153	-0.000130075
5930	0.000412825	-0.000509123	-0.000129457
5940	0.000413676	-0.000508729	-0.000128627
5950	0.000414562	-0.00050792	-0.000127631
5960	0.000415458	-0.000506686	-0.000126524
5970	0.000416358	-0.000505087	-0.000125356
5980	0.000417246	-0.000503125	-0.000124183
5990	0.000418108	-0.000500801	-0.000123107
6000	0.000418915	-0.000498112	-0.000122163
6010	0.000419655	-0.000495074	-0.000121377
6020	0.000420317	-0.000491724	-0.000120767
6030	0.00042089	-0.000488129	-0.000120349
6040	0.000421371	-0.000484367	-0.000120131
6050	0.00042176	-0.000480535	-0.00012011
6060	0.000422062	-0.000476749	-0.000120278
6070	0.000422281	-0.000473141	-0.000120619
6080	0.000422422	-0.000469865	-0.000121117
6090	0.00042249	-0.000467085	-0.000121761
6100	0.000422516	-0.000464955	-0.000122466
6110	0.000422541	-0.000463491	-0.000122971
6120	0.000422567	-0.000462709	-0.000123248
6130	0.000422599	-0.000462612	-0.000123304
6140	0.000422643	-0.000462952	-0.000123231
6150	0.000422713	-0.000463632	-0.000123066
6160	0.000422829	-0.000464628	-0.000122832
6170	0.000423016	-0.000466006	-0.000122532
6180	0.000423293	-0.000467704	-0.000122209
6190	0.000423681	-0.000469646	-0.000121926
6200	0.000424192	-0.000471748	-0.000121736
6210	0.000424841	-0.000473919	-0.000121689
6220	0.000425651	-0.000476046	-0.000121771
6230	0.000426611	-0.000478056	-0.000121971
6240	0.000427688	-0.000479896	-0.00012229
6250	0.000428843	-0.000481535	-0.000122719
6260	0.000430048	-0.000482961	-0.000123246
6270	0.00043127	-0.000484199	-0.000123876
6280	0.000432475	-0.000485303	-0.000124619
6290	0.000433621	-0.000486346	-0.000125489
6300	0.000434675	-0.000487405	-0.00012649
6310	0.000435613	-0.000488555	-0.000127617
6320	0.000436424	-0.000489831	-0.000128853
6330	0.0004371	-0.000491275	-0.000130168
6340	0.00043763	-0.000492911	-0.000131535
6350	0.000438007	-0.000494686	-0.000132877
6360	0.000438226	-0.000496537	-0.000134132
6370	0.000438297	-0.000498393	-0.000135285
6380	0.000438329	-0.000500068	-0.00013638
6390	0.000438348	-0.000501452	-0.000137376
6400	0.000438353	-0.0005025	-0.000138233
6410	0.000438364	-0.000503187	-0.000138893
6420	0.000438377	-0.000503579	-0.000139282
6430	0.000438391	-0.000503691	-0.000139391
6440	0.000438408	-0.00050368	-0.00013937
6450	0.000438414	-0.000503661	-0.000139359
6460	0.000438419	-0.000503648	-0.000139342
6470	0.00043843	-0.000503633	-0.000139323
6480	0.000438431	-0.000503618	-0.000139288
6490	0.000438426	-0.000503604	-0.00013925
6500	0.000438427	-0.000503593	-0.000139217
6510	0.000438421	-0.000503584	-0.000139182
6520	0.000438414	-0.00050357	-0.000139139
6530	0.000438408	-0.000503559	-0.000139083
6540	0.000438395	-0.00050356	-0.000138992
6550	0.000438367	-0.000503587	-0.000138825
6560	0.000438319	-0.000503651	-0.000138543
6570	0.000438254	-0.000503764	-0.000138113
6580	0.00043818	-0.000503934	-0.000137516
6590	0.000438108	-0.000504168	-0.000136741
6600	0.000438061	-0.00050447	-0.000135774
6610	0.000438058	-0.000504827	-0.000134662
6620	0.000438109	-0.000505223	-0.000133428
6630	0.000438224	-0.000505655	-0.000132098
6640	0.000438412	-0.00050611	-0.000130692
6650	0.000438685	-0.000506576	-0.000129236
6660	0.000439044	-0.000507034	-0.000127783
6670	0.000439496	-0.000507457	-0.000126354
6680	0.00044004	-0.00050781	-0.00012499
6690	0.000440667	-0.000508063	-0.000123724
6700	0.000441358	-0.000508195	-0.000122574
6710	0.000442095	-0.000508195	-0.000121551
6720	0.00044286	-0.00050806	-0.000120662
6730	0.000443631	-0.000507796	-0.000119908
6740	0.000444378	-0.000507414	-0.000119286
6750	0.000445075	-0.00050693	-0.000118786
6760	0.000445694	-0.000506365	-0.000118398
6770	0.000446211	-0.000505746	-0.000118116
6780	0.0004466	-0.000505118	-0.00011795
6790	0.000446836	-0.000504554	-0.000117943
6800	0.000446905	-0.000504057	-0.000118055
6810	0.000446908	-0.000503695	-0.000118177
6820	0.000446919	-0.000503504	-0.000118246
6830	0.000446936	-0.000503472	-0.000118265
6840	0.000446945	-0.000503477	-0.000118289
6850	0.000446952	-0.000503487	-0.000118319
6860	0.000446957	-0.000503502	-0.000118355
6870	0.000446961	-0.000503527	-0.000118398
6880	0.000446967	-0.000503569	-0.000118456
6890	0.000446974	-0.000503636	-0.000118536
6900	0.000446985	-0.00050374	-0.000118648
6910	0.000446999	-0.000503887	-0.000118801
6920	0.00044702	-0.000504081	-0.000118996
6930	0.000447048	-0.000504327	-0.000119233
6940	0.000447084	-0.000504622	-0.000119515
6950	0.00044713	-0.000504966	-0.000119836
6960	0.000447184	-0.000505355	-0.000120185
6970	0.000447251	-0.000505781	-0.000120572
6980	0.00044733	-0.000506244	-0.000120975
6990	0.000447419	-0.000506728	-0.000121387
7000	0.000447523	-0.000507227	-0.000121796
7010	0.000447645	-0.000507724	-0.000122198
7020	0.000447784	-0.000508205	-0.00012256
7030	0.000447938	-0.000508645	-0.000122864
7040	0.000448106	-0.000509037	-0.000123103
7050	0.000448287	-0.00050938	-0.000123276
7060	0.000448478	-0.00050967	-0.000123381
7070	0.000448679	-0.000509909	-0.000123421
7080	0.000448889	-0.000510099	-0.000123402
7090	0.000449106	-0.000510242	-0.000123332
7100	0.000449319	-0.000510343	-0.000123212
7110	0.000449528	-0.00051041	-0.000123048
7120	0.000449735	-0.000510448	-0.000122852
7130	0.000449939	-0.000510467	-0.000122637
7140	0.000450138	-0.000510486	-0.000122423
7150	0.000450331	-0.000510527	-0.000122232
7160	0.000450515	-0.000510618	-0.000122091
7170	0.00045069	-0.000510795	-0.000122012
7180	0.000450858	-0.000511098	-0.000121994
7190	0.00045102	-0.000511558	-0.000122021
7200	0.000451174	-0.000512188	-0.000122055
7210	0.000451326	-0.000512987	-0.00012204
7220	0.00045149	-0.000513941	-0.000121906
7230	0.000451695	-0.000515038	-0.000121574
7240	0.00045195	-0.000516246	-0.000120998
7250	0.000452266	-0.00051751	-0.000120165
7260	0.000452654	-0.000518755	-0.00011908
7270	0.000453122	-0.000519903	-0.000117758
7280	0.00045368	-0.000520879	-0.000116224
7290	0.000454332	-0.000521605	-0.000114514
7300	0.000455079	-0.000521985	-0.000112682
7310	0.00045592	-0.000521914	-0.000110808
7320	0.00045686	-0.000521352	-0.000109
7330	0.000457899	-0.000520363	-0.000107449
7340	0.000459023	-0.00051894	-0.000106207
7350	0.000460199	-0.000517114	-0.000105279
7360	0.000461396	-0.000514934	-0.000104643
7370	0.000462566	-0.000512483	-0.000104295
7380	0.000463659	-0.000509847	-0.000104215
7390	0.000464622	-0.000507123	-0.000104376
7400	0.000465407	-0.000504424	-0.000104754
7410	0.000465977	-0.000501843	-0.000105301
7420	0.000466308	-0.000499483	-0.000105975
7430	0.000466442	-0.000497445	-0.00010673
7440	0.00046651	-0.000495874	-0.000107402
7450	0.000466524	-0.000494846	-0.000107941
7460	0.000466515	-0.000494509	-0.000108305
7470	0.000466513	-0.00049491	-0.000108547
7480	0.000466511	-0.00049589	-0.000108827
7490	0.000466509	-0.00049753	-0.000109225
7500	0.000466506	-0.000499826	-0.000109741
7510	0.000466504	-0.000502738	-0.000110359
7520	0.000466504	-0.0005062	-0.000111065
7530	0.000466498	-0.000510102	-0.000111849
7540	0.000466479	-0.000514303	-0.000112718
7550	0.00046644	-0.000518627	-0.000113725
7560	0.000466387	-0.000522878	-0.000114848
7570	0.000466346	-0.000526916	-0.000116053
7580	0.000466309	-0.000530637	-0.000117331
7590	0.000466275	-0.000534066	-0.00011864
7600	0.000466239	-0.000537104	-0.000119972
7610	0.000466196	-0.000539663	-0.000121321
7620	0.000466144	-0.000541691	-0.000122685
7630	0.000466092	-0.000543172	-0.000124059
7640	0.000466077	-0.000544116	-0.000125414
7650	0.000466109	-0.000544559	-0.000126723
7660	0.000466185	-0.000544632	-0.000128025
7670	0.000466296	-0.000544464	-0.000129354
7680	0.000466437	-0.000544122	-0.00013063
7690	0.000466596	-0.000543801	-0.000131697
7700	0.000466754	-0.000543585	-0.00013249
7710	0.000466892	-0.00054349	-0.000132977
7720	0.000466963	-0.000543513	-0.000133127
7730	0.000466967	-0.000543542	-0.000133134
7740	0.000466968	-0.000543571	-0.000133129
7750	0.00046697	-0.000543597	-0.000133127
7760	0.000466973	-0.000543623	-0.000133124
7770	0.000466982	-0.000543662	-0.000133116
7780	0.000467002	-0.000543714	-0.000133106
7790	0.000467039	-0.000543775	-0.000133094
7800	0.00046709	-0.000543854	-0.000133076
7810	0.000467161	-0.000543956	-0.000133044
7820	0.000467262	-0.000544086	-0.000132965
7830	0.000467392	-0.000544253	-0.000132819
7840	0.000467559	-0.000544465	-0.000132581
7850	0.000467759	-0.000544734	-0.000132233
7860	0.000467989	-0.000545064	-0.000131769
7870	0.000468247	-0.000545457	-0.000131186
7880	0.000468528	-0.000545907	-0.00013048
7890	0.000468826	-0.000546399	-0.000129658
7900	0.000469125	-0.000546904	-0.000128725
7910	0.000469397	-0.000547365	-0.000127726
7920	0.000469657	-0.000547711	-0.00012676
7930	0.000469913	-0.00054791	-0.000125843
7940	0.000470157	-0.000547942	-0.000124993
7950	0.000470378	-0.000547801	-0.000124225
7960	0.00047057	-0.000547498	-0.000123569
7970	0.000470732	-0.000547083	-0.00012301
7980	0.000470864	-0.00054666	-0.000122523
7990	0.000470963	-0.000546242	-0.000122136
8000	0.000471023	-0.000545832	-0.000121874
8010	0.000471042	-0.000545438	-0.000121754
8020	0.000471041	-0.000545131	-0.000121795
8030	0.000471042	-0.000544908	-0.000121855
8040	0.000471034	-0.000544744	-0.000121915
8050	0.00047104	-0.000544637	-0.000121932
8060	0.000471037	-0.000544579	-0.000121951
8070	0.000471042	-0.000544547	-0.000121953
8080	0.000471047	-0.000544519	-0.000121968
8090	0.00047105	-0.00054449	-0.000121993
8100	0.000471055	-0.000544453	-0.000122013
8110	0.000471046	-0.000544417	-0.00012204
8120	0.000471041	-0.00054438	-0.000122071
8130	0.00047103	-0.000544348	-0.000122105
8140	0.000471019	-0.000544327	-0.000122139
8150	0.000471008	-0.000544308	-0.000122174
8160	0.000470995	-0.00054429	-0.000122204
8170	0.000470981	-0.000544271	-0.000122228
8180	0.000470967	-0.000544252	-0.000122252
8190	0.000470954	-0.000544233	-0.000122275
8200	0.000470938	-0.000544215	-0.000122299
8210	0.000470922	-0.000544198	-0.000122319
8220	0.000470906	-0.00054418	-0.000122339
8230	0.000470887	-0.000544163	-0.000122358
8240	0.000470867	-0.000544146	-0.000122376
8250	0.000470845	-0.000544129	-0.000122395
8260	0.000470821	-0.000544113	-0.000122411
8270	0.000470796	-0.000544098	-0.000122425
8280	0.00047077	-0.000544082	-0.00012244
8290	0.000470746	-0.000544067	-0.000122455
8300	0.000470724	-0.000544052	-0.000122473
8310	0.000470707	-0.000544037	-0.000122492
8320	0.000470694	-0.000544021	-0.000122508
8330	0.000470672	-0.000544006	-0.000122523
8340	0.000470653	-0.000543991	-0.000122538
8350	0.000470649	-0.000543975	-0.000122553
8360	0.000470645	-0.000543958	-0.000122567
8370	0.000470635	-0.000543943	-0.00012258
8380	0.00047064	-0.000543927	-0.000122594
8390	0.000470651	-0.000543912	-0.000122606
8400	0.000470667	-0.000543896	-0.000122614
8410	0.000470684	-0.00054388	-0.000122616
8420	0.000470707	-0.000543862	-0.000122614
8430	0.000470731	-0.000543842	-0.0001226
8440	0.00047076	-0.00054382	-0.000122591
8450	0.000470794	-0.000543791	-0.000122565
8460	0.000470828	-0.000543753	-0.000122527
8470	0.000470864	-0.000543704	-0.000122477
8480	0.000470892	-0.000543644	-0.000122408
8490	0.000470931	-0.000543567	-0.000122327
8500	0.000470982	-0.000543478	-0.00012222
8510	0.000471032	-0.000543375	-0.00012209
8520	0.000471088	-0.00054326	-0.00012194
8530	0.000471163	-0.000543138	-0.000121776
8540	0.000471238	-0.00054301	-0.000121598
8550	0.000471324	-0.00054288	-0.000121408
8560	0.000471412	-0.000542751	-0.000121216
8570	0.000471505	-0.000542625	-0.000121017
8580	0.000471593	-0.000542508	-0.000120824
8590	0.000471679	-0.000542401	-0.00012065
8600	0.000471753	-0.00054231	-0.000120487
8610	0.000471815	-0.000542235	-0.000120344
8620	0.00047187	-0.000542184	-0.000120233
8630	0.000471908	-0.000542157	-0.000120156
8640	0.000471931	-0.000542154	-0.00012012
8650	0.000471944	-0.000542167	-0.000120119
8660	0.000471956	-0.00054218	-0.000120119
8670	0.000471972	-0.000542193	-0.000120115
8680	0.000471988	-0.000542206	-0.000120112
8690	0.000472006	-0.000542218	-0.000120111
8700	0.000472025	-0.000542229	-0.000120112
8710	0.000472044	-0.00054224	-0.000120114
8720	0.000472063	-0.000542249	-0.000120111
8730	0.000472085	-0.000542257	-0.000120113
8740	0.000472108	-0.000542264	-0.000120118
8750	0.000472133	-0.000542267	-0.000120128
8760	0.000472153	-0.000542269	-0.00012014
8770	0.000472174	-0.000542273	-0.00012016
8780	0.000472191	-0.000542277	-0.000120172
8790	0.000472211	-0.00054228	-0.000120183
8800	0.000472222	-0.000542282	-0.000120195
8810	0.000472238	-0.000542278	-0.000120205
8820	0.000472254	-0.000542276	-0.000120213
8830	0.00047227	-0.000542274	-0.000120228
8840	0.000472285	-0.000542277	-0.00012025
8850	0.000472301	-0.000542294	-0.000120286
8860	0.000472311	-0.000542331	-0.000120344
8870	0.000472318	-0.000542385	-0.000120423
8880	0.000472316	-0.000542459	-0.000120527
8890	0.000472304	-0.000542565	-0.000120665
8900	0.000472287	-0.000542716	-0.00012085
8910	0.000472268	-0.000542921	-0.000121089
8920	0.000472247	-0.000543187	-0.000121392
8930	0.000472227	-0.000543517	-0.000121769
8940	0.000472209	-0.000543905	-0.00012222
8950	0.000472198	-0.000544319	-0.000122745
8960	0.000472187	-0.000544702	-0.000123338
8970	0.000472175	-0.000544981	-0.000123951
8980	0.000472156	-0.000545099	-0.00012454
8990	0.000472136	-0.000545034	-0.000125076
9000	0.000472104	-0.000544792	-0.000125513
9010	0.000472052	-0.000544392	-0.0001258
9020	0.00047197	-0.000543857	-0.000125885
9030	0.000471846	-0.00054321	-0.000125716
9040	0.000471671	-0.000542496	-0.000125246
9050	0.000471429	-0.000541828	-0.000124519
9060	0.000471106	-0.000541237	-0.000123542
9070	0.000470673	-0.000540714	-0.000122367
9080	0.000470145	-0.00054023	-0.000121099
9090	0.000469555	-0.000539777	-0.000119793
9100	0.000468927	-0.000539357	-0.000118484
9110	0.000468279	-0.000538974	-0.000117211
9120	0.000467639	-0.000538627	-0.000116039
9130	0.00046703	-0.000538318	-0.000115019
9140	0.000466467	-0.000538053	-0.000114179
9150	0.000465976	-0.000537832	-0.000113536
9160	0.000465584	-0.000537643	-0.000113082
9170	0.000465308	-0.00053747	-0.000112776
9180	0.000465171	-0.000537277	-0.000112594
9190	0.000465165	-0.000537052	-0.000112395
9200	0.00046519	-0.000536751	-0.000112089
9210	0.000465211	-0.000536399	-0.000111735
9220	0.000465231	-0.000536005	-0.000111339
9230	0.000465254	-0.000535572	-0.000110902
9240	0.00046528	-0.00053511	-0.000110429
9250	0.000465314	-0.000534629	-0.00010993
9260	0.000465355	-0.000534161	-0.000109433
9270	0.000465402	-0.000533734	-0.000108966
9280	0.000465456	-0.000533373	-0.000108557
9290	0.000465513	-0.000533108	-0.000108239
9300	0.00046557	-0.000532967	-0.000108042
9310	0.000465624	-0.000532975	-0.000107995
9320	0.000465674	-0.000533152	-0.000108118
9330	0.000465718	-0.00053352	-0.000108431
9340	0.000465753	-0.00053415	-0.000108951
9350	0.000465775	-0.000535057	-0.000109681
9360	0.000465788	-0.000536226	-0.000110611
9370	0.000465789	-0.000537608	-0.000111701
9380	0.000465789	-0.000539089	-0.000112906
9390	0.000465787	-0.000540481	-0.000114162
9400	0.00046579	-0.000541767	-0.000115429
9410	0.000465796	-0.000542976	-0.000116629
9420	0.000465802	-0.000544083	-0.000117729
9430	0.00046581	-0.000545052	-0.0001187
9440	0.000465821	-0.000545854	-0.000119513
9450	0.000465834	-0.000546465	-0.00012014
9460	0.000465846	-0.000546873	-0.000120563
9470	0.000465859	-0.000547058	-0.000120762
9480	0.000465885	-0.000547056	-0.000120775
9490	0.000465911	-0.00054703	-0.000120749
9500	0.000465934	-0.000547004	-0.000120733
9510	0.000465953	-0.000546978	-0.000120712
9520	0.000465972	-0.000546952	-0.000120689
9530	0.000465993	-0.000546928	-0.000120664
9540	0.000466011	-0.000546907	-0.000120633
9550	0.000466033	-0.000546889	-0.000120594
9560	0.000466061	-0.000546878	-0.000120547
9570	0.000466098	-0.000546874	-0.000120489
9580	0.000466147	-0.000546881	-0.000120415
9590	0.000466208	-0.000546898	-0.00012032
9600	0.000466281	-0.000546925	-0.00012021
9610	0.000466364	-0.000546956	-0.000120077
9620	0.000466458	-0.000546984	-0.000119917
9630	0.000466557	-0.000547001	-0.000119726
9640	0.000466662	-0.000547021	-0.000119538
9650	0.000466762	-0.000547032	-0.00011936
9660	0.000466853	-0.000547027	-0.000119197
9670	0.00046693	-0.000547	-0.000119056
9680	0.000466994	-0.000546944	-0.000118943
9690	0.000467045	-0.000546858	-0.000118864
9700	0.000467084	-0.000546737	-0.000118819
9710	0.000467111	-0.000546587	-0.000118809
9720	0.000467131	-0.000546424	-0.00011882
9730	0.000467148	-0.000546272	-0.000118839
9740	0.000467167	-0.000546145	-0.000118853
9750	0.000467187	-0.000546044	-0.00011886
9760	0.000467208	-0.00054597	-0.000118864
9770	0.000467235	-0.000545917	-0.000118859
9780	0.000467257	-0.000545874	-0.000118861
9790	0.000467285	-0.000545829	-0.000118863
9800	0.000467309	-0.000545788	-0.000118874
9810	0.000467338	-0.000545742	-0.000118873
9820	0.000467363	-0.000545695	-0.000118886
9830	0.000467385	-0.000545644	-0.000118906
9840	0.000467419	-0.000545595	-0.000118915
9850	0.000467454	-0.000545546	-0.000118932
9860	0.000467516	-0.000545497	-0.000118954
9870	0.000467609	-0.00054545	-0.000118991
9880	0.000467742	-0.000545405	-0.000119046
9890	0.000467918	-0.000545364	-0.000119122
9900	0.000468136	-0.000545323	-0.000119219
9910	0.000468387	-0.000545278	-0.000119326
9920	0.000468647	-0.000545235	-0.00011943
9930	0.000468873	-0.000545201	-0.000119509
9940	0.000469016	-0.000545178	-0.000119519
9950	0.000469081	-0.000545161	-0.000119463
9960	0.000469166	-0.000545137	-0.000119369
9970	0.00046927	-0.000545106	-0.000119227
9980	0.000469395	-0.000545065	-0.000119033
9990	0.000469533	-0.000545018	-0.000118781
10000	0.000469667	-0.000544974	-0.000118441
10010	0.000469771	-0.000544946	-0.000117973
10020	0.000469821	-0.000544946	-0.000117351
10030	0.000469797	-0.000544996	-0.000116583
10040	0.000469764	-0.000545127	-0.00011569
10050	0.000469742	-0.000545323	-0.000114713
10060	0.000469717	-0.000545576	-0.000113669
10070	0.000469695	-0.000545875	-0.000112581
10080	0.000469686	-0.000546208	-0.000111484
10090	0.000469693	-0.000546566	-0.000110414
10100	0.000469727	-0.000546934	-0.000109379
10110	0.000469824	-0.000547304	-0.000108364
10120	0.000469993	-0.000547675	-0.000107373
10130	0.000470236	-0.000548051	-0.000106424
10140	0.000470551	-0.000548416	-0.000105536
10150	0.000470934	-0.000548731	-0.000104737
10160	0.000471373	-0.000548938	-0.000104065
10170	0.000471852	-0.00054897	-0.000103556
10180	0.00047235	-0.000548754	-0.00010325
10190	0.000472835	-0.000548194	-0.000103183
10200	0.000473271	-0.00054723	-0.000103382
10210	0.00047364	-0.000545907	-0.000103867
10220	0.000473958	-0.000544421	-0.000104681
10230	0.000474207	-0.000542961	-0.000105846
10240	0.000474394	-0.000541695	-0.000107401
10250	0.000474539	-0.000540748	-0.000109386
10260	0.000474646	-0.000540199	-0.000111829
10270	0.00047471	-0.000540111	-0.00011474
10280	0.000474715	-0.000540545	-0.000118093
10290	0.000474654	-0.000541559	-0.000121817
10300	0.00047455	-0.000543183	-0.00012582
10310	0.000474436	-0.00054539	-0.000130048
10320	0.000474325	-0.00054815	-0.000134396
10330	0.000474248	-0.000551471	-0.000138711
10340	0.000474202	-0.000555362	-0.000142857
10350	0.00047417	-0.000559535	-0.000146843
10360	0.000474112	-0.000563761	-0.000150602
10370	0.000473992	-0.000567862	-0.00015393
10380	0.000473782	-0.00057156	-0.000156536
10390	0.000473474	-0.00057475	-0.000158275
10400	0.000473064	-0.000577337	-0.00015903
10410	0.000472562	-0.000579231	-0.000158711
10420	0.000471992	-0.000580358	-0.000157273
10430	0.000471378	-0.000580854	-0.000154899
10440	0.000470732	-0.000580781	-0.000151724
10450	0.000470113	-0.000580089	-0.000147844
10460	0.000469625	-0.00057872	-0.000143511
10470	0.000469295	-0.000576671	-0.000138861
10480	0.000469144	-0.000574152	-0.000133926
10490	0.00046918	-0.000571321	-0.000128778
10500	0.0004694	-0.000568241	-0.000123553
10510	0.000469778	-0.000564989	-0.000118388
10520	0.000470268	-0.000561613	-0.000113421
10530	0.000470847	-0.00055817	-0.000108772
10540	0.000471514	-0.000554734	-0.000104566
10550	0.000472295	-0.000551387	-0.000100904
10560	0.000473257	-0.000548243	-9.78627e-05
10570	0.000474445	-0.000545465	-9.55188e-05
10580	0.000475838	-0.000543225	-9.39481e-05
10590	0.0004774	-0.000541692	-9.31952e-05
10600	0.00047905	-0.000540547	-9.28726e-05
10610	0.000480633	-0.000539614	-9.28085e-05
10620	0.00048205	-0.000538921	-9.29707e-05
10630	0.000483214	-0.000538506	-9.33308e-05
10640	0.000484062	-0.000538408	-9.38629e-05
10650	0.000484544	-0.00053866	-9.45298e-05
10660	0.000484642	-0.000539089	-9.54216e-05
10670	0.000484448	-0.000539685	-9.65681e-05
10680	0.000484174	-0.000540507	-9.79831e-05
10690	0.00048393	-0.000541526	-9.96641e-05
10700	0.000483758	-0.000542704	-0.000101592
10710	0.000483572	-0.000544058	-0.00010381
10720	0.00048333	-0.000545564	-0.000106354
10730	0.000483051	-0.000547168	-0.000109182
10740	0.000482758	-0.000548775	-0.000112223
10750	0.000482463	-0.000550194	-0.000115343
10760	0.000482185	-0.000551433	-0.000118511
10770	0.000481954	-0.000552534	-0.000121702
10780	0.000481797	-0.000553536	-0.000124882
10790	0.000481745	-0.000554477	-0.000128005
10800	0.000481816	-0.000555386	-0.000131021
10810	0.000482016	-0.000556283	-0.000133877
10820	0.000482337	-0.000557191	-0.000136517
10830	0.000482752	-0.00055814	-0.000138887
10840	0.000483216	-0.000559158	-0.000140937
10850	0.000483712	-0.000560327	-0.00014263
10860	0.000484181	-0.000561626	-0.000143962
10870	0.000484547	-0.000562968	-0.00014494
10880	0.000484787	-0.000564191	-0.000145554
10890	0.00048501	-0.000565226	-0.000145807
10900	0.000485245	-0.000566039	-0.000145683
10910	0.000485481	-0.000566606	-0.00014517
10920	0.000485724	-0.000567063	-0.000144548
10930	0.000485969	-0.000567481	-0.000143981
10940	0.000486224	-0.00056784	-0.000143454
10950	0.000486497	-0.000568122	-0.00014294
10960	0.000486789	-0.000568312	-0.000142411
10970	0.000487105	-0.00056842	-0.000141828
10980	0.000487444	-0.000568568	-0.000141141
10990	0.000487808	-0.000568788	-0.000140329
11000	0.000488198	-0.000569079	-0.000139378
11010	0.000488618	-0.000569432	-0.000138286
11020	0.000489074	-0.000569835	-0.000137075
11030	0.000489601	-0.000570278	-0.000135786
11040	0.00049021	-0.000570749	-0.00013444
11050	0.000490899	-0.000571217	-0.000133065
11060	0.000491657	-0.000571625	-0.000131697
11070	0.000492473	-0.00057191	-0.000130373
11080	0.000493339	-0.000572021	-0.000129123
11090	0.00049424	-0.00057192	-0.000127979
11100	0.00049516	-0.000571581	-0.000126965
11110	0.000496081	-0.000570992	-0.000126101
11120	0.000496985	-0.000570154	-0.0001254
11130	0.000497853	-0.000569081	-0.000124863
11140	0.000498667	-0.000567797	-0.000124484
11150	0.000499411	-0.000566333	-0.000124249
11160	0.000500071	-0.000564725	-0.00012414
11170	0.000500637	-0.000563012	-0.000124128
11180	0.000501131	-0.00056124	-0.000124187
11190	0.000501572	-0.000559462	-0.000124281
11200	0.000501958	-0.000557719	-0.000124388
11210	0.000502287	-0.000556053	-0.000124491
11220	0.000502567	-0.000554503	-0.000124571
11230	0.000502804	-0.000553118	-0.000124605
11240	0.000502997	-0.000551959	-0.00012454
11250	0.000503141	-0.000551079	-0.000124348
11260	0.000503238	-0.000550525	-0.000124026
11270	0.000503286	-0.00055034	-0.000123581
11280	0.000503284	-0.00055054	-0.000123043
11290	0.000503236	-0.000550856	-0.000122538
11300	0.000503143	-0.000551184	-0.00012212
11310	0.000503021	-0.000551536	-0.000121817
11320	0.00050289	-0.000551935	-0.000121639
11330	0.00050277	-0.000552427	-0.000121574
11340	0.000502674	-0.000553099	-0.000121554
11350	0.000502589	-0.000553983	-0.000121536
11360	0.000502508	-0.000555093	-0.000121498
11370	0.000502417	-0.00055643	-0.000121404
11380	0.000502303	-0.000557961	-0.000121234
11390	0.000502137	-0.000559669	-0.000120985
11400	0.000501885	-0.000561556	-0.000120724
11410	0.000501516	-0.000563562	-0.000120484
11420	0.000501009	-0.00056561	-0.000120294
11430	0.00050035	-0.000567615	-0.000120188
11440	0.000499535	-0.000569489	-0.0001202
11450	0.000498575	-0.000571143	-0.000120359
11460	0.000497482	-0.0005725	-0.000120693
11470	0.000496272	-0.000573503	-0.000121214
11480	0.000494975	-0.000574159	-0.000121929
11490	0.000493675	-0.000574581	-0.000122881
11500	0.000492412	-0.000574785	-0.000124042
11510	0.000491219	-0.000574893	-0.000125342
11520	0.000490128	-0.000574947	-0.000126721
11530	0.000489168	-0.000574996	-0.000128156
11540	0.000488368	-0.00057511	-0.000129637
11550	0.000487747	-0.000575362	-0.000131153
11560	0.000487313	-0.000575819	-0.000132692
11570	0.000487057	-0.000576538	-0.000134238
11580	0.000486951	-0.000577554	-0.000135775
11590	0.00048693	-0.000578873	-0.000137265
11600	0.00048689	-0.00058034	-0.000138747
11610	0.00048685	-0.000581798	-0.000140216
11620	0.000486811	-0.000583214	-0.000141641
11630	0.000486779	-0.000584555	-0.000142979
11640	0.000486753	-0.00058578	-0.000144187
11650	0.000486732	-0.000586855	-0.000145214
11660	0.000486691	-0.000587779	-0.000145997
11670	0.000486599	-0.000588568	-0.000146477
11680	0.000486431	-0.000589229	-0.000146607
11690	0.000486181	-0.000589653	-0.000146274
11700	0.000485845	-0.00058989	-0.000145503
11710	0.000485437	-0.000590212	-0.000144466
11720	0.000484984	-0.000590619	-0.000143236
11730	0.000484468	-0.000591075	-0.000141951
11740	0.000483923	-0.000591546	-0.000140636
11750	0.000483396	-0.000591959	-0.000139268
11760	0.000482921	-0.000592219	-0.000137825
11770	0.000482525	-0.000592262	-0.000136329
11780	0.000482228	-0.000592034	-0.000134804
11790	0.000482031	-0.000591503	-0.000133284
11800	0.000481915	-0.000590658	-0.000131798
11810	0.000481845	-0.000589508	-0.000130376
11820	0.000481821	-0.000588086	-0.000129069
11830	0.000481839	-0.000586561	-0.000127865
11840	0.000481849	-0.000585124	-0.000126784
11850	0.00048186	-0.000583838	-0.000125862
11860	0.000481866	-0.000582735	-0.000125119
11870	0.000481867	-0.000581859	-0.000124604
11880	0.000481866	-0.000581323	-0.000124401
11890	0.000481863	-0.000581097	-0.000124452
11900	0.000481847	-0.000581009	-0.000124506
11910	0.000481833	-0.000581007	-0.000124535
11920	0.000481812	-0.000581016	-0.000124566
11930	0.000481798	-0.000581026	-0.000124593
11940	0.000481786	-0.000581035	-0.000124621
11950	0.000481771	-0.000581047	-0.000124644
11960	0.000481776	-0.000581057	-0.000124674
11970	0.000481777	-0.000581064	-0.000124705
11980	0.000481789	-0.00058107	-0.000124739
11990	0.000481798	-0.000581069	-0.000124773
12000	0.000481807	-0.000581066	-0.000124805
12010	0.000481827	-0.000581059	-0.000124849
12020	0.000481846	-0.00058105	-0.000124897
12030	0.000481883	-0.000581034	-0.000124966
12040	0.000481951	-0.000581006	-0.000125082
12050	0.000482071	-0.000580961	-0.000125269
12060	0.000482261	-0.000580891	-0.000125548
12070	0.000482538	-0.000580793	-0.000125939
12080	0.000482916	-0.000580665	-0.00012645
12090	0.0004834	-0.000580506	-0.000127086
12100	0.000483998	-0.000580314	-0.000127823
12110	0.000484709	-0.000580106	-0.000128661
12120	0.000485522	-0.000579891	-0.000129594
12130	0.000486421	-0.000579651	-0.000130593
12140	0.000487378	-0.00057942	-0.000131628
12150	0.000488372	-0.0005792	-0.000132654
12160	0.000489388	-0.000578989	-0.000133666
12170	0.000490398	-0.000578797	-0.000134631
12180	0.000491371	-0.000578635	-0.000135512
12190	0.00049228	-0.000578507	-0.000136286
12200	0.000493105	-0.000578418	-0.000136926
12210	0.00049382	-0.000578371	-0.00013742
12220	0.000494409	-0.000578362	-0.000137761
12230	0.000494862	-0.00057839	-0.000137957
12240	0.000495169	-0.000578434	-0.00013803
12250	0.000495338	-0.000578483	-0.000138024
12260	0.000495406	-0.000578513	-0.000137988
12270	0.000495439	-0.000578518	-0.000137952
12280	0.000495484	-0.000578524	-0.000137905
12290	0.000495559	-0.000578538	-0.000137836
12300	0.000495684	-0.000578564	-0.000137736
12310	0.000495877	-0.000578604	-0.000137588
12320	0.000496148	-0.000578656	-0.000137381
12330	0.0004965	-0.000578711	-0.000137103
12340	0.000496931	-0.000578764	-0.000136751
12350	0.000497439	-0.000578809	-0.000136325
12360	0.000498021	-0.000578851	-0.000135832
12370	0.000498678	-0.00057889	-0.000135301
12380	0.000499414	-0.000578937	-0.000134759
12390	0.000500236	-0.000579016	-0.000134224
12400	0.000501155	-0.000579158	-0.000133719
12410	0.000502169	-0.000579396	-0.000133267
12420	0.000503269	-0.000579679	-0.000132842
12430	0.000504431	-0.000579964	-0.000132422
12440	0.000505628	-0.00058025	-0.000132002
12450	0.000506828	-0.000580536	-0.000131583
12460	0.000508003	-0.000580825	-0.000131161
12470	0.000509122	-0.000581113	-0.000130736
12480	0.000510157	-0.000581399	-0.000130308
12490	0.000511083	-0.000581681	-0.000129881
12500	0.000511879	-0.000581957	-0.000129465
12510	0.000512534	-0.000582226	-0.000129066
12520	0.000513048	-0.000582484	-0.000128692
12530	0.000513431	-0.000582726	-0.000128352
12540	0.000513704	-0.000582949	-0.000128052
12550	0.000513894	-0.000583153	-0.000127798
12560	0.000514028	-0.000583342	-0.000127594
12570	0.000514128	-0.000583521	-0.000127449
12580	0.000514212	-0.0005837	-0.000127369
12590	0.000514294	-0.000583889	-0.000127366
12600	0.000514385	-0.000584102	-0.000127447
12610	0.000514493	-0.000584362	-0.000127568
12620	0.000514623	-0.000584677	-0.000127723
12630	0.000514774	-0.000585054	-0.000127921
12640	0.000514947	-0.000585499	-0.000128165
12650	0.000515143	-0.000586012	-0.00012846
12660	0.000515362	-0.000586592	-0.000128806
12670	0.000515604	-0.000587233	-0.000129202
12680	0.000515862	-0.000587926	-0.000129644
12690	0.00051614	-0.00058866	-0.000130113
12700	0.000516428	-0.000589417	-0.000130598
12710	0.000516732	-0.000590177	-0.000131089
12720	0.000517043	-0.000590923	-0.000131573
12730	0.000517367	-0.000591636	-0.000132037
12740	0.000517706	-0.000592294	-0.000132478
12750	0.000518063	-0.000592878	-0.000132891
12760	0.000518439	-0.000593367	-0.000133284
12770	0.000518836	-0.000593743	-0.000133668
12780	0.000519249	-0.000593992	-0.000134056
12790	0.000519656	-0.000594114	-0.000134431
12800	0.000520018	-0.000594109	-0.000134801
12810	0.000520325	-0.000593977	-0.000135218
12820	0.000520577	-0.000593738	-0.000135754
12830	0.000520785	-0.000593452	-0.000136454
12840	0.00052097	-0.000593221	-0.000137317
12850	0.000521142	-0.00059314	-0.000138316
12860	0.000521297	-0.000593275	-0.000139415
12870	0.00052144	-0.000593669	-0.000140553
12880	0.000521578	-0.000594343	-0.000141681
12890	0.000521711	-0.000595309	-0.000142736
12900	0.000521844	-0.000596605	-0.000143647
12910	0.000521996	-0.000598338	-0.000144322
12920	0.00052221	-0.000600527	-0.000144767
12930	0.000522496	-0.000603147	-0.00014496
12940	0.00052281	-0.000606144	-0.00014487
12950	0.000523064	-0.000609417	-0.000144495
12960	0.00052325	-0.000612687	-0.000143998
12970	0.000523482	-0.000615756	-0.000143401
12980	0.000523761	-0.000618496	-0.000142707
12990	0.00052407	-0.000620843	-0.00014199
13000	0.000524395	-0.000622769	-0.000141363
13010	0.000524725	-0.000624199	-0.000140851
13020	0.000525046	-0.000625059	-0.000140478
13030	0.000525347	-0.000625458	-0.000140242
13040	0.000525615	-0.000625784	-0.000140093
13050	0.000525844	-0.000626039	-0.000140062
13060	0.000526037	-0.000626184	-0.000140169
13070	0.000526203	-0.000626166	-0.000140434
13080	0.000526373	-0.000625923	-0.000140823
13090	0.00052652	-0.000625425	-0.000141277
13100	0.000526618	-0.000624642	-0.000141749
13110	0.00052666	-0.000623561	-0.000142217
13120	0.000526639	-0.000622238	-0.000142669
13130	0.000526583	-0.000620976	-0.000143106
13140	0.000526481	-0.00061987	-0.000143512
13150	0.000526317	-0.000618949	-0.000143888
13160	0.000526079	-0.000618236	-0.000144232
13170	0.000525759	-0.000617754	-0.000144508
13180	0.000525328	-0.000617521	-0.000144677
13190	0.000524783	-0.00061742	-0.000144792
13200	0.000524109	-0.000617322	-0.000144887
13210	0.000523323	-0.000617216	-0.000144958
13220	0.000522456	-0.000617112	-0.000145003
13230	0.000521552	-0.000617028	-0.000145022
13240	0.000520654	-0.000616957	-0.00014501
13250	0.00051981	-0.000616912	-0.000144959
13260	0.000519066	-0.000616897	-0.000144873
13270	0.000518462	-0.000616908	-0.000144757
13280	0.000518045	-0.000616933	-0.000144599
13290	0.000517838	-0.000616978	-0.000144442
13300	0.000517781	-0.000617013	-0.000144339
13310	0.00051778	-0.000617033	-0.000144289
13320	0.000517785	-0.000617045	-0.000144271
13330	0.000517791	-0.000617056	-0.000144257
13340	0.000517797	-0.000617068	-0.000144243
13350	0.000517803	-0.00061708	-0.000144227
13360	0.00051781	-0.000617093	-0.000144212
13370	0.000517818	-0.000617103	-0.000144196
13380	0.000517829	-0.000617113	-0.000144184
13390	0.000517836	-0.000617123	-0.000144184
13400	0.00051783	-0.000617135	-0.000144183
13410	0.00051783	-0.000617147	-0.000144176
13420	0.00051783	-0.000617166	-0.000144179
13430	0.000517829	-0.000617184	-0.00014418
13440	0.000517839	-0.000617204	-0.000144184
13450	0.000517849	-0.000617224	-0.000144192
13460	0.000517851	-0.000617242	-0.000144193
13470	0.000517854	-0.000617257	-0.000144189
13480	0.000517854	-0.000617275	-0.00014419
13490	0.000517854	-0.000617292	-0.00014419
13500	0.000517854	-0.000617307	-0.000144194
13510	0.000517853	-0.000617322	-0.000144193
13520	0.000517852	-0.000617335	-0.000144183
13530	0.000517849	-0.000617352	-0.000144185
13540	0.000517851	-0.000617366	-0.000144189
13550	0.000517853	-0.00061738	-0.000144198
13560	0.000517855	-0.000617394	-0.0001442
13570	0.000517854	-0.000617408	-0.000144203
13580	0.000517847	-0.000617421	-0.000144202
13590	0.000517838	-0.000617434	-0.000144196
13600	0.000517836	-0.000617447	-0.000144186
13610	0.000517834	-0.00061746	-0.000144176
13620	0.00051783	-0.000617473	-0.000144168
13630	0.000517825	-0.000617485	-0.000144166
13640	0.000517824	-0.000617495	-0.000144163
13650	0.00051782	-0.000617505	-0.000144161
13660	0.000517823	-0.000617516	-0.000144151
13670	0.00051782	-0.000617528	-0.000144148
13680	0.000517823	-0.000617539	-0.000144137
13690	0.000517821	-0.000617548	-0.000144132
13700	0.000517821	-0.000617558	-0.000144121
13710	0.000517823	-0.000617566	-0.000144108
13720	0.000517821	-0.000617577	-0.000144095
13730	0.000517816	-0.000617587	-0.000144087
13740	0.000517813	-0.000617596	-0.000144076
13750	0.000517808	-0.000617607	-0.000144068
13760	0.000517805	-0.000617616	-0.000144059
13770	0.000517801	-0.000617627	-0.000144058
13780	0.000517797	-0.000617635	-0.000144056
13790	0.000517802	-0.000617647	-0.000144058
13800	0.000517808	-0.000617655	-0.000144076
13810	0.000517829	-0.000617666	-0.000144108
13820	0.000517857	-0.000617676	-0.000144143
13830	0.000517878	-0.000617688	-0.000144177
13840	0.000517896	-0.000617702	-0.000144213
13850	0.000517916	-0.000617718	-0.000144252
13860	0.000517935	-0.000617734	-0.000144298
13870	0.000517953	-0.000617748	-0.000144343
13880	0.000517969	-0.00061776	-0.000144384
13890	0.000517989	-0.000617767	-0.000144418
13900	0.000518011	-0.000617768	-0.000144449
13910	0.000518047	-0.000617765	-0.000144486
13920	0.000518118	-0.000617755	-0.00014455
13930	0.000518257	-0.000617736	-0.000144656
13940	0.000518486	-0.000617707	-0.000144825
13950	0.000518831	-0.000617669	-0.000145062
13960	0.000519311	-0.000617621	-0.000145361
13970	0.000519923	-0.00061757	-0.00014573
13980	0.000520663	-0.000617521	-0.000146152
13990	0.000521528	-0.000617468	-0.000146591
14000	0.000522519	-0.00061743	-0.000147022
14010	0.000523613	-0.00061741	-0.000147441
14020	0.000524797	-0.000617422	-0.00014782
14030	0.000526047	-0.000617471	-0.00014814
14040	0.000527326	-0.000617544	-0.000148372
14050	0.000528591	-0.00061766	-0.000148508
14060	0.000529831	-0.000617828	-0.000148535
14070	0.000531034	-0.000618047	-0.000148461
14080	0.000532203	-0.000618312	-0.000148297
14090	0.000533346	-0.000618615	-0.000148058
14100	0.000534472	-0.00061895	-0.000147767
14110	0.000535655	-0.00061929	-0.000147492
14120	0.000536977	-0.000619659	-0.000147278
14130	0.000538432	-0.0006201	-0.000147132
14140	0.000540012	-0.000620621	-0.000147043
14150	0.000541709	-0.000621171	-0.000146968
14160	0.00054351	-0.000621738	-0.00014689
14170	0.0005454	-0.000622316	-0.000146794
14180	0.000547364	-0.0006229	-0.000146669
14190	0.000549383	-0.000623489	-0.000146506
14200	0.000551446	-0.000624079	-0.000146298
14210	0.000553535	-0.000624669	-0.000146042
14220	0.000555638	-0.000625259	-0.000145745
14230	0.000557744	-0.000625862	-0.000145413
14240	0.000559841	-0.0006265	-0.00014506
14250	0.000561922	-0.000627212	-0.000144719
14260	0.000563982	-0.000628038	-0.000144424
14270	0.00056602	-0.000629011	-0.000144211
14280	0.000568037	-0.000630151	-0.000144111
14290	0.000570036	-0.000631475	-0.000144149
14300	0.000572019	-0.000632989	-0.000144345
14310	0.000573987	-0.000634707	-0.000144706
14320	0.000575938	-0.000636647	-0.000145226
14330	0.00057787	-0.000638819	-0.000145895
14340	0.000579773	-0.000641221	-0.000146702
14350	0.00058164	-0.000643845	-0.000147637
14360	0.000583463	-0.000646672	-0.000148689
14370	0.00058523	-0.00064968	-0.000149844
14380	0.000586926	-0.000652841	-0.000151085
14390	0.00058854	-0.000656129	-0.000152398
14400	0.000590062	-0.00065952	-0.000153762
14410	0.000591485	-0.000662986	-0.000155158
14420	0.000592808	-0.000666505	-0.000156569
14430	0.000594031	-0.000670056	-0.000157973
14440	0.000595157	-0.000673627	-0.000159344
14450	0.000596202	-0.000677206	-0.000160649
14460	0.00059721	-0.000680788	-0.000161872
14470	0.000598199	-0.000684379	-0.000163001
14480	0.000599175	-0.000687987	-0.000164006
14490	0.000600155	-0.00069162	-0.000164861
14500	0.000601161	-0.000695288	-0.000165544
14510	0.000602226	-0.000699031	-0.000166081
14520	0.000603386	-0.000702847	-0.00016648
14530	0.00060468	-0.000706683	-0.000166733
14540	0.000606147	-0.000710503	-0.000166865
14550	0.000607821	-0.000714432	-0.000167107
14560	0.00060973	-0.00071854	-0.000167608
14570	0.000611889	-0.000722778	-0.000168404
14580	0.000614293	-0.000727043	-0.000169543
14590	0.000616928	-0.00073121	-0.000171029
14600	0.000619778	-0.00073516	-0.000172859
14610	0.000622824	-0.0007388	-0.00017501
14620	0.000626043	-0.000742064	-0.000177446
14630	0.000629408	-0.000744929	-0.000180117
14640	0.000632887	-0.000747411	-0.00018296
14650	0.000636437	-0.00074957	-0.000185903
14660	0.000640012	-0.000751499	-0.000188865
14670	0.000643567	-0.000753329	-0.000191767
14680	0.00064706	-0.000755211	-0.000194528
14690	0.000650453	-0.000757312	-0.000197073
14700	0.000653714	-0.000759831	-0.000199354
14710	0.000656825	-0.000762984	-0.000201347
14720	0.000659774	-0.000766901	-0.00020301
14730	0.000662557	-0.000771666	-0.000204311
14740	0.000665175	-0.000777309	-0.000205233
14750	0.000667629	-0.000783798	-0.000205768
14760	0.000669919	-0.000791039	-0.000205922
14770	0.00067204	-0.00079887	-0.000205704
14780	0.000673984	-0.000806842	-0.000204895
14790	0.000675743	-0.000814618	-0.000203433
14800	0.000677292	-0.000821982	-0.000201419
14810	0.000678582	-0.000828705	-0.000198999
14820	0.000679604	-0.000834572	-0.000196504
14830	0.000680545	-0.000839518	-0.00019423
14840	0.000681426	-0.000843395	-0.000192258
14850	0.000682228	-0.000846048	-0.000190617
14860	0.000682931	-0.000847329	-0.0001893
14870	0.000683525	-0.000847258	-0.000188372
14880	0.000683972	-0.000846327	-0.000187604
14890	0.000684285	-0.00084478	-0.000186865
14900	0.000684456	-0.000842737	-0.000186164
14910	0.000684502	-0.000840247	-0.000185527
14920	0.000684516	-0.000837401	-0.000184865
14930	0.000684531	-0.000834256	-0.000184183
14940	0.000684542	-0.000830949	-0.000183514
14950	0.000684555	-0.000827613	-0.000182909
14960	0.000684564	-0.000824345	-0.000182404
14970	0.000684572	-0.000821237	-0.000182019
14980	0.000684583	-0.000818375	-0.000181779
14990	0.000684597	-0.000815838	-0.000181699
15000	0.000684618	-0.000813699	-0.000181791
15010	0.000684656	-0.000812024	-0.000182053
15020	0.000684722	-0.000810845	-0.000182443
15030	0.000684801	-0.000810024	-0.000182739
15040	0.000684891	-0.000809562	-0.000182902
15050	0.000684998	-0.000809468	-0.00018292
15060	0.000685131	-0.000809553	-0.000182878
15070	0.000685289	-0.000809634	-0.00018284
15080	0.000685472	-0.000809713	-0.000182802
15090	0.000685676	-0.000809793	-0.000182763
15100	0.000685895	-0.000809872	-0.000182726
15110	0.000686127	-0.000809948	-0.000182687
15120	0.000686359	-0.000810024	-0.000182659
15130	0.000686576	-0.000810092	-0.000182629
15140	0.00068678	-0.000810157	-0.000182619
15150	0.000686953	-0.000810214	-0.00018262
15160	0.000687087	-0.000810266	-0.000182632
15170	0.000687177	-0.000810311	-0.000182651
15180	0.000687216	-0.00081035	-0.000182674
15190	0.000687223	-0.00081039	-0.000182697
15200	0.000687238	-0.000810446	-0.00018273
15210	0.000687251	-0.00081051	-0.000182776
15220	0.000687265	-0.00081058	-0.000182826
15230	0.000687281	-0.00081066	-0.000182885
15240	0.000687292	-0.000810741	-0.000182946
15250	0.000687304	-0.000810828	-0.000183015
15260	0.000687315	-0.000810917	-0.000183092
15270	0.000687331	-0.000811008	-0.000183175
15280	0.000687339	-0.000811097	-0.000183249
15290	0.000687354	-0.000811176	-0.000183315
15300	0.000687375	-0.000811247	-0.000183369
15310	0.000687389	-0.000811304	-0.000183411
15320	0.000687404	-0.000811353	-0.00018345
15330	0.000687418	-0.000811404	-0.000183488
15340	0.000687435	-0.000811451	-0.00018352
15350	0.00068745	-0.000811497	-0.000183557
15360	0.000687468	-0.000811543	-0.000183597
15370	0.000687484	-0.000811584	-0.000183634
15380	0.0006875	-0.000811627	-0.000183671
15390	0.000687516	-0.00081167	-0.000183705
15400	0.000687534	-0.000811712	-0.000183736
15410	0.000687551	-0.000811752	-0.00018377
15420	0.000687569	-0.000811791	-0.000183796
15430	0.000687583	-0.000811828	-0.00018382
15440	0.000687599	-0.000811863	-0.000183837
15450	0.000687614	-0.000811896	-0.000183851
15460	0.00068763	-0.000811929	-0.000183864
15470	0.000687644	-0.000811961	-0.000183876
15480	0.00068766	-0.000811991	-0.000183881
15490	0.000687676	-0.00081202	-0.000183887
15500	0.000687692	-0.000812048	-0.000183888
15510	0.000687707	-0.000812075	-0.000183886
15520	0.000687725	-0.000812102	-0.000183883
15530	0.000687744	-0.000812128	-0.000183879
15540	0.000687765	-0.000812152	-0.000183872
15550	0.000687785	-0.000812176	-0.000183859
15560	0.000687809	-0.0008122	-0.000183846
15570	0.000687833	-0.000812223	-0.000183833
15580	0.000687859	-0.000812245	-0.000183819
15590	0.000687887	-0.000812268	-0.000183803
15600	0.000687921	-0.000812292	-0.000183787
15610	0.000687957	-0.000812315	-0.000183767
15620	0.000688	-0.000812338	-0.000183745
15630	0.000688048	-0.000812361	-0.000183723
15640	0.000688105	-0.000812386	-0.000183697
15650	0.000688168	-0.000812409	-0.000183673
15660	0.000688242	-0.000812434	-0.000183649
15670	0.000688325	-0.000812459	-0.000183625
15680	0.00068842	-0.000812485	-0.000183603
15690	0.000688529	-0.000812513	-0.000183583
15700	0.000688649	-0.000812541	-0.000183563
15710	0.000688783	-0.000812569	-0.000183545
15720	0.000688928	-0.000812599	-0.000183527
15730	0.000689087	-0.00081263	-0.000183511
15740	0.000689255	-0.000812662	-0.000183495
15750	0.000689432	-0.000812698	-0.000183479
15760	0.000689614	-0.000812738	-0.000183461
15770	0.000689794	-0.000812781	-0.00018344
15780	0.000689972	-0.000812826	-0.000183411
15790	0.000690149	-0.000812872	-0.000183378
15800	0.000690328	-0.000812922	-0.000183338
15810	0.000690508	-0.000812973	-0.000183295
15820	0.000690692	-0.000813026	-0.000183246
15830	0.000690883	-0.000813082	-0.000183192
15840	0.000691081	-0.000813142	-0.000183131
15850	0.000691289	-0.000813205	-0.000183063
15860	0.000691507	-0.000813272	-0.000182985
15870	0.000691737	-0.000813344	-0.000182897
15880	0.000691983	-0.000813421	-0.000182794
15890	0.000692246	-0.000813502	-0.00018268
15900	0.000692523	-0.000813588	-0.000182553
15910	0.000692817	-0.000813679	-0.000182415
15920	0.000693119	-0.000813774	-0.000182266
15930	0.000693425	-0.000813869	-0.000182101
15940	0.000693755	-0.000813967	-0.000181938
15950	0.000694083	-0.000814069	-0.000181766
15960	0.00069442	-0.000814171	-0.000181592
15970	0.00069476	-0.00081427	-0.000181428
15980	0.000695099	-0.000814361	-0.000181289
15990	0.000695454	-0.000814448	-0.00018117
16000	0.000695812	-0.000814529	-0.000181065
16010	0.000696179	-0.000814605	-0.000180972
16020	0.000696537	-0.000814676	-0.000180891
16030	0.000696887	-0.000814744	-0.000180819
16040	0.000697216	-0.000814805	-0.000180755
16050	0.000697519	-0.000814862	-0.000180703
16060	0.000697783	-0.00081491	-0.00018066
16070	0.000698005	-0.000814949	-0.000180622
16080	0.000698192	-0.000814983	-0.000180588
16090	0.000698332	-0.000815007	-0.000180568
16100	0.000698426	-0.000815022	-0.000180561
16110	0.000698465	-0.00081503	-0.000180565
16120	0.000698484	-0.000815035	-0.000180579
16130	0.00069851	-0.00081504	-0.00018059
16140	0.000698534	-0.000815047	-0.000180607
16150	0.00069856	-0.000815054	-0.000180626
16160	0.000698584	-0.000815062	-0.000180641
16170	0.000698607	-0.000815073	-0.000180657
16180	0.000698626	-0.000815086	-0.000180676
16190	0.000698648	-0.000815103	-0.000180699
16200	0.00069868	-0.000815133	-0.000180723
16210	0.00069873	-0.000815187	-0.000180744
16220	0.000698807	-0.000815271	-0.000180767
16230	0.000698914	-0.000815391	-0.000180791
16240	0.000699047	-0.000815555	-0.000180828
16250	0.000699213	-0.000815773	-0.000180885
16260	0.000699408	-0.000816044	-0.000180967
16270	0.000699631	-0.000816364	-0.00018107
16280	0.000699883	-0.000816731	-0.000181187
16290	0.000700157	-0.00081714	-0.000181331
16300	0.000700452	-0.000817584	-0.000181485
16310	0.000700761	-0.000818055	-0.000181656
16320	0.000701078	-0.000818542	-0.000181837
16330	0.000701403	-0.000819034	-0.000182014
16340	0.000701724	-0.000819515	-0.00018218
16350	0.000702035	-0.000819988	-0.000182337
16360	0.000702333	-0.000820446	-0.000182484
16370	0.000702615	-0.000820877	-0.000182614
16380	0.000702878	-0.000821269	-0.000182728
16390	0.000703117	-0.000821613	-0.000182828
16400	0.000703321	-0.000821901	-0.000182914
16410	0.000703492	-0.000822127	-0.000182988
16420	0.000703629	-0.000822286	-0.000183046
16430	0.000703723	-0.000822377	-0.000183076
16440	0.000703764	-0.000822413	-0.000183096
16450	0.000703769	-0.000822423	-0.000183123
16460	0.000703796	-0.000822438	-0.000183136
16470	0.000703815	-0.000822448	-0.000183149
16480	0.000703842	-0.000822458	-0.000183163
16490	0.00070387	-0.00082247	-0.000183183
16500	0.000703895	-0.00082248	-0.0001832
16510	0.000703921	-0.000822494	-0.000183213
16520	0.000703945	-0.000822512	-0.000183223
16530	0.00070397	-0.000822568	-0.000183222
16540	0.000703995	-0.000822665	-0.000183206
16550	0.000704018	-0.000822791	-0.000183182
16560	0.000704046	-0.000822928	-0.000183159
16570	0.000704075	-0.00082305	-0.00018314
16580	0.000704107	-0.000823144	-0.000183133
16590	0.000704133	-0.000823216	-0.000183131
16600	0.000704158	-0.000823265	-0.000183135
16610	0.00070419	-0.0008233	-0.000183146
16620	0.000704224	-0.000823332	-0.000183162
16630	0.000704251	-0.000823366	-0.000183167
16640	0.000704283	-0.000823396	-0.000183183
16650	0.000704314	-0.000823425	-0.000183194
16660	0.000704345	-0.000823456	-0.000183204
16670	0.000704374	-0.000823485	-0.00018321
16680	0.000704397	-0.000823516	-0.000183221
16690	0.000704429	-0.000823545	-0.000183228
16700	0.000704462	-0.000823572	-0.00018324
16710	0.000704498	-0.0008236	-0.000183239
16720	0.000704533	-0.000823629	-0.000183246
16730	0.000704567	-0.000823655	-0.000183249
16740	0.000704602	-0.000823684	-0.000183259
16750	0.000704632	-0.000823715	-0.000183266
16760	0.000704663	-0.000823743	-0.000183277
16770	0.000704688	-0.000823775	-0.000183289
16780	0.000704722	-0.000823802	-0.000183306
16790	0.000704751	-0.000823829	-0.000183325
16800	0.000704784	-0.000823856	-0.000183342
16810	0.000704815	-0.00082389	-0.000183345
16820	0.000704843	-0.000823918	-0.000183356
16830	0.000704876	-0.000823949	-0.000183366
16840	0.000704899	-0.000823973	-0.000183382
16850	0.000704927	-0.000823998	-0.000183396
16860	0.00070495	-0.000824025	-0.000183407
16870	0.000704979	-0.000824049	-0.00018341
16880	0.000705007	-0.000824072	-0.000183409
16890	0.000705036	-0.000824097	-0.000183411
16900	0.000705064	-0.000824119	-0.000183411
16910	0.000705092	-0.000824143	-0.000183413
16920	0.00070512	-0.000824168	-0.000183419
16930	0.000705147	-0.000824194	-0.000183432
16940	0.00070517	-0.000824224	-0.000183445
16950	0.000705203	-0.000824247	-0.000183447
16960	0.000705236	-0.000824268	-0.000183448
16970	0.00070527	-0.00082429	-0.000183452
16980	0.0007053	-0.000824311	-0.000183455
16990	0.000705329	-0.000824334	-0.000183459
17000	0.00070536	-0.000824357	-0.000183458
17010	0.000705392	-0.00082438	-0.000183458
17020	0.000705429	-0.000824399	-0.000183459
17030	0.000705454	-0.000824418	-0.000183466
17040	0.000705465	-0.000824435	-0.000183485
17050	0.000705486	-0.000824453	-0.000183497
17060	0.000705519	-0.000824471	-0.000183507
17070	0.000705556	-0.00082449	-0.000183516
17080	0.000705587	-0.000824508	-0.000183521
17090	0.000705611	-0.000824527	-0.000183519
17100	0.000705621	-0.000824545	-0.000183538
17110	0.000705638	-0.000824561	-0.000183546
17120	0.000705654	-0.00082458	-0.000183551
17130	0.000705681	-0.000824599	-0.000183557
17140	0.000705713	-0.000824616	-0.000183559
17150	0.000705748	-0.000824632	-0.000183567
17160	0.00070577	-0.000824653	-0.000183568
17170	0.000705795	-0.000824673	-0.00018357
17180	0.000705831	-0.000824688	-0.000183567
17190	0.000705862	-0.000824705	-0.000183572
17200	0.000705899	-0.000824725	-0.000183567
17210	0.000705941	-0.000824749	-0.000183571
17220	0.000705987	-0.000824775	-0.000183563
17230	0.000706044	-0.000824807	-0.000183557
17240	0.000706115	-0.000824848	-0.000183541
17250	0.000706204	-0.000824897	-0.00018352
17260	0.00070631	-0.000824958	-0.000183493
17270	0.000706434	-0.000825027	-0.000183457
17280	0.000706578	-0.000825104	-0.000183413
17290	0.000706739	-0.000825188	-0.000183353
17300	0.000706919	-0.000825277	-0.00018328
17310	0.000707118	-0.000825371	-0.000183192
17320	0.000707335	-0.000825468	-0.00018309
17330	0.000707569	-0.000825566	-0.000182979
17340	0.000707814	-0.000825663	-0.000182858
17350	0.000708068	-0.000825756	-0.000182729
17360	0.000708325	-0.000825843	-0.000182593
17370	0.000708582	-0.000825923	-0.000182449
17380	0.000708837	-0.000825993	-0.000182299
17390	0.000709084	-0.00082605	-0.000182145
17400	0.000709321	-0.000826094	-0.000181989
17410	0.000709543	-0.000826124	-0.000181833
17420	0.000709749	-0.00082614	-0.00018168
17430	0.000709937	-0.000826143	-0.000181534
17440	0.000710103	-0.000826138	-0.0001814
17450	0.000710254	-0.000826127	-0.000181287
17460	0.000710376	-0.00082611	-0.000181185
17470	0.000710478	-0.000826094	-0.000181105
17480	0.000710565	-0.000826084	-0.000181048
17490	0.000710636	-0.000826083	-0.00018101
17500	0.000710689	-0.000826096	-0.000180985
17510	0.000710727	-0.00082613	-0.000180992
17520	0.000710751	-0.000826194	-0.000181046
17530	0.000710769	-0.000826283	-0.000181127
17540	0.000710792	-0.000826401	-0.000181239
17550	0.000710811	-0.000826553	-0.000181387
17560	0.000710839	-0.000826738	-0.000181581
17570	0.000710872	-0.000826963	-0.000181825
17580	0.000710903	-0.000827224	-0.000182107
17590	0.000710927	-0.000827518	-0.000182415
17600	0.000710947	-0.000827834	-0.000182736
17610	0.000710967	-0.000828159	-0.00018306
17620	0.000710985	-0.000828481	-0.000183376
17630	0.000711011	-0.000828789	-0.000183672
17640	0.000711043	-0.000829074	-0.000183931
17650	0.000711096	-0.000829326	-0.000184151
17660	0.000711167	-0.00082957	-0.000184318
17670	0.000711266	-0.000829873	-0.000184531
17680	0.000711393	-0.000830243	-0.000184781
17690	0.000711546	-0.000830677	-0.000185064
17700	0.000711728	-0.000831165	-0.000185372
17710	0.000711937	-0.000831698	-0.0001857
17720	0.000712179	-0.000832263	-0.00018603
17730	0.000712449	-0.000832844	-0.000186341
17740	0.000712739	-0.000833423	-0.000186641
17750	0.000713048	-0.00083398	-0.0001869
17760	0.000713376	-0.000834498	-0.000187116
17770	0.000713706	-0.000834962	-0.000187267
17780	0.000714037	-0.000835359	-0.000187358
17790	0.000714345	-0.000835672	-0.000187386
17800	0.000714619	-0.000835911	-0.000187356
17810	0.000714847	-0.000836069	-0.000187294
17820	0.000715031	-0.000836165	-0.00018722
17830	0.000715169	-0.000836215	-0.000187152
17840	0.000715245	-0.000836235	-0.000187126
17850	0.000715263	-0.000836241	-0.000187145
17860	0.000715273	-0.000836248	-0.000187164
17870	0.000715278	-0.000836263	-0.000187178
17880	0.000715297	-0.000836315	-0.000187183
17890	0.000715335	-0.000836395	-0.000187178
17900	0.000715356	-0.000836495	-0.000187161
17910	0.000715376	-0.000836611	-0.00018714
17920	0.000715403	-0.000836741	-0.000187112
17930	0.000715426	-0.000836876	-0.000187078
17940	0.000715455	-0.000837012	-0.000187043
17950	0.000715488	-0.000837147	-0.000187014
17960	0.000715514	-0.000837273	-0.000186985
17970	0.000715547	-0.000837394	-0.000186958
17980	0.000715573	-0.000837506	-0.000186946
17990	0.000715599	-0.000837606	-0.000186931
18000	0.000715633	-0.000837697	-0.000186919
