0	0	0	0
10	4.0446e-06	2.93401e-07	-4.92761e-06
20	1.39261e-05	1.2435e-06	-2.22668e-05
30	2.83952e-05	3.32529e-06	-5.17398e-05
40	4.70309e-05	7.3772e-06	-9.27655e-05
50	6.95396e-05	1.43945e-05	-0.000144558
60	9.59242e-05	2.53899e-05	-0.000206111
70	0.000126333	4.13321e-05	-0.000276317
80	0.000160993	6.30078e-05	-0.000354054
90	0.000200159	9.09242e-05	-0.000438275
100	0.000244028	0.000125269	-0.000528078
110	0.000292643	0.000165865	-0.000622775
120	0.000345816	0.000211941	-0.000721922
130	0.000403092	0.000262027	-0.000825336
140	0.000463859	0.00031404	-0.000933007
150	0.000527388	0.000365431	-0.00104504
160	0.000593065	0.000414185	-0.00116147
170	0.000660393	0.000458541	-0.0012822
180	0.00072844	0.000496939	-0.0014067
190	0.000796061	0.000528147	-0.0015343
200	0.000862298	0.00055138	-0.00166445
210	0.000926452	0.000566241	-0.00179671
220	0.000987963	0.00057257	-0.00193074
230	0.00104667	0.000570537	-0.00206619
240	0.00110272	0.000560646	-0.00220275
250	0.00115625	0.000543359	-0.00234011
260	0.00120743	0.00051911	-0.00247804
270	0.00125639	0.000488331	-0.00261632
280	0.00130328	0.000451417	-0.00275478
290	0.00134823	0.000408764	-0.00289323
300	0.00139134	0.000360755	-0.00303151
310	0.00143279	0.000307771	-0.00316951
320	0.00147278	0.000250105	-0.00330715
330	0.0015116	0.000188099	-0.00344441
340	0.00154952	0.000122179	-0.00358129
350	0.00158685	5.28136e-05	-0.00371783
360	0.00162391	-1.95128e-05	-0.00385412
370	0.00166102	-9.42704e-05	-0.00399028
380	0.00169848	-0.000170935	-0.00412648
390	0.00173663	-0.000248941	-0.00426292
400	0.00177573	-0.000327815	-0.0043998
410	0.00181609	-0.000407072	-0.00453738
420	0.00185796	-0.000486305	-0.00467589
430	0.00190156	-0.00056513	-0.00481555
440	0.00194669	-0.000643299	-0.00495575
450	0.00199287	-0.00072066	-0.005095
460	0.00204027	-0.000797147	-0.00523328
470	0.00208907	-0.000872804	-0.00537069
480	0.00213951	-0.00094774	-0.00550734
490	0.00219178	-0.0010221	-0.00564332
500	0.00224612	-0.00109607	-0.00577872
510	0.00230272	-0.0011698	-0.0059136
520	0.00236175	-0.00124338	-0.006048
530	0.00242335	-0.00131679	-0.00618195
540	0.00248759	-0.00138987	-0.00631543
550	0.00255451	-0.00146241	-0.0064484
560	0.0026241	-0.00153409	-0.00658079
570	0.00269637	-0.00160466	-0.00671251
580	0.00277127	-0.00167391	-0.00684345
590	0.00284876	-0.00174165	-0.0069735
600	0.00292876	-0.0018078	-0.00710254
610	0.00301115	-0.00187231	-0.0072305
620	0.00309581	-0.00193526	-0.00735731
630	0.0031826	-0.00199682	-0.00748295
640	0.00327138	-0.00205734	-0.00760743
650	0.00336198	-0.00211724	-0.00773082
660	0.00345423	-0.00217703	-0.00785322
670	0.00354793	-0.00223724	-0.00797482
680	0.0036429	-0.00229846	-0.00809579
690	0.00373894	-0.00236133	-0.00821639
700	0.00383585	-0.00242641	-0.00833685
710	0.00393345	-0.00249423	-0.00845744
720	0.00403156	-0.00256521	-0.00857842
730	0.00412998	-0.00263972	-0.00870004
740	0.00422856	-0.00271804	-0.00882251
750	0.00432714	-0.00280023	-0.00894604
760	0.00442557	-0.00288624	-0.0090708
770	0.0045237	-0.00297583	-0.00919695
780	0.00462141	-0.00306866	-0.0093246
790	0.00471858	-0.00316423	-0.00945384
800	0.00481511	-0.00326197	-0.00958473
810	0.00491092	-0.00336124	-0.0097173
820	0.00500596	-0.00346135	-0.00985155
830	0.00510019	-0.0035616	-0.00998747
840	0.00519356	-0.00366127	-0.010125
850	0.0052861	-0.0037598	-0.0102642
860	0.00537785	-0.0038566	-0.0104048
870	0.00546884	-0.00395121	-0.0105469
880	0.00555917	-0.0040433	-0.0106904
890	0.00564893	-0.00413269	-0.0108351
900	0.00573826	-0.00421928	-0.0109809
910	0.00582729	-0.00430309	-0.0111278
920	0.00591619	-0.0043843	-0.0112756
930	0.00600511	-0.00446314	-0.0114243
940	0.0060942	-0.00453998	-0.0115738
950	0.00618361	-0.00461523	-0.0117241
960	0.00627351	-0.00468945	-0.011875
970	0.00636403	-0.00476316	-0.0120266
980	0.00645529	-0.00483682	-0.0121789
990	0.00654736	-0.0049109	-0.0123318
1000	0.00664031	-0.00498584	-0.0124853
1010	0.00673417	-0.00506199	-0.0126395
1020	0.00682899	-0.00513958	-0.0127943
1030	0.00692475	-0.00521872	-0.0129498
1040	0.00702144	-0.00529943	-0.013106
1050	0.007119	-0.00538157	-0.0132629
1060	0.00721736	-0.00546497	-0.0134205
1070	0.00731645	-0.00554936	-0.0135789
1080	0.00741617	-0.00563439	-0.0137381
1090	0.00751648	-0.00571964	-0.0138981
1100	0.00761729	-0.00580469	-0.0140589
1110	0.00771852	-0.00588908	-0.0142204
1120	0.00782012	-0.00597237	-0.0143827
1130	0.00792201	-0.00605416	-0.0145458
1140	0.00802415	-0.00613414	-0.0147097
1150	0.00812653	-0.006212	-0.0148744
1160	0.00822914	-0.00628756	-0.0150398
1170	0.00833199	-0.0063607	-0.015206
1180	0.00843513	-0.0064314	-0.015373
1190	0.00853859	-0.00649974	-0.0155407
1200	0.00864246	-0.00656587	-0.0157092
1210	0.00874681	-0.00663003	-0.0158784
1220	0.00885174	-0.0066925	-0.0160485
1230	0.00895736	-0.00675356	-0.0162192
1240	0.00906376	-0.00681353	-0.0163907
1250	0.00917101	-0.00687274	-0.0165629
1260	0.00927911	-0.00693153	-0.0167357
1270	0.00938804	-0.00699018	-0.0169089
1280	0.00949779	-0.00704895	-0.0170824
1290	0.00960833	-0.00710807	-0.017256
1300	0.00971962	-0.00716773	-0.0174297
1310	0.00983163	-0.00722806	-0.0176034
1320	0.00994428	-0.00728915	-0.017777
1330	0.0100575	-0.00735103	-0.0179504
1340	0.0101713	-0.00741367	-0.0181235
1350	0.0102854	-0.007477	-0.0182965
1360	0.0103999	-0.00754093	-0.0184692
1370	0.0105147	-0.00760533	-0.0186417
1380	0.0106296	-0.00767007	-0.0188141
1390	0.0107446	-0.00773498	-0.0189863
1400	0.0108597	-0.00779993	-0.0191584
1410	0.0109748	-0.00786482	-0.0193304
1420	0.0110898	-0.00792956	-0.0195026
1430	0.0112047	-0.00799409	-0.0196748
1440	0.0113194	-0.00805839	-0.0198473
1450	0.0114341	-0.00812249	-0.02002
1460	0.0115487	-0.00818644	-0.0201931
1470	0.0116631	-0.00825034	-0.0203666
1480	0.0117775	-0.00831431	-0.0205406
1490	0.0118919	-0.00837853	-0.0207153
1500	0.0120064	-0.00844318	-0.0208906
1510	0.0121209	-0.00850846	-0.0210666
1520	0.0122356	-0.00857457	-0.0212435
1530	0.0123505	-0.00864167	-0.0214212
1540	0.0124658	-0.00870996	-0.0215999
1550	0.0125814	-0.0087796	-0.0217795
1560	0.0126975	-0.00885076	-0.0219603
1570	0.0128142	-0.00892358	-0.0221421
1580	0.0129314	-0.00899817	-0.0223251
1590	0.0130492	-0.00907455	-0.0225094
1600	0.0131677	-0.00915276	-0.022695
1610	0.0132869	-0.00923274	-0.0228821
1620	0.0134069	-0.00931439	-0.0230706
1630	0.0135276	-0.00939752	-0.0232606
1640	0.0136491	-0.009482	-0.0234522
1650	0.0137713	-0.00956765	-0.0236455
1660	0.0138943	-0.00965437	-0.0238406
1670	0.0140182	-0.00974203	-0.0240373
1680	0.0141428	-0.00983041	-0.0242358
1690	0.0142682	-0.00991934	-0.0244362
1700	0.0143945	-0.0100086	-0.0246382
1710	0.0145217	-0.0100982	-0.0248421
1720	0.0146497	-0.0101879	-0.0250477
1730	0.0147786	-0.0102777	-0.025255
1740	0.0149085	-0.0103674	-0.0254639
1750	0.0150393	-0.010457	-0.0256745
1760	0.0151711	-0.0105464	-0.0258866
1770	0.0153038	-0.0106356	-0.0261002
1780	0.0154376	-0.0107245	-0.0263152
1790	0.0155723	-0.0108132	-0.0265317
1800	0.0157081	-0.0109016	-0.0267494
1810	0.0158448	-0.0109899	-0.0269683
1820	0.0159826	-0.0110779	-0.0271885
1830	0.0161215	-0.0111658	-0.0274097
1840	0.0162614	-0.0112536	-0.027632
1850	0.0164023	-0.0113414	-0.0278552
1860	0.016544	-0.0114292	-0.0280789
1870	0.0166865	-0.0115172	-0.0283029
1880	0.0168298	-0.0116054	-0.0285273
1890	0.0169739	-0.0116938	-0.0287521
1900	0.0171188	-0.0117826	-0.0289773
1910	0.0172646	-0.0118718	-0.0292028
1920	0.0174113	-0.0119615	-0.0294288
1930	0.0175588	-0.0120516	-0.0296553
1940	0.0177071	-0.0121422	-0.0298822
1950	0.0178562	-0.0122333	-0.0301097
1960	0.0180061	-0.012325	-0.0303377
1970	0.0181569	-0.0124172	-0.0305662
1980	0.0183084	-0.01251	-0.0307954
1990	0.0184606	-0.0126032	-0.0310253
2000	0.0186136	-0.012697	-0.0312558
2010	0.0187672	-0.0127912	-0.0314871
2020	0.0189216	-0.0128859	-0.0317191
2030	0.0190766	-0.012981	-0.0319519
2040	0.0192323	-0.0130764	-0.0321855
2050	0.0193886	-0.0131722	-0.03242
2060	0.0195455	-0.0132683	-0.0326552
2070	0.019703	-0.0133645	-0.0328913
2080	0.019861	-0.013461	-0.0331283
2090	0.0200196	-0.0135576	-0.0333661
2100	0.0201788	-0.0136544	-0.0336049
2110	0.0203386	-0.0137512	-0.0338445
2120	0.0204989	-0.0138482	-0.034085
2130	0.0206597	-0.0139452	-0.0343264
2140	0.0208211	-0.0140423	-0.0345686
2150	0.0209831	-0.0141395	-0.0348117
2160	0.0211456	-0.0142366	-0.0350556
2170	0.0213087	-0.0143339	-0.0353004
2180	0.0214724	-0.0144312	-0.0355461
2190	0.0216367	-0.0145288	-0.0357925
2200	0.0218017	-0.0146265	-0.0360397
2210	0.0219672	-0.0147246	-0.0362877
2220	0.0221335	-0.014823	-0.0365365
2230	0.0223004	-0.0149217	-0.0367859
2240	0.0224681	-0.015021	-0.0370361
2250	0.0226365	-0.0151207	-0.037287
2260	0.0228056	-0.015221	-0.0375386
2270	0.0229754	-0.0153219	-0.0377909
2280	0.023146	-0.0154234	-0.0380438
2290	0.0233173	-0.0155255	-0.0382974
2300	0.0234893	-0.0156283	-0.0385516
2310	0.0236621	-0.0157318	-0.0388065
2320	0.0238355	-0.0158359	-0.0390621
2330	0.0240097	-0.0159406	-0.0393183
2340	0.0241846	-0.0160458	-0.0395751
2350	0.0243601	-0.0161516	-0.0398326
2360	0.0245362	-0.0162579	-0.0400909
2370	0.0247129	-0.0163646	-0.0403498
2380	0.0248902	-0.0164718	-0.0406094
2390	0.0250681	-0.0165794	-0.0408698
2400	0.0252464	-0.0166874	-0.041131
2410	0.0254254	-0.0167957	-0.0413929
2420	0.0256048	-0.0169044	-0.0416556
2430	0.0257847	-0.0170133	-0.0419191
2440	0.0259651	-0.0171226	-0.0421834
2450	0.0261459	-0.0172321	-0.0424486
2460	0.0263273	-0.0173419	-0.0427146
2470	0.0265091	-0.0174521	-0.0429814
2480	0.0266913	-0.0175625	-0.0432492
2490	0.0268741	-0.0176734	-0.0435178
2500	0.0270574	-0.0177846	-0.0437873
2510	0.0272411	-0.0178962	-0.0440576
2520	0.0274254	-0.0180081	-0.0443289
2530	0.0276102	-0.0181205	-0.044601
2540	0.0277955	-0.0182332	-0.044874
2550	0.0279813	-0.0183463	-0.0451478
2560	0.0281677	-0.0184598	-0.0454226
2570	0.0283546	-0.0185737	-0.0456982
2580	0.0285421	-0.018688	-0.0459747
2590	0.0287301	-0.0188027	-0.0462522
2600	0.0289186	-0.0189178	-0.0465305
2610	0.0291077	-0.0190332	-0.0468097
2620	0.0292973	-0.0191488	-0.0470898
2630	0.0294874	-0.0192647	-0.0473707
2640	0.0296781	-0.0193808	-0.0476526
2650	0.0298692	-0.019497	-0.0479353
2660	0.0300609	-0.0196132	-0.048219
2670	0.0302531	-0.0197295	-0.0485035
2680	0.0304457	-0.0198458	-0.048789
2690	0.0306389	-0.0199621	-0.0490753
2700	0.0308325	-0.0200783	-0.0493625
2710	0.0310266	-0.0201944	-0.0496507
2720	0.0312212	-0.0203104	-0.0499397
2730	0.0314163	-0.0204263	-0.0502297
2740	0.031612	-0.0205421	-0.0505205
2750	0.0318081	-0.0206578	-0.0508123
2760	0.0320048	-0.0207733	-0.0511049
2770	0.0322021	-0.0208888	-0.0513984
2780	0.0323999	-0.0210042	-0.0516927
2790	0.0325984	-0.0211197	-0.051988
2800	0.0327975	-0.0212352	-0.052284
2810	0.0329972	-0.0213508	-0.052581
2820	0.0331976	-0.0214664	-0.0528787
2830	0.0333988	-0.0215822	-0.0531773
2840	0.0336006	-0.021698	-0.0534766
2850	0.0338032	-0.0218141	-0.0537767
2860	0.0340065	-0.0219303	-0.0540776
2870	0.0342106	-0.0220466	-0.0543793
2880	0.0344155	-0.022163	-0.0546816
2890	0.0346212	-0.0222796	-0.0549847
2900	0.0348276	-0.0223963	-0.0552885
2910	0.0350348	-0.022513	-0.055593
2920	0.0352427	-0.0226297	-0.0558982
2930	0.0354514	-0.0227464	-0.0562041
2940	0.0356607	-0.022863	-0.0565106
2950	0.0358708	-0.0229794	-0.0568179
2960	0.0360816	-0.0230957	-0.0571257
2970	0.036293	-0.0232117	-0.0574342
2980	0.036505	-0.0233275	-0.0577433
2990	0.0367177	-0.0234429	-0.058053
3000	0.0369311	-0.0235581	-0.0583633
3010	0.037145	-0.023673	-0.0586742
3020	0.0373596	-0.0237876	-0.0589856
3030	0.0375748	-0.023902	-0.0592976
3040	0.0377905	-0.0240163	-0.05961
3050	0.0380068	-0.0241304	-0.0599229
3060	0.0382236	-0.0242446	-0.0602361
3070	0.038441	-0.0243588	-0.0605497
3080	0.0386589	-0.0244732	-0.0608635
3090	0.0388772	-0.0245879	-0.0611777
3100	0.0390961	-0.024703	-0.061492
3110	0.0393155	-0.0248185	-0.0618066
3120	0.0395354	-0.0249346	-0.0621215
3130	0.0397557	-0.0250513	-0.0624365
3140	0.0399765	-0.0251687	-0.0627518
3150	0.0401979	-0.0252868	-0.0630674
3160	0.0404196	-0.0254057	-0.0633832
3170	0.0406419	-0.0255254	-0.0636994
3180	0.0408646	-0.0256458	-0.0640159
3190	0.0410877	-0.0257669	-0.0643329
3200	0.0413113	-0.0258887	-0.0646503
3210	0.0415353	-0.0260111	-0.0649683
3220	0.0417597	-0.026134	-0.0652869
3230	0.0419846	-0.0262575	-0.0656061
3240	0.0422099	-0.0263815	-0.065926
3250	0.0424356	-0.0265058	-0.0662466
3260	0.0426618	-0.0266304	-0.0665681
3270	0.0428884	-0.0267553	-0.0668904
3280	0.0431156	-0.0268803	-0.0672135
3290	0.0433432	-0.0270056	-0.0675376
3300	0.0435713	-0.0271309	-0.0678626
3310	0.0437999	-0.0272563	-0.0681885
3320	0.0440291	-0.0273817	-0.0685154
3330	0.0442588	-0.0275072	-0.0688432
3340	0.0444892	-0.0276328	-0.069172
3350	0.0447202	-0.0277584	-0.0695017
3360	0.0449519	-0.0278842	-0.0698323
3370	0.0451843	-0.0280102	-0.0701638
3380	0.0454173	-0.0281365	-0.070496
3390	0.0456508	-0.028263	-0.0708286
3400	0.0458849	-0.02839	-0.0711617
3410	0.0461196	-0.0285174	-0.0714952
3420	0.0463548	-0.0286454	-0.0718291
3430	0.0465907	-0.0287742	-0.0721633
3440	0.0468273	-0.0289037	-0.072498
3450	0.0470645	-0.0290341	-0.0728331
3460	0.0473023	-0.0291653	-0.0731686
3470	0.0475408	-0.0292974	-0.0735044
3480	0.0477799	-0.0294304	-0.0738407
3490	0.0480197	-0.0295643	-0.0741774
3500	0.0482601	-0.0296992	-0.0745145
3510	0.0485012	-0.0298352	-0.074852
3520	0.0487429	-0.0299724	-0.0751899
3530	0.0489854	-0.0301109	-0.075528
3540	0.0492286	-0.0302511	-0.0758662
3550	0.0494728	-0.0303933	-0.0762045
3560	0.049718	-0.0305379	-0.0765425
3570	0.0499643	-0.0306851	-0.0768802
3580	0.0502119	-0.0308354	-0.0772172
3590	0.0504609	-0.0309891	-0.0775535
3600	0.0507114	-0.0311467	-0.0778886
3610	0.0509635	-0.0313089	-0.0782222
3620	0.0512174	-0.0314762	-0.0785539
3630	0.0514726	-0.0316498	-0.0788828
3640	0.0517292	-0.0318302	-0.0792082
3650	0.0519869	-0.0320179	-0.0795299
3660	0.0522459	-0.032213	-0.0798475
3670	0.0525061	-0.0324154	-0.0801609
3680	0.0527674	-0.0326248	-0.08047
3690	0.0530297	-0.0328406	-0.0807749
3700	0.053293	-0.0330619	-0.0810756
3710	0.0535573	-0.0332882	-0.0813722
3720	0.0538226	-0.0335186	-0.0816649
3730	0.0540886	-0.0337518	-0.0819541
3740	0.0543552	-0.0339865	-0.08224
3750	0.0546221	-0.0342213	-0.0825232
3760	0.0548891	-0.0344547	-0.082804
3770	0.0551559	-0.0346852	-0.0830829
3780	0.0554221	-0.0349114	-0.0833605
3790	0.0556876	-0.035132	-0.0836373
3800	0.055952	-0.0353458	-0.0839138
3810	0.0562151	-0.0355516	-0.0841906
3820	0.0564768	-0.0357485	-0.0844681
3830	0.0567368	-0.0359359	-0.0847469
3840	0.0569952	-0.0361134	-0.0850272
3850	0.0572521	-0.0362808	-0.0853095
3860	0.0575072	-0.0364381	-0.0855939
3870	0.0577606	-0.0365851	-0.0858807
3880	0.0580123	-0.0367217	-0.0861701
3890	0.0582623	-0.0368483	-0.0864621
3900	0.0585108	-0.0369653	-0.0867568
3910	0.0587584	-0.0370734	-0.087054
3920	0.0590055	-0.0371734	-0.0873537
3930	0.0592528	-0.0372661	-0.0876557
3940	0.0595013	-0.0373527	-0.0879599
3950	0.0597518	-0.0374341	-0.088266
3960	0.0600053	-0.0375115	-0.0885739
3970	0.0602628	-0.037586	-0.0888833
3980	0.0605253	-0.0376588	-0.089194
3990	0.0607937	-0.0377311	-0.0895058
4000	0.0610687	-0.0378038	-0.0898186
4010	0.0613509	-0.0378781	-0.0901321
4020	0.0616406	-0.0379547	-0.0904464
4030	0.061938	-0.0380346	-0.0907615
4040	0.062243	-0.0381186	-0.0910773
4050	0.0625552	-0.0382071	-0.091394
4060	0.0628742	-0.0383006	-0.0917115
4070	0.0631969	-0.0384	-0.09203
4080	0.0635223	-0.0385066	-0.0923491
4090	0.0638494	-0.0386217	-0.0926682
4100	0.0641775	-0.038746	-0.0929873
4110	0.0645056	-0.0388802	-0.0933059
4120	0.0648329	-0.0390241	-0.0936242
4130	0.0651586	-0.0391777	-0.0939419
4140	0.0654818	-0.0393401	-0.0942592
4150	0.0658018	-0.0395105	-0.0945764
4160	0.0661177	-0.0396876	-0.0948934
4170	0.0664291	-0.0398699	-0.0952106
4180	0.0667354	-0.0400558	-0.0955281
4190	0.0670364	-0.0402441	-0.0958459
4200	0.0673323	-0.0404333	-0.096164
4210	0.067623	-0.0406219	-0.0964823
4220	0.0679085	-0.0408085	-0.0968009
4230	0.0681891	-0.0409916	-0.0971197
4240	0.0684648	-0.04117	-0.0974387
4250	0.0687357	-0.0413425	-0.0977577
4260	0.069002	-0.041508	-0.0980768
4270	0.0692639	-0.0416655	-0.0983959
4280	0.0695215	-0.0418142	-0.0987151
4290	0.0697751	-0.0419535	-0.0990344
4300	0.0700249	-0.0420829	-0.0993537
4310	0.070271	-0.042202	-0.0996733
4320	0.0705137	-0.0423106	-0.099993
4330	0.0707533	-0.0424088	-0.100313
4340	0.07099	-0.0424966	-0.100634
4350	0.071224	-0.0425742	-0.100955
4360	0.0714556	-0.0426421	-0.101277
4370	0.0716849	-0.0427007	-0.1016
4380	0.0719123	-0.0427505	-0.101924
4390	0.0721382	-0.0427924	-0.10225
4400	0.072363	-0.0428275	-0.102577
4410	0.0725872	-0.0428569	-0.102907
4420	0.0728114	-0.0428821	-0.103238
4430	0.0730363	-0.0429045	-0.10357
4440	0.0732623	-0.0429256	-0.103905
4450	0.0734902	-0.0429473	-0.104242
4460	0.0737202	-0.0429712	-0.10458
4470	0.0739525	-0.0429991	-0.104918
4480	0.074187	-0.0430324	-0.105257
4490	0.074424	-0.0430726	-0.105596
4500	0.0746634	-0.0431209	-0.105935
4510	0.0749052	-0.0431782	-0.106273
4520	0.0751493	-0.0432453	-0.106611
4530	0.0753955	-0.0433229	-0.106947
4540	0.0756435	-0.0434113	-0.107283
4550	0.0758884	-0.0435109	-0.107619
4560	0.0761282	-0.0436204	-0.107956
4570	0.0763633	-0.0437385	-0.108295
4580	0.076594	-0.0438636	-0.108636
4590	0.0768206	-0.0439941	-0.10898
4600	0.0770436	-0.0441285	-0.109327
4610	0.0772632	-0.0442662	-0.109677
4620	0.0774797	-0.0444065	-0.110031
4630	0.0776935	-0.0445489	-0.110387
4640	0.0779048	-0.0446927	-0.110747
4650	0.078114	-0.0448373	-0.111109
4660	0.0783213	-0.0449822	-0.111474
4670	0.0785271	-0.0451269	-0.111842
4680	0.0787316	-0.0452711	-0.112211
4690	0.078935	-0.0454144	-0.112582
4700	0.0791376	-0.0455566	-0.112954
4710	0.0793395	-0.0456976	-0.113328
4720	0.0795409	-0.0458373	-0.113702
4730	0.0797418	-0.0459756	-0.114077
4740	0.0799424	-0.0461127	-0.114451
4750	0.0801426	-0.0462489	-0.114826
4760	0.0803426	-0.0463846	-0.1152
4770	0.0805425	-0.0465204	-0.115573
4780	0.0807424	-0.0466566	-0.115946
4790	0.0809424	-0.0467939	-0.116318
4800	0.0811425	-0.0469326	-0.116688
4810	0.081343	-0.0470729	-0.117057
4820	0.0815437	-0.0472153	-0.117426
4830	0.0817448	-0.04736	-0.117793
4840	0.0819463	-0.0475069	-0.11816
4850	0.0821482	-0.047656	-0.118527
4860	0.0823505	-0.0478072	-0.118894
4870	0.0825533	-0.0479605	-0.119261
4880	0.0827565	-0.0481155	-0.119629
4890	0.0829601	-0.0482721	-0.119998
4900	0.0831641	-0.0484299	-0.120368
4910	0.0833685	-0.0485884	-0.120741
4920	0.0835734	-0.0487472	-0.121116
4930	0.0837788	-0.048906	-0.121494
4940	0.0839847	-0.0490645	-0.121875
4950	0.0841912	-0.0492223	-0.122259
4960	0.0843985	-0.0493792	-0.122647
4970	0.0846057	-0.0495351	-0.123038
4980	0.0848122	-0.0496898	-0.12343
4990	0.0850181	-0.0498433	-0.123824
5000	0.0852236	-0.0499956	-0.124219
5010	0.085429	-0.0501465	-0.124616
5020	0.0856345	-0.0502963	-0.125015
5030	0.0858406	-0.0504455	-0.125415
5040	0.0860474	-0.0505945	-0.125817
5050	0.0862555	-0.0507442	-0.12622
5060	0.0864651	-0.0508956	-0.126624
5070	0.0866768	-0.0510493	-0.127028
5080	0.0868908	-0.0512063	-0.127433
5090	0.0871073	-0.0513671	-0.127838
5100	0.0873266	-0.0515322	-0.128242
5110	0.0875488	-0.0517016	-0.128647
5120	0.0877739	-0.0518754	-0.129051
5130	0.088002	-0.0520533	-0.129454
5140	0.088233	-0.0522347	-0.129857
5150	0.0884668	-0.0524188	-0.13026
5160	0.0887032	-0.0526048	-0.130662
5170	0.0889421	-0.0527914	-0.131064
5180	0.0891833	-0.0529778	-0.131466
5190	0.0894268	-0.0531632	-0.131868
5200	0.0896726	-0.0533468	-0.13227
5210	0.0899204	-0.053528	-0.132671
5220	0.0901704	-0.0537067	-0.133072
5230	0.0904224	-0.0538823	-0.133473
5240	0.0906765	-0.0540547	-0.133873
5250	0.0909328	-0.054224	-0.134272
5260	0.0911915	-0.0543902	-0.13467
5270	0.0914528	-0.0545533	-0.135065
5280	0.0917166	-0.0547132	-0.135459
5290	0.0919828	-0.0548699	-0.135851
5300	0.0922511	-0.0550234	-0.136242
5310	0.0925214	-0.0551736	-0.13663
5320	0.0927934	-0.0553207	-0.137016
5330	0.0930671	-0.0554646	-0.137401
5340	0.0933421	-0.0556054	-0.137784
5350	0.0936182	-0.055743	-0.138165
5360	0.0938951	-0.0558775	-0.138545
5370	0.0941726	-0.0560089	-0.138924
5380	0.0944504	-0.0561373	-0.139303
5390	0.0947282	-0.0562631	-0.13968
5400	0.0950056	-0.0563865	-0.140057
5410	0.0952824	-0.0565077	-0.140433
5420	0.0955583	-0.056627	-0.140809
5430	0.0958326	-0.0567446	-0.141184
5440	0.0961048	-0.0568608	-0.141558
5450	0.0963744	-0.056976	-0.141932
5460	0.0966409	-0.0570903	-0.142305
5470	0.0969039	-0.0572043	-0.142676
5480	0.0971631	-0.0573184	-0.143047
5490	0.0974181	-0.0574329	-0.143416
5500	0.0976687	-0.0575482	-0.143783
5510	0.0979147	-0.0576644	-0.144149
5520	0.0981559	-0.057782	-0.144513
5530	0.0983924	-0.0579012	-0.144876
5540	0.0986239	-0.0580232	-0.145238
5550	0.0988506	-0.058148	-0.145599
5560	0.0990724	-0.0582759	-0.145958
5570	0.0992894	-0.0584068	-0.146317
5580	0.0995017	-0.0585406	-0.146675
5590	0.0997095	-0.0586771	-0.147032
5600	0.0999131	-0.0588164	-0.147389
5610	0.100113	-0.0589581	-0.147745
5620	0.100309	-0.059102	-0.148102
5630	0.100501	-0.0592476	-0.14846
5640	0.100691	-0.0593949	-0.148818
5650	0.100878	-0.0595436	-0.149177
5660	0.101063	-0.0596932	-0.149538
5670	0.101246	-0.0598434	-0.149901
5680	0.101428	-0.0599942	-0.150266
5690	0.101609	-0.0601452	-0.150633
5700	0.10179	-0.0602965	-0.151005
5710	0.101971	-0.0604478	-0.151379
5720	0.102152	-0.0605993	-0.151758
5730	0.102335	-0.060751	-0.15214
5740	0.102519	-0.0609028	-0.152528
5750	0.102705	-0.0610542	-0.15292
5760	0.102893	-0.0612053	-0.153317
5770	0.103084	-0.0613559	-0.153719
5780	0.103279	-0.0615058	-0.154126
5790	0.103477	-0.0616548	-0.154539
5800	0.103677	-0.0618024	-0.154953
5810	0.103878	-0.0619484	-0.155368
5820	0.10408	-0.0620925	-0.155783
5830	0.104284	-0.0622342	-0.156198
5840	0.104489	-0.0623736	-0.156613
5850	0.104697	-0.0625105	-0.157027
5860	0.104907	-0.0626453	-0.157441
5870	0.10512	-0.0627781	-0.157853
5880	0.105336	-0.0629093	-0.158265
5890	0.105555	-0.0630391	-0.158675
5900	0.105778	-0.0631681	-0.159084
5910	0.106005	-0.0632963	-0.159491
5920	0.106236	-0.0634243	-0.159897
5930	0.106471	-0.0635524	-0.160301
5940	0.10671	-0.0636807	-0.160703
5950	0.106953	-0.0638093	-0.161104
5960	0.107201	-0.0639384	-0.161503
5970	0.107452	-0.064068	-0.1619
5980	0.107707	-0.0641981	-0.162295
5990	0.107966	-0.0643286	-0.162689
6000	0.108229	-0.0644592	-0.163081
6010	0.108495	-0.0645898	-0.163472
6020	0.108764	-0.0647202	-0.163861
6030	0.109036	-0.0648507	-0.164249
6040	0.10931	-0.064981	-0.164635
6050	0.109588	-0.0651112	-0.16502
6060	0.109868	-0.0652413	-0.165404
6070	0.110151	-0.0653712	-0.165786
6080	0.110435	-0.0655011	-0.166167
6090	0.110722	-0.0656308	-0.166547
6100	0.111011	-0.0657604	-0.166927
6110	0.111301	-0.0658901	-0.167305
6120	0.111593	-0.0660201	-0.167683
6130	0.111886	-0.0661502	-0.168061
6140	0.112181	-0.0662808	-0.168438
6150	0.112476	-0.0664119	-0.168815
6160	0.112772	-0.0665437	-0.169193
6170	0.113069	-0.0666762	-0.16957
6180	0.113367	-0.0668098	-0.169948
6190	0.113664	-0.0669444	-0.170327
6200	0.113962	-0.0670802	-0.170706
6210	0.114259	-0.0672174	-0.171085
6220	0.114555	-0.0673559	-0.171464
6230	0.114849	-0.0674958	-0.171844
6240	0.115143	-0.0676369	-0.172224
6250	0.115435	-0.0677795	-0.172604
6260	0.115725	-0.0679234	-0.172984
6270	0.116013	-0.0680686	-0.173364
6280	0.116299	-0.0682149	-0.173744
6290	0.116583	-0.0683623	-0.174124
6300	0.116864	-0.0685104	-0.174504
6310	0.117144	-0.068659	-0.174884
6320	0.11742	-0.0688077	-0.175264
6330	0.117695	-0.0689564	-0.175643
6340	0.117967	-0.0691052	-0.176022
6350	0.118237	-0.0692538	-0.1764
6360	0.118505	-0.0694022	-0.176778
6370	0.118771	-0.0695501	-0.177155
6380	0.119035	-0.0696977	-0.177531
6390	0.119298	-0.0698448	-0.177907
6400	0.119558	-0.0699916	-0.178281
6410	0.119818	-0.0701382	-0.178655
6420	0.120076	-0.0702847	-0.179028
6430	0.120333	-0.0704313	-0.1794
6440	0.120589	-0.070578	-0.179772
6450	0.120844	-0.070725	-0.180142
6460	0.121099	-0.0708723	-0.180513
6470	0.121353	-0.07102	-0.180882
6480	0.121607	-0.0711681	-0.181252
6490	0.121861	-0.0713165	-0.181621
6500	0.122114	-0.0714651	-0.18199
6510	0.122368	-0.0716138	-0.18236
6520	0.122621	-0.0717624	-0.18273
6530	0.122875	-0.0719107	-0.183101
6540	0.123129	-0.0720586	-0.183473
6550	0.123384	-0.0722056	-0.183846
6560	0.123638	-0.0723515	-0.18422
6570	0.123893	-0.0724961	-0.184595
6580	0.124149	-0.072639	-0.184972
6590	0.124405	-0.07278	-0.185351
6600	0.124662	-0.0729191	-0.18573
6610	0.124919	-0.0730559	-0.186112
6620	0.125177	-0.0731905	-0.186495
6630	0.125435	-0.0733231	-0.186879
6640	0.125694	-0.0734537	-0.187265
6650	0.125954	-0.0735825	-0.187652
6660	0.126215	-0.0737098	-0.18804
6670	0.126476	-0.073836	-0.188428
6680	0.126738	-0.0739619	-0.188817
6690	0.126999	-0.0740876	-0.189206
6700	0.127261	-0.0742137	-0.189594
6710	0.127523	-0.0743404	-0.189983
6720	0.127784	-0.0744681	-0.190371
6730	0.128046	-0.074597	-0.190759
6740	0.128309	-0.0747274	-0.191147
6750	0.128571	-0.0748591	-0.191535
6760	0.128833	-0.0749924	-0.191923
6770	0.129096	-0.0751271	-0.192312
6780	0.129359	-0.0752631	-0.1927
6790	0.129621	-0.0754001	-0.193089
6800	0.129884	-0.0755382	-0.193478
6810	0.130146	-0.075677	-0.193868
6820	0.130408	-0.0758163	-0.194258
6830	0.13067	-0.0759557	-0.194648
6840	0.130932	-0.0760954	-0.195039
6850	0.131193	-0.0762356	-0.195429
6860	0.131454	-0.076376	-0.19582
6870	0.131714	-0.0765167	-0.196211
6880	0.131974	-0.0766578	-0.196601
6890	0.132234	-0.0767994	-0.196991
6900	0.132493	-0.0769416	-0.19738
6910	0.132752	-0.0770847	-0.197768
6920	0.133011	-0.0772288	-0.198155
6930	0.133269	-0.0773741	-0.198541
6940	0.133528	-0.077521	-0.198925
6950	0.133786	-0.0776696	-0.199307
6960	0.134045	-0.0778197	-0.199687
6970	0.134304	-0.0779713	-0.200064
6980	0.134562	-0.0781244	-0.200439
6990	0.134821	-0.0782787	-0.200812
7000	0.13508	-0.0784339	-0.201182
7010	0.135338	-0.0785897	-0.20155
7020	0.135597	-0.0787456	-0.201916
7030	0.135856	-0.0789013	-0.202279
7040	0.136115	-0.0790564	-0.20264
7050	0.136375	-0.0792106	-0.202998
7060	0.136634	-0.0793638	-0.203355
7070	0.136894	-0.0795157	-0.203709
7080	0.137154	-0.0796663	-0.204062
7090	0.137415	-0.0798153	-0.204412
7100	0.137676	-0.0799628	-0.20476
7110	0.137938	-0.0801089	-0.205107
7120	0.1382	-0.0802536	-0.205451
7130	0.138464	-0.080397	-0.205794
7140	0.138728	-0.0805392	-0.206134
7150	0.138994	-0.0806806	-0.206473
7160	0.139261	-0.0808211	-0.20681
7170	0.139529	-0.0809611	-0.207145
7180	0.139799	-0.0811004	-0.207479
7190	0.140071	-0.0812396	-0.207811
7200	0.140345	-0.0813785	-0.208141
7210	0.14062	-0.0815173	-0.208471
7220	0.140897	-0.0816558	-0.208799
7230	0.141177	-0.0817943	-0.209127
7240	0.141458	-0.0819325	-0.209453
7250	0.141742	-0.0820705	-0.209779
7260	0.142027	-0.0822083	-0.210104
7270	0.142315	-0.0823455	-0.21043
7280	0.142604	-0.0824821	-0.210755
7290	0.142895	-0.0826182	-0.21108
7300	0.143189	-0.0827533	-0.211405
7310	0.143484	-0.0828874	-0.211731
7320	0.14378	-0.08302	-0.212057
7330	0.144079	-0.0831513	-0.212384
7340	0.144378	-0.083281	-0.212712
7350	0.144679	-0.0834091	-0.213041
7360	0.144981	-0.0835356	-0.21337
7370	0.145284	-0.0836604	-0.213701
7380	0.145588	-0.0837832	-0.214034
7390	0.145892	-0.0839045	-0.214367
7400	0.146197	-0.0840241	-0.214701
7410	0.146502	-0.084142	-0.215037
7420	0.146808	-0.0842586	-0.215373
7430	0.147114	-0.0843743	-0.21571
7440	0.147421	-0.0844894	-0.216049
7450	0.147728	-0.0846043	-0.216387
7460	0.148036	-0.0847194	-0.216727
7470	0.148345	-0.0848354	-0.217066
7480	0.148654	-0.0849533	-0.217406
7490	0.148963	-0.0850739	-0.217744
7500	0.149273	-0.085198	-0.218083
7510	0.149584	-0.0853262	-0.21842
7520	0.149895	-0.0854588	-0.218755
7530	0.150206	-0.0855961	-0.219089
7540	0.150517	-0.0857381	-0.219422
7550	0.150827	-0.0858846	-0.219753
7560	0.151137	-0.0860352	-0.220083
7570	0.151446	-0.0861895	-0.220412
7580	0.151754	-0.0863473	-0.220741
7590	0.152061	-0.0865078	-0.22107
7600	0.152367	-0.0866706	-0.221398
7610	0.152671	-0.0868349	-0.221727
7620	0.152974	-0.0870004	-0.222057
7630	0.153275	-0.0871666	-0.222389
7640	0.153575	-0.0873331	-0.222722
7650	0.153874	-0.0874996	-0.223057
7660	0.15417	-0.0876658	-0.223394
7670	0.154466	-0.0878313	-0.223734
7680	0.15476	-0.087996	-0.224077
7690	0.155052	-0.08816	-0.224422
7700	0.155344	-0.0883232	-0.22477
7710	0.155634	-0.0884855	-0.225122
7720	0.155924	-0.0886471	-0.225476
7730	0.156214	-0.0888082	-0.225834
7740	0.156504	-0.088969	-0.226193
7750	0.156793	-0.0891298	-0.226554
7760	0.157082	-0.0892912	-0.226916
7770	0.157371	-0.0894533	-0.227279
7780	0.157659	-0.0896163	-0.227642
7790	0.157947	-0.0897802	-0.228005
7800	0.158235	-0.0899449	-0.228369
7810	0.158523	-0.0901104	-0.228732
7820	0.15881	-0.0902765	-0.229095
7830	0.159098	-0.0904429	-0.229458
7840	0.159385	-0.0906094	-0.22982
7850	0.159672	-0.0907757	-0.230182
7860	0.159959	-0.0909415	-0.230544
7870	0.160245	-0.0911065	-0.230905
7880	0.16053	-0.0912707	-0.231266
7890	0.160815	-0.0914335	-0.231626
7900	0.161099	-0.0915948	-0.231986
7910	0.161382	-0.0917547	-0.232346
7920	0.161665	-0.0919128	-0.232705
7930	0.161947	-0.0920691	-0.233065
7940	0.162229	-0.0922238	-0.233424
7950	0.16251	-0.0923768	-0.233784
7960	0.16279	-0.0925283	-0.234144
7970	0.16307	-0.0926787	-0.234503
7980	0.163349	-0.092828	-0.234863
7990	0.163629	-0.0929766	-0.235223
8000	0.163908	-0.0931246	-0.235584
8010	0.164188	-0.0932723	-0.235945
8020	0.164467	-0.0934202	-0.236306
8030	0.164748	-0.0935682	-0.236668
8040	0.165028	-0.0937166	-0.23703
8050	0.16531	-0.0938655	-0.237392
8060	0.165592	-0.0940153	-0.237755
8070	0.165874	-0.0941663	-0.238118
8080	0.166158	-0.0943186	-0.238481
8090	0.166442	-0.0944725	-0.238845
8100	0.166726	-0.0946278	-0.239208
8110	0.167011	-0.0947851	-0.23957
8120	0.167297	-0.0949444	-0.239932
8130	0.167582	-0.095106	-0.240293
8140	0.167868	-0.0952703	-0.240653
8150	0.168153	-0.0954373	-0.24101
8160	0.168437	-0.0956072	-0.241366
8170	0.168721	-0.0957801	-0.241719
8180	0.169003	-0.0959561	-0.24207
8190	0.169284	-0.0961353	-0.242417
8200	0.169562	-0.0963172	-0.24276
8210	0.169838	-0.0965016	-0.2431
8220	0.170111	-0.0966876	-0.243437
8230	0.17038	-0.0968748	-0.24377
8240	0.170646	-0.0970621	-0.2441
8250	0.170908	-0.0972485	-0.244427
8260	0.171167	-0.097433	-0.244752
8270	0.171421	-0.0976143	-0.245074
8280	0.171672	-0.0977913	-0.245396
8290	0.171919	-0.0979631	-0.245717
8300	0.172163	-0.0981293	-0.246038
8310	0.172405	-0.0982895	-0.246358
8320	0.172643	-0.0984435	-0.246679
8330	0.17288	-0.09859	-0.247001
8340	0.173114	-0.0987288	-0.247324
8350	0.173348	-0.0988602	-0.247648
8360	0.173582	-0.0989846	-0.247975
8370	0.173818	-0.0991027	-0.248302
8380	0.174055	-0.0992153	-0.248631
8390	0.174296	-0.0993234	-0.248961
8400	0.174541	-0.0994282	-0.249292
8410	0.174791	-0.0995307	-0.249622
8420	0.175046	-0.0996317	-0.249953
8430	0.175309	-0.0997322	-0.250282
8440	0.175578	-0.099833	-0.250612
8450	0.175855	-0.0999347	-0.25094
8460	0.17614	-0.100038	-0.251267
8470	0.176433	-0.100143	-0.251593
8480	0.176734	-0.10025	-0.251918
8490	0.177043	-0.100359	-0.252242
8500	0.17736	-0.100471	-0.252565
8510	0.177684	-0.100585	-0.252886
8520	0.178014	-0.100701	-0.253207
8530	0.178351	-0.100819	-0.253528
8540	0.178693	-0.100938	-0.253848
8550	0.17904	-0.101059	-0.254169
8560	0.179391	-0.101179	-0.25449
8570	0.179746	-0.1013	-0.254812
8580	0.180103	-0.101419	-0.255135
8590	0.180463	-0.101538	-0.255458
8600	0.180824	-0.101657	-0.255782
8610	0.181185	-0.101777	-0.256105
8620	0.181547	-0.101898	-0.256427
8630	0.181907	-0.10202	-0.256748
8640	0.182265	-0.102144	-0.257068
8650	0.18262	-0.102269	-0.257385
8660	0.182968	-0.102396	-0.257701
8670	0.183309	-0.102525	-0.258015
8680	0.183639	-0.102656	-0.258328
8690	0.183956	-0.102788	-0.25864
8700	0.184257	-0.102921	-0.258952
8710	0.18454	-0.103052	-0.259267
8720	0.1848	-0.103181	-0.259587
8730	0.185034	-0.103305	-0.259913
8740	0.18524	-0.103424	-0.260248
8750	0.185415	-0.103536	-0.260594
8760	0.185555	-0.103641	-0.260952
8770	0.185667	-0.103737	-0.26132
8780	0.185769	-0.103823	-0.261688
8790	0.185865	-0.1039	-0.262054
8800	0.185954	-0.103967	-0.26242
8810	0.186037	-0.104025	-0.262786
8820	0.186114	-0.104075	-0.263152
8830	0.186186	-0.104116	-0.263518
8840	0.186255	-0.104152	-0.263884
8850	0.186322	-0.104184	-0.264251
8860	0.186388	-0.104213	-0.264618
8870	0.186463	-0.104239	-0.26498
8880	0.186552	-0.104263	-0.265337
8890	0.186655	-0.104285	-0.265686
8900	0.186767	-0.104307	-0.266023
8910	0.186884	-0.104328	-0.266348
8920	0.187008	-0.10435	-0.266659
8930	0.187137	-0.104372	-0.266957
8940	0.187273	-0.104394	-0.267241
8950	0.187413	-0.104415	-0.26751
8960	0.18756	-0.104434	-0.267765
8970	0.18771	-0.104451	-0.268005
8980	0.187865	-0.104467	-0.268231
8990	0.188022	-0.104483	-0.268443
9000	0.188183	-0.104497	-0.268643
9010	0.188347	-0.104512	-0.268833
9020	0.188513	-0.104526	-0.269013
9030	0.188679	-0.104539	-0.269183
9040	0.188842	-0.104552	-0.269343
9050	0.189	-0.104564	-0.269496
9060	0.189152	-0.104575	-0.269641
9070	0.189296	-0.104584	-0.269779
9080	0.189431	-0.104592	-0.269913
9090	0.189556	-0.104598	-0.270042
9100	0.189672	-0.104602	-0.270168
9110	0.189779	-0.104605	-0.270291
9120	0.189879	-0.104606	-0.270413
9130	0.189974	-0.104607	-0.270533
9140	0.190065	-0.104607	-0.270652
9150	0.190152	-0.104606	-0.27077
9160	0.190238	-0.104606	-0.270888
9170	0.190322	-0.104606	-0.271008
9180	0.190408	-0.104605	-0.271128
9190	0.190496	-0.104606	-0.27125
9200	0.190588	-0.104608	-0.271374
9210	0.190685	-0.104611	-0.271502
9220	0.190787	-0.104615	-0.271634
9230	0.190895	-0.104621	-0.27177
9240	0.191009	-0.104628	-0.271912
9250	0.191132	-0.104636	-0.27206
9260	0.191262	-0.104647	-0.272214
9270	0.191401	-0.10466	-0.272375
9280	0.191548	-0.104676	-0.272542
9290	0.191705	-0.104695	-0.272717
9300	0.191871	-0.104718	-0.272899
9310	0.192045	-0.104745	-0.273088
9320	0.192228	-0.104777	-0.273285
9330	0.192419	-0.104814	-0.273489
9340	0.192617	-0.104857	-0.273701
9350	0.192823	-0.104907	-0.273921
9360	0.193034	-0.104964	-0.274147
9370	0.193248	-0.105027	-0.274382
9380	0.193459	-0.105097	-0.274625
9390	0.193663	-0.105173	-0.274877
9400	0.193856	-0.105254	-0.275138
9410	0.194038	-0.105341	-0.275408
9420	0.1942	-0.105433	-0.275685
9430	0.194341	-0.105531	-0.275965
9440	0.194466	-0.105635	-0.276244
9450	0.194588	-0.105745	-0.276516
9460	0.194708	-0.10586	-0.276781
9470	0.194827	-0.105983	-0.277038
9480	0.194945	-0.106114	-0.277286
9490	0.195062	-0.106253	-0.277527
9500	0.19518	-0.1064	-0.277758
9510	0.195297	-0.106556	-0.27798
9520	0.195414	-0.10672	-0.278193
9530	0.195531	-0.10689	-0.278397
9540	0.195648	-0.107066	-0.278592
9550	0.195765	-0.107246	-0.278777
9560	0.195881	-0.10743	-0.278955
9570	0.195997	-0.107617	-0.279125
9580	0.196113	-0.107804	-0.279287
9590	0.196228	-0.107989	-0.279443
9600	0.196343	-0.10817	-0.279594
9610	0.196456	-0.108344	-0.279738
9620	0.196569	-0.108507	-0.279878
9630	0.196681	-0.108658	-0.280014
9640	0.196791	-0.108795	-0.280145
9650	0.196902	-0.108916	-0.280272
9660	0.197011	-0.109021	-0.280396
9670	0.197119	-0.109111	-0.280516
9680	0.197227	-0.109188	-0.280635
9690	0.197334	-0.109253	-0.280751
9700	0.19744	-0.109307	-0.280866
9710	0.197547	-0.109353	-0.280979
9720	0.197653	-0.109393	-0.281091
9730	0.19776	-0.109429	-0.281203
9740	0.197868	-0.109465	-0.281314
9750	0.197977	-0.109502	-0.281425
9760	0.198089	-0.109544	-0.281537
9770	0.198206	-0.109591	-0.281652
9780	0.19833	-0.109646	-0.281772
9790	0.198463	-0.10971	-0.281896
9800	0.198608	-0.109784	-0.282027
9810	0.198764	-0.109869	-0.282166
9820	0.198933	-0.109963	-0.282313
9830	0.199114	-0.110067	-0.282468
9840	0.199307	-0.110178	-0.282631
9850	0.19951	-0.110297	-0.282803
9860	0.199724	-0.110421	-0.282983
9870	0.199944	-0.110548	-0.28317
9880	0.200167	-0.110677	-0.283362
9890	0.200392	-0.110805	-0.283559
9900	0.200616	-0.110932	-0.283759
9910	0.200837	-0.111055	-0.283961
9920	0.201054	-0.111173	-0.284164
9930	0.201267	-0.111285	-0.284368
9940	0.201479	-0.11139	-0.284576
9950	0.201695	-0.111489	-0.284793
9960	0.201914	-0.111579	-0.285017
9970	0.202138	-0.111662	-0.285249
9980	0.202366	-0.111738	-0.285489
9990	0.202598	-0.111806	-0.285736
10000	0.202834	-0.111869	-0.285991
10010	0.203073	-0.111926	-0.286252
10020	0.203316	-0.111979	-0.286519
10030	0.203562	-0.112028	-0.286793
10040	0.203812	-0.112074	-0.287072
10050	0.204066	-0.112118	-0.287356
10060	0.204323	-0.112162	-0.287644
10070	0.204584	-0.112206	-0.287936
10080	0.204847	-0.11225	-0.288232
10090	0.205114	-0.112296	-0.28853
10100	0.205383	-0.112343	-0.288832
10110	0.205654	-0.112393	-0.289136
10120	0.20593	-0.112446	-0.289442
10130	0.206209	-0.112503	-0.289752
10140	0.206491	-0.112562	-0.290065
10150	0.206774	-0.112626	-0.290381
10160	0.207056	-0.112692	-0.290701
10170	0.207333	-0.112761	-0.291023
10180	0.207615	-0.112832	-0.291348
10190	0.207907	-0.112905	-0.291675
10200	0.208208	-0.112982	-0.292003
10210	0.20852	-0.11306	-0.292331
10220	0.208842	-0.113142	-0.292661
10230	0.209174	-0.113227	-0.292991
10240	0.209513	-0.113316	-0.293322
10250	0.209861	-0.113409	-0.293654
10260	0.210215	-0.113506	-0.293987
10270	0.210577	-0.113607	-0.29432
10280	0.210944	-0.113712	-0.294655
10290	0.211316	-0.113821	-0.294991
10300	0.211694	-0.113934	-0.295328
10310	0.212075	-0.11405	-0.295666
10320	0.212459	-0.114171	-0.296004
10330	0.212845	-0.114294	-0.296343
10340	0.213232	-0.114421	-0.296681
10350	0.213618	-0.114551	-0.297019
10360	0.214004	-0.114684	-0.297355
10370	0.214389	-0.114819	-0.297691
10380	0.21477	-0.114957	-0.298024
10390	0.215149	-0.115098	-0.298356
10400	0.215523	-0.11524	-0.298686
10410	0.215892	-0.115385	-0.299013
10420	0.216254	-0.115532	-0.299338
10430	0.21661	-0.115682	-0.29966
10440	0.216957	-0.115834	-0.29998
10450	0.217295	-0.115989	-0.300297
10460	0.217622	-0.116146	-0.300612
10470	0.217936	-0.116304	-0.300926
10480	0.218236	-0.116463	-0.301238
10490	0.21852	-0.116623	-0.30155
10500	0.218787	-0.116781	-0.301863
10510	0.219034	-0.116938	-0.302177
10520	0.21926	-0.117092	-0.302495
10530	0.219465	-0.117242	-0.302817
10540	0.219646	-0.117388	-0.303143
10550	0.219802	-0.117528	-0.303477
10560	0.219935	-0.117663	-0.303817
10570	0.220043	-0.117792	-0.304166
10580	0.22014	-0.117914	-0.304514
10590	0.22023	-0.118031	-0.304854
10600	0.220314	-0.118142	-0.305187
10610	0.220393	-0.118249	-0.305513
10620	0.220466	-0.118355	-0.305832
10630	0.220536	-0.118462	-0.306145
10640	0.220603	-0.118571	-0.306453
10650	0.220669	-0.118685	-0.306755
10660	0.220734	-0.118805	-0.307053
10670	0.220801	-0.118935	-0.307345
10680	0.22087	-0.119074	-0.307634
10690	0.220944	-0.119225	-0.307919
10700	0.221023	-0.119388	-0.3082
10710	0.221109	-0.119563	-0.308478
10720	0.221204	-0.11975	-0.308753
10730	0.221307	-0.119949	-0.309024
10740	0.221417	-0.120157	-0.30929
10750	0.221531	-0.120374	-0.309549
10760	0.221648	-0.120597	-0.309802
10770	0.221769	-0.120824	-0.310047
10780	0.221892	-0.121054	-0.310284
10790	0.222019	-0.121286	-0.310515
10800	0.22215	-0.121518	-0.310738
10810	0.222282	-0.121748	-0.310955
10820	0.222418	-0.121975	-0.311165
10830	0.222556	-0.122199	-0.311368
10840	0.222696	-0.122418	-0.311566
10850	0.222838	-0.122632	-0.311759
10860	0.222981	-0.12284	-0.311947
10870	0.223126	-0.123042	-0.312131
10880	0.223272	-0.123237	-0.312312
10890	0.223418	-0.123425	-0.312491
10900	0.223564	-0.123605	-0.312668
10910	0.223709	-0.123778	-0.312843
10920	0.223855	-0.123943	-0.313018
10930	0.223999	-0.1241	-0.313193
10940	0.224141	-0.124248	-0.313368
10950	0.224282	-0.124387	-0.313543
10960	0.22442	-0.124517	-0.313719
10970	0.224555	-0.124637	-0.313895
10980	0.224685	-0.124747	-0.31407
10990	0.224814	-0.124845	-0.314245
11000	0.224942	-0.124931	-0.314422
11010	0.225067	-0.125004	-0.3146
11020	0.22519	-0.125065	-0.314778
11030	0.22531	-0.125116	-0.314957
11040	0.225427	-0.125159	-0.315136
11050	0.225542	-0.125196	-0.315312
11060	0.225654	-0.125232	-0.315484
11070	0.225764	-0.125269	-0.315652
11080	0.225872	-0.125312	-0.315812
11090	0.225978	-0.125364	-0.315965
11100	0.226082	-0.125428	-0.316108
11110	0.226185	-0.125507	-0.316241
11120	0.226285	-0.125602	-0.316365
11130	0.226385	-0.125714	-0.316479
11140	0.226483	-0.125843	-0.316585
11150	0.226581	-0.125986	-0.316684
11160	0.226678	-0.126143	-0.316779
11170	0.226774	-0.12631	-0.31687
11180	0.226869	-0.126486	-0.31696
11190	0.226964	-0.126666	-0.317048
11200	0.227058	-0.126848	-0.317135
11210	0.227151	-0.127029	-0.317224
11220	0.227244	-0.127206	-0.317312
11230	0.227334	-0.127376	-0.317402
11240	0.227424	-0.127537	-0.317494
11250	0.227512	-0.127686	-0.317586
11260	0.2276	-0.127825	-0.317681
11270	0.227686	-0.12795	-0.317777
11280	0.227771	-0.128064	-0.317874
11290	0.227856	-0.128167	-0.317973
11300	0.227942	-0.12826	-0.318073
11310	0.228027	-0.128346	-0.318175
11320	0.228113	-0.128428	-0.318277
11330	0.228201	-0.128507	-0.318382
11340	0.22829	-0.128586	-0.318488
11350	0.228381	-0.128667	-0.318596
11360	0.228474	-0.128753	-0.318707
11370	0.22857	-0.128844	-0.31882
11380	0.228669	-0.128941	-0.318937
11390	0.22877	-0.129046	-0.319058
11400	0.228874	-0.12916	-0.319184
11410	0.228981	-0.129281	-0.319315
11420	0.229091	-0.129411	-0.319452
11430	0.229203	-0.129549	-0.319596
11440	0.229318	-0.129694	-0.319748
11450	0.229435	-0.129846	-0.319908
11460	0.229554	-0.130003	-0.320077
11470	0.229675	-0.130164	-0.320255
11480	0.229797	-0.130328	-0.320442
11490	0.229919	-0.130494	-0.320639
11500	0.230042	-0.130661	-0.320846
11510	0.230165	-0.130827	-0.321062
11520	0.230288	-0.130991	-0.321288
11530	0.230409	-0.131152	-0.321524
11540	0.23053	-0.131309	-0.321769
11550	0.230649	-0.131461	-0.322023
11560	0.230766	-0.131608	-0.322286
11570	0.230882	-0.131749	-0.322557
11580	0.230995	-0.131882	-0.322835
11590	0.231106	-0.132008	-0.32312
11600	0.231214	-0.132127	-0.323411
11610	0.23132	-0.132237	-0.323706
11620	0.231423	-0.132338	-0.324005
11630	0.231522	-0.132431	-0.324306
11640	0.231619	-0.132515	-0.324606
11650	0.231712	-0.132589	-0.324904
11660	0.231802	-0.132655	-0.325198
11670	0.231888	-0.132713	-0.325488
11680	0.231972	-0.132763	-0.325773
11690	0.232053	-0.132806	-0.326052
11700	0.232132	-0.132844	-0.326325
11710	0.232209	-0.132877	-0.326592
11720	0.232285	-0.132906	-0.326855
11730	0.232361	-0.132934	-0.327115
11740	0.232436	-0.13296	-0.327372
11750	0.232513	-0.132986	-0.327628
11760	0.23259	-0.133014	-0.327883
11770	0.232669	-0.133045	-0.328139
11780	0.232749	-0.133082	-0.328395
11790	0.232832	-0.133126	-0.328652
11800	0.232915	-0.13318	-0.328909
11810	0.233001	-0.133246	-0.329166
11820	0.233089	-0.133324	-0.329423
11830	0.233179	-0.133416	-0.329679
11840	0.233271	-0.133522	-0.329935
11850	0.233366	-0.133643	-0.330191
11860	0.233461	-0.133777	-0.330445
11870	0.233559	-0.133923	-0.330698
11880	0.233657	-0.13408	-0.330949
11890	0.233756	-0.134245	-0.331198
11900	0.233856	-0.134415	-0.331445
11910	0.233956	-0.134588	-0.33169
11920	0.234055	-0.13476	-0.331932
11930	0.234154	-0.134924	-0.332173
11940	0.234251	-0.135054	-0.332415
11950	0.234345	-0.135145	-0.33266
11960	0.234437	-0.135198	-0.332906
11970	0.234525	-0.135216	-0.333151
11980	0.234609	-0.135202	-0.333394
11990	0.23469	-0.135163	-0.333634
12000	0.234767	-0.135106	-0.33387
12010	0.234838	-0.135037	-0.3341
12020	0.234906	-0.134964	-0.334324
12030	0.234968	-0.134895	-0.334542
12040	0.235025	-0.134836	-0.334752
12050	0.235077	-0.134791	-0.334955
12060	0.235125	-0.134763	-0.335149
12070	0.235168	-0.134754	-0.335335
12080	0.235206	-0.134765	-0.335512
12090	0.235241	-0.134796	-0.33568
12100	0.235271	-0.134847	-0.335841
12110	0.235298	-0.134916	-0.335995
12120	0.235322	-0.135	-0.336143
12130	0.235343	-0.135097	-0.336287
12140	0.235362	-0.135202	-0.336427
12150	0.235378	-0.135313	-0.336564
12160	0.235394	-0.135426	-0.336699
12170	0.235408	-0.135538	-0.336832
12180	0.235422	-0.135646	-0.336962
12190	0.235436	-0.135746	-0.337091
12200	0.23545	-0.135837	-0.337219
12210	0.235464	-0.135918	-0.337344
12220	0.235479	-0.135988	-0.337467
12230	0.235494	-0.136048	-0.337588
12240	0.235511	-0.136099	-0.337707
12250	0.235529	-0.136143	-0.337822
12260	0.23555	-0.13618	-0.337933
12270	0.235572	-0.136213	-0.33804
12280	0.235598	-0.136244	-0.338143
12290	0.235628	-0.136275	-0.338242
12300	0.235661	-0.136307	-0.338336
12310	0.235697	-0.136341	-0.338426
12320	0.235737	-0.136378	-0.338511
12330	0.235779	-0.136418	-0.338592
12340	0.235823	-0.136463	-0.33867
12350	0.235869	-0.13651	-0.338744
12360	0.235915	-0.13656	-0.338815
12370	0.235962	-0.136611	-0.338883
12380	0.236007	-0.136663	-0.338947
12390	0.236051	-0.136715	-0.339009
12400	0.236093	-0.136765	-0.339067
12410	0.236133	-0.136815	-0.339123
12420	0.236171	-0.136864	-0.339175
12430	0.236206	-0.136912	-0.339223
12440	0.236237	-0.13696	-0.339268
12450	0.236265	-0.137008	-0.339308
12460	0.236289	-0.137056	-0.339345
12470	0.236309	-0.137106	-0.339378
12480	0.236324	-0.137157	-0.339407
12490	0.236333	-0.137211	-0.339434
12500	0.236337	-0.137268	-0.339457
12510	0.236335	-0.137328	-0.339478
12520	0.236333	-0.137391	-0.339494
12530	0.236331	-0.137457	-0.339506
12540	0.236331	-0.137526	-0.339515
12550	0.236331	-0.137596	-0.339521
12560	0.236333	-0.137668	-0.339525
12570	0.236337	-0.137739	-0.339525
12580	0.236343	-0.137808	-0.339524
12590	0.236351	-0.137874	-0.339522
12600	0.236362	-0.137935	-0.339518
12610	0.236375	-0.137989	-0.339512
12620	0.23639	-0.138036	-0.339506
12630	0.236407	-0.138073	-0.339498
12640	0.236425	-0.138101	-0.33949
12650	0.236444	-0.138119	-0.33948
12660	0.236463	-0.138129	-0.339469
12670	0.236482	-0.138131	-0.339457
12680	0.2365	-0.138126	-0.339443
12690	0.236518	-0.138115	-0.339428
12700	0.236535	-0.1381	-0.339411
12710	0.23655	-0.138083	-0.339393
12720	0.236564	-0.138064	-0.339374
12730	0.236576	-0.138045	-0.339354
12740	0.236586	-0.138027	-0.339334
12750	0.236594	-0.138012	-0.339314
12760	0.2366	-0.137999	-0.339295
12770	0.236604	-0.137989	-0.339278
12780	0.236606	-0.137983	-0.339264
12790	0.236607	-0.13798	-0.339253
12800	0.236607	-0.137982	-0.339246
12810	0.236606	-0.137987	-0.339245
12820	0.236604	-0.137996	-0.339249
12830	0.236602	-0.138007	-0.339259
12840	0.2366	-0.138022	-0.339275
12850	0.236598	-0.138039	-0.339296
12860	0.236597	-0.13806	-0.339322
12870	0.236596	-0.138082	-0.339353
12880	0.236596	-0.138107	-0.339388
12890	0.236597	-0.138133	-0.339426
12900	0.2366	-0.138162	-0.339465
12910	0.236603	-0.138191	-0.339506
12920	0.236608	-0.138222	-0.339547
12930	0.236615	-0.138253	-0.339587
12940	0.236623	-0.138285	-0.339626
12950	0.236632	-0.138318	-0.339664
12960	0.236643	-0.138352	-0.3397
12970	0.236656	-0.138386	-0.339735
12980	0.236669	-0.138419	-0.339768
12990	0.236684	-0.138451	-0.3398
13000	0.2367	-0.138482	-0.339831
13010	0.236717	-0.13851	-0.339863
13020	0.236735	-0.138536	-0.339896
13030	0.236754	-0.138559	-0.33993
13040	0.236773	-0.138579	-0.339966
13050	0.236794	-0.138597	-0.340003
13060	0.236814	-0.138613	-0.340043
13070	0.236835	-0.138628	-0.340086
13080	0.236855	-0.138642	-0.34013
13090	0.236875	-0.138656	-0.340177
13100	0.236894	-0.138672	-0.340226
13110	0.236914	-0.138689	-0.340277
13120	0.236932	-0.138709	-0.340329
13130	0.236951	-0.138733	-0.340383
13140	0.236969	-0.138762	-0.340436
13150	0.236987	-0.138796	-0.34049
13160	0.237005	-0.138836	-0.340543
13170	0.237024	-0.138883	-0.340594
13180	0.237043	-0.138936	-0.340644
13190	0.237061	-0.138995	-0.34069
13200	0.23708	-0.139058	-0.340732
13210	0.237098	-0.139125	-0.340769
13220	0.237116	-0.139193	-0.340801
13230	0.237134	-0.139261	-0.340827
13240	0.23715	-0.139327	-0.340847
13250	0.237166	-0.139388	-0.34086
13260	0.23718	-0.139443	-0.340866
13270	0.237194	-0.139492	-0.340865
13280	0.237206	-0.139533	-0.340858
13290	0.237217	-0.139566	-0.340845
13300	0.237227	-0.139593	-0.340827
13310	0.237237	-0.139613	-0.340804
13320	0.237245	-0.139627	-0.340777
13330	0.237253	-0.139638	-0.340746
13340	0.237261	-0.139646	-0.340712
13350	0.237268	-0.139653	-0.340675
13360	0.237275	-0.139659	-0.340638
13370	0.237283	-0.139664	-0.340601
13380	0.23729	-0.13967	-0.340565
13390	0.237298	-0.139674	-0.340532
13400	0.237306	-0.139676	-0.340503
13410	0.237314	-0.139675	-0.340479
13420	0.237322	-0.139668	-0.340462
13430	0.23733	-0.139656	-0.340452
13440	0.237338	-0.139637	-0.34045
13450	0.237346	-0.139611	-0.340456
13460	0.237353	-0.13958	-0.34047
13470	0.23736	-0.139543	-0.340491
13480	0.237367	-0.139501	-0.340519
13490	0.237373	-0.139454	-0.340555
13500	0.237379	-0.139404	-0.340596
13510	0.237384	-0.13935	-0.340644
13520	0.237388	-0.139294	-0.340696
13530	0.237393	-0.139237	-0.340753
13540	0.237396	-0.13918	-0.340815
13550	0.237399	-0.139124	-0.34088
13560	0.237402	-0.139069	-0.340949
13570	0.237404	-0.139017	-0.341022
13580	0.237406	-0.138968	-0.341096
13590	0.237409	-0.138923	-0.341173
13600	0.237415	-0.138881	-0.341251
13610	0.237423	-0.138845	-0.341328
13620	0.237435	-0.138814	-0.341406
13630	0.237452	-0.138787	-0.341483
13640	0.237473	-0.138767	-0.341559
13650	0.2375	-0.138751	-0.341634
13660	0.237532	-0.13874	-0.341707
13670	0.237568	-0.138734	-0.341779
13680	0.237609	-0.138733	-0.34185
13690	0.237654	-0.138735	-0.341919
13700	0.237703	-0.138741	-0.341986
13710	0.237755	-0.13875	-0.342052
13720	0.237809	-0.138761	-0.342116
13730	0.237864	-0.138773	-0.342179
13740	0.237919	-0.138786	-0.342241
13750	0.237973	-0.138799	-0.342301
13760	0.238025	-0.138811	-0.342361
13770	0.238073	-0.138822	-0.34242
13780	0.238118	-0.13883	-0.342478
13790	0.238158	-0.138837	-0.342535
13800	0.238193	-0.13884	-0.342591
13810	0.238222	-0.13884	-0.342647
13820	0.238247	-0.138837	-0.342702
13830	0.238266	-0.138831	-0.342756
13840	0.238281	-0.138822	-0.342809
13850	0.238292	-0.138812	-0.342861
13860	0.2383	-0.138801	-0.342911
13870	0.238306	-0.138789	-0.342959
13880	0.238309	-0.138779	-0.343004
13890	0.238312	-0.13877	-0.343047
13900	0.238313	-0.138764	-0.343087
13910	0.238313	-0.138762	-0.343124
13920	0.238314	-0.138764	-0.343159
13930	0.238314	-0.138771	-0.34319
13940	0.238315	-0.138784	-0.343219
13950	0.238316	-0.138802	-0.343245
13960	0.238318	-0.138826	-0.343269
13970	0.238321	-0.138856	-0.34329
13980	0.238325	-0.138891	-0.34331
13990	0.23833	-0.138929	-0.343327
14000	0.238335	-0.138971	-0.343342
14010	0.238342	-0.139015	-0.343356
14020	0.23835	-0.139058	-0.343369
14030	0.238358	-0.139102	-0.343381
14040	0.238367	-0.139143	-0.343392
14050	0.238377	-0.139181	-0.343403
14060	0.238387	-0.139216	-0.343414
14070	0.238398	-0.139247	-0.343424
14080	0.23841	-0.139274	-0.343434
14090	0.238422	-0.139297	-0.343444
14100	0.238434	-0.139316	-0.343454
14110	0.238446	-0.139332	-0.343464
14120	0.238458	-0.139346	-0.343474
14130	0.23847	-0.139358	-0.343483
14140	0.238482	-0.13937	-0.343492
14150	0.238494	-0.139382	-0.3435
14160	0.238506	-0.139395	-0.343507
14170	0.238517	-0.139411	-0.343514
14180	0.238529	-0.13943	-0.34352
14190	0.23854	-0.139454	-0.343525
14200	0.238552	-0.139482	-0.343529
14210	0.238563	-0.139515	-0.343532
14220	0.238574	-0.139553	-0.343535
14230	0.238585	-0.139595	-0.343536
14240	0.238596	-0.139641	-0.343536
14250	0.238607	-0.13969	-0.343536
14260	0.238618	-0.139741	-0.343535
14270	0.238629	-0.139792	-0.343533
14280	0.238639	-0.139843	-0.34353
14290	0.23865	-0.139891	-0.343527
14300	0.238661	-0.139937	-0.343523
14310	0.238671	-0.139978	-0.343518
14320	0.238681	-0.140016	-0.343514
14330	0.23869	-0.140049	-0.343509
14340	0.2387	-0.140077	-0.343504
14350	0.238708	-0.140102	-0.343499
14360	0.238717	-0.140122	-0.343495
14370	0.238724	-0.14014	-0.343491
14380	0.238731	-0.140156	-0.343487
14390	0.238737	-0.14017	-0.343485
14400	0.238743	-0.140184	-0.343483
14410	0.238747	-0.140197	-0.343482
14420	0.238751	-0.140211	-0.343482
14430	0.238754	-0.140226	-0.343482
14440	0.238756	-0.140241	-0.343484
14450	0.238757	-0.140258	-0.343486
14460	0.238758	-0.140276	-0.34349
14470	0.238758	-0.140295	-0.343494
14480	0.238757	-0.140315	-0.343499
14490	0.238756	-0.140334	-0.343505
14500	0.238754	-0.140353	-0.343513
14510	0.238753	-0.140372	-0.343521
14520	0.238751	-0.140389	-0.343531
14530	0.238749	-0.140405	-0.343541
14540	0.238748	-0.140418	-0.343553
14550	0.238747	-0.14043	-0.343566
14560	0.238746	-0.14044	-0.34358
14570	0.238746	-0.140447	-0.343595
14580	0.238747	-0.140453	-0.343611
14590	0.238749	-0.140456	-0.343628
14600	0.238751	-0.140457	-0.343646
14610	0.238755	-0.140455	-0.343665
14620	0.238759	-0.140451	-0.343684
14630	0.238764	-0.140445	-0.343704
14640	0.238769	-0.140437	-0.343724
14650	0.238776	-0.140427	-0.343744
14660	0.238782	-0.140416	-0.343764
14670	0.23879	-0.140403	-0.343785
14680	0.238797	-0.140391	-0.343805
14690	0.238805	-0.140378	-0.343825
14700	0.238813	-0.140367	-0.343846
14710	0.238821	-0.140357	-0.343866
14720	0.238829	-0.140349	-0.343885
14730	0.238838	-0.140345	-0.343904
14740	0.238846	-0.140344	-0.343923
14750	0.238855	-0.140348	-0.343941
14760	0.238863	-0.140357	-0.343959
14770	0.238872	-0.140371	-0.343977
14780	0.238881	-0.140389	-0.343995
14790	0.23889	-0.140412	-0.344013
14800	0.2389	-0.140438	-0.344031
14810	0.238909	-0.140468	-0.344049
14820	0.238918	-0.1405	-0.344068
14830	0.238928	-0.140533	-0.344087
14840	0.238937	-0.140565	-0.344107
14850	0.238946	-0.140596	-0.344127
14860	0.238955	-0.140625	-0.344147
14870	0.238964	-0.14065	-0.344168
14880	0.238972	-0.140672	-0.34419
14890	0.238981	-0.140689	-0.344212
14900	0.238989	-0.140701	-0.344235
14910	0.238997	-0.140709	-0.344259
14920	0.239006	-0.140713	-0.344284
14930	0.239014	-0.140713	-0.34431
14940	0.239023	-0.140712	-0.344337
14950	0.239032	-0.140708	-0.344366
14960	0.239041	-0.140704	-0.344396
14970	0.239051	-0.1407	-0.344426
14980	0.239062	-0.140697	-0.344459
14990	0.239073	-0.140696	-0.344492
15000	0.239085	-0.140698	-0.344526
15010	0.239098	-0.140704	-0.34456
15020	0.239111	-0.140712	-0.344595
15030	0.239124	-0.140725	-0.34463
15040	0.239138	-0.14074	-0.344666
15050	0.239151	-0.140759	-0.3447
15060	0.239165	-0.140781	-0.344735
15070	0.239178	-0.140805	-0.344768
15080	0.239191	-0.140831	-0.3448
15090	0.239204	-0.140859	-0.34483
15100	0.239216	-0.140887	-0.344858
15110	0.239227	-0.140916	-0.344885
15120	0.239239	-0.140946	-0.34491
15130	0.239249	-0.140975	-0.344933
15140	0.23926	-0.141005	-0.344954
15150	0.23927	-0.141034	-0.344974
15160	0.239281	-0.141062	-0.344992
15170	0.239291	-0.141091	-0.34501
15180	0.239303	-0.141118	-0.345026
15190	0.239314	-0.141146	-0.345042
15200	0.239327	-0.141172	-0.345058
15210	0.23934	-0.141198	-0.345074
15220	0.239355	-0.141222	-0.34509
15230	0.23937	-0.141245	-0.345108
15240	0.239387	-0.141266	-0.345126
15250	0.239404	-0.141286	-0.345146
15260	0.239422	-0.141303	-0.345167
15270	0.239441	-0.141317	-0.34519
15280	0.23946	-0.141329	-0.345215
15290	0.23948	-0.141339	-0.345241
15300	0.2395	-0.141346	-0.34527
15310	0.239519	-0.141351	-0.345299
15320	0.239539	-0.141354	-0.345331
15330	0.239559	-0.141355	-0.345365
15340	0.239578	-0.141356	-0.345402
15350	0.239597	-0.141355	-0.34544
15360	0.239615	-0.141356	-0.34548
15370	0.239633	-0.141356	-0.345523
15380	0.23965	-0.141358	-0.345567
15390	0.239667	-0.141361	-0.345613
15400	0.239683	-0.141366	-0.345661
15410	0.239699	-0.141373	-0.345712
15420	0.239715	-0.141382	-0.345764
15430	0.23973	-0.141393	-0.345818
15440	0.239744	-0.141407	-0.345873
15450	0.239759	-0.141422	-0.345931
15460	0.239772	-0.141439	-0.34599
15470	0.239785	-0.141457	-0.34605
15480	0.239798	-0.141475	-0.346112
15490	0.239811	-0.141494	-0.346175
15500	0.239822	-0.141512	-0.346239
15510	0.239833	-0.141529	-0.346303
15520	0.239844	-0.141545	-0.346367
15530	0.239853	-0.14156	-0.346431
15540	0.239862	-0.141573	-0.346494
15550	0.23987	-0.141587	-0.346556
15560	0.239877	-0.141599	-0.346616
15570	0.239884	-0.141612	-0.346674
15580	0.239889	-0.141626	-0.346729
15590	0.239895	-0.141641	-0.34678
15600	0.239899	-0.141658	-0.346828
15610	0.239903	-0.141676	-0.346872
15620	0.239906	-0.141696	-0.346911
15630	0.239909	-0.141718	-0.346946
15640	0.239912	-0.14174	-0.346976
15650	0.239913	-0.141763	-0.347001
15660	0.239915	-0.141786	-0.347021
15670	0.239916	-0.141808	-0.347038
15680	0.239917	-0.141829	-0.347051
15690	0.239918	-0.141849	-0.34706
15700	0.239919	-0.141867	-0.347067
15710	0.23992	-0.141883	-0.347071
15720	0.239923	-0.141898	-0.347073
15730	0.239925	-0.141913	-0.347074
15740	0.239929	-0.141928	-0.347075
15750	0.239933	-0.141945	-0.347075
15760	0.239938	-0.141963	-0.347075
15770	0.239943	-0.141985	-0.347075
15780	0.23995	-0.142011	-0.347076
15790	0.239957	-0.142041	-0.347076
15800	0.239965	-0.142075	-0.347078
15810	0.239973	-0.142113	-0.347079
15820	0.239981	-0.142155	-0.34708
15830	0.23999	-0.1422	-0.347081
15840	0.239999	-0.142247	-0.347081
15850	0.240007	-0.142293	-0.347082
15860	0.240016	-0.142338	-0.347081
15870	0.240024	-0.14238	-0.347081
15880	0.240031	-0.142418	-0.34708
15890	0.240038	-0.14245	-0.347079
15900	0.240044	-0.142475	-0.347078
15910	0.240049	-0.142493	-0.347077
15920	0.240054	-0.142504	-0.347078
15930	0.240058	-0.14251	-0.347079
15940	0.240062	-0.14251	-0.347081
15950	0.240065	-0.142505	-0.347085
15960	0.240068	-0.142496	-0.34709
15970	0.240071	-0.142485	-0.347096
15980	0.240073	-0.142472	-0.347104
15990	0.240075	-0.142461	-0.347113
16000	0.240078	-0.14245	-0.347124
16010	0.24008	-0.142443	-0.347134
16020	0.240082	-0.14244	-0.347145
16030	0.240084	-0.14244	-0.347156
16040	0.240087	-0.142445	-0.347166
16050	0.240089	-0.142454	-0.347174
16060	0.240091	-0.142468	-0.347181
16070	0.240093	-0.142484	-0.347185
16080	0.240095	-0.142502	-0.347186
16090	0.240097	-0.14252	-0.347183
16100	0.240098	-0.142539	-0.347178
16110	0.240099	-0.142555	-0.34717
16120	0.2401	-0.142569	-0.347159
16130	0.240101	-0.142581	-0.347146
16140	0.240101	-0.142589	-0.347133
16150	0.240102	-0.142595	-0.347118
16160	0.240103	-0.142597	-0.347104
16170	0.240104	-0.142596	-0.34709
16180	0.240106	-0.142592	-0.347077
16190	0.240109	-0.142586	-0.347066
16200	0.240112	-0.142579	-0.347057
16210	0.240116	-0.142572	-0.34705
16220	0.240121	-0.142564	-0.347047
16230	0.240127	-0.142557	-0.347045
16240	0.240133	-0.142552	-0.347047
16250	0.24014	-0.142549	-0.347052
16260	0.240148	-0.142548	-0.34706
16270	0.240156	-0.142549	-0.34707
16280	0.240164	-0.142552	-0.347083
16290	0.240172	-0.142558	-0.347097
16300	0.24018	-0.142565	-0.347113
16310	0.240188	-0.142573	-0.34713
16320	0.240195	-0.142583	-0.347146
16330	0.240203	-0.142593	-0.347163
16340	0.240209	-0.142604	-0.347179
16350	0.240216	-0.142616	-0.347193
16360	0.240221	-0.142628	-0.347207
16370	0.240227	-0.142641	-0.347219
16380	0.240232	-0.142653	-0.34723
16390	0.240236	-0.142665	-0.34724
16400	0.24024	-0.142676	-0.347248
16410	0.240244	-0.142686	-0.347255
16420	0.240248	-0.142695	-0.347262
16430	0.240252	-0.142703	-0.347267
16440	0.240256	-0.14271	-0.347273
16450	0.24026	-0.142714	-0.347278
16460	0.240265	-0.142717	-0.347284
16470	0.240271	-0.142718	-0.347291
16480	0.240277	-0.142717	-0.347299
16490	0.240283	-0.142714	-0.347307
16500	0.24029	-0.142709	-0.347317
16510	0.240298	-0.142702	-0.347328
16520	0.240305	-0.142693	-0.34734
16530	0.240314	-0.142683	-0.347354
16540	0.240323	-0.14267	-0.347369
16550	0.240332	-0.142657	-0.347386
16560	0.240341	-0.142642	-0.347403
16570	0.240352	-0.142627	-0.347421
16580	0.240365	-0.142612	-0.347439
16590	0.240381	-0.142599	-0.347457
16600	0.240401	-0.142586	-0.347474
16610	0.240424	-0.142577	-0.34749
16620	0.240451	-0.14257	-0.347505
16630	0.240482	-0.142567	-0.347519
16640	0.240518	-0.142568	-0.347532
16650	0.240557	-0.142573	-0.347543
16660	0.2406	-0.142582	-0.347553
16670	0.240647	-0.142595	-0.347562
16680	0.240696	-0.142613	-0.34757
16690	0.240748	-0.142633	-0.347576
16700	0.2408	-0.142657	-0.347583
16710	0.240852	-0.142682	-0.347589
16720	0.240903	-0.142708	-0.347598
16730	0.24095	-0.142735	-0.347609
16740	0.240994	-0.142761	-0.347624
16750	0.241032	-0.142784	-0.347643
16760	0.241064	-0.142805	-0.347666
16770	0.241088	-0.14282	-0.347695
16780	0.241105	-0.14283	-0.347728
16790	0.241114	-0.142834	-0.347767
16800	0.241117	-0.142831	-0.34781
16810	0.241117	-0.142822	-0.347856
16820	0.241118	-0.142806	-0.347904
16830	0.24112	-0.142784	-0.347953
16840	0.241124	-0.142758	-0.348004
16850	0.241129	-0.142729	-0.348056
16860	0.241135	-0.142697	-0.34811
16870	0.241144	-0.142665	-0.348164
16880	0.241157	-0.142634	-0.348219
16890	0.241172	-0.142604	-0.348273
16900	0.241191	-0.142577	-0.348328
16910	0.241212	-0.142554	-0.348381
16920	0.241235	-0.142534	-0.348433
16930	0.241258	-0.142519	-0.348484
16940	0.241282	-0.142507	-0.348533
16950	0.241304	-0.1425	-0.348581
16960	0.241324	-0.142498	-0.348628
16970	0.241341	-0.1425	-0.348672
16980	0.241354	-0.142506	-0.348715
16990	0.241362	-0.142519	-0.348756
17000	0.241368	-0.142536	-0.348793
17010	0.241372	-0.142558	-0.348826
17020	0.241376	-0.142586	-0.348855
17030	0.241377	-0.142618	-0.348878
17040	0.241378	-0.142654	-0.348896
17050	0.241378	-0.142693	-0.348907
17060	0.241377	-0.142733	-0.348912
17070	0.241375	-0.142774	-0.34891
17080	0.241373	-0.142814	-0.348902
17090	0.241371	-0.142852	-0.348888
17100	0.241368	-0.142888	-0.348871
17110	0.241367	-0.142921	-0.34885
17120	0.241365	-0.142949	-0.348828
17130	0.241365	-0.142972	-0.348805
17140	0.241366	-0.142989	-0.348782
17150	0.241367	-0.143001	-0.34876
17160	0.241371	-0.143007	-0.348739
17170	0.241375	-0.143007	-0.348719
17180	0.241381	-0.143002	-0.348702
17190	0.241387	-0.142992	-0.348686
17200	0.241395	-0.142979	-0.348672
17210	0.241403	-0.142964	-0.34866
17220	0.241411	-0.142947	-0.348651
17230	0.241419	-0.14293	-0.348645
17240	0.241426	-0.142913	-0.348641
17250	0.241434	-0.142897	-0.348638
17260	0.24144	-0.142883	-0.348638
17270	0.241445	-0.142871	-0.348638
17280	0.24145	-0.142863	-0.348641
17290	0.241453	-0.142858	-0.348644
17300	0.241455	-0.142856	-0.34865
17310	0.241457	-0.142859	-0.348655
17320	0.241457	-0.142865	-0.348662
17330	0.241457	-0.142875	-0.348669
17340	0.241457	-0.142888	-0.348677
17350	0.241456	-0.142904	-0.348685
17360	0.241454	-0.142923	-0.348695
17370	0.241453	-0.142943	-0.348705
17380	0.241453	-0.142965	-0.348715
17390	0.241452	-0.142987	-0.348726
17400	0.241453	-0.14301	-0.348737
17410	0.241454	-0.143032	-0.348749
17420	0.241456	-0.143053	-0.34876
17430	0.241459	-0.143072	-0.348772
17440	0.241462	-0.14309	-0.348783
17450	0.241467	-0.143105	-0.348793
17460	0.241473	-0.143118	-0.348802
17470	0.241479	-0.143128	-0.34881
17480	0.241486	-0.143136	-0.348817
17490	0.241493	-0.143141	-0.348823
17500	0.241501	-0.143145	-0.348828
17510	0.241508	-0.143147	-0.348832
17520	0.241516	-0.143147	-0.348835
17530	0.241524	-0.143145	-0.348838
17540	0.241531	-0.143142	-0.34884
17550	0.241538	-0.143137	-0.348841
17560	0.241545	-0.143131	-0.348841
17570	0.241551	-0.143124	-0.348842
17580	0.241557	-0.143117	-0.348842
17590	0.241562	-0.14311	-0.348842
17600	0.241568	-0.143103	-0.348843
17610	0.241573	-0.143098	-0.348844
17620	0.241577	-0.143094	-0.348845
17630	0.241582	-0.143092	-0.348847
17640	0.241587	-0.143092	-0.348849
17650	0.241591	-0.143094	-0.348853
17660	0.241596	-0.143098	-0.348856
17670	0.241601	-0.143105	-0.34886
17680	0.241606	-0.143114	-0.348864
17690	0.241611	-0.143125	-0.348868
17700	0.241616	-0.143138	-0.348872
17710	0.241621	-0.143153	-0.348875
17720	0.241627	-0.143168	-0.348877
17730	0.241633	-0.143185	-0.348879
17740	0.241638	-0.143202	-0.348879
17750	0.241643	-0.143218	-0.348879
17760	0.241649	-0.143235	-0.348878
17770	0.241654	-0.143251	-0.348875
17780	0.241659	-0.143266	-0.348873
17790	0.241664	-0.14328	-0.348869
17800	0.241669	-0.143293	-0.348865
17810	0.241673	-0.143304	-0.34886
17820	0.241678	-0.143314	-0.348856
17830	0.241683	-0.143323	-0.348853
17840	0.241689	-0.14333	-0.34885
17850	0.241694	-0.143337	-0.348849
17860	0.2417	-0.143343	-0.348848
17870	0.241705	-0.143349	-0.348849
17880	0.241711	-0.143355	-0.348851
17890	0.241717	-0.14336	-0.348854
17900	0.241723	-0.143366	-0.348858
17910	0.241729	-0.143372	-0.348862
17920	0.241735	-0.143379	-0.348868
17930	0.241741	-0.143385	-0.348873
17940	0.241747	-0.143391	-0.348879
17950	0.241752	-0.143397	-0.348886
17960	0.241757	-0.143403	-0.348892
17970	0.241762	-0.143408	-0.348899
17980	0.241767	-0.143413	-0.348905
17990	0.241771	-0.143417	-0.348911
18000	0.241775	-0.143422	-0.348917
