0	-419.377	-1677.51	0
10	-551.654	-1438.16	0
20	-540.41	-1433.13	0
30	-523.755	-1424.99	0
40	-509.946	-1406.41	0
50	-501.238	-1374.11	0
60	-491.146	-1332.28	0
70	-479.602	-1279.45	0
80	-466.424	-1214.38	0
90	-451.289	-1136.35	0
100	-433.712	-1045.3	0
110	-413.053	-942.051	0
120	-388.581	-828.677	0
130	-359.516	-708.628	0
140	-325	-586.506	0
150	-284.293	-467.602	0
160	-236.826	-356.136	0
170	-182.889	-254.957	0
180	-124.653	-165.352	0
190	-78.0226	-103.726	0
200	-40.1285	-55.5472	0
210	-6.29674	-8.85211	0
220	-0.959722	-2.20801	0
230	1.73599	2.59047	0
240	0.810478	1.2388	0
250	-0.341325	-0.944148	0
260	-0.536229	-1.56456	0
270	-0.380413	-0.61852	0
280	0.44043	0.728982	0
290	1.62297	2.73118	0
300	-0.901268	-1.53922	0
310	-6.76064	-11.7047	0
320	-15.619	-27.3937	0
330	-27.1051	-48.1201	0
340	-38.5592	-69.2312	0
350	-54.1227	-98.1627	0
360	-68.8731	-126.055	0
370	-86.8908	-160.33	0
380	-105.551	-196.113	0
390	-122.247	-228.442	0
400	-141.07	-264.851	0
410	-157.189	-296.181	0
420	-174.881	-330.39	0
430	-186.078	-361.442	0
440	-204.957	-388.448	0
450	-219.602	-417.11	0
460	-233.125	-443.992	0
470	-243.08	-464.419	0
480	-254.154	-487.374	0
490	-263.923	-508.28	0
500	-272.347	-527.127	0
510	-276.912	-539.022	0
520	-282.579	-553.558	0
530	-286.826	-565.717	0
540	-289.607	-575.221	0
550	-290.864	-581.765	0
560	-290.518	-585.016	0
570	-288.489	-584.694	0
580	-284.712	-580.605	0
590	-279.156	-572.631	0
600	-271.818	-560.734	0
610	-262.741	-544.983	0
620	-252.014	-525.554	0
630	-239.778	-502.747	0
640	-226.242	-477.028	0
650	-211.672	-448.954	0
660	-196.385	-419.163	0
670	-180.72	-388.308	0
680	-165.045	-357.117	0
690	-149.735	-326.36	0
700	-135.145	-296.735	0
710	-121.596	-268.921	0
720	-109.353	-243.495	0
730	-98.6377	-221.001	0
740	-89.6118	-201.875	0
750	-82.3591	-186.375	0
760	-76.8894	-174.592	0
770	-73.1488	-166.476	0
780	-71.0252	-161.817	0
790	-70.3509	-160.264	0
800	-70.9241	-161.372	0
810	-72.5099	-164.595	0
820	-74.841	-169.31	0
830	-77.6442	-174.866	0
840	-80.6422	-180.622	0
850	-83.5716	-186.002	0
860	-86.1746	-190.423	0
870	-88.215	-193.403	0
880	-89.495	-194.57	0
890	-89.8613	-193.681	0
900	-89.1842	-190.553	0
910	-87.3792	-185.11	0
920	-84.4123	-177.394	0
930	-80.2947	-167.521	0
940	-75.0947	-155.701	0
950	-68.9267	-142.213	0
960	-61.951	-127.41	0
970	-54.3636	-111.636	0
980	-46.3599	-95.1956	0
990	-38.1415	-78.4265	0
1000	-29.9074	-61.652	0
1010	-25.1953	-52.1088	0
1020	-20.7584	-43.0886	0
1030	-13.2166	-27.5373	0
1040	-9.44713	-19.7503	0
1050	-5.98942	-12.556	0
1060	0.723894	1.52082	0
1070	1.70535	3.58715	0
1080	2.78728	5.86467	0
1090	-0.65668	-4.7495	0
1100	-0.30604	-0.642537	0
1110	1.5096	3.1612	0
1120	-0.650037	-4.54629	0
1130	1.4391	2.98997	0
1140	-0.375897	-0.777114	0
1150	-0.786219	-1.61639	0
1160	-0.287517	-0.587543	0
1170	1.12491	2.28435	0
1180	-0.76294	-4.65738	0
1190	2.00752	4.02788	0
1200	0.590689	1.17894	0
1210	0.33454	0.664652	0
1220	0.766902	1.51795	0
1230	2.52415	4.98132	0
1240	-0.668513	-3.72221	0
1250	1.08643	2.13816	0
1260	3.72189	7.32631	0
1270	-0.304284	-1.69709	0
1280	2.64249	5.21648	0
1290	-0.343837	-1.94865	0
1300	2.67564	5.31014	0
1310	-0.351706	-2.03958	0
1320	1.76844	3.53262	0
1330	4.11727	8.25183	0
1340	-0.305315	-1.83599	0
1350	1.5413	3.10646	0
1360	3.77023	7.61576	0
1370	-0.405187	-2.49992	0
1380	1.29281	2.61898	0
1390	3.55952	7.21555	0
1400	-0.43958	-2.73267	0
1410	1.26545	2.56477	0
1420	3.59894	7.28928	0
1430	-0.41444	-2.5556	0
1440	1.36785	2.76426	0
1450	3.72444	7.51636	0
1460	-0.393165	-2.38855	0
1470	1.39335	2.80512	0
1480	3.6712	7.38418	0
1490	-0.458471	-2.75607	0
1500	1.10789	2.22632	0
1510	3.19705	6.42535	0
1520	-0.676269	-4.07165	0
1530	0.391338	0.787552	0
1540	2.24523	4.52462	0
1550	2.80287	5.65701	0
1560	3.08021	6.22877	0
1570	2.7718	5.61628	0
1580	1.84179	3.7397	0
1590	0.263503	0.536161	0
1600	4.37205	8.91362	0
1610	0.590941	1.20684	0
1620	3.76918	7.70811	0
1630	-0.169471	-0.346853	0
1640	2.89048	5.91876	0
1650	-0.722308	-4.67471	0
1660	0.357191	0.731469	0
1670	2.67866	5.48345	0
1680	4.6056	9.42014	0
1690	-0.677101	-1.3836	0
1700	1.34621	2.7473	0
1710	3.70529	7.5513	0
1720	-0.551007	-3.47778	0
1730	1.49976	3.04811	0
1740	-1.00612	-6.27974	0
1750	1.4837	3.00688	0
1760	-0.877995	-5.42043	0
1770	2.19056	4.42753	0
1780	-0.630176	-3.85105	0
1790	3.06771	6.18626	0
1800	0.715241	1.44126	0
1810	-0.567912	-3.43699	0
1820	-1.10892	-6.69446	0
1830	4.54831	9.1502	0
1840	3.41893	6.87785	0
1850	2.75159	5.53698	0
1860	2.33091	4.69433	0
1870	2.3341	4.70522	0
1880	2.44721	4.93818	0
1890	2.57563	5.20355	0
1900	2.68661	5.43469	0
1910	2.78112	5.63327	0
1920	2.86009	5.80072	0
1930	3.31804	6.73732	0
1940	4.07179	8.2791	0
1950	5.20472	10.5953	0
1960	-1.1449	-7.26575	0
1970	-1.00849	-6.42872	0
1980	-0.807307	-5.16526	0
1990	-0.500964	-3.21427	0
2000	-0.104282	-0.213241	0
2010	0.232749	0.47616	0
2020	0.740478	1.5156	0
2030	1.50246	3.07622	0
2040	2.66317	5.45345	0
2050	3.03334	6.21201	0
2060	3.59542	7.36166	0
2070	4.43586	9.08126	0
2080	5.67668	11.6186	0
2090	-1.10969	-7.15384	0
2100	-0.772726	-4.97356	0
2110	-0.00603884	-0.0123458	0
2120	0.611133	1.24888	0
2130	2.90901	5.94207	0
2140	3.68008	7.51386	0
2150	-1.19434	-7.62271	0
2160	0.0248974	0.0507898	0
2170	3.08551	6.29267	0
2180	-1.19409	-7.59488	0
2190	0.206415	0.420862	0
2200	3.33433	6.79884	0
2210	-1.14915	-7.31448	0
2220	0.335474	0.684423	0
2230	3.47133	7.0857	0
2240	-1.13873	-7.29122	0
2250	0.351498	0.718369	0
2260	3.47584	7.10932	0
2270	-1.16231	-7.5119	0
2280	0.264482	0.541875	0
2290	3.36735	6.90567	0
2300	-1.21456	-7.93392	0
2310	0.10557	0.216874	0
2320	3.2137	6.60725	0
2330	-1.27035	-8.37849	0
2340	-0.0321509	-0.0661894	0
2350	3.10843	6.40265	0
2360	4.02354	8.29156	0
2370	-1.24782	-8.29531	0
2380	-0.461937	-3.07427	0
2390	0.474925	0.979388	0
2400	3.19798	6.59534	0
2410	4.49022	9.26022	0
2420	-1.25295	-8.34154	0
2430	-0.479791	-3.19263	0
2440	0.44522	0.917835	0
2450	3.21266	6.62183	0
2460	4.03636	8.31806	0
2470	-1.32575	-8.79591	0
2480	-1.00364	-6.65433	0
2490	0.0114231	0.0235288	0
2500	1.22711	2.5274	0
2510	3.38572	6.97237	0
2520	4.50512	9.27664	0
2530	-1.35897	-8.99307	0
2540	-1.06632	-7.05355	0
2550	-0.495572	-3.27851	0
2560	0.270166	0.556217	0
2570	1.18908	2.44802	0
2580	3.29283	6.77876	0
2590	3.91178	8.05245	0
2600	5.33195	10.9748	0
2610	-1.3787	-9.10389	0
2620	-1.12319	-7.40958	0
2630	-0.538423	-3.54759	0
2640	0.252285	0.518783	0
2650	1.27528	2.6212	0
2660	3.54083	7.27457	0
2670	4.8086	9.8736	0
2680	-1.37746	-8.98878	0
2690	-0.0623286	-0.12783	0
2700	3.49938	7.17182	0
2710	-1.4246	-9.22252	0
2720	0.184848	0.378336	0
2730	3.92456	8.02693	0
2740	-1.31617	-8.45222	0
2750	0.565583	1.15538	0
2760	4.40548	8.99439	0
2770	-1.19754	-7.6386	0
2780	0.955733	1.94954	0
2790	4.86959	9.92988	0
2800	-1.08937	-6.92467	0
2810	1.29759	2.645	0
2820	5.28903	10.7799	0
2830	-0.987576	-6.26989	0
2840	1.6256	3.31325	0
2850	5.68907	11.596	0
2860	-0.887948	-5.64239	0
2870	1.95263	3.98133	0
2880	6.11371	12.467	0
2890	-0.776006	-4.93988	0
2900	2.32637	4.74514	0
2910	6.60444	13.4713	0
2920	-0.638558	-4.06655	0
2930	2.78733	5.68506	0
2940	7.20174	14.6866	0
2950	-0.466181	-2.96385	0
2960	4.7922	9.76827	0
2970	-0.566182	-3.5925	0
2980	6.06325	12.3524	0
2990	0.624019	1.27089	0
3000	-1.62704	-10.2848	0
3010	3.36812	6.8554	0
3020	-0.421905	-2.66178	0
3030	-1.63891	-10.3313	0
3040	5.3465	10.8774	0
3050	2.26457	4.60742	0
3060	-0.559078	-3.52861	0
3070	-1.56299	-9.87605	0
3080	5.73513	11.6809	0
3090	2.51909	5.13368	0
3100	-0.508093	-3.23358	0
3110	-1.55157	-9.90812	0
3120	5.66394	11.571	0
3130	2.338	4.78082	0
3140	-0.607768	-3.92672	0
3150	7.81519	16.0138	0
3160	3.17363	6.50899	0
3170	-0.647455	-4.23112	0
3180	6.7401	13.8467	0
3190	1.95539	4.01971	0
3200	-1.12533	-7.4154	0
3210	3.53941	7.28351	0
3220	-0.593827	-3.92521	0
3230	6.355	13.0841	0
3240	0.506817	1.04352	0
3250	7.56899	15.5839	0
3260	1.7227	3.54629	0
3270	7.9376	16.3368	0
3280	2.49193	5.1269	0
3290	-1.62147	-10.6772	0
3300	3.08244	6.33667	0
3310	-0.860407	-5.64481	0
3320	5.34371	10.9755	0
3330	-0.457887	-2.99417	0
3340	7.57051	15.5385	0
3350	2.06055	4.22831	0
3360	-1.15677	-7.54375	0
3370	5.51853	11.3225	0
3380	0.691053	1.41824	0
3390	-1.68861	-11.0434	0
3400	3.54971	7.29216	0
3410	-0.547923	-3.60192	0
3420	7.73139	15.907	0
3430	2.05399	4.22991	0
3440	-1.64881	-10.9632	0
3450	3.25656	6.71973	0
3460	-0.896779	-6.01515	0
3470	3.607	7.45912	0
3480	-0.75506	-5.10876	0
3490	3.48621	7.22429	0
3500	8.30628	17.2324	0
3510	-0.523646	-3.59456	0
3520	3.21559	6.68897	0
3530	7.6547	15.9532	0
3540	-0.774764	-5.44931	0
3550	2.22206	4.65601	0
3560	6.27439	13.1923	0
3570	-1.20437	-8.86094	0
3580	0.581439	1.23304	0
3590	4.13221	8.80941	0
3600	4.49397	9.63823	0
3610	4.3593	9.41469	0
3620	1.45904	3.17577	0
3630	-0.818389	-7.26272	0
3640	3.64479	8.08135	0
3650	7.99165	17.8938	0
3660	-0.967444	-9.99793	0
3670	-1.08269	-11.7831	0
3680	5.26644	12.1164	0
3690	-0.0896284	-0.207765	0
3700	5.02503	11.7331	0
3710	-0.855142	-11.2239	0
3720	-1.16715	-2.75733	0
3730	0.265644	0.630303	0
3740	1.3864	3.30017	0
3750	2.69156	6.41985	0
3760	4.55786	10.8798	0
3770	7.27742	17.3632	0
3780	-0.302474	-0.720467	0
3790	6.11499	14.5202	0
3800	3.15601	7.46232	0
3810	2.15446	5.0656	0
3820	4.76892	11.1342	0
3830	-0.624646	-7.44477	0
3840	6.96634	15.9889	0
3850	-1.08007	-11.5078	0
3860	1.40074	3.15048	0
3870	-1.16867	-10.9918	0
3880	7.18413	15.7666	0
3890	-1.2543	-10.4012	0
3900	2.33247	4.99286	0
3910	2.6374	5.57929	0
3920	4.15159	8.68834	0
3930	5.74449	11.9131	0
3940	7.26018	14.9528	0
3950	-0.948851	-6.16732	0
3960	6.14773	12.5784	0
3970	0.365354	2.36333	0
3980	0.0878071	0.575498	0
3990	0.250222	1.67699	0
4000	0.448414	3.09608	0
4010	0.598496	4.28234	0
4020	6.06513	12.8298	0
4030	8.45583	18.0592	0
4040	-1.68841	-13.6648	0
4050	-1.15362	-9.74635	0
4060	-1.15943	-10.1627	0
4070	-1.40008	-12.6663	0
4080	7.73849	17.1822	0
4090	-0.0281885	-0.274893	0
4100	0.095633	0.968632	0
4110	-0.308494	-3.2387	0
4120	-0.775373	-8.40751	0
4130	-1.23803	-13.7979	0
4140	1.84991	4.25152	0
4150	2.81061	6.47446	0
4160	1.16364	2.68302	0
4170	-0.873784	-10.1207	0
4180	2.68641	6.18291	0
4190	6.41099	14.7216	0
4200	-1.12257	-12.4701	0
4210	-0.827612	-8.97964	0
4220	-0.579317	-6.10559	0
4230	-0.521349	-5.31657	0
4240	-0.0873403	-0.195727	0
4250	0.980061	2.17949	0
4260	5.18414	11.4275	0
4270	-0.880916	-7.56762	0
4280	3.46092	7.4757	0
4290	1.15404	2.46437	0
4300	1.72658	3.64087	0
4310	3.48299	7.24545	0
4320	-1.17061	-7.60616	0
4330	-1.44603	-8.85377	0
4340	-0.951598	-5.48549	0
4350	-0.305197	-1.65749	0
4360	3.63693	7.00702	0
4370	-0.781329	-3.78517	0
4380	-1.91728	-8.81798	0
4390	-1.54904	-6.79127	0
4400	0.184131	0.773986	0
4410	9.08184	16.3071	0
4420	0.282378	1.12431	0
4430	-1.98038	-7.78982	0
4440	6.97178	12.3644	0
4450	0.381554	1.51446	0
4460	-2.02557	-8.2076	0
4470	5.75226	10.4042	0
4480	-1.921	-8.33878	0
4490	-0.141742	-0.645298	0
4500	-0.408301	-1.9561	0
4510	-1.8716	-9.456	0
4520	3.738	7.27811	0
4530	7.12665	14.096	0
4540	5.53684	11.106	0
4550	2.59468	5.23202	0
4560	7.4994	15.1739	0
4570	6.34195	12.8482	0
4580	-0.55104	-3.40618	0
4590	1.76143	3.55744	0
4600	3.82296	7.69392	0
4610	1.55103	3.11016	0
4620	-1.05259	-6.17222	0
4630	3.97683	7.9098	0
4640	-1.5952	-9.06365	0
4650	0.566459	1.11713	0
4660	3.46222	6.79876	0
4670	5.94747	11.6295	0
4680	-1.93896	-10.357	0
4690	-1.13532	-5.98702	0
4700	0.000592491	0.00114585	0
4710	2.866	5.52542	0
4720	6.0401	11.6128	0
4730	-1.7269	-8.74573	0
4740	0.425405	0.814756	0
4750	5.0951	9.75002	0
4760	-1.8801	-9.44852	0
4770	0.523454	1.00284	0
4780	5.03946	9.67275	0
4790	-2.00774	-10.2865	0
4800	-0.988511	-1.90817	0
4810	1.60752	3.11405	0
4820	2.85678	5.55438	0
4830	4.29114	8.37441	0
4840	4.2983	8.4166	0
4850	3.68255	7.23222	0
4860	2.029	3.99479	0
4870	-0.511252	-1.00845	0
4880	-1.49194	-8.39265	0
4890	5.66951	11.2049	0
4900	1.24854	2.46655	0
4910	-1.47086	-8.24285	0
4920	5.27496	10.3873	0
4930	0.979041	1.92295	0
4940	-1.48202	-8.06949	0
4950	6.22751	12.1467	0
4960	3.67973	7.15041	0
4970	0.90546	1.75343	0
4980	-1.56457	-3.01961	0
4990	-1.85785	-9.49189	0
5000	8.32375	15.9535	0
5010	6.80064	12.9952	0
5020	6.53973	12.469	0
5030	6.79819	12.9447	0
5040	7.19185	13.6961	0
5050	7.46007	14.2311	0
5060	7.48688	14.3304	0
5070	7.20441	13.8565	0
5080	6.62764	12.8237	0
5090	4.92168	9.58753	0
5100	2.11153	4.14285	0
5110	-1.10597	-2.18581	0
5120	8.53933	17.0035	0
5130	3.40566	6.82589	0
5140	-1.73678	-3.50105	0
5150	7.1956	14.5773	0
5160	2.64487	5.37721	0
5170	-1.53304	-3.12422	0
5180	9.1249	18.6279	0
5190	6.74508	13.7804	0
5200	7.04077	14.3867	0
5210	8.67453	17.7263	0
5220	-1.20637	-7.72948	0
5230	2.90846	5.93935	0
5240	-1.51738	-9.69054	0
5250	5.51112	11.2516	0
5260	3.84104	7.8519	0
5270	2.63268	5.3887	0
5280	5.22495	10.706	0
5290	-1.63211	-10.6266	0
5300	2.34846	4.82048	0
5310	9.2544	19.0084	0
5320	3.71427	7.63196	0
5330	-0.439038	-2.88102	0
5340	-0.857995	-5.62731	0
5350	-0.627156	-4.10171	0
5360	-0.287952	-1.87675	0
5370	3.36397	6.8914	0
5380	9.31163	19.0484	0
5390	-0.32275	-2.06546	0
5400	6.63713	13.5267	0
5410	-0.166644	-1.04866	0
5420	-2.07247	-12.9214	0
5430	3.2196	6.51592	0
5440	-1.33407	-8.15424	0
5450	6.7566	13.6017	0
5460	-0.137651	-0.822894	0
5470	8.80028	17.6231	0
5480	-0.364604	-2.13903	0
5490	3.6428	7.26093	0
5500	7.79065	15.4916	0
5510	8.44651	16.7619	0
5520	7.36246	14.5831	0
5530	4.07756	8.06428	0
5540	-0.702711	-3.95913	0
5550	2.67396	5.27879	0
5560	5.34387	10.538	0
5570	5.75802	11.3462	0
5580	3.12416	6.14884	0
5590	-1.26004	-6.9608	0
5600	2.09059	4.10387	0
5610	4.00247	7.84242	0
5620	3.68486	7.20578	0
5630	1.24117	2.42158	0
5640	-1.57474	-8.39952	0
5650	2.37555	4.61181	0
5660	6.85204	13.2557	0
5670	-1.71407	-3.30585	0
5680	0.984524	1.89242	0
5690	3.32115	6.36029	0
5700	5.11532	9.7623	0
5710	7.2331	13.7554	0
5720	-1.64134	-7.98773	0
5730	-0.94543	-1.78794	0
5740	2.14107	4.03743	0
5750	6.0846	11.4393	0
5760	-2.09655	-3.93363	0
5770	4.23983	7.93732	0
5780	-1.54865	-2.89406	0
5790	8.48945	15.8333	0
5800	6.00259	11.1824	0
5810	4.31639	8.032	0
5820	4.61726	8.58426	0
5830	6.04772	11.2342	0
5840	-2.16701	-9.84656	0
5850	2.34184	4.35294	0
5860	-1.91929	-8.77941	0
5870	5.28127	9.85214	0
5880	2.09229	3.91479	0
5890	0.705175	1.32448	0
5900	1.31151	2.47498	0
5910	5.16714	9.80006	0
5920	-1.93974	-9.65313	0
5930	1.90321	3.6539	0
5940	8.15356	15.7539	0
5950	-0.687691	-3.65277	0
5960	7.96653	15.5877	0
5970	2.78145	5.47449	0
5980	-0.669443	-3.80234	0
5990	-1.79261	-10.3792	0
6000	-2.05067	-12.0967	0
6010	-1.89133	-11.3433	0
6020	-1.65613	-10.0947	0
6030	-1.42894	-8.84768	0
6040	-0.590317	-3.70812	0
6050	3.27997	6.6905	0
6060	9.13347	18.6926	0
6070	-1.10205	-7.2011	0
6080	4.25088	8.75039	0
6090	-1.5468	-10.3319	0
6100	3.6075	7.46137	0
6110	-1.40016	-9.52796	0
6120	5.16649	10.7307	0
6130	-0.14304	-0.988177	0
6140	-1.94186	-13.4973	0
6150	3.30151	6.88738	0
6160	-1.27734	-8.96558	0
6170	6.99838	14.627	0
6180	-0.119169	-0.842279	0
6190	9.61122	20.1138	0
6200	-0.158054	-1.12166	0
6210	6.46138	13.5307	0
6220	-1.17051	-8.31633	0
6230	2.43401	5.09669	0
6240	5.581	11.6828	0
6250	9.50555	19.8925	0
6260	9.63948	20.1608	0
6270	8.99157	18.7915	0
6280	8.18308	17.0881	0
6290	7.39165	15.4192	0
6300	3.77592	7.86776	0
6310	1.27985	2.66271	0
6320	-1.14123	-7.82058	0
6330	8.07566	16.7475	0
6340	2.3127	4.78907	0
6350	-1.87265	-12.6065	0
6360	3.41077	7.04282	0
6370	9.3347	19.2463	0
6380	2.38269	4.90715	0
6390	8.51039	17.5089	0
6400	-0.706111	-4.63965	0
6410	3.24721	6.67164	0
6420	8.08761	16.6127	0
6430	-0.911218	-5.96657	0
6440	2.52515	5.18724	0
6450	7.19456	14.7847	0
6460	-1.14728	-7.53548	0
6470	1.82292	3.74862	0
6480	6.43083	13.2279	0
6490	-1.33464	-8.7965	0
6500	1.36196	2.8013	0
6510	6.09722	12.5366	0
6520	-1.39412	-9.14901	0
6530	1.41603	2.90729	0
6540	6.40589	13.1352	0
6550	-1.24353	-8.03127	0
6560	2.22496	4.54498	0
6570	7.74195	15.7782	0
6580	-0.794837	-4.99282	0
6590	3.90072	7.90696	0
6600	-1.002	-6.15212	0
6610	8.01825	16.1579	0
6620	3.15026	6.33043	0
6630	-0.482816	-2.87107	0
6640	-1.04586	-6.16285	0
6650	-0.99295	-5.80729	0
6660	-0.825379	-4.79594	0
6670	-0.687108	-3.98459	0
6680	-0.621037	-3.59864	0
6690	-0.598855	-3.47343	0
6700	-0.622712	-3.62311	0
6710	-0.676392	-3.95018	0
6720	-0.753088	-4.42047	0
6730	-0.864295	-5.10398	0
6740	-0.987087	-5.86108	0
6750	-1.11482	-6.65747	0
6760	-2.0768	-12.4742	0
6770	7.39629	14.8798	0
6780	3.24865	6.54051	0
6790	-0.687604	-4.17289	0
6800	-2.09305	-12.7219	0
6810	4.39667	8.86333	0
6820	-0.56288	-3.41672	0
6830	9.16462	18.4606	0
6840	3.33215	6.71037	0
6850	-1.39656	-8.45219	0
6860	4.16565	8.38673	0
6870	-0.834203	-5.05132	0
6880	6.06754	12.2237	0
6890	-0.778085	-4.73004	0
6900	3.91136	7.89411	0
6910	9.09719	18.3903	0
6920	-0.743695	-4.60942	0
6930	3.13629	6.36906	0
6940	7.81392	15.9211	0
6950	-1.14755	-7.37968	0
6960	1.78921	3.67034	0
6970	6.26575	12.8998	0
6980	-1.4971	-10.051	0
6990	0.720648	1.49368	0
7000	5.19309	10.7989	0
7010	-1.64342	-11.4594	0
7020	0.409052	0.85478	0
7030	5.202	10.8919	0
7040	-1.45649	-10.4188	0
7050	1.16894	2.45539	0
7060	6.34121	13.3369	0
7070	-1.00565	-7.31906	0
7080	2.72061	5.73493	0
7090	8.30293	17.5252	0
7100	0.632381	1.3363	0
7110	8.79677	18.6127	0
7120	3.58963	7.60734	0
7130	1.06398	2.25855	0
7140	-0.782367	-5.95177	0
7150	-1.51464	-11.6309	0
7160	-1.53298	-11.8939	0
7170	-1.41574	-11.1124	0
7180	-1.2719	-10.0993	0
7190	-1.14061	-9.18156	0
7200	-1.0105	-8.23571	0
7210	-0.229122	-1.89112	0
7220	3.03145	6.57619	0
7230	8.11302	17.6451	0
7240	-0.879426	-7.49607	0
7250	2.71368	5.92557	0
7260	-1.45987	-12.676	0
7270	2.42752	5.31524	0
7280	-1.28447	-11.2872	0
7290	3.91294	8.58424	0
7300	2.39139	5.24772	0
7310	2.59188	5.68851	0
7320	3.08248	6.76026	0
7330	3.579	7.84467	0
7340	4.09193	8.95746	0
7350	4.58642	10.0293	0
7360	5.06393	11.0556	0
7370	5.5697	12.1362	0
7380	6.05218	13.1629	0
7390	6.47676	14.0605	0
7400	6.88995	14.9286	0
7410	7.32132	15.8315	0
7420	7.64962	16.5175	0
7430	7.89051	17.0199	0
7440	8.07175	17.3985	0
7450	8.16877	17.6046	0
7460	8.17052	17.616	0
7470	8.04141	17.3615	0
7480	7.70667	16.682	0
7490	7.18047	15.5957	0
7500	6.49651	14.1673	0
7510	5.67674	12.4381	0
7520	4.76134	10.4829	0
7530	3.79688	8.39828	0
7540	2.79443	6.2082	0
7550	-0.628777	-6.03479	0
7560	6.06822	13.5747	0
7570	-0.891943	-8.81151	0
7580	1.76638	3.96708	0
7590	2.97741	6.69276	0
7600	2.59209	5.82834	0
7610	2.02304	4.54551	0
7620	1.48277	3.32706	0
7630	-0.275117	-2.69935	0
7640	-0.762544	-7.37991	0
7650	8.98149	20.0036	0
7660	4.39772	9.7598	0
7670	1.27421	2.81713	0
7680	-0.866537	-7.77308	0
7690	8.36428	18.3402	0
7700	3.84361	8.39359	0
7710	0.849117	1.84701	0
7720	-1.02248	-8.49256	0
7730	8.33626	18.0215	0
7740	3.8739	8.35812	0
7750	-0.384783	-3.10884	0
7760	9.36327	20.1671	0
7770	3.47298	7.47879	0
7780	-0.820074	-6.6106	0
7790	6.09434	13.1318	0
7800	-0.584792	-4.72938	0
7810	4.05152	8.73776	0
7820	9.36589	20.2109	0
7830	-0.47927	-3.90201	0
7840	3.8754	8.36675	0
7850	9.15182	19.7572	0
7860	-0.485604	-3.94547	0
7870	4.03091	8.69202	0
7880	-0.954062	-7.70263	0
7890	3.96429	8.53033	0
7900	-0.644697	-5.14003	0
7910	7.73729	16.6021	0
7920	2.44773	5.24249	0
7930	-0.996777	-7.76516	0
7940	8.4009	17.9328	0
7950	4.21133	8.97188	0
7960	1.52369	3.24154	0
7970	-0.794963	-6.01355	0
7980	-1.48786	-11.2144	0
7990	9.19034	19.4846	0
8000	7.21325	15.284	0
8010	4.91286	10.4066	0
8020	3.59979	7.62646	0
8030	2.03644	4.31389	0
8040	1.13733	2.4101	0
8050	-0.696009	-5.22789	0
8060	-1.42795	-10.783	0
8070	9.1499	19.4566	0
8080	4.81713	10.26	0
8090	1.57515	3.36004	0
8100	-0.942865	-7.33228	0
8110	8.31043	17.8027	0
8120	2.53528	5.44419	0
8130	-1.19508	-9.64272	0
8140	3.45943	7.47691	0
8150	8.46756	18.3644	0
8160	-0.836627	-7.09718	0
8170	1.51018	3.29944	0
8180	5.0126	10.9959	0
8190	5.61298	12.3596	0
8200	4.67141	10.3238	0
8210	1.41195	3.12806	0
8220	-0.77355	-7.25241	0
8230	4.75167	10.5623	0
8240	-0.842142	-7.95284	0
8250	3.26327	7.24832	0
8260	-1.14894	-10.6501	0
8270	2.59439	5.726	0
8280	-1.10084	-9.73547	0
8290	3.81712	8.33074	0
8300	-0.569877	-1.23566	0
8310	-1.22335	-9.82561	0
8320	-1.46096	-11.2664	0
8330	-1.15068	-8.47589	0
8340	1.52541	3.19098	0
8350	7.77804	16.1224	0
8360	3.92896	8.08168	0
8370	4.04697	8.27671	0
8380	7.58449	15.4541	0
8390	-0.237058	-1.4967	0
8400	-1.68084	-10.663	0
8410	-1.51953	-9.77544	0
8420	-1.16487	-7.67632	0
8430	-0.824672	-5.5936	0
8440	-0.525715	-3.69985	0
8450	-0.265012	-1.94069	0
8460	-0.0475757	-0.363839	0
8470	0.13331	1.06695	0
8480	5.77812	12.5392	0
8490	-1.52371	-13.3143	0
8500	0.267346	2.44033	0
8510	-1.45257	-13.7469	0
8520	4.74884	10.6277	0
8530	-0.592839	-5.96627	0
8540	9.01044	20.3533	0
8550	5.02401	11.3821	0
8560	-0.0245862	-0.260245	0
8570	-1.13335	-12.0579	0
8580	10.2051	23.196	0
8590	8.56529	19.4698	0
8600	8.36406	19.0381	0
8610	8.2665	18.8399	0
8620	6.20694	14.1637	0
8630	0.352126	3.86901	0
8640	-0.459091	-5.06439	0
8650	9.11468	20.8364	0
8660	0.165865	1.81678	0
8670	8.58427	19.5478	0
8680	8.06768	18.2688	0
8690	6.24508	14.0221	0
8700	4.0361	8.9445	0
8710	-0.153072	-1.27766	0
8720	2.43513	5.13754	0
8730	-0.655453	-4.03571	0
8740	0.549612	1.05754	0
8750	5.70739	10.2541	0
8760	0.741159	1.22678	0
8770	-2.01971	-3.18023	0
8780	6.82025	10.401	0
8790	5.90997	8.72807	0
8800	6.68216	9.54972	0
8810	-2.08444	-2.88934	0
8820	2.28068	3.06734	0
8830	-2.86781	-5.16855	0
8840	4.6673	5.99999	0
8850	1.34877	1.71203	0
8860	-0.704814	-0.895038	0
8870	3.67897	4.80679	0
8880	4.78152	6.46061	0
8890	0.927393	1.295	0
8900	2.00559	2.87076	0
8910	5.21938	7.68283	0
8920	2.51635	3.81211	0
8930	3.75605	5.86696	0
8940	5.53494	8.91365	0
8950	-0.894443	-2.9006	0
8960	-1.59287	-5.61405	0
8970	-0.0507396	-0.196058	0
8980	-1.22277	-5.14551	0
8990	5.97212	11.1437	0
9000	-1.25242	-6.35807	0
9010	0.0625369	0.34898	0
9020	5.25216	10.5693	0
9030	0.4704	3.04796	0
9040	-0.0836333	-0.565143	0
9050	-0.456271	-3.14951	0
9060	-0.510185	-3.50384	0
9070	-0.739303	-4.90958	0
9080	-0.855467	-5.34044	0
9090	-0.977837	-5.59191	0
9100	3.46963	6.71018	0
9110	0.701565	3.33581	0
9120	0.1052	0.46798	0
9130	-0.626672	-2.62687	0
9140	0.67166	2.67198	0
9150	-0.646018	-2.49485	0
9160	0.49953	1.87353	0
9170	-0.940068	-3.50932	0
9180	0.319836	1.21661	0
9190	-1.05899	-4.17083	0
9200	-0.146442	-0.603358	0
9210	2.78453	5.07534	0
9220	-0.702766	-3.10703	0
9230	0.348614	1.60619	0
9240	3.86867	7.30532	0
9250	-0.404761	-2.03445	0
9260	0.519942	2.73901	0
9270	4.87637	9.57275	0
9280	-0.562086	-3.23525	0
9290	-0.169245	-1.01612	0
9300	0.205443	1.28575	0
9310	0.124754	0.812101	0
9320	-0.465331	-3.12622	0
9330	5.39499	11.2343	0
9340	0.042271	0.302154	0
9350	5.01831	10.6014	0
9360	6.41276	13.5911	0
9370	5.2083	10.997	0
9380	-0.215897	-1.51606	0
9390	-0.479526	-3.14181	0
9400	-1.48499	-8.96887	0
9410	-1.44689	-7.96752	0
9420	-0.301064	-0.57476	0
9430	0.716438	1.32293	0
9440	2.16782	4.03158	0
9450	-0.272483	-0.514608	0
9460	1.69955	3.27008	0
9470	-0.392162	-0.771824	0
9480	-6.20377	-12.4947	0
9490	-15.7164	-32.3992	0
9500	-28.8153	-60.8056	0
9510	-45.3121	-97.7841	0
9520	-64.8709	-142.904	0
9530	-82.9701	-186.216	0
9540	-107.046	-244.312	0
9550	-132.495	-306.794	0
9560	-155.402	-364.649	0
9570	-183.186	-434.906	0
9580	-200.091	-505.452	0
9590	-235.273	-567.992	0
9600	-261.34	-634.179	0
9610	-281.616	-685.482	0
9620	-301.897	-735.668	0
9630	-317.976	-774.242	0
9640	-329.09	-799.203	0
9650	-331.361	-801.353	0
9660	-331.124	-795.861	0
9670	-325.559	-776.094	0
9680	-315.058	-743.695	0
9690	-299.94	-700.025	0
9700	-280.531	-646.671	0
9710	-257.421	-585.75	0
9720	-231.175	-519.477	0
9730	-202.57	-450.276	0
9740	-172.44	-380.438	0
9750	-141.855	-312.152	0
9760	-110.825	-245.156	0
9770	-80.0575	-179.282	0
9780	-49.7526	-113.43	0
9790	-27.6638	-64.2375	0
9800	-6.43193	-15.1572	0
9810	4.34979	10.3562	0
9820	4.26317	10.2199	0
9830	4.01531	9.66746	0
9840	2.75019	6.63722	0
9850	2.00433	4.83948	0
9860	0.798083	1.92504	0
9870	-0.25116	-3.91349	0
9880	-0.334341	-5.07313	0
9890	-0.333916	-4.86508	0
9900	-0.299925	-4.16852	0
9910	-0.234623	-3.09359	0
9920	-0.13219	-1.64531	0
9930	2.0822	4.80996	0
9940	-0.756739	-8.17877	0
9950	-0.722817	-7.1996	0
9960	-0.354149	-3.26353	0
9970	0.111901	0.960654	0
9980	-1.17649	-9.45666	0
9990	-1.25434	-9.51555	0
10000	-0.868713	-6.24475	0
10010	0.277942	1.9074	0
10020	-1.43722	-9.51607	0
10030	5.94588	12.1633	0
10040	0.447717	2.82111	0
10050	-0.78687	-4.89795	0
10060	8.36908	16.9392	0
10070	0.948414	5.85865	0
10080	-0.550378	-3.40649	0
10090	8.67022	17.5826	0
10100	0.778767	4.89132	0
10110	-0.951379	-6.05508	0
10120	7.36317	15.0872	0
10130	0.196074	1.29245	0
10140	-1.71094	-11.3814	0
10150	0.708165	4.6974	0
10160	8.50184	17.4455	0
10170	-1.93854	-12.5182	0
10180	-1.29028	-8.62802	0
10190	-0.121205	-0.849124	0
10200	5.61214	11.8343	0
10210	9.98286	21.2764	0
10220	-0.267588	-2.15029	0
10230	6.04174	13.1203	0
10240	-1.60338	-14.03	0
10250	-0.0834537	-0.75993	0
10260	6.69104	14.8651	0
10270	-1.45491	-14.1136	0
10280	-0.249781	-2.49647	0
10290	0.461123	4.72311	0
10300	7.26187	16.453	0
10310	9.5741	21.7714	0
10320	10.3624	23.638	0
10330	10.0063	22.8887	0
10340	9.37527	21.494	0
10350	8.65115	19.87	0
10360	5.11861	11.7762	0
10370	-0.0894376	-1.03523	0
10380	10.5918	24.4409	0
10390	0.187681	2.20154	0
10400	9.67517	22.3556	0
10410	9.84537	22.75	0
10420	8.75881	20.2374	0
10430	7.34202	16.9559	0
10440	5.72351	13.2018	0
10450	3.96378	9.12106	0
10460	2.10182	4.81856	0
10470	8.06527	18.3814	0
10480	8.35016	18.8709	0
10490	4.01203	8.96393	0
10500	-0.838213	-7.47252	0
10510	-0.60031	-4.83914	0
10520	6.01333	12.6317	0
10530	6.5039	13.2315	0
10540	0.41818	0.818769	0
10550	-2.38386	-4.4567	0
10560	-3.72087	-6.5973	0
10570	-14.3894	-24.2244	0
10580	-27.8346	-46.1754	0
10590	-41.7519	-68.3368	0
10600	-56.4372	-91.3176	0
10610	-66.5581	-106.75	0
10620	-84.0335	-134.24	0
10630	-103.592	-165.635	0
10640	-125.562	-202.049	0
10650	-150.184	-244.565	0
10660	-172.446	-285.823	0
10670	-202.382	-342.924	0
10680	-224.759	-405.27	0
10690	-264.388	-472.978	0
10700	-300.267	-553.386	0
10710	-332.738	-631.792	0
10720	-370.062	-723.341	0
10730	-402.496	-808.826	0
10740	-440.232	-907.234	0
10750	-474.988	-1000.38	0
10760	-515.582	-1106.62	0
10770	-551.915	-1204.51	0
10780	-592.451	-1312.22	0
10790	-627.511	-1408.17	0
10800	-665.616	-1511.05	0
10810	-697.401	-1599.46	0
10820	-731.507	-1692.82	0
10830	-758.825	-1769.91	0
10840	-788.025	-1850.63	0
10850	-814.589	-1924.19	0
10860	-834.028	-1979.64	0
10870	-855.214	-2037.8	0
10880	-873.714	-2087.89	0
10890	-885.345	-2119.71	0
10900	-898.761	-2153.86	0
10910	-909.811	-2180.33	0
10920	-918.561	-2199.08	0
10930	-925.091	-2210.2	0
10940	-929.426	-2213.65	0
10950	-931.577	-2209.44	0
10960	-931.712	-2197.92	0
10970	-930.091	-2179.64	0
10980	-926.53	-2154.09	0
10990	-919.35	-2118.03	0
11000	-908.583	-2070.64	0
11010	-894.626	-2012.66	0
11020	-877.539	-1944.84	0
11030	-857.508	-1869	0
11040	-834.88	-1787.8	0
11050	-810.191	-1704.75	0
11060	-784.158	-1623.9	0
11070	-757.626	-1549.38	0
11080	-731.589	-1485.08	0
11090	-707.217	-1434.67	0
11100	-685.739	-1400.97	0
11110	-668.369	-1385.99	0
11120	-656.187	-1390.41	0
11130	-650.039	-1413.93	0
11140	-650.495	-1455.14	0
11150	-657.606	-1511.75	0
11160	-671.032	-1581.31	0
11170	-690.086	-1661.22	0
11180	-713.758	-1748.48	0
11190	-740.856	-1840.02	0
11200	-770.18	-1933.04	0
11210	-800.514	-2024.69	0
11220	-830.7	-2112.19	0
11230	-859.666	-2192.98	0
11240	-886.517	-2264.92	0
11250	-908.046	-2319.97	0
11260	-928.713	-2369.69	0
11270	-937.825	-2406.88	0
11280	-957.033	-2427.07	0
11290	-967.081	-2441.71	0
11300	-973.888	-2446.34	0
11310	-978.046	-2443.09	0
11320	-980.185	-2434.08	0
11330	-980.886	-2421.44	0
11340	-980.805	-2407.48	0
11350	-980.574	-2394.37	0
11360	-980.667	-2383.56	0
11370	-981.46	-2376.12	0
11380	-983.335	-2373.06	0
11390	-986.645	-2375.07	0
11400	-991.706	-2382.67	0
11410	-998.751	-2395.99	0
11420	-1007.96	-2414.92	0
11430	-1019.41	-2439.02	0
11440	-1033.05	-2467.51	0
11450	-1048.79	-2499.58	0
11460	-1062.82	-2525.71	0
11470	-1082.31	-2562.48	0
11480	-1103.4	-2600.33	0
11490	-1125.85	-2638.25	0
11500	-1145.36	-2665.85	0
11510	-1169.8	-2701.11	0
11520	-1194.83	-2733.68	0
11530	-1220.24	-2762.83	0
11540	-1245.81	-2788.1	0
11550	-1266.8	-2798.97	0
11560	-1291.96	-2814.75	0
11570	-1316.55	-2825.03	0
11580	-1340.32	-2829.43	0
11590	-1363.05	-2827.7	0
11600	-1384.51	-2819.9	0
11610	-1404.43	-2806.06	0
11620	-1422.54	-2786.34	0
11630	-1438.5	-2760.76	0
11640	-1452.01	-2729.58	0
11650	-1462.8	-2693.17	0
11660	-1470.71	-2652.13	0
11670	-1475.65	-2606.97	0
11680	-1477.58	-2558.25	0
11690	-1476.52	-2506.72	0
11700	-1472.53	-2453.28	0
11710	-1465.69	-2398.84	0
11720	-1456.09	-2344.19	0
11730	-1443.87	-2289.86	0
11740	-1429.06	-2235.98	0
11750	-1411.87	-2183.36	0
11760	-1392.67	-2133.3	0
11770	-1371.96	-2087.62	0
11780	-1350.46	-2048.42	0
11790	-1329.08	-2017.54	0
11800	-1308.71	-1996.6	0
11810	-1290.22	-1987.02	0
11820	-1274.06	-1989.65	0
11830	-1261.24	-2005.08	0
11840	-1252.43	-2033.47	0
11850	-1248.14	-2074.35	0
11860	-1248.68	-2126.8	0
11870	-1254.07	-2189.4	0
11880	-1264.09	-2260.31	0
11890	-1278.3	-2337.32	0
11900	-1296.02	-2417.76	0
11910	-1316.39	-2498.73	0
11920	-1338.38	-2577.02	0
11930	-1360.32	-2645.94	0
11940	-1376.28	-2676.44	0
11950	-1383.94	-2664.24	0
11960	-1382.8	-2612.06	0
11970	-1372.98	-2524.12	0
11980	-1354.93	-2406.14	0
11990	-1329.24	-2265.25	0
12000	-1297.6	-2110.65	0
12010	-1261.38	-1951.63	0
12020	-1221.98	-1797.07	0
12030	-1181.21	-1655.45	0
12040	-1141.13	-1533.84	0
12050	-1103.67	-1435.86	0
12060	-1070.83	-1363.56	0
12070	-1044.43	-1317.8	0
12080	-1025.84	-1298.44	0
12090	-1015.91	-1304.46	0
12100	-1014.82	-1334.09	0
12110	-1022.23	-1384.75	0
12120	-1037.42	-1453.38	0
12130	-1059.32	-1536.23	0
12140	-1086.72	-1629.17	0
12150	-1118.35	-1728.27	0
12160	-1152.87	-1829.63	0
12170	-1188.82	-1929.08	0
12180	-1224.89	-2022.74	0
12190	-1260.08	-2107.73	0
12200	-1293.4	-2181.88	0
12210	-1324.08	-2243.86	0
12220	-1351.57	-2293.33	0
12230	-1375.55	-2331	0
12240	-1395.92	-2358.09	0
12250	-1412.72	-2376.19	0
12260	-1425.78	-2387.18	0
12270	-1434.81	-2392.9	0
12280	-1439.78	-2395.12	0
12290	-1440.92	-2395.75	0
12300	-1438.55	-2396.41	0
12310	-1433.15	-2398.3	0
12320	-1425.34	-2402.48	0
12330	-1415.89	-2409.6	0
12340	-1405.5	-2419.81	0
12350	-1394.77	-2433.01	0
12360	-1384.18	-2448.54	0
12370	-1374.21	-2465.69	0
12380	-1365.2	-2483.66	0
12390	-1357.22	-2502.02	0
12400	-1350.38	-2520.67	0
12410	-1344.81	-2539.74	0
12420	-1340.65	-2559.58	0
12430	-1338.08	-2580.78	0
12440	-1337.29	-2604.19	0
12450	-1338.51	-2630.67	0
12460	-1342.04	-2661	0
12470	-1348.29	-2696.21	0
12480	-1357.71	-2737.44	0
12490	-1370.37	-2784.8	0
12500	-1386.08	-2838.49	0
12510	-1405.69	-2899.59	0
12520	-1425.72	-2965.44	0
12530	-1445.45	-3035.19	0
12540	-1465.03	-3107.56	0
12550	-1483.75	-3181.68	0
12560	-1501.82	-3255.86	0
12570	-1518.11	-3328.08	0
12580	-1532.25	-3396.65	0
12590	-1544.36	-3460.04	0
12600	-1554.49	-3516.1	0
12610	-1561.24	-3563.63	0
12620	-1564.87	-3601.41	0
12630	-1565.26	-3628.6	0
12640	-1562.1	-3644.28	0
12650	-1556.01	-3649.99	0
12660	-1546.99	-3646.03	0
12670	-1535.4	-3633.66	0
12680	-1521.73	-3614.44	0
12690	-1506.54	-3590.05	0
12700	-1490.42	-3562.3	0
12710	-1474	-3533.1	0
12720	-1457.87	-3504.14	0
12730	-1442.55	-3476.83	0
12740	-1428.51	-3452.38	0
12750	-1416.19	-3431.8	0
12760	-1405.99	-3415.59	0
12770	-1398.66	-3403.57	0
12780	-1394.19	-3395.97	0
12790	-1392.41	-3393.06	0
12800	-1393.07	-3394.83	0
12810	-1395.78	-3400.95	0
12820	-1400.03	-3410.82	0
12830	-1405.55	-3424.19	0
12840	-1412.03	-3441.04	0
12850	-1419.77	-3460.48	0
12860	-1431.4	-3479.11	0
12870	-1444.2	-3498.81	0
12880	-1457.86	-3519.18	0
12890	-1472.08	-3539.99	0
12900	-1486.56	-3561.1	0
12910	-1501.04	-3582.38	0
12920	-1515.24	-3603.66	0
12930	-1528.9	-3624.82	0
12940	-1541.82	-3645.78	0
12950	-1553.85	-3666.38	0
12960	-1564.48	-3685.37	0
12970	-1574.12	-3703.59	0
12980	-1582.76	-3720.63	0
12990	-1589.1	-3736.86	0
13000	-1597.03	-3749.37	0
13010	-1602.56	-3759.59	0
13020	-1606.28	-3764.53	0
13030	-1609.5	-3766.78	0
13040	-1611.81	-3765.13	0
13050	-1613.48	-3760.17	0
13060	-1614.87	-3752.64	0
13070	-1616.28	-3743.37	0
13080	-1618.03	-3733.25	0
13090	-1620.4	-3723.23	0
13100	-1623.66	-3714.32	0
13110	-1628.02	-3707.57	0
13120	-1633.65	-3703.95	0
13130	-1640.7	-3704.51	0
13140	-1649.28	-3710.36	0
13150	-1659.47	-3722.46	0
13160	-1668.71	-3740.91	0
13170	-1683.18	-3765.31	0
13180	-1696.65	-3796.7	0
13190	-1711.24	-3835.12	0
13200	-1724.42	-3879.04	0
13210	-1741.39	-3926.95	0
13220	-1756.22	-3977.92	0
13230	-1770.9	-4031.44	0
13240	-1783.69	-4082.78	0
13250	-1794.81	-4131.76	0
13260	-1803.74	-4176.55	0
13270	-1809.32	-4215.9	0
13280	-1814.01	-4249.34	0
13290	-1815.18	-4277.36	0
13300	-1814.74	-4299.44	0
13310	-1811.72	-4316.35	0
13320	-1806.93	-4329.18	0
13330	-1801.09	-4338.77	0
13340	-1794.99	-4345.61	0
13350	-1788.67	-4350.86	0
13360	-1782.19	-4355.46	0
13370	-1775.52	-4359.86	0
13380	-1768.55	-4363.81	0
13390	-1761.07	-4366.48	0
13400	-1752.78	-4366.62	0
13410	-1743.37	-4362.7	0
13420	-1732.55	-4353.21	0
13430	-1721.61	-4335.52	0
13440	-1711.42	-4308.42	0
13450	-1700.42	-4273.6	0
13460	-1688.77	-4231.37	0
13470	-1676.71	-4182.34	0
13480	-1664.45	-4127.06	0
13490	-1652.2	-4066.13	0
13500	-1640.19	-4000.09	0
13510	-1628.73	-3929.81	0
13520	-1618.17	-3856.28	0
13530	-1608.85	-3780.62	0
13540	-1601.12	-3704	0
13550	-1595.26	-3627.51	0
13560	-1591.46	-3552.07	0
13570	-1589.78	-3478.41	0
13580	-1589.9	-3407.01	0
13590	-1591.19	-3338.1	0
13600	-1592.89	-3271.89	0
13610	-1594.1	-3208.5	0
13620	-1594.01	-3148.03	0
13630	-1591.95	-3090.61	0
13640	-1587.42	-3036.24	0
13650	-1580.08	-2984.91	0
13660	-1569.78	-2936.5	0
13670	-1556.51	-2890.92	0
13680	-1540.4	-2847.98	0
13690	-1521.66	-2807.33	0
13700	-1500.69	-2768.59	0
13710	-1477.97	-2731.42	0
13720	-1454.06	-2695.53	0
13730	-1429.64	-2660.7	0
13740	-1405.35	-2626.73	0
13750	-1381.81	-2593.37	0
13760	-1359.59	-2560.41	0
13770	-1339.24	-2527.92	0
13780	-1321.16	-2495.83	0
13790	-1305.63	-2464.09	0
13800	-1292.91	-2432.78	0
13810	-1283.13	-2402	0
13820	-1276.04	-2371.44	0
13830	-1271.37	-2340.86	0
13840	-1268.98	-2310.6	0
13850	-1268.61	-2281.12	0
13860	-1269.91	-2253.01	0
13870	-1272.47	-2226.92	0
13880	-1275.99	-2203.55	0
13890	-1280.42	-2183.79	0
13900	-1285.71	-2168.47	0
13910	-1291.85	-2158.47	0
13920	-1298.62	-2154.37	0
13930	-1305.73	-2156.62	0
13940	-1313.16	-2165.59	0
13950	-1320.95	-2181.45	0
13960	-1329.06	-2204.12	0
13970	-1337.33	-2233.12	0
13980	-1345.62	-2267.67	0
13990	-1353.79	-2306.67	0
14000	-1361.69	-2348.82	0
14010	-1369.13	-2392.59	0
14020	-1375.93	-2436.31	0
14030	-1381.9	-2478.52	0
14040	-1386.9	-2517.95	0
14050	-1390.79	-2553.6	0
14060	-1393.5	-2584.7	0
14070	-1394.97	-2610.86	0
14080	-1395.24	-2631.93	0
14090	-1394.46	-2648.19	0
14100	-1392.91	-2660.33	0
14110	-1390.53	-2668.77	0
14120	-1387.47	-2674.24	0
14130	-1383.95	-2677.84	0
14140	-1380.21	-2680.74	0
14150	-1376.54	-2684.24	0
14160	-1373.23	-2689.59	0
14170	-1370.55	-2698.04	0
14180	-1368.77	-2710.65	0
14190	-1368.08	-2728.2	0
14200	-1368.62	-2751	0
14210	-1370.45	-2779.37	0
14220	-1373.61	-2813.36	0
14230	-1378.04	-2852.54	0
14240	-1383.55	-2896.04	0
14250	-1389.88	-2942.65	0
14260	-1396.8	-2991.1	0
14270	-1404.02	-3040.03	0
14280	-1411.2	-3088	0
14290	-1418	-3133.71	0
14300	-1424.16	-3176.04	0
14310	-1429.48	-3214.29	0
14320	-1433.83	-3247.94	0
14330	-1437.19	-3276.89	0
14340	-1439.62	-3301.27	0
14350	-1441.22	-3321.44	0
14360	-1442.19	-3338.04	0
14370	-1442.77	-3351.86	0
14380	-1443.2	-3363.7	0
14390	-1443.74	-3374.37	0
14400	-1444.62	-3384.69	0
14410	-1446.1	-3395.43	0
14420	-1448.33	-3407.2	0
14430	-1451.44	-3420.47	0
14440	-1455.47	-3435.43	0
14450	-1460.41	-3452.15	0
14460	-1466.24	-3470.5	0
14470	-1472.87	-3490.26	0
14480	-1480.14	-3510.92	0
14490	-1487.89	-3531.9	0
14500	-1495.9	-3552.61	0
14510	-1503.98	-3572.46	0
14520	-1511.93	-3590.85	0
14530	-1519.55	-3607.28	0
14540	-1526.7	-3621.35	0
14550	-1533.22	-3632.71	0
14560	-1539.01	-3641.09	0
14570	-1543.97	-3646.35	0
14580	-1548.04	-3648.38	0
14590	-1551.19	-3647.12	0
14600	-1553.38	-3642.53	0
14610	-1554.59	-3634.62	0
14620	-1554.82	-3623.39	0
14630	-1554.07	-3608.96	0
14640	-1552.37	-3591.51	0
14650	-1549.84	-3571.46	0
14660	-1546.6	-3549.34	0
14670	-1542.81	-3525.8	0
14680	-1538.78	-3501.68	0
14690	-1534.73	-3477.62	0
14700	-1530.84	-3454.41	0
14710	-1527.3	-3432.94	0
14720	-1524.32	-3414.1	0
14730	-1522.12	-3398.8	0
14740	-1520.88	-3387.79	0
14750	-1520.75	-3381.64	0
14760	-1521.82	-3380.63	0
14770	-1524.15	-3384.85	0
14780	-1527.73	-3394.15	0
14790	-1532.51	-3408.16	0
14800	-1538.39	-3426.31	0
14810	-1545.19	-3447.74	0
14820	-1552.67	-3471.37	0
14830	-1560.57	-3495.99	0
14840	-1568.58	-3520.34	0
14850	-1576.38	-3543.18	0
14860	-1583.7	-3563.34	0
14870	-1590.26	-3579.85	0
14880	-1595.86	-3591.94	0
14890	-1600.37	-3599.16	0
14900	-1603.75	-3601.33	0
14910	-1606.06	-3598.59	0
14920	-1607.38	-3591.29	0
14930	-1607.86	-3579.97	0
14940	-1607.69	-3565.35	0
14950	-1607.06	-3548.33	0
14960	-1606.22	-3529.94	0
14970	-1605.37	-3511.23	0
14980	-1604.73	-3493.21	0
14990	-1604.48	-3476.82	0
15000	-1604.76	-3462.82	0
15010	-1605.7	-3451.84	0
15020	-1607.37	-3444.29	0
15030	-1609.82	-3440.4	0
15040	-1613.04	-3440.23	0
15050	-1617.01	-3443.67	0
15060	-1621.65	-3450.49	0
15070	-1626.85	-3460.35	0
15080	-1632.52	-3472.87	0
15090	-1638.54	-3487.64	0
15100	-1644.77	-3504.23	0
15110	-1651.11	-3522.24	0
15120	-1657.44	-3541.27	0
15130	-1663.65	-3560.99	0
15140	-1669.65	-3581.07	0
15150	-1675.36	-3601.27	0
15160	-1680.68	-3621.25	0
15170	-1685.54	-3640.72	0
15180	-1689.9	-3659.48	0
15190	-1693.67	-3677.18	0
15200	-1696.81	-3693.43	0
15210	-1699.25	-3707.88	0
15220	-1700.95	-3720.14	0
15230	-1701.86	-3729.79	0
15240	-1701.96	-3736.48	0
15250	-1701.24	-3739.92	0
15260	-1699.72	-3739.93	0
15270	-1697.46	-3736.35	0
15280	-1694.53	-3729.23	0
15290	-1691.03	-3718.7	0
15300	-1687.11	-3705.02	0
15310	-1682.86	-3688.46	0
15320	-1678.49	-3669.5	0
15330	-1674.18	-3648.64	0
15340	-1670.15	-3626.54	0
15350	-1666.61	-3603.85	0
15360	-1663.75	-3581.27	0
15370	-1661.76	-3559.48	0
15380	-1660.75	-3538.94	0
15390	-1660.74	-3520.04	0
15400	-1661.83	-3503.1	0
15410	-1664.06	-3488.37	0
15420	-1667.48	-3476.04	0
15430	-1672.08	-3466.18	0
15440	-1677.81	-3458.69	0
15450	-1684.59	-3453.4	0
15460	-1692.38	-3450.01	0
15470	-1701	-3448	0
15480	-1710.18	-3446.7	0
15490	-1719.8	-3445.58	0
15500	-1729.77	-3444.23	0
15510	-1740.03	-3442.4	0
15520	-1750.41	-3439.93	0
15530	-1760.85	-3436.83	0
15540	-1771.3	-3433.34	0
15550	-1781.76	-3429.89	0
15560	-1792.25	-3427.08	0
15570	-1802.79	-3425.56	0
15580	-1813.42	-3426.12	0
15590	-1824.02	-3429.26	0
15600	-1834.51	-3435.41	0
15610	-1845.03	-3444.98	0
15620	-1855.46	-3457.84	0
15630	-1865.69	-3473.67	0
15640	-1875.58	-3491.96	0
15650	-1884.94	-3512.04	0
15660	-1893.69	-3533.17	0
15670	-1901.69	-3554.56	0
15680	-1908.67	-3575.37	0
15690	-1914.56	-3595.07	0
15700	-1919.35	-3613.39	0
15710	-1923.07	-3630.3	0
15720	-1925.81	-3646.01	0
15730	-1927.74	-3660.97	0
15740	-1929.12	-3675.94	0
15750	-1930.25	-3691.92	0
15760	-1931.39	-3709.84	0
15770	-1932.81	-3730.65	0
15780	-1934.75	-3755.2	0
15790	-1937.39	-3783.97	0
15800	-1940.87	-3817.22	0
15810	-1945.35	-3854.98	0
15820	-1950.67	-3896.54	0
15830	-1956.66	-3940.93	0
15840	-1963.09	-3986.92	0
15850	-1969.68	-4033.01	0
15860	-1976.11	-4077.56	0
15870	-1982.03	-4118.92	0
15880	-1987.15	-4155.59	0
15890	-1990.57	-4184.89	0
15900	-1992.93	-4207.58	0
15910	-1994.04	-4222.94	0
15920	-1994.22	-4231.91	0
15930	-1993.28	-4234.31	0
15940	-1991.45	-4230.79	0
15950	-1988.84	-4221.93	0
15960	-1985.72	-4208.89	0
15970	-1982.4	-4193.04	0
15980	-1979.22	-4175.93	0
15990	-1976.47	-4159.08	0
16000	-1974.43	-4143.95	0
16010	-1973.28	-4131.82	0
16020	-1973.15	-4123.74	0
16030	-1974.06	-4120.44	0
16040	-1975.98	-4122.31	0
16050	-1978.77	-4129.34	0
16060	-1982.22	-4141.1	0
16070	-1986.06	-4156.8	0
16080	-1989.96	-4175.36	0
16090	-1993.57	-4195.45	0
16100	-1997.1	-4215.2	0
16110	-2000.47	-4233.25	0
16120	-2003.5	-4248.84	0
16130	-2005.97	-4261.47	0
16140	-2007.64	-4270.71	0
16150	-2008.3	-4276.33	0
16160	-2007.8	-4278.32	0
16170	-2006.04	-4276.9	0
16180	-2002.96	-4272.45	0
16190	-1998.56	-4265.47	0
16200	-1992.93	-4256.66	0
16210	-1986.23	-4246.86	0
16220	-1978.66	-4236.98	0
16230	-1970.44	-4227.86	0
16240	-1961.81	-4220.23	0
16250	-1953.02	-4214.66	0
16260	-1944.44	-4211.36	0
16270	-1942.17	-4204.51	0
16280	-1940.86	-4199.4	0
16290	-1940.4	-4195.94	0
16300	-1940.69	-4194.09	0
16310	-1941.62	-4193.82	0
16320	-1943.1	-4195.07	0
16330	-1945.02	-4197.74	0
16340	-1947.26	-4201.7	0
16350	-1949.75	-4206.87	0
16360	-1952.42	-4213.12	0
16370	-1955.17	-4220.21	0
16380	-1957.89	-4227.79	0
16390	-1960.45	-4235.54	0
16400	-1962.79	-4243.07	0
16410	-1964.78	-4249.97	0
16420	-1966.32	-4255.82	0
16430	-1967.32	-4260.24	0
16440	-1967.73	-4262.88	0
16450	-1967.5	-4263.41	0
16460	-1966.59	-4261.57	0
16470	-1965	-4257.14	0
16480	-1962.72	-4249.95	0
16490	-1959.74	-4239.85	0
16500	-1956.11	-4226.85	0
16510	-1951.89	-4210.99	0
16520	-1947.09	-4192.29	0
16530	-1941.84	-4170.96	0
16540	-1936.2	-4147.25	0
16550	-1930.29	-4121.58	0
16560	-1924.03	-4094.28	0
16570	-1916.95	-4065.42	0
16580	-1908.58	-4035.15	0
16590	-1898.58	-4003.82	0
16600	-1886.7	-3971.88	0
16610	-1872.87	-3939.9	0
16620	-1857.12	-3908.45	0
16630	-1839.57	-3878.11	0
16640	-1820.36	-3849.24	0
16650	-1799.66	-3822.08	0
16660	-1777.72	-3796.82	0
16670	-1754.9	-3773.74	0
16680	-1731.56	-3752.7	0
16690	-1708.22	-3733.54	0
16700	-1685.43	-3716.16	0
16710	-1663.87	-3700.48	0
16720	-1644.3	-3686.57	0
16730	-1627.29	-3674.27	0
16740	-1613.34	-3663.45	0
16750	-1602.83	-3653.85	0
16760	-1595.97	-3645.07	0
16770	-1592.63	-3636.26	0
16780	-1592.76	-3626.77	0
16790	-1596.05	-3615.53	0
16800	-1602.05	-3601.55	0
16810	-1608.53	-3582.03	0
16820	-1613.01	-3554.23	0
16830	-1615.45	-3518.62	0
16840	-1616.19	-3476.42	0
16850	-1615.77	-3429.19	0
16860	-1614.27	-3378.16	0
16870	-1611.22	-3324.19	0
16880	-1606.34	-3268.38	0
16890	-1599.68	-3212.2	0
16900	-1591.58	-3157.18	0
16910	-1582.39	-3104.55	0
16920	-1572.49	-3055.26	0
16930	-1562.58	-3010.44	0
16940	-1553.41	-2971.03	0
16950	-1545.74	-2937.93	0
16960	-1540.32	-2911.97	0
16970	-1537.84	-2893.88	0
16980	-1539.08	-2884.49	0
16990	-1544.41	-2884.46	0
17000	-1551.97	-2892.75	0
17010	-1560.95	-2908.86	0
17020	-1571.13	-2932.57	0
17030	-1582.27	-2963.39	0
17040	-1594.07	-3000.5	0
17050	-1606	-3042.68	0
17060	-1618.44	-3087.78	0
17070	-1631.7	-3133.66	0
17080	-1645.21	-3178.96	0
17090	-1658.42	-3222.4	0
17100	-1670.84	-3262.99	0
17110	-1681.89	-3299.53	0
17120	-1691.05	-3331	0
17130	-1697.88	-3356.59	0
17140	-1702.03	-3375.75	0
17150	-1703.24	-3388.21	0
17160	-1701.4	-3393.92	0
17170	-1696.49	-3392.94	0
17180	-1688.73	-3385.7	0
17190	-1678.62	-3373.1	0
17200	-1666.72	-3356.46	0
17210	-1653.68	-3337.15	0
17220	-1640.06	-3316.3	0
17230	-1626.4	-3294.96	0
17240	-1613.2	-3274.08	0
17250	-1600.9	-3254.49	0
17260	-1589.9	-3237.01	0
17270	-1580.57	-3222.46	0
17280	-1573.27	-3211.66	0
17290	-1568.18	-3205.16	0
17300	-1565.33	-3203.27	0
17310	-1564.55	-3205.84	0
17320	-1565.69	-3212.7	0
17330	-1568.6	-3223.7	0
17340	-1572.97	-3238.4	0
17350	-1578.51	-3256.38	0
17360	-1584.86	-3277.11	0
17370	-1591.67	-3299.98	0
17380	-1598.55	-3324.34	0
17390	-1605.11	-3349.42	0
17400	-1610.99	-3374.46	0
17410	-1615.9	-3398.73	0
17420	-1619.56	-3421.58	0
17430	-1622.08	-3442.12	0
17440	-1626.74	-3456.49	0
17450	-1630.09	-3467.74	0
17460	-1632.04	-3475.71	0
17470	-1632.58	-3480.42	0
17480	-1631.9	-3482.34	0
17490	-1630.25	-3481.9	0
17500	-1627.71	-3479.23	0
17510	-1624.38	-3474.49	0
17520	-1620.34	-3467.77	0
17530	-1615.7	-3459.27	0
17540	-1610.59	-3449.24	0
17550	-1605.15	-3438	0
17560	-1599.54	-3425.91	0
17570	-1593.9	-3413.35	0
17580	-1588.4	-3400.77	0
17590	-1583.18	-3388.6	0
17600	-1578.35	-3377.27	0
17610	-1574.04	-3367.2	0
17620	-1570.33	-3358.77	0
17630	-1567.24	-3352.24	0
17640	-1564.86	-3347.93	0
17650	-1563.21	-3346.01	0
17660	-1562.3	-3346.61	0
17670	-1562.05	-3349.7	0
17680	-1562.4	-3355.15	0
17690	-1563.24	-3362.77	0
17700	-1564.44	-3372.32	0
17710	-1565.88	-3383.54	0
17720	-1567.43	-3396.08	0
17730	-1568.97	-3409.58	0
17740	-1570.47	-3423.79	0
17750	-1571.96	-3438.36	0
17760	-1573.3	-3452.84	0
17770	-1574.41	-3466.91	0
17780	-1575.21	-3480.21	0
17790	-1575.64	-3492.41	0
17800	-1575.64	-3503.26	0
17810	-1575.2	-3512.54	0
17820	-1574.37	-3520.2	0
17830	-1573.32	-3526.31	0
17840	-1572.08	-3530.87	0
17850	-1570.71	-3534.07	0
17860	-1569.31	-3536.22	0
17870	-1567.96	-3537.7	0
17880	-1566.7	-3538.71	0
17890	-1565.6	-3539.48	0
17900	-1564.69	-3540.22	0
17910	-1563.99	-3541.04	0
17920	-1563.5	-3541.96	0
17930	-1563.2	-3542.96	0
17940	-1563.05	-3543.95	0
17950	-1563.01	-3544.81	0
17960	-1563.02	-3545.42	0
17970	-1563.06	-3545.7	0
17980	-1563.15	-3545.87	0
17990	-1563.29	-3546.11	0
18000	-1563.46	-3546.29	0
