0	-419.377	-1677.51	0
10	-556.215	-1440.05	0
20	-556.195	-1439.97	0
30	-556.182	-1439.92	0
40	-556.175	-1439.89	0
50	-556.165	-1439.85	0
60	-556.156	-1439.81	0
70	-556.147	-1439.77	0
80	-556.137	-1439.74	0
90	-556.128	-1439.7	0
100	-556.118	-1439.66	0
110	-556.109	-1439.63	0
120	-556.1	-1439.59	0
130	-556.09	-1439.55	0
140	-556.081	-1439.51	0
150	-556.072	-1439.48	0
160	-556.063	-1439.44	0
170	-556.053	-1439.4	0
180	-556.044	-1439.37	0
190	-556.035	-1439.33	0
200	-556.026	-1439.3	0
210	-556.017	-1439.26	0
220	-556.008	-1439.22	0
230	-556	-1439.19	0
240	-555.991	-1439.15	0
250	-555.982	-1439.12	0
260	-555.973	-1439.08	0
270	-555.964	-1439.04	0
280	-555.955	-1439.01	0
290	-555.946	-1438.97	0
300	-555.938	-1438.94	0
310	-555.929	-1438.9	0
320	-555.921	-1438.87	0
330	-555.912	-1438.84	0
340	-555.904	-1438.8	0
350	-555.896	-1438.77	0
360	-555.887	-1438.73	0
370	-555.879	-1438.7	0
380	-555.87	-1438.66	0
390	-555.861	-1438.63	0
400	-555.852	-1438.59	0
410	-555.842	-1438.56	0
420	-555.832	-1438.52	0
430	-555.823	-1438.49	0
440	-555.814	-1438.46	0
450	-555.805	-1438.43	0
460	-555.797	-1438.4	0
470	-555.79	-1438.37	0
480	-555.784	-1438.34	0
490	-555.777	-1438.31	0
500	-555.768	-1438.27	0
510	-555.749	-1438.22	0
520	-555.715	-1438.14	0
530	-555.653	-1438.03	0
540	-555.552	-1437.85	0
550	-555.4	-1437.61	0
560	-555.18	-1437.29	0
570	-554.875	-1436.85	0
580	-554.462	-1436.27	0
590	-553.914	-1435.48	0
600	-553.203	-1434.42	0
610	-552.302	-1433.03	0
620	-551.187	-1431.26	0
630	-549.835	-1429.04	0
640	-548.229	-1426.33	0
650	-546.354	-1423.1	0
660	-544.202	-1419.31	0
670	-541.771	-1414.96	0
680	-539.066	-1410.02	0
690	-536.096	-1404.52	0
700	-532.877	-1398.45	0
710	-529.433	-1391.84	0
720	-525.797	-1384.74	0
730	-522.013	-1377.19	0
740	-518.138	-1369.29	0
750	-514.233	-1361.11	0
760	-510.378	-1352.77	0
770	-506.663	-1344.41	0
780	-503.179	-1336.19	0
790	-500.013	-1328.25	0
800	-497.268	-1320.76	0
810	-495.056	-1313.9	0
820	-493.481	-1307.88	0
830	-492.622	-1302.9	0
840	-492.509	-1299.07	0
850	-493.169	-1296.43	0
860	-494.628	-1295	0
870	-496.898	-1294.84	0
880	-499.965	-1295.98	0
890	-503.69	-1298.08	0
900	-507.925	-1300.84	0
910	-512.577	-1304.28	0
920	-517.53	-1308.39	0
930	-522.649	-1313.15	0
940	-527.762	-1318.41	0
950	-532.73	-1324.12	0
960	-537.427	-1330.28	0
970	-541.743	-1336.85	0
980	-545.592	-1343.8	0
990	-548.922	-1351.1	0
1000	-551.718	-1358.74	0
1010	-554.006	-1366.72	0
1020	-555.856	-1375.11	0
1030	-557.365	-1384.02	0
1040	-558.648	-1393.59	0
1050	-559.833	-1403.98	0
1060	-561.05	-1415.35	0
1070	-562.423	-1427.83	0
1080	-564.068	-1441.52	0
1090	-566.08	-1456	0
1100	-568.533	-1470.72	0
1110	-571.474	-1486.65	0
1120	-574.915	-1503.7	0
1130	-578.832	-1521.7	0
1140	-583.164	-1540.44	0
1150	-587.817	-1559.59	0
1160	-592.666	-1578.8	0
1170	-597.568	-1597.65	0
1180	-602.363	-1615.69	0
1190	-606.889	-1632.48	0
1200	-610.987	-1647.59	0
1210	-614.516	-1660.6	0
1220	-617.358	-1671.19	0
1230	-619.425	-1679.1	0
1240	-620.672	-1684.18	0
1250	-621.096	-1686.39	0
1260	-620.826	-1686.01	0
1270	-620.199	-1684	0
1280	-619.315	-1680.91	0
1290	-618.238	-1677.03	0
1300	-617.023	-1672.59	0
1310	-615.712	-1667.77	0
1320	-614.347	-1662.73	0
1330	-612.968	-1657.63	0
1340	-611.611	-1652.58	0
1350	-610.305	-1647.7	0
1360	-609.078	-1643.08	0
1370	-607.945	-1638.76	0
1380	-606.919	-1634.8	0
1390	-606.001	-1631.18	0
1400	-605.19	-1627.91	0
1410	-604.476	-1624.94	0
1420	-603.846	-1622.23	0
1430	-603.284	-1619.74	0
1440	-602.774	-1617.4	0
1450	-602.297	-1615.17	0
1460	-601.839	-1613.02	0
1470	-601.388	-1610.92	0
1480	-600.933	-1608.87	0
1490	-600.468	-1606.86	0
1500	-599.988	-1604.91	0
1510	-599.492	-1603.05	0
1520	-598.981	-1601.29	0
1530	-598.458	-1599.64	0
1540	-597.925	-1598.12	0
1550	-597.386	-1596.7	0
1560	-596.836	-1595.34	0
1570	-596.265	-1593.95	0
1580	-595.654	-1592.45	0
1590	-594.978	-1590.75	0
1600	-594.214	-1588.76	0
1610	-593.339	-1586.4	0
1620	-592.33	-1583.61	0
1630	-591.168	-1580.3	0
1640	-589.836	-1576.43	0
1650	-588.322	-1571.93	0
1660	-586.621	-1566.77	0
1670	-584.735	-1560.94	0
1680	-582.675	-1554.45	0
1690	-580.459	-1547.34	0
1700	-578.116	-1539.67	0
1710	-575.68	-1531.55	0
1720	-573.191	-1523.11	0
1730	-570.697	-1514.47	0
1740	-568.244	-1505.79	0
1750	-565.881	-1497.24	0
1760	-563.651	-1488.96	0
1770	-561.593	-1481.1	0
1780	-559.74	-1473.78	0
1790	-558.112	-1467.07	0
1800	-556.72	-1461.04	0
1810	-555.562	-1455.69	0
1820	-554.623	-1451.01	0
1830	-553.878	-1446.93	0
1840	-553.291	-1443.36	0
1850	-552.819	-1440.18	0
1860	-552.414	-1437.27	0
1870	-552.026	-1434.47	0
1880	-551.608	-1431.67	0
1890	-551.119	-1428.74	0
1900	-550.53	-1425.6	0
1910	-549.826	-1422.22	0
1920	-549.006	-1418.57	0
1930	-548.084	-1414.71	0
1940	-547.089	-1410.7	0
1950	-546.057	-1406.66	0
1960	-545.025	-1402.7	0
1970	-544.041	-1398.97	0
1980	-543.143	-1395.6	0
1990	-542.343	-1392.6	0
2000	-541.67	-1390.07	0
2010	-541.146	-1388.07	0
2020	-540.789	-1386.65	0
2030	-540.583	-1385.82	0
2040	-540.517	-1385.58	0
2050	-540.534	-1385.67	0
2060	-540.576	-1385.89	0
2070	-540.641	-1386.23	0
2080	-540.719	-1386.65	0
2090	-540.804	-1387.13	0
2100	-540.888	-1387.64	0
2110	-540.968	-1388.17	0
2120	-541.038	-1388.7	0
2130	-541.092	-1389.19	0
2140	-541.127	-1389.63	0
2150	-541.141	-1390.01	0
2160	-541.136	-1390.32	0
2170	-541.114	-1390.55	0
2180	-541.076	-1390.7	0
2190	-541.025	-1390.78	0
2200	-540.966	-1390.79	0
2210	-540.902	-1390.74	0
2220	-540.845	-1390.67	0
2230	-540.811	-1390.62	0
2240	-540.803	-1390.61	0
2250	-540.805	-1390.62	0
2260	-540.803	-1390.63	0
2270	-540.801	-1390.65	0
2280	-540.798	-1390.65	0
2290	-540.796	-1390.66	0
2300	-540.794	-1390.67	0
2310	-540.792	-1390.68	0
2320	-540.79	-1390.69	0
2330	-540.788	-1390.7	0
2340	-540.786	-1390.71	0
2350	-540.784	-1390.72	0
2360	-540.781	-1390.73	0
2370	-540.779	-1390.73	0
2380	-540.778	-1390.74	0
2390	-540.778	-1390.75	0
2400	-540.777	-1390.76	0
2410	-540.776	-1390.77	0
2420	-540.774	-1390.78	0
2430	-540.772	-1390.79	0
2440	-540.771	-1390.79	0
2450	-540.769	-1390.8	0
2460	-540.767	-1390.81	0
2470	-540.764	-1390.82	0
2480	-540.761	-1390.84	0
2490	-540.758	-1390.85	0
2500	-540.759	-1390.86	0
2510	-540.765	-1390.87	0
2520	-540.773	-1390.88	0
2530	-540.783	-1390.9	0
2540	-540.8	-1390.92	0
2550	-540.827	-1390.95	0
2560	-540.874	-1390.99	0
2570	-540.947	-1391.05	0
2580	-541.056	-1391.13	0
2590	-541.206	-1391.25	0
2600	-541.402	-1391.4	0
2610	-541.649	-1391.6	0
2620	-541.945	-1391.83	0
2630	-542.289	-1392.11	0
2640	-542.676	-1392.42	0
2650	-543.1	-1392.77	0
2660	-543.553	-1393.14	0
2670	-544.022	-1393.53	0
2680	-544.496	-1393.93	0
2690	-544.96	-1394.31	0
2700	-545.399	-1394.67	0
2710	-545.797	-1394.99	0
2720	-546.138	-1395.27	0
2730	-546.409	-1395.49	0
2740	-546.597	-1395.64	0
2750	-546.691	-1395.72	0
2760	-546.692	-1395.75	0
2770	-546.708	-1395.85	0
2780	-546.762	-1396.06	0
2790	-546.848	-1396.37	0
2800	-546.967	-1396.81	0
2810	-547.122	-1397.37	0
2820	-547.31	-1398.06	0
2830	-547.528	-1398.86	0
2840	-547.769	-1399.75	0
2850	-548.021	-1400.69	0
2860	-548.269	-1401.61	0
2870	-548.497	-1402.49	0
2880	-548.7	-1403.28	0
2890	-548.871	-1403.94	0
2900	-548.998	-1404.44	0
2910	-549.084	-1404.77	0
2920	-549.123	-1404.91	0
2930	-549.128	-1404.91	0
2940	-549.134	-1404.92	0
2950	-549.137	-1404.93	0
2960	-549.148	-1404.94	0
2970	-549.151	-1404.96	0
2980	-549.16	-1404.97	0
2990	-549.168	-1404.99	0
3000	-549.17	-1405.01	0
3010	-549.174	-1405.02	0
3020	-549.177	-1405.04	0
3030	-549.182	-1405.06	0
3040	-549.186	-1405.08	0
3050	-549.192	-1405.1	0
3060	-549.203	-1405.11	0
3070	-549.203	-1405.11	0
3080	-549.207	-1405.11	0
3090	-549.215	-1405.11	0
3100	-549.22	-1405.11	0
3110	-549.226	-1405.11	0
3120	-549.23	-1405.11	0
3130	-549.235	-1405.11	0
3140	-549.24	-1405.11	0
3150	-549.247	-1405.11	0
3160	-549.251	-1405.11	0
3170	-549.258	-1405.12	0
3180	-549.263	-1405.12	0
3190	-549.27	-1405.12	0
3200	-549.277	-1405.12	0
3210	-549.282	-1405.13	0
3220	-549.292	-1405.13	0
3230	-549.298	-1405.14	0
3240	-549.299	-1405.15	0
3250	-549.308	-1405.16	0
3260	-549.314	-1405.16	0
3270	-549.321	-1405.17	0
3280	-549.326	-1405.17	0
3290	-549.336	-1405.18	0
3300	-549.34	-1405.18	0
3310	-549.344	-1405.19	0
3320	-549.35	-1405.19	0
3330	-549.359	-1405.19	0
3340	-549.368	-1405.2	0
3350	-549.37	-1405.21	0
3360	-549.371	-1405.21	0
3370	-549.378	-1405.21	0
3380	-549.385	-1405.22	0
3390	-549.39	-1405.22	0
3400	-549.401	-1405.23	0
3410	-549.407	-1405.23	0
3420	-549.413	-1405.23	0
3430	-549.419	-1405.24	0
3440	-549.426	-1405.24	0
3450	-549.434	-1405.24	0
3460	-549.44	-1405.25	0
3470	-549.448	-1405.25	0
3480	-549.455	-1405.26	0
3490	-549.46	-1405.26	0
3500	-549.47	-1405.26	0
3510	-549.471	-1405.27	0
3520	-549.477	-1405.27	0
3530	-549.486	-1405.28	0
3540	-549.492	-1405.28	0
3550	-549.5	-1405.29	0
3560	-549.505	-1405.29	0
3570	-549.514	-1405.29	0
3580	-549.521	-1405.3	0
3590	-549.528	-1405.3	0
3600	-549.535	-1405.31	0
3610	-549.542	-1405.31	0
3620	-549.551	-1405.31	0
3630	-549.556	-1405.32	0
3640	-549.566	-1405.32	0
3650	-549.574	-1405.33	0
3660	-549.581	-1405.33	0
3670	-549.589	-1405.33	0
3680	-549.597	-1405.34	0
3690	-549.605	-1405.34	0
3700	-549.613	-1405.35	0
3710	-549.621	-1405.35	0
3720	-549.628	-1405.36	0
3730	-549.636	-1405.36	0
3740	-549.644	-1405.36	0
3750	-549.652	-1405.37	0
3760	-549.66	-1405.37	0
3770	-549.667	-1405.38	0
3780	-549.674	-1405.38	0
3790	-549.681	-1405.39	0
3800	-549.687	-1405.39	0
3810	-549.692	-1405.4	0
3820	-549.697	-1405.4	0
3830	-549.7	-1405.41	0
3840	-549.703	-1405.42	0
3850	-549.704	-1405.42	0
3860	-549.705	-1405.43	0
3870	-549.705	-1405.43	0
3880	-549.703	-1405.44	0
3890	-549.701	-1405.44	0
3900	-549.699	-1405.45	0
3910	-549.695	-1405.45	0
3920	-549.691	-1405.46	0
3930	-549.687	-1405.46	0
3940	-549.683	-1405.46	0
3950	-549.679	-1405.47	0
3960	-549.674	-1405.47	0
3970	-549.67	-1405.48	0
3980	-549.666	-1405.48	0
3990	-549.662	-1405.49	0
4000	-549.659	-1405.49	0
4010	-549.657	-1405.49	0
4020	-549.655	-1405.5	0
4030	-549.654	-1405.5	0
4040	-549.654	-1405.51	0
4050	-549.655	-1405.51	0
4060	-549.657	-1405.52	0
4070	-549.659	-1405.52	0
4080	-549.661	-1405.53	0
4090	-549.665	-1405.53	0
4100	-549.667	-1405.53	0
4110	-549.671	-1405.54	0
4120	-549.674	-1405.54	0
4130	-549.678	-1405.55	0
4140	-549.681	-1405.55	0
4150	-549.684	-1405.55	0
4160	-549.686	-1405.56	0
4170	-549.688	-1405.56	0
4180	-549.689	-1405.57	0
4190	-549.69	-1405.57	0
4200	-549.688	-1405.57	0
4210	-549.685	-1405.58	0
4220	-549.68	-1405.58	0
4230	-549.672	-1405.59	0
4240	-549.665	-1405.59	0
4250	-549.659	-1405.59	0
4260	-549.653	-1405.6	0
4270	-549.647	-1405.6	0
4280	-549.64	-1405.6	0
4290	-549.634	-1405.6	0
4300	-549.63	-1405.6	0
4310	-549.624	-1405.61	0
4320	-549.619	-1405.61	0
4330	-549.614	-1405.61	0
4340	-549.609	-1405.61	0
4350	-549.606	-1405.61	0
4360	-549.605	-1405.61	0
4370	-549.606	-1405.62	0
4380	-549.61	-1405.62	0
4390	-549.618	-1405.63	0
4400	-549.628	-1405.63	0
4410	-549.631	-1405.64	0
4420	-549.637	-1405.64	0
4430	-549.639	-1405.64	0
4440	-549.643	-1405.65	0
4450	-549.648	-1405.65	0
4460	-549.651	-1405.65	0
4470	-549.653	-1405.66	0
4480	-549.651	-1405.66	0
4490	-549.649	-1405.66	0
4500	-549.656	-1405.67	0
4510	-549.667	-1405.67	0
4520	-549.675	-1405.68	0
4530	-549.686	-1405.69	0
4540	-549.695	-1405.69	0
4550	-549.701	-1405.7	0
4560	-549.71	-1405.7	0
4570	-549.718	-1405.71	0
4580	-549.727	-1405.72	0
4590	-549.733	-1405.72	0
4600	-549.742	-1405.73	0
4610	-549.75	-1405.74	0
4620	-549.759	-1405.74	0
4630	-549.768	-1405.75	0
4640	-549.776	-1405.76	0
4650	-549.786	-1405.77	0
4660	-549.795	-1405.78	0
4670	-549.804	-1405.79	0
4680	-549.814	-1405.8	0
4690	-549.824	-1405.8	0
4700	-549.835	-1405.81	0
4710	-549.845	-1405.82	0
4720	-549.855	-1405.82	0
4730	-549.864	-1405.83	0
4740	-549.875	-1405.84	0
4750	-549.885	-1405.84	0
4760	-549.895	-1405.85	0
4770	-549.905	-1405.86	0
4780	-549.914	-1405.87	0
4790	-549.925	-1405.87	0
4800	-549.935	-1405.88	0
4810	-549.945	-1405.89	0
4820	-549.954	-1405.89	0
4830	-549.962	-1405.9	0
4840	-549.971	-1405.91	0
4850	-549.978	-1405.91	0
4860	-549.983	-1405.92	0
4870	-549.99	-1405.92	0
4880	-549.996	-1405.92	0
4890	-550.001	-1405.93	0
4900	-550.003	-1405.93	0
4910	-550.001	-1405.93	0
4920	-549.994	-1405.94	0
4930	-549.988	-1405.94	0
4940	-549.988	-1405.94	0
4950	-549.988	-1405.94	0
4960	-549.99	-1405.95	0
4970	-549.996	-1405.96	0
4980	-549.996	-1405.96	0
4990	-550.007	-1405.97	0
5000	-550.008	-1405.97	0
5010	-550.014	-1405.98	0
5020	-550.02	-1405.98	0
5030	-550.022	-1405.98	0
5040	-550.016	-1405.98	0
5050	-549.987	-1405.95	0
5060	-549.924	-1405.9	0
5070	-549.814	-1405.81	0
5080	-549.648	-1405.68	0
5090	-549.421	-1405.48	0
5100	-549.129	-1405.23	0
5110	-548.774	-1404.91	0
5120	-548.36	-1404.53	0
5130	-547.895	-1404.09	0
5140	-547.386	-1403.6	0
5150	-546.837	-1403.02	0
5160	-546.25	-1402.33	0
5170	-545.63	-1401.5	0
5180	-544.98	-1400.5	0
5190	-544.31	-1399.35	0
5200	-543.625	-1398.02	0
5210	-542.935	-1396.52	0
5220	-542.248	-1394.88	0
5230	-541.569	-1393.09	0
5240	-540.905	-1391.17	0
5250	-540.261	-1389.15	0
5260	-539.636	-1387.04	0
5270	-539.031	-1384.86	0
5280	-538.441	-1382.63	0
5290	-537.862	-1380.35	0
5300	-537.283	-1378.04	0
5310	-536.694	-1375.69	0
5320	-536.1	-1373.33	0
5330	-535.508	-1370.99	0
5340	-534.925	-1368.7	0
5350	-534.361	-1366.49	0
5360	-533.827	-1364.41	0
5370	-533.332	-1362.5	0
5380	-532.889	-1360.8	0
5390	-532.506	-1359.34	0
5400	-532.192	-1358.15	0
5410	-531.954	-1357.27	0
5420	-531.794	-1356.71	0
5430	-531.698	-1356.39	0
5440	-531.601	-1356.06	0
5450	-531.498	-1355.72	0
5460	-531.393	-1355.37	0
5470	-531.291	-1355.04	0
5480	-531.198	-1354.74	0
5490	-531.115	-1354.46	0
5500	-531.046	-1354.23	0
5510	-530.993	-1354.06	0
5520	-530.957	-1353.94	0
5530	-530.94	-1353.88	0
5540	-530.935	-1353.87	0
5550	-530.932	-1353.86	0
5560	-530.93	-1353.84	0
5570	-530.928	-1353.83	0
5580	-530.925	-1353.81	0
5590	-530.92	-1353.79	0
5600	-530.916	-1353.77	0
5610	-530.91	-1353.75	0
5620	-530.904	-1353.72	0
5630	-530.898	-1353.7	0
5640	-530.894	-1353.67	0
5650	-530.89	-1353.65	0
5660	-530.884	-1353.62	0
5670	-530.877	-1353.59	0
5680	-530.871	-1353.57	0
5690	-530.867	-1353.54	0
5700	-530.867	-1353.52	0
5710	-530.869	-1353.5	0
5720	-530.872	-1353.48	0
5730	-530.876	-1353.46	0
5740	-530.882	-1353.45	0
5750	-530.887	-1353.44	0
5760	-530.885	-1353.42	0
5770	-530.879	-1353.41	0
5780	-530.871	-1353.4	0
5790	-530.887	-1353.39	0
5800	-530.952	-1353.42	0
5810	-531.087	-1353.49	0
5820	-531.309	-1353.61	0
5830	-531.63	-1353.8	0
5840	-532.053	-1354.07	0
5850	-532.577	-1354.41	0
5860	-533.193	-1354.84	0
5870	-533.886	-1355.32	0
5880	-534.635	-1355.87	0
5890	-535.418	-1356.47	0
5900	-536.206	-1357.08	0
5910	-536.966	-1357.68	0
5920	-537.666	-1358.26	0
5930	-538.282	-1358.79	0
5940	-538.792	-1359.25	0
5950	-539.177	-1359.62	0
5960	-539.423	-1359.87	0
5970	-539.521	-1359.99	0
5980	-539.488	-1360	0
5990	-539.495	-1360.05	0
6000	-539.54	-1360.19	0
6010	-539.621	-1360.46	0
6020	-539.751	-1360.91	0
6030	-539.943	-1361.59	0
6040	-540.209	-1362.55	0
6050	-540.556	-1363.82	0
6060	-540.99	-1365.42	0
6070	-541.505	-1367.32	0
6080	-542.069	-1369.45	0
6090	-542.663	-1371.74	0
6100	-543.278	-1374.14	0
6110	-543.906	-1376.58	0
6120	-544.52	-1378.98	0
6130	-545.108	-1381.26	0
6140	-545.665	-1383.38	0
6150	-546.192	-1385.25	0
6160	-546.677	-1386.82	0
6170	-547.084	-1387.93	0
6180	-547.392	-1388.51	0
6190	-547.649	-1388.74	0
6200	-547.96	-1389.05	0
6210	-548.326	-1389.45	0
6220	-548.736	-1389.94	0
6230	-549.196	-1390.53	0
6240	-549.673	-1391.13	0
6250	-550.123	-1391.65	0
6260	-550.496	-1391.99	0
6270	-550.751	-1392.08	0
6280	-550.858	-1391.85	0
6290	-550.799	-1391.27	0
6300	-550.573	-1390.31	0
6310	-550.2	-1388.98	0
6320	-549.743	-1387.37	0
6330	-549.276	-1385.67	0
6340	-548.825	-1384.01	0
6350	-548.401	-1382.47	0
6360	-548.011	-1381.1	0
6370	-547.676	-1379.98	0
6380	-547.435	-1379.3	0
6390	-547.287	-1379.06	0
6400	-547.193	-1379.06	0
6410	-547.085	-1379.03	0
6420	-546.962	-1378.97	0
6430	-546.822	-1378.89	0
6440	-546.666	-1378.79	0
6450	-546.492	-1378.66	0
6460	-546.3	-1378.51	0
6470	-546.09	-1378.33	0
6480	-545.864	-1378.11	0
6490	-545.626	-1377.87	0
6500	-545.382	-1377.61	0
6510	-545.137	-1377.34	0
6520	-544.894	-1377.05	0
6530	-544.662	-1376.76	0
6540	-544.441	-1376.46	0
6550	-544.237	-1376.17	0
6560	-544.056	-1375.9	0
6570	-543.897	-1375.63	0
6580	-543.764	-1375.39	0
6590	-543.659	-1375.17	0
6600	-543.581	-1375	0
6610	-543.533	-1374.86	0
6620	-543.509	-1374.76	0
6630	-543.505	-1374.72	0
6640	-543.511	-1374.72	0
6650	-543.515	-1374.73	0
6660	-543.522	-1374.74	0
6670	-543.536	-1374.76	0
6680	-543.555	-1374.78	0
6690	-543.57	-1374.79	0
6700	-543.584	-1374.81	0
6710	-543.596	-1374.82	0
6720	-543.61	-1374.83	0
6730	-543.624	-1374.84	0
6740	-543.637	-1374.86	0
6750	-543.649	-1374.86	0
6760	-543.66	-1374.87	0
6770	-543.669	-1374.88	0
6780	-543.678	-1374.88	0
6790	-543.687	-1374.89	0
6800	-543.685	-1374.89	0
6810	-543.68	-1374.88	0
6820	-543.661	-1374.87	0
6830	-543.646	-1374.84	0
6840	-543.623	-1374.82	0
6850	-543.592	-1374.78	0
6860	-543.564	-1374.73	0
6870	-543.526	-1374.66	0
6880	-543.493	-1374.58	0
6890	-543.452	-1374.47	0
6900	-543.397	-1374.31	0
6910	-543.321	-1374.07	0
6920	-543.222	-1373.75	0
6930	-543.107	-1373.35	0
6940	-542.966	-1372.85	0
6950	-542.809	-1372.28	0
6960	-542.636	-1371.66	0
6970	-542.455	-1371.01	0
6980	-542.261	-1370.34	0
6990	-542.049	-1369.65	0
7000	-541.816	-1368.97	0
7010	-541.558	-1368.28	0
7020	-541.277	-1367.62	0
7030	-540.979	-1367.03	0
7040	-540.663	-1366.51	0
7050	-540.328	-1366.09	0
7060	-539.951	-1365.67	0
7070	-539.513	-1365.17	0
7080	-539.018	-1364.6	0
7090	-538.476	-1363.97	0
7100	-537.899	-1363.28	0
7110	-537.302	-1362.55	0
7120	-536.704	-1361.8	0
7130	-536.133	-1361.07	0
7140	-535.606	-1360.37	0
7150	-535.141	-1359.73	0
7160	-534.752	-1359.17	0
7170	-534.45	-1358.7	0
7180	-534.242	-1358.33	0
7190	-534.122	-1358.08	0
7200	-534.081	-1357.94	0
7210	-534.108	-1357.92	0
7220	-534.13	-1357.94	0
7230	-534.152	-1357.96	0
7240	-534.171	-1357.98	0
7250	-534.19	-1358	0
7260	-534.206	-1358.02	0
7270	-534.221	-1358.03	0
7280	-534.233	-1358.04	0
7290	-534.239	-1358.03	0
7300	-534.246	-1358.03	0
7310	-534.259	-1358.03	0
7320	-534.269	-1358.03	0
7330	-534.283	-1358.04	0
7340	-534.307	-1358.05	0
7350	-534.351	-1358.09	0
7360	-534.421	-1358.17	0
7370	-534.523	-1358.3	0
7380	-534.66	-1358.47	0
7390	-534.831	-1358.7	0
7400	-535.033	-1358.96	0
7410	-535.247	-1359.23	0
7420	-535.437	-1359.42	0
7430	-535.58	-1359.46	0
7440	-535.657	-1359.32	0
7450	-535.649	-1358.95	0
7460	-535.545	-1358.35	0
7470	-535.343	-1357.53	0
7480	-535.081	-1356.57	0
7490	-534.814	-1355.55	0
7500	-534.537	-1354.49	0
7510	-534.266	-1353.44	0
7520	-534.013	-1352.47	0
7530	-533.794	-1351.62	0
7540	-533.619	-1350.94	0
7550	-533.491	-1350.45	0
7560	-533.418	-1350.17	0
7570	-533.404	-1350.1	0
7580	-533.404	-1350.09	0
7590	-533.403	-1350.08	0
7600	-533.4	-1350.07	0
7610	-533.401	-1350.06	0
7620	-533.401	-1350.05	0
7630	-533.402	-1350.04	0
7640	-533.403	-1350.03	0
7650	-533.405	-1350.02	0
7660	-533.409	-1350.01	0
7670	-533.415	-1350	0
7680	-533.42	-1349.99	0
7690	-533.419	-1349.98	0
7700	-533.419	-1349.96	0
7710	-533.422	-1349.95	0
7720	-533.423	-1349.94	0
7730	-533.426	-1349.92	0
7740	-533.427	-1349.91	0
7750	-533.426	-1349.89	0
7760	-533.43	-1349.88	0
7770	-533.432	-1349.87	0
7780	-533.432	-1349.85	0
7790	-533.435	-1349.84	0
7800	-533.436	-1349.82	0
7810	-533.437	-1349.8	0
7820	-533.44	-1349.78	0
7830	-533.442	-1349.76	0
7840	-533.441	-1349.74	0
7850	-533.444	-1349.72	0
7860	-533.447	-1349.7	0
7870	-533.45	-1349.69	0
7880	-533.454	-1349.67	0
7890	-533.455	-1349.65	0
7900	-533.458	-1349.64	0
7910	-533.461	-1349.62	0
7920	-533.463	-1349.61	0
7930	-533.463	-1349.59	0
7940	-533.463	-1349.58	0
7950	-533.462	-1349.57	0
7960	-533.46	-1349.56	0
7970	-533.458	-1349.54	0
7980	-533.456	-1349.53	0
7990	-533.456	-1349.52	0
8000	-533.458	-1349.51	0
8010	-533.461	-1349.51	0
8020	-533.465	-1349.5	0
8030	-533.468	-1349.49	0
8040	-533.474	-1349.48	0
8050	-533.479	-1349.48	0
8060	-533.485	-1349.47	0
8070	-533.492	-1349.46	0
8080	-533.498	-1349.46	0
8090	-533.502	-1349.45	0
8100	-533.507	-1349.45	0
8110	-533.508	-1349.44	0
8120	-533.516	-1349.43	0
8130	-533.521	-1349.42	0
8140	-533.523	-1349.41	0
8150	-533.526	-1349.4	0
8160	-533.527	-1349.39	0
8170	-533.529	-1349.38	0
8180	-533.535	-1349.38	0
8190	-533.535	-1349.37	0
8200	-533.542	-1349.36	0
8210	-533.551	-1349.36	0
8220	-533.557	-1349.35	0
8230	-533.571	-1349.35	0
8240	-533.576	-1349.34	0
8250	-533.592	-1349.33	0
8260	-533.603	-1349.33	0
8270	-533.619	-1349.32	0
8280	-533.639	-1349.31	0
8290	-533.665	-1349.31	0
8300	-533.696	-1349.3	0
8310	-533.725	-1349.3	0
8320	-533.761	-1349.29	0
8330	-533.802	-1349.29	0
8340	-533.836	-1349.29	0
8350	-533.867	-1349.28	0
8360	-533.896	-1349.28	0
8370	-533.918	-1349.27	0
8380	-533.935	-1349.26	0
8390	-533.943	-1349.25	0
8400	-533.945	-1349.24	0
8410	-533.953	-1349.23	0
8420	-533.956	-1349.21	0
8430	-533.962	-1349.2	0
8440	-533.965	-1349.18	0
8450	-533.971	-1349.17	0
8460	-533.975	-1349.16	0
8470	-533.978	-1349.14	0
8480	-533.985	-1349.14	0
8490	-533.991	-1349.13	0
8500	-533.994	-1349.12	0
8510	-534.007	-1349.11	0
8520	-534.014	-1349.1	0
8530	-534.017	-1349.1	0
8540	-534.026	-1349.09	0
8550	-534.032	-1349.07	0
8560	-534.038	-1349.06	0
8570	-534.047	-1349.05	0
8580	-534.057	-1349.05	0
8590	-534.066	-1349.04	0
8600	-534.073	-1349.03	0
8610	-534.078	-1349.01	0
8620	-534.083	-1349.01	0
8630	-534.09	-1349	0
8640	-534.088	-1348.99	0
8650	-534.098	-1348.99	0
8660	-534.106	-1348.98	0
8670	-534.106	-1348.97	0
8680	-534.113	-1348.97	0
8690	-534.111	-1348.95	0
8700	-534.118	-1348.95	0
8710	-534.125	-1348.94	0
8720	-534.123	-1348.93	0
8730	-534.128	-1348.93	0
8740	-534.133	-1348.91	0
8750	-534.135	-1348.9	0
8760	-534.141	-1348.88	0
8770	-534.144	-1348.87	0
8780	-534.146	-1348.85	0
8790	-534.149	-1348.83	0
8800	-534.154	-1348.82	0
8810	-534.158	-1348.81	0
8820	-534.164	-1348.79	0
8830	-534.171	-1348.78	0
8840	-534.172	-1348.77	0
8850	-534.174	-1348.76	0
8860	-534.181	-1348.76	0
8870	-534.188	-1348.76	0
8880	-534.192	-1348.76	0
8890	-534.197	-1348.76	0
8900	-534.202	-1348.77	0
8910	-534.204	-1348.77	0
8920	-534.209	-1348.77	0
8930	-534.211	-1348.77	0
8940	-534.22	-1348.77	0
8950	-534.225	-1348.77	0
8960	-534.231	-1348.77	0
8970	-534.237	-1348.77	0
8980	-534.246	-1348.77	0
8990	-534.254	-1348.77	0
9000	-534.262	-1348.77	0
9010	-534.27	-1348.77	0
9020	-534.276	-1348.77	0
9030	-534.283	-1348.76	0
9040	-534.289	-1348.76	0
9050	-534.297	-1348.76	0
9060	-534.301	-1348.76	0
9070	-534.309	-1348.76	0
9080	-534.308	-1348.75	0
9090	-534.304	-1348.74	0
9100	-534.302	-1348.72	0
9110	-534.308	-1348.71	0
9120	-534.31	-1348.7	0
9130	-534.315	-1348.7	0
9140	-534.32	-1348.7	0
9150	-534.332	-1348.69	0
9160	-534.34	-1348.69	0
9170	-534.347	-1348.68	0
9180	-534.354	-1348.68	0
9190	-534.361	-1348.68	0
9200	-534.363	-1348.68	0
9210	-534.368	-1348.68	0
9220	-534.37	-1348.68	0
9230	-534.374	-1348.68	0
9240	-534.376	-1348.67	0
9250	-534.377	-1348.67	0
9260	-534.378	-1348.67	0
9270	-534.379	-1348.67	0
9280	-534.382	-1348.67	0
9290	-534.382	-1348.67	0
9300	-534.385	-1348.67	0
9310	-534.382	-1348.66	0
9320	-534.384	-1348.66	0
9330	-534.388	-1348.66	0
9340	-534.389	-1348.66	0
9350	-534.392	-1348.66	0
9360	-534.398	-1348.66	0
9370	-534.4	-1348.66	0
9380	-534.405	-1348.66	0
9390	-534.409	-1348.66	0
9400	-534.413	-1348.66	0
9410	-534.419	-1348.65	0
9420	-534.421	-1348.65	0
9430	-534.426	-1348.65	0
9440	-534.433	-1348.64	0
9450	-534.439	-1348.64	0
9460	-534.44	-1348.63	0
9470	-534.446	-1348.63	0
9480	-534.452	-1348.63	0
9490	-534.458	-1348.62	0
9500	-534.462	-1348.62	0
9510	-534.467	-1348.62	0
9520	-534.471	-1348.62	0
9530	-534.476	-1348.61	0
9540	-534.478	-1348.61	0
9550	-534.481	-1348.6	0
9560	-534.482	-1348.6	0
9570	-534.483	-1348.59	0
9580	-534.483	-1348.59	0
9590	-534.482	-1348.58	0
9600	-534.48	-1348.57	0
9610	-534.477	-1348.56	0
9620	-534.474	-1348.55	0
9630	-534.471	-1348.54	0
9640	-534.467	-1348.54	0
9650	-534.464	-1348.53	0
9660	-534.461	-1348.52	0
9670	-534.459	-1348.51	0
9680	-534.457	-1348.5	0
9690	-534.457	-1348.5	0
9700	-534.457	-1348.49	0
9710	-534.458	-1348.48	0
9720	-534.46	-1348.48	0
9730	-534.464	-1348.47	0
9740	-534.468	-1348.47	0
9750	-534.472	-1348.46	0
9760	-534.478	-1348.45	0
9770	-534.484	-1348.45	0
9780	-534.489	-1348.44	0
9790	-534.492	-1348.43	0
9800	-534.491	-1348.41	0
9810	-534.485	-1348.39	0
9820	-534.473	-1348.36	0
9830	-534.454	-1348.33	0
9840	-534.43	-1348.29	0
9850	-534.405	-1348.26	0
9860	-534.384	-1348.22	0
9870	-534.368	-1348.2	0
9880	-534.347	-1348.17	0
9890	-534.318	-1348.13	0
9900	-534.282	-1348.08	0
9910	-534.235	-1348	0
9920	-534.173	-1347.88	0
9930	-534.09	-1347.69	0
9940	-533.982	-1347.41	0
9950	-533.821	-1346.99	0
9960	-533.589	-1346.42	0
9970	-533.284	-1345.7	0
9980	-532.887	-1344.8	0
9990	-532.394	-1343.74	0
10000	-531.813	-1342.52	0
10010	-531.158	-1341.19	0
10020	-530.45	-1339.79	0
10030	-529.714	-1338.39	0
10040	-528.983	-1337.06	0
10050	-528.293	-1335.88	0
10060	-527.682	-1334.93	0
10070	-527.189	-1334.27	0
10080	-526.794	-1333.74	0
10090	-526.494	-1333.27	0
10100	-526.307	-1332.87	0
10110	-526.238	-1332.57	0
10120	-526.278	-1332.38	0
10130	-526.403	-1332.28	0
10140	-526.587	-1332.27	0
10150	-526.828	-1332.32	0
10160	-527.133	-1332.41	0
10170	-527.503	-1332.56	0
10180	-527.937	-1332.75	0
10190	-528.424	-1332.98	0
10200	-528.958	-1333.26	0
10210	-529.523	-1333.59	0
10220	-530.103	-1333.97	0
10230	-530.69	-1334.37	0
10240	-531.267	-1334.79	0
10250	-531.819	-1335.22	0
10260	-532.324	-1335.62	0
10270	-532.748	-1335.93	0
10280	-533.043	-1336.02	0
10290	-533.158	-1335.77	0
10300	-533.05	-1335.08	0
10310	-532.722	-1333.98	0
10320	-532.374	-1332.71	0
10330	-531.966	-1331.27	0
10340	-531.488	-1329.68	0
10350	-530.946	-1327.99	0
10360	-530.364	-1326.29	0
10370	-529.84	-1324.91	0
10380	-529.419	-1323.94	0
10390	-529.121	-1323.45	0
10400	-528.928	-1323.35	0
10410	-528.745	-1323.26	0
10420	-528.585	-1323.23	0
10430	-528.474	-1323.33	0
10440	-528.436	-1323.6	0
10450	-528.485	-1324.03	0
10460	-528.626	-1324.59	0
10470	-528.796	-1325.19	0
10480	-528.97	-1325.83	0
10490	-529.156	-1326.47	0
10500	-529.352	-1327.1	0
10510	-529.548	-1327.67	0
10520	-529.703	-1328.1	0
10530	-529.795	-1328.34	0
10540	-529.811	-1328.39	0
10550	-529.82	-1328.4	0
10560	-529.837	-1328.42	0
10570	-529.853	-1328.43	0
10580	-529.865	-1328.42	0
10590	-529.879	-1328.4	0
10600	-529.887	-1328.32	0
10610	-529.883	-1328.17	0
10620	-529.86	-1327.93	0
10630	-529.814	-1327.6	0
10640	-529.746	-1327.17	0
10650	-529.662	-1326.69	0
10660	-529.558	-1326.21	0
10670	-529.444	-1325.77	0
10680	-529.32	-1325.4	0
10690	-529.206	-1325.14	0
10700	-529.155	-1325.15	0
10710	-529.215	-1325.49	0
10720	-529.306	-1325.88	0
10730	-529.367	-1326.19	0
10740	-529.409	-1326.46	0
10750	-529.434	-1326.71	0
10760	-529.442	-1326.94	0
10770	-529.434	-1327.16	0
10780	-529.42	-1327.43	0
10790	-529.4	-1327.74	0
10800	-529.371	-1328.09	0
10810	-529.337	-1328.45	0
10820	-529.289	-1328.77	0
10830	-529.218	-1329.04	0
10840	-529.134	-1329.24	0
10850	-529.042	-1329.35	0
10860	-528.959	-1329.37	0
10870	-528.91	-1329.34	0
10880	-528.909	-1329.33	0
10890	-528.908	-1329.31	0
10900	-528.899	-1329.29	0
10910	-528.888	-1329.27	0
10920	-528.876	-1329.25	0
10930	-528.859	-1329.22	0
10940	-528.836	-1329.18	0
10950	-528.805	-1329.13	0
10960	-528.764	-1329.07	0
10970	-528.713	-1328.99	0
10980	-528.651	-1328.9	0
10990	-528.58	-1328.81	0
11000	-528.5	-1328.7	0
11010	-528.414	-1328.59	0
11020	-528.326	-1328.49	0
11030	-528.241	-1328.39	0
11040	-528.163	-1328.31	0
11050	-528.097	-1328.25	0
11060	-528.046	-1328.2	0
11070	-528.016	-1328.17	0
11080	-528.008	-1328.15	0
11090	-528.003	-1328.14	0
11100	-527.992	-1328.13	0
11110	-527.974	-1328.12	0
11120	-527.955	-1328.1	0
11130	-527.935	-1328.09	0
11140	-527.91	-1328.07	0
11150	-527.883	-1328.04	0
11160	-527.841	-1328	0
11170	-527.784	-1327.94	0
11180	-527.706	-1327.86	0
11190	-527.604	-1327.74	0
11200	-527.476	-1327.59	0
11210	-527.32	-1327.38	0
11220	-527.138	-1327.11	0
11230	-526.931	-1326.79	0
11240	-526.701	-1326.41	0
11250	-526.454	-1325.98	0
11260	-526.194	-1325.51	0
11270	-525.924	-1325.03	0
11280	-525.638	-1324.53	0
11290	-525.347	-1324.04	0
11300	-525.061	-1323.57	0
11310	-524.792	-1323.16	0
11320	-524.555	-1322.81	0
11330	-524.358	-1322.55	0
11340	-524.195	-1322.31	0
11350	-524.069	-1322.11	0
11360	-523.984	-1321.94	0
11370	-523.939	-1321.81	0
11380	-523.927	-1321.73	0
11390	-523.925	-1321.7	0
11400	-523.911	-1321.66	0
11410	-523.895	-1321.62	0
11420	-523.877	-1321.57	0
11430	-523.858	-1321.51	0
11440	-523.851	-1321.44	0
11450	-523.872	-1321.36	0
11460	-523.935	-1321.28	0
11470	-524.054	-1321.22	0
11480	-524.24	-1321.19	0
11490	-524.501	-1321.22	0
11500	-524.828	-1321.25	0
11510	-525.21	-1321.26	0
11520	-525.646	-1321.27	0
11530	-526.133	-1321.31	0
11540	-526.671	-1321.39	0
11550	-527.25	-1321.55	0
11560	-527.85	-1321.74	0
11570	-528.458	-1321.95	0
11580	-529.068	-1322.18	0
11590	-529.672	-1322.44	0
11600	-530.265	-1322.73	0
11610	-530.845	-1323.04	0
11620	-531.418	-1323.38	0
11630	-531.987	-1323.75	0
11640	-532.559	-1324.17	0
11650	-533.138	-1324.63	0
11660	-533.73	-1325.14	0
11670	-534.333	-1325.7	0
11680	-534.941	-1326.32	0
11690	-535.542	-1326.97	0
11700	-536.12	-1327.64	0
11710	-536.655	-1328.31	0
11720	-537.126	-1328.95	0
11730	-537.519	-1329.56	0
11740	-537.816	-1330.09	0
11750	-537.993	-1330.49	0
11760	-538.035	-1330.71	0
11770	-537.965	-1330.76	0
11780	-537.85	-1330.71	0
11790	-537.732	-1330.65	0
11800	-537.561	-1330.53	0
11810	-537.339	-1330.34	0
11820	-537.06	-1330.07	0
11830	-536.726	-1329.72	0
11840	-536.344	-1329.29	0
11850	-535.932	-1328.81	0
11860	-535.519	-1328.37	0
11870	-535.14	-1328.03	0
11880	-534.83	-1327.88	0
11890	-534.619	-1328	0
11900	-534.532	-1328.45	0
11910	-534.581	-1329.25	0
11920	-534.768	-1330.43	0
11930	-535.093	-1331.95	0
11940	-535.541	-1333.79	0
11950	-536.082	-1335.87	0
11960	-536.607	-1337.99	0
11970	-537.048	-1339.79	0
11980	-537.379	-1341.14	0
11990	-537.58	-1341.96	0
12000	-537.634	-1342.21	0
12010	-537.646	-1342.3	0
12020	-537.687	-1342.49	0
12030	-537.75	-1342.79	0
12040	-537.789	-1343.02	0
12050	-537.774	-1343.06	0
12060	-537.681	-1342.84	0
12070	-537.484	-1342.27	0
12080	-537.145	-1341.23	0
12090	-536.648	-1339.68	0
12100	-535.993	-1337.6	0
12110	-535.2	-1335.03	0
12120	-534.311	-1332.08	0
12130	-533.371	-1328.91	0
12140	-532.414	-1325.71	0
12150	-531.463	-1322.64	0
12160	-530.534	-1319.81	0
12170	-529.644	-1317.32	0
12180	-528.807	-1315.23	0
12190	-528.034	-1313.61	0
12200	-527.34	-1312.51	0
12210	-526.73	-1311.94	0
12220	-526.131	-1311.59	0
12230	-525.539	-1311.41	0
12240	-524.961	-1311.43	0
12250	-524.408	-1311.63	0
12260	-523.892	-1312	0
12270	-523.425	-1312.52	0
12280	-523.019	-1313.16	0
12290	-522.683	-1313.89	0
12300	-522.425	-1314.67	0
12310	-522.247	-1315.45	0
12320	-522.147	-1316.19	0
12330	-522.121	-1316.84	0
12340	-522.156	-1317.38	0
12350	-522.233	-1317.77	0
12360	-522.317	-1317.98	0
12370	-522.35	-1318.01	0
12380	-522.358	-1318	0
12390	-522.37	-1318	0
12400	-522.377	-1317.99	0
12410	-522.38	-1317.97	0
12420	-522.377	-1317.95	0
12430	-522.365	-1317.9	0
12440	-522.346	-1317.84	0
12450	-522.32	-1317.76	0
12460	-522.285	-1317.66	0
12470	-522.238	-1317.53	0
12480	-522.176	-1317.35	0
12490	-522.083	-1317.08	0
12500	-521.959	-1316.7	0
12510	-521.795	-1316.18	0
12520	-521.584	-1315.51	0
12530	-521.331	-1314.7	0
12540	-521.036	-1313.75	0
12550	-520.705	-1312.69	0
12560	-520.347	-1311.54	0
12570	-519.969	-1310.34	0
12580	-519.582	-1309.13	0
12590	-519.202	-1307.98	0
12600	-518.852	-1306.99	0
12610	-518.53	-1306.18	0
12620	-518.249	-1305.6	0
12630	-518.02	-1305.27	0
12640	-517.822	-1305.07	0
12650	-517.621	-1304.85	0
12660	-517.424	-1304.64	0
12670	-517.234	-1304.43	0
12680	-517.056	-1304.24	0
12690	-516.897	-1304.06	0
12700	-516.765	-1303.91	0
12710	-516.665	-1303.79	0
12720	-516.599	-1303.7	0
12730	-516.565	-1303.65	0
12740	-516.574	-1303.64	0
12750	-516.579	-1303.64	0
12760	-516.581	-1303.64	0
12770	-516.584	-1303.64	0
12780	-516.587	-1303.65	0
12790	-516.593	-1303.65	0
12800	-516.597	-1303.65	0
12810	-516.604	-1303.65	0
12820	-516.614	-1303.66	0
12830	-516.622	-1303.66	0
12840	-516.629	-1303.67	0
12850	-516.637	-1303.68	0
12860	-516.675	-1303.7	0
12870	-516.785	-1303.76	0
12880	-516.993	-1303.87	0
12890	-517.329	-1304.07	0
12900	-517.814	-1304.36	0
12910	-518.457	-1304.77	0
12920	-519.259	-1305.3	0
12930	-520.212	-1305.96	0
12940	-521.293	-1306.73	0
12950	-522.466	-1307.61	0
12960	-523.696	-1308.57	0
12970	-524.936	-1309.56	0
12980	-526.136	-1310.56	0
12990	-527.244	-1311.51	0
13000	-528.192	-1312.28	0
13010	-528.913	-1312.75	0
13020	-529.353	-1312.79	0
13030	-529.478	-1312.36	0
13040	-529.276	-1311.46	0
13050	-528.891	-1310.4	0
13060	-528.505	-1309.44	0
13070	-528.116	-1308.64	0
13080	-527.75	-1308.08	0
13090	-527.389	-1307.66	0
13100	-527.001	-1307.26	0
13110	-526.626	-1307	0
13120	-526.308	-1307.02	0
13130	-526.09	-1307.45	0
13140	-526.027	-1308.43	0
13150	-526.175	-1310.05	0
13160	-526.563	-1312.34	0
13170	-527.204	-1315.29	0
13180	-528.092	-1318.81	0
13190	-529.1	-1322.59	0
13200	-530.065	-1326.3	0
13210	-531.005	-1329.81	0
13220	-531.908	-1333.02	0
13230	-532.738	-1335.77	0
13240	-533.462	-1337.92	0
13250	-534.052	-1339.38	0
13260	-534.46	-1339.98	0
13270	-534.764	-1340.02	0
13280	-535.049	-1339.93	0
13290	-535.307	-1339.67	0
13300	-535.53	-1339.25	0
13310	-535.707	-1338.66	0
13320	-535.833	-1337.94	0
13330	-535.895	-1337.07	0
13340	-535.884	-1336.08	0
13350	-535.795	-1334.96	0
13360	-535.625	-1333.73	0
13370	-535.38	-1332.41	0
13380	-535.07	-1331.02	0
13390	-534.709	-1329.58	0
13400	-534.315	-1328.13	0
13410	-533.907	-1326.71	0
13420	-533.512	-1325.37	0
13430	-533.162	-1324.22	0
13440	-532.875	-1323.29	0
13450	-532.659	-1322.59	0
13460	-532.521	-1322.15	0
13470	-532.463	-1321.96	0
13480	-532.458	-1321.96	0
13490	-532.456	-1321.97	0
13500	-532.45	-1321.99	0
13510	-532.452	-1322.01	0
13520	-532.453	-1322.03	0
13530	-532.453	-1322.06	0
13540	-532.456	-1322.08	0
13550	-532.456	-1322.1	0
13560	-532.455	-1322.12	0
13570	-532.452	-1322.13	0
13580	-532.45	-1322.14	0
13590	-532.446	-1322.15	0
13600	-532.437	-1322.15	0
13610	-532.42	-1322.15	0
13620	-532.394	-1322.14	0
13630	-532.357	-1322.12	0
13640	-532.309	-1322.09	0
13650	-532.249	-1322.05	0
13660	-532.176	-1322	0
13670	-532.087	-1321.94	0
13680	-531.983	-1321.89	0
13690	-531.871	-1321.85	0
13700	-531.756	-1321.84	0
13710	-531.648	-1321.88	0
13720	-531.562	-1322.01	0
13730	-531.497	-1322.22	0
13740	-531.451	-1322.52	0
13750	-531.408	-1322.84	0
13760	-531.357	-1323.15	0
13770	-531.287	-1323.4	0
13780	-531.185	-1323.58	0
13790	-531.043	-1323.66	0
13800	-530.854	-1323.64	0
13810	-530.642	-1323.59	0
13820	-530.413	-1323.55	0
13830	-530.172	-1323.5	0
13840	-529.922	-1323.44	0
13850	-529.673	-1323.39	0
13860	-529.43	-1323.33	0
13870	-529.197	-1323.26	0
13880	-528.988	-1323.18	0
13890	-528.81	-1323.09	0
13900	-528.668	-1323	0
13910	-528.565	-1322.91	0
13920	-528.497	-1322.84	0
13930	-528.457	-1322.79	0
13940	-528.434	-1322.76	0
13950	-528.401	-1322.71	0
13960	-528.363	-1322.65	0
13970	-528.311	-1322.55	0
13980	-528.226	-1322.38	0
13990	-528.089	-1322.13	0
14000	-527.88	-1321.76	0
14010	-527.586	-1321.26	0
14020	-527.197	-1320.62	0
14030	-526.71	-1319.85	0
14040	-526.129	-1318.98	0
14050	-525.464	-1318.05	0
14060	-524.726	-1317.09	0
14070	-523.932	-1316.13	0
14080	-523.099	-1315.21	0
14090	-522.253	-1314.36	0
14100	-521.411	-1313.6	0
14110	-520.569	-1312.83	0
14120	-519.752	-1312.1	0
14130	-518.98	-1311.39	0
14140	-518.277	-1310.74	0
14150	-517.659	-1310.16	0
14160	-517.136	-1309.67	0
14170	-516.709	-1309.26	0
14180	-516.395	-1308.94	0
14190	-516.199	-1308.73	0
14200	-516.129	-1308.62	0
14210	-516.177	-1308.61	0
14220	-516.204	-1308.61	0
14230	-516.219	-1308.61	0
14240	-516.238	-1308.6	0
14250	-516.257	-1308.6	0
14260	-516.269	-1308.59	0
14270	-516.273	-1308.55	0
14280	-516.27	-1308.5	0
14290	-516.254	-1308.41	0
14300	-516.222	-1308.27	0
14310	-516.166	-1308.03	0
14320	-516.078	-1307.69	0
14330	-515.955	-1307.2	0
14340	-515.789	-1306.56	0
14350	-515.578	-1305.75	0
14360	-515.34	-1304.78	0
14370	-515.068	-1303.68	0
14380	-514.762	-1302.45	0
14390	-514.425	-1301.09	0
14400	-514.064	-1299.64	0
14410	-513.685	-1298.13	0
14420	-513.301	-1296.6	0
14430	-512.917	-1295.07	0
14440	-512.549	-1293.6	0
14450	-512.211	-1292.23	0
14460	-511.913	-1291.04	0
14470	-511.678	-1290.09	0
14480	-511.508	-1289.41	0
14490	-511.413	-1289.02	0
14500	-511.396	-1288.93	0
14510	-511.4	-1288.94	0
14520	-511.404	-1288.94	0
14530	-511.407	-1288.95	0
14540	-511.408	-1288.95	0
14550	-511.406	-1288.95	0
14560	-511.402	-1288.96	0
14570	-511.397	-1288.96	0
14580	-511.401	-1288.96	0
14590	-511.43	-1288.96	0
14600	-511.505	-1288.97	0
14610	-511.64	-1288.99	0
14620	-511.85	-1289.04	0
14630	-512.145	-1289.1	0
14640	-512.53	-1289.2	0
14650	-513.004	-1289.34	0
14660	-513.56	-1289.51	0
14670	-514.184	-1289.7	0
14680	-514.858	-1289.93	0
14690	-515.559	-1290.17	0
14700	-516.263	-1290.43	0
14710	-516.945	-1290.69	0
14720	-517.574	-1290.94	0
14730	-518.126	-1291.17	0
14740	-518.581	-1291.37	0
14750	-518.927	-1291.54	0
14760	-519.164	-1291.66	0
14770	-519.298	-1291.75	0
14780	-519.36	-1291.82	0
14790	-519.372	-1291.86	0
14800	-519.352	-1291.86	0
14810	-519.345	-1291.87	0
14820	-519.335	-1291.88	0
14830	-519.331	-1291.9	0
14840	-519.334	-1291.92	0
14850	-519.338	-1291.95	0
14860	-519.343	-1291.98	0
14870	-519.352	-1292.03	0
14880	-519.366	-1292.1	0
14890	-519.395	-1292.23	0
14900	-519.444	-1292.43	0
14910	-519.516	-1292.73	0
14920	-519.616	-1293.15	0
14930	-519.744	-1293.69	0
14940	-519.903	-1294.36	0
14950	-520.087	-1295.14	0
14960	-520.294	-1296.01	0
14970	-520.52	-1296.98	0
14980	-520.755	-1297.99	0
14990	-520.996	-1299.02	0
15000	-521.235	-1300.02	0
15010	-521.463	-1300.96	0
15020	-521.667	-1301.78	0
15030	-521.835	-1302.44	0
15040	-521.963	-1302.91	0
15050	-522.045	-1303.18	0
15060	-522.07	-1303.22	0
15070	-522.086	-1303.23	0
15080	-522.103	-1303.25	0
15090	-522.124	-1303.27	0
15100	-522.151	-1303.3	0
15110	-522.186	-1303.34	0
15120	-522.23	-1303.4	0
15130	-522.285	-1303.46	0
15140	-522.357	-1303.54	0
15150	-522.448	-1303.65	0
15160	-522.554	-1303.79	0
15170	-522.668	-1303.93	0
15180	-522.788	-1304.09	0
15190	-522.905	-1304.25	0
15200	-523.018	-1304.4	0
15210	-523.121	-1304.55	0
15220	-523.211	-1304.68	0
15230	-523.294	-1304.81	0
15240	-523.359	-1304.91	0
15250	-523.412	-1305	0
15260	-523.449	-1305.07	0
15270	-523.467	-1305.11	0
15280	-523.464	-1305.12	0
15290	-523.456	-1305.12	0
15300	-523.454	-1305.12	0
15310	-523.461	-1305.13	0
15320	-523.47	-1305.14	0
15330	-523.475	-1305.15	0
15340	-523.477	-1305.15	0
15350	-523.478	-1305.16	0
15360	-523.477	-1305.16	0
15370	-523.475	-1305.17	0
15380	-523.473	-1305.17	0
15390	-523.47	-1305.18	0
15400	-523.464	-1305.18	0
15410	-523.456	-1305.18	0
15420	-523.447	-1305.18	0
15430	-523.437	-1305.18	0
15440	-523.428	-1305.18	0
15450	-523.418	-1305.18	0
15460	-523.407	-1305.17	0
15470	-523.386	-1305.17	0
15480	-523.348	-1305.16	0
15490	-523.284	-1305.14	0
15500	-523.183	-1305.11	0
15510	-523.047	-1305.05	0
15520	-522.868	-1304.98	0
15530	-522.648	-1304.89	0
15540	-522.4	-1304.8	0
15550	-522.133	-1304.69	0
15560	-521.869	-1304.59	0
15570	-521.621	-1304.49	0
15580	-521.405	-1304.4	0
15590	-521.234	-1304.32	0
15600	-521.118	-1304.26	0
15610	-521.061	-1304.22	0
15620	-521.065	-1304.21	0
15630	-521.066	-1304.19	0
15640	-521.074	-1304.19	0
15650	-521.073	-1304.19	0
15660	-521.067	-1304.18	0
15670	-521.068	-1304.18	0
15680	-521.067	-1304.18	0
15690	-521.064	-1304.18	0
15700	-521.063	-1304.16	0
15710	-521.053	-1304.16	0
15720	-521.049	-1304.15	0
15730	-521.039	-1304.14	0
15740	-521.029	-1304.13	0
15750	-521.022	-1304.13	0
15760	-521.01	-1304.12	0
15770	-521.001	-1304.1	0
15780	-520.981	-1304.09	0
15790	-520.962	-1304.07	0
15800	-520.946	-1304.05	0
15810	-520.935	-1304.04	0
15820	-520.92	-1304.03	0
15830	-520.906	-1304.02	0
15840	-520.896	-1304.01	0
15850	-520.894	-1304.01	0
15860	-520.894	-1304.01	0
15870	-520.893	-1304.01	0
15880	-520.894	-1304.01	0
15890	-520.892	-1304.01	0
15900	-520.887	-1304.01	0
15910	-520.88	-1304.01	0
15920	-520.875	-1304	0
15930	-520.867	-1303.99	0
15940	-520.862	-1303.99	0
15950	-520.855	-1303.98	0
15960	-520.841	-1303.97	0
15970	-520.822	-1303.96	0
15980	-520.799	-1303.94	0
15990	-520.773	-1303.93	0
16000	-520.747	-1303.91	0
16010	-520.726	-1303.89	0
16020	-520.714	-1303.88	0
16030	-520.705	-1303.87	0
16040	-520.69	-1303.86	0
16050	-520.671	-1303.84	0
16060	-520.653	-1303.82	0
16070	-520.633	-1303.8	0
16080	-520.609	-1303.78	0
16090	-520.591	-1303.76	0
16100	-520.561	-1303.73	0
16110	-520.534	-1303.72	0
16120	-520.514	-1303.7	0
16130	-520.491	-1303.68	0
16140	-520.468	-1303.66	0
16150	-520.446	-1303.64	0
16160	-520.421	-1303.62	0
16170	-520.4	-1303.6	0
16180	-520.382	-1303.58	0
16190	-520.366	-1303.56	0
16200	-520.353	-1303.54	0
16210	-520.341	-1303.53	0
16220	-520.328	-1303.51	0
16230	-520.311	-1303.49	0
16240	-520.293	-1303.47	0
16250	-520.282	-1303.46	0
16260	-520.267	-1303.44	0
16270	-520.249	-1303.42	0
16280	-520.228	-1303.4	0
16290	-520.209	-1303.38	0
16300	-520.188	-1303.36	0
16310	-520.172	-1303.34	0
16320	-520.156	-1303.32	0
16330	-520.134	-1303.3	0
16340	-520.119	-1303.28	0
16350	-520.102	-1303.26	0
16360	-520.093	-1303.25	0
16370	-520.081	-1303.23	0
16380	-520.071	-1303.22	0
16390	-520.057	-1303.2	0
16400	-520.046	-1303.19	0
16410	-520.033	-1303.17	0
16420	-520.021	-1303.16	0
16430	-520.009	-1303.14	0
16440	-519.997	-1303.13	0
16450	-519.985	-1303.11	0
16460	-519.974	-1303.1	0
16470	-519.962	-1303.08	0
16480	-519.95	-1303.07	0
16490	-519.939	-1303.05	0
16500	-519.927	-1303.04	0
16510	-519.916	-1303.03	0
16520	-519.902	-1303.01	0
16530	-519.891	-1303	0
16540	-519.875	-1302.98	0
16550	-519.864	-1302.97	0
16560	-519.85	-1302.95	0
16570	-519.837	-1302.94	0
16580	-519.824	-1302.92	0
16590	-519.814	-1302.91	0
16600	-519.802	-1302.9	0
16610	-519.791	-1302.88	0
16620	-519.78	-1302.87	0
16630	-519.769	-1302.86	0
16640	-519.758	-1302.84	0
16650	-519.748	-1302.83	0
16660	-519.736	-1302.82	0
16670	-519.725	-1302.8	0
16680	-519.715	-1302.79	0
16690	-519.704	-1302.78	0
16700	-519.694	-1302.77	0
16710	-519.683	-1302.75	0
16720	-519.672	-1302.74	0
16730	-519.661	-1302.73	0
16740	-519.65	-1302.71	0
16750	-519.64	-1302.7	0
16760	-519.627	-1302.69	0
16770	-519.616	-1302.67	0
16780	-519.605	-1302.66	0
16790	-519.594	-1302.65	0
16800	-519.583	-1302.63	0
16810	-519.573	-1302.62	0
16820	-519.563	-1302.61	0
16830	-519.553	-1302.6	0
16840	-519.544	-1302.58	0
16850	-519.535	-1302.57	0
16860	-519.526	-1302.56	0
16870	-519.517	-1302.55	0
16880	-519.508	-1302.53	0
16890	-519.498	-1302.52	0
16900	-519.489	-1302.51	0
16910	-519.479	-1302.5	0
16920	-519.47	-1302.48	0
16930	-519.46	-1302.47	0
16940	-519.449	-1302.46	0
16950	-519.439	-1302.45	0
16960	-519.426	-1302.43	0
16970	-519.418	-1302.42	0
16980	-519.406	-1302.4	0
16990	-519.394	-1302.39	0
17000	-519.382	-1302.38	0
17010	-519.371	-1302.36	0
17020	-519.36	-1302.35	0
17030	-519.349	-1302.33	0
17040	-519.338	-1302.32	0
17050	-519.327	-1302.31	0
17060	-519.316	-1302.29	0
17070	-519.306	-1302.28	0
17080	-519.297	-1302.26	0
17090	-519.288	-1302.25	0
17100	-519.28	-1302.24	0
17110	-519.272	-1302.22	0
17120	-519.266	-1302.21	0
17130	-519.259	-1302.2	0
17140	-519.255	-1302.19	0
17150	-519.249	-1302.18	0
17160	-519.245	-1302.16	0
17170	-519.242	-1302.15	0
17180	-519.238	-1302.14	0
17190	-519.231	-1302.13	0
17200	-519.223	-1302.12	0
17210	-519.215	-1302.11	0
17220	-519.207	-1302.09	0
17230	-519.199	-1302.08	0
17240	-519.19	-1302.07	0
17250	-519.182	-1302.06	0
17260	-519.173	-1302.04	0
17270	-519.165	-1302.03	0
17280	-519.156	-1302.02	0
17290	-519.147	-1302.01	0
17300	-519.138	-1302	0
17310	-519.128	-1301.98	0
17320	-519.119	-1301.97	0
17330	-519.11	-1301.96	0
17340	-519.102	-1301.95	0
17350	-519.093	-1301.93	0
17360	-519.084	-1301.92	0
17370	-519.077	-1301.91	0
17380	-519.069	-1301.9	0
17390	-519.062	-1301.88	0
17400	-519.055	-1301.87	0
17410	-519.048	-1301.86	0
17420	-519.042	-1301.85	0
17430	-519.035	-1301.84	0
17440	-519.029	-1301.82	0
17450	-519.022	-1301.81	0
17460	-519.015	-1301.8	0
17470	-519.008	-1301.79	0
17480	-519.001	-1301.78	0
17490	-518.993	-1301.77	0
17500	-518.985	-1301.75	0
17510	-518.977	-1301.74	0
17520	-518.967	-1301.73	0
17530	-518.957	-1301.72	0
17540	-518.948	-1301.7	0
17550	-518.938	-1301.69	0
17560	-518.928	-1301.67	0
17570	-518.918	-1301.66	0
17580	-518.908	-1301.65	0
17590	-518.898	-1301.63	0
17600	-518.889	-1301.62	0
17610	-518.88	-1301.6	0
17620	-518.871	-1301.59	0
17630	-518.862	-1301.57	0
17640	-518.852	-1301.56	0
17650	-518.843	-1301.54	0
17660	-518.834	-1301.53	0
17670	-518.825	-1301.52	0
17680	-518.816	-1301.5	0
17690	-518.806	-1301.48	0
17700	-518.797	-1301.47	0
17710	-518.788	-1301.45	0
17720	-518.779	-1301.44	0
17730	-518.769	-1301.42	0
17740	-518.76	-1301.41	0
17750	-518.75	-1301.39	0
17760	-518.741	-1301.37	0
17770	-518.731	-1301.36	0
17780	-518.722	-1301.34	0
17790	-518.712	-1301.32	0
17800	-518.701	-1301.31	0
17810	-518.69	-1301.29	0
17820	-518.679	-1301.27	0
17830	-518.669	-1301.26	0
17840	-518.659	-1301.24	0
17850	-518.648	-1301.22	0
17860	-518.638	-1301.21	0
17870	-518.628	-1301.19	0
17880	-518.618	-1301.17	0
17890	-518.607	-1301.16	0
17900	-518.596	-1301.14	0
17910	-518.586	-1301.12	0
17920	-518.576	-1301.11	0
17930	-518.565	-1301.09	0
17940	-518.555	-1301.07	0
17950	-518.544	-1301.06	0
17960	-518.534	-1301.04	0
17970	-518.523	-1301.02	0
17980	-518.513	-1301.01	0
17990	-518.502	-1300.99	0
18000	-518.492	-1300.97	0
