0	0	0	0
10	0.00028454	2.27416e-05	0
20	0.000609218	6.09136e-05	0
30	0.000902878	0.000132353	0
40	0.0011769	0.000248183	0
50	0.0014218	0.000409768	0
60	0.00163767	0.000616677	0
70	0.00182392	0.000862884	0
80	0.00198192	0.00113592	0
90	0.00211599	0.00142104	0
100	0.00223234	0.00170156	0
110	0.00233915	0.00195994	0
120	0.00244633	0.0021646	0
130	0.002566	0.00229558	0
140	0.00270237	0.00232897	0
150	0.00286042	0.00226249	0
160	0.00302529	0.00212024	0
170	0.00314165	0.00190203	0
180	0.00308071	0.0016223	0
190	0.00288039	0.00129996	0
200	0.00259768	0.000957073	0
210	0.00226956	0.000607209	0
220	0.00192792	0.000260604	0
230	0.00161213	-6.19805e-05	0
240	0.00133196	-0.000358158	0
250	0.00108731	-0.000631175	0
260	0.000879525	-0.000880715	0
270	0.000708044	-0.00110813	0
280	0.000571748	-0.00131351	0
290	0.00046432	-0.00149908	0
300	0.000386097	-0.00166506	0
310	0.000338715	-0.00181575	0
320	0.000327295	-0.00195152	0
330	0.000358352	-0.00206795	0
340	0.000435919	-0.00216022	0
350	0.000565151	-0.00222922	0
360	0.000754	-0.00227335	0
370	0.00100379	-0.00229276	0
380	0.00131927	-0.00228674	0
390	0.00169485	-0.00225836	0
400	0.00212921	-0.00220971	0
410	0.00261853	-0.00214314	0
420	0.00315092	-0.00206297	0
430	0.00372121	-0.00197119	0
440	0.00379961	-0.00187701	0
450	0.00375852	-0.00178485	0
460	0.0037163	-0.00170079	0
470	0.00367999	-0.00162887	0
480	0.00364986	-0.00157296	0
490	0.00362725	-0.00153521	0
500	0.00361156	-0.00151461	0
510	0.00360355	-0.00150905	0
520	0.00360247	-0.00151451	0
530	0.0036084	-0.00152088	0
540	0.00361801	-0.00152156	0
550	0.00362999	-0.00151161	0
560	0.00364284	-0.00148774	0
570	0.00365488	-0.00145076	0
580	0.00366604	-0.0014013	0
590	0.00367484	-0.00133857	0
600	0.00368034	-0.00126485	0
610	0.00368342	-0.00118314	0
620	0.00368488	-0.0010974	0
630	0.00368489	-0.00101689	0
640	0.00368475	-0.000946622	0
650	0.00368511	-0.000891218	0
660	0.00368731	-0.000855458	0
670	0.0036926	-0.000840791	0
680	0.00370105	-0.000853922	0
690	0.00371364	-0.000893408	0
700	0.00373027	-0.000958096	0
710	0.00375108	-0.00104782	0
720	0.00377634	-0.00115619	0
730	0.00380434	-0.00128222	0
740	0.00383512	-0.00141884	0
750	0.00386894	-0.00155815	0
760	0.00390374	-0.00169477	0
770	0.0039397	-0.00182257	0
780	0.00397587	-0.00193425	0
790	0.00401171	-0.00202751	0
800	0.00404572	-0.00210081	0
810	0.00407857	-0.0021465	0
820	0.00410847	-0.00216661	0
830	0.00413686	-0.00215798	0
840	0.0041611	-0.00212657	0
850	0.0041835	-0.00207236	0
860	0.00420245	-0.00199861	0
870	0.00421831	-0.00190958	0
880	0.00423215	-0.00181117	0
890	0.00424423	-0.00170932	0
900	0.00425476	-0.00160559	0
910	0.00426395	-0.00150762	0
920	0.00427279	-0.00141915	0
930	0.00428212	-0.00134271	0
940	0.00429317	-0.00128125	0
950	0.00430552	-0.00124003	0
960	0.00432005	-0.00122241	0
970	0.00433743	-0.00122201	0
980	0.0043564	-0.00123897	0
990	0.00437976	-0.00127454	0
1000	0.00440405	-0.00132464	0
1010	0.00443189	-0.00138419	0
1020	0.00446136	-0.00144814	0
1030	0.00449268	-0.00151495	0
1040	0.00452499	-0.00157644	0
1050	0.00455754	-0.00162925	0
1060	0.00458979	-0.00167084	0
1070	0.00462163	-0.00169704	0
1080	0.00465169	-0.00170451	0
1090	0.00468068	-0.00169084	0
1100	0.00470666	-0.00165683	0
1110	0.00473133	-0.00160244	0
1120	0.00475349	-0.0015281	0
1130	0.00477364	-0.0014376	0
1140	0.00479193	-0.00133261	0
1150	0.00480821	-0.00121761	0
1160	0.00482344	-0.00109454	0
1170	0.00483659	-0.00096853	0
1180	0.0048505	-0.000843387	0
1190	0.00486365	-0.000724468	0
1200	0.00487728	-0.000612423	0
1210	0.0048925	-0.000513384	0
1220	0.00490909	-0.000427884	0
1230	0.00492781	-0.000353566	0
1240	0.00494676	-0.000293364	0
1250	0.00494035	-0.000248841	0
1260	0.00489734	-0.000219605	0
1270	0.00482241	-0.000199979	0
1280	0.0047172	-0.000192931	0
1290	0.00458341	-0.000195046	0
1300	0.00442454	-0.000204238	0
1310	0.00424562	-0.000216667	0
1320	0.0040483	-0.000232957	0
1330	0.00383744	-0.000248697	0
1340	0.00361856	-0.000261206	0
1350	0.00339396	-0.000269909	0
1360	0.00316845	-0.000271621	0
1370	0.00294536	-0.00026509	0
1380	0.00272744	-0.000251208	0
1390	0.00251708	-0.000228608	0
1400	0.0023164	-0.00019875	0
1410	0.00212612	-0.000161498	0
1420	0.00194952	-0.000118589	0
1430	0.0017867	-7.14572e-05	0
1440	0.00163727	-2.2055e-05	0
1450	0.00150351	2.71041e-05	0
1460	0.00138296	7.44196e-05	0
1470	0.00127815	0.000117178	0
1480	0.00118803	0.000153485	0
1490	0.00111386	0.000183386	0
1500	0.00105385	0.000203694	0
1510	0.00101065	0.000215578	0
1520	0.00098439	0.000219599	0
1530	0.000975497	0.000214557	0
1540	0.000982309	0.000199478	0
1550	0.00100755	0.000179342	0
1560	0.00104754	0.000147668	0
1570	0.00110601	0.000111398	0
1580	0.00118511	6.97556e-05	0
1590	0.0012828	2.66511e-05	0
1600	0.00139861	-1.63803e-05	0
1610	0.00153646	-5.79715e-05	0
1620	0.00169484	-9.30313e-05	0
1630	0.00187327	-0.000120202	0
1640	0.00207011	-0.00014435	0
1650	0.00228181	-0.000163825	0
1660	0.00250843	-0.000179727	0
1670	0.00274739	-0.000189865	0
1680	0.0029976	-0.000192573	0
1690	0.00326086	-0.000189647	0
1700	0.00352849	-0.000183279	0
1710	0.00380261	-0.000173828	0
1720	0.00408045	-0.0001609	0
1730	0.00435813	-0.000146232	0
1740	0.00463627	-0.000129725	0
1750	0.00491103	-0.000111966	0
1760	0.00518167	-9.28128e-05	0
1770	0.00544493	-7.54033e-05	0
1780	0.00569846	-5.68451e-05	0
1790	0.00594194	-4.32703e-05	0
1800	0.00617717	-2.90154e-05	0
1810	0.00640028	-1.58123e-05	0
1820	0.00661257	-2.56309e-06	0
1830	0.00680875	-1.56752e-06	0
1840	0.00699289	-6.26965e-08	0
1850	0.00709555	-4.98188e-06	0
1860	0.0071206	-1.02707e-05	0
1870	0.00714071	-2.23179e-05	0
1880	0.00716208	-3.41387e-05	0
1890	0.00718257	-5.45674e-05	0
1900	0.00720405	-7.40375e-05	0
1910	0.00722464	-9.61228e-05	0
1920	0.0072444	-0.000118893	0
1930	0.0072655	-0.000140132	0
1940	0.00728499	-0.000168337	0
1950	0.0073059	-0.000194396	0
1960	0.0073262	-0.000217958	0
1970	0.00734573	-0.000244951	0
1980	0.00736631	-0.000267165	0
1990	0.00738596	-0.000288237	0
2000	0.00740515	-0.000309077	0
2010	0.00742331	-0.000326415	0
2020	0.00744169	-0.000341423	0
2030	0.00745957	-0.000354482	0
2040	0.0074773	-0.000362976	0
2050	0.00749334	-0.000371157	0
2060	0.00750995	-0.000371883	0
2070	0.00752532	-0.000374798	0
2080	0.00754054	-0.000373041	0
2090	0.00755508	-0.000367767	0
2100	0.00756934	-0.000362056	0
2110	0.00758217	-0.000355989	0
2120	0.00759608	-0.000346204	0
2130	0.00760911	-0.000336106	0
2140	0.00762217	-0.000323558	0
2150	0.00763453	-0.000309661	0
2160	0.00764692	-0.000294396	0
2170	0.00765967	-0.000283791	0
2180	0.00767192	-0.000273514	0
2190	0.00768492	-0.000264714	0
2200	0.00769826	-0.000258666	0
2210	0.00771114	-0.00025603	0
2220	0.00772611	-0.000254557	0
2230	0.00773995	-0.000258757	0
2240	0.00775413	-0.000263107	0
2250	0.00776885	-0.000269527	0
2260	0.00778388	-0.000281322	0
2270	0.00779873	-0.000293008	0
2280	0.00781441	-0.000306311	0
2290	0.0078292	-0.000322528	0
2300	0.00784499	-0.000335645	0
2310	0.00786137	-0.000349565	0
2320	0.00787761	-0.000362182	0
2330	0.00789403	-0.000372389	0
2340	0.00791035	-0.000381886	0
2350	0.00792679	-0.000388973	0
2360	0.00794361	-0.000396559	0
2370	0.00795941	-0.000400336	0
2380	0.00797694	-0.000402306	0
2390	0.00799387	-0.00040331	0
2400	0.00801092	-0.000400665	0
2410	0.00802735	-0.000399125	0
2420	0.00804564	-0.000392894	0
2430	0.00806298	-0.000388467	0
2440	0.00808079	-0.000382168	0
2450	0.00809804	-0.000378523	0
2460	0.0081165	-0.000374868	0
2470	0.00813546	-0.000372715	0
2480	0.00815338	-0.000374569	0
2490	0.00817346	-0.000374127	0
2500	0.00819309	-0.000381626	0
2510	0.0082127	-0.000384885	0
2520	0.00823366	-0.000387489	0
2530	0.00825275	-0.00039513	0
2540	0.00827227	-0.000403705	0
2550	0.00829297	-0.000417039	0
2560	0.00831436	-0.000428205	0
2570	0.00833551	-0.000444245	0
2580	0.0083572	-0.000457946	0
2590	0.00837878	-0.000474835	0
2600	0.00840128	-0.000490168	0
2610	0.00842341	-0.000504248	0
2620	0.00844597	-0.000517902	0
2630	0.00846806	-0.000529758	0
2640	0.00848922	-0.000540741	0
2650	0.0085126	-0.000547422	0
2660	0.0085341	-0.000552141	0
2670	0.00855472	-0.000557814	0
2680	0.00857692	-0.000558308	0
2690	0.00859759	-0.000558222	0
2700	0.00861726	-0.000555046	0
2710	0.00863673	-0.000550885	0
2720	0.00865538	-0.000544983	0
2730	0.00867227	-0.00053935	0
2740	0.00869012	-0.000531415	0
2750	0.00870607	-0.000524795	0
2760	0.00872113	-0.000517928	0
2770	0.00873608	-0.000512081	0
2780	0.00875001	-0.000506222	0
2790	0.00876319	-0.000502742	0
2800	0.0087754	-0.000500347	0
2810	0.0087875	-0.000495539	0
2820	0.00879673	-0.000495072	0
2830	0.00880728	-0.00049249	0
2840	0.00881683	-0.000492731	0
2850	0.00882642	-0.000490232	0
2860	0.00883549	-0.00048787	0
2870	0.0088437	-0.00048575	0
2880	0.00885147	-0.000483347	0
2890	0.00885801	-0.000478724	0
2900	0.00886607	-0.000471348	0
2910	0.0088731	-0.000462156	0
2920	0.00888073	-0.000449634	0
2930	0.00888779	-0.000436124	0
2940	0.00889557	-0.000418459	0
2950	0.00890224	-0.000400408	0
2960	0.00890966	-0.000376664	0
2970	0.00891666	-0.000354427	0
2980	0.00892433	-0.000329902	0
2990	0.00893212	-0.000306978	0
3000	0.00894063	-0.000281008	0
3010	0.00895014	-0.00025783	0
3020	0.00895405	-0.00023482	0
3030	0.00895298	-0.000214306	0
3040	0.00894018	-0.000199698	0
3050	0.00892264	-0.000187142	0
3060	0.00889339	-0.000179399	0
3070	0.00886098	-0.000173913	0
3080	0.00882105	-0.000175209	0
3090	0.00877541	-0.000180406	0
3100	0.00872705	-0.000191326	0
3110	0.00867478	-0.000204617	0
3120	0.00861988	-0.00022419	0
3130	0.00856728	-0.000244554	0
3140	0.00851418	-0.000271164	0
3150	0.00846387	-0.000298226	0
3160	0.00841916	-0.000324459	0
3170	0.00837967	-0.000351365	0
3180	0.00834643	-0.000376007	0
3190	0.00832326	-0.000396855	0
3200	0.00830621	-0.000416584	0
3210	0.00829793	-0.000433352	0
3220	0.00830062	-0.00044629	0
3230	0.00831384	-0.000454382	0
3240	0.00833948	-0.000458359	0
3250	0.00837175	-0.000458837	0
3260	0.00841758	-0.000453842	0
3270	0.00846763	-0.000447654	0
3280	0.00853161	-0.000434944	0
3290	0.00860015	-0.000421157	0
3300	0.0086772	-0.00040402	0
3310	0.00876221	-0.000383892	0
3320	0.00884982	-0.000364895	0
3330	0.00894259	-0.000346406	0
3340	0.00903748	-0.000329087	0
3350	0.00913716	-0.000313123	0
3360	0.00923621	-0.000301629	0
3370	0.00933363	-0.000293339	0
3380	0.00933177	-0.000286693	0
3390	0.00932478	-0.000285222	0
3400	0.00931688	-0.000287543	0
3410	0.00931186	-0.000296149	0
3420	0.00930386	-0.000309481	0
3430	0.00930473	-0.000326908	0
3440	0.00929971	-0.000346098	0
3450	0.00930233	-0.000368227	0
3460	0.00930513	-0.000391847	0
3470	0.0093088	-0.000417646	0
3480	0.00932433	-0.000442163	0
3490	0.00931992	-0.000467956	0
3500	0.00933808	-0.000495335	0
3510	0.00935421	-0.000524596	0
3520	0.00936623	-0.000559051	0
3530	0.00931554	-0.000595653	0
3540	0.00936144	-0.000636302	0
3550	0.00933883	-0.000687984	0
3560	0.00931713	-0.000741201	0
3570	0.0093102	-0.000802355	0
3580	0.00933365	-0.000872183	0
3590	0.0092915	-0.000951269	0
3600	0.00931135	-0.0010384	0
3610	0.00925679	-0.00113066	0
3620	0.00925517	-0.00123018	0
3630	0.00920843	-0.00133354	0
3640	0.00918965	-0.00143742	0
3650	0.00916379	-0.00153646	0
3660	0.00914647	-0.00163765	0
3670	0.00910902	-0.00174032	0
3680	0.00905283	-0.00185189	0
3690	0.00899514	-0.0019465	0
3700	0.0089222	-0.00204427	0
3710	0.00884261	-0.00213724	0
3720	0.00875547	-0.00222009	0
3730	0.00865984	-0.00228668	0
3740	0.00855849	-0.00233069	0
3750	0.00844929	-0.00234903	0
3760	0.00833465	-0.00233605	0
3770	0.00821405	-0.00228846	0
3780	0.00808925	-0.00220014	0
3790	0.00796085	-0.00206993	0
3800	0.00782823	-0.00189353	0
3810	0.0076956	-0.00167249	0
3820	0.00756441	-0.00140706	0
3830	0.00743485	-0.00110301	0
3840	0.0073068	-0.000769538	0
3850	0.00718718	-0.000402759	0
3860	0.00708191	2.69536e-07	0
3870	0.00697557	0.000428595	0
3880	0.0068736	0.000867871	0
3890	0.00677403	0.00130615	0
3900	0.00667916	0.00172552	0
3910	0.00658347	0.00211471	0
3920	0.00648595	0.00245842	0
3930	0.00638958	0.00274278	0
3940	0.00629387	0.00295539	0
3950	0.00619836	0.00309159	0
3960	0.00610121	0.00314446	0
3970	0.00600604	0.00310847	0
3980	0.00591515	0.00298827	0
3990	0.00583122	0.00278735	0
4000	0.00575432	0.00251675	0
4010	0.00568756	0.00218685	0
4020	0.00563511	0.00180199	0
4030	0.00559899	0.00137938	0
4040	0.00557752	0.000938343	0
4050	0.00557468	0.000485665	0
4060	0.00559936	3.52813e-05	0
4070	0.00565464	-0.00044542	0
4080	0.00572354	-0.000953771	0
4090	0.00580749	-0.00147257	0
4100	0.00590301	-0.00198476	0
4110	0.00601168	-0.00247579	0
4120	0.00613028	-0.00293263	0
4130	0.00625567	-0.00334858	0
4140	0.00638632	-0.00370789	0
4150	0.00652105	-0.00400586	0
4160	0.00665581	-0.0042385	0
4170	0.00678716	-0.00440402	0
4180	0.00690856	-0.00450513	0
4190	0.00701573	-0.00455567	0
4200	0.00710595	-0.00454382	0
4210	0.00717901	-0.00447854	0
4220	0.00723473	-0.00435442	0
4230	0.00727217	-0.00417308	0
4240	0.00729313	-0.00392944	0
4250	0.00729662	-0.00363599	0
4260	0.00728705	-0.00329063	0
4270	0.00726305	-0.00289855	0
4280	0.00722609	-0.00247185	0
4290	0.00717824	-0.00201645	0
4300	0.00712391	-0.0015335	0
4310	0.0070608	-0.00103873	0
4320	0.00699517	-0.000533644	0
4330	0.00692648	-2.66466e-05	0
4340	0.0068575	0.000471179	0
4350	0.00679117	0.000951554	0
4360	0.00672853	0.00140708	0
4370	0.00667336	0.00183246	0
4380	0.00662558	0.00221088	0
4390	0.00658679	0.002536	0
4400	0.006558	0.00279573	0
4410	0.00653891	0.00298146	0
4420	0.00653401	0.00309239	0
4430	0.0065387	0.00312277	0
4440	0.00655483	0.00306903	0
4450	0.00651643	0.00293179	0
4460	0.00636101	0.0027154	0
4470	0.00609472	0.00242532	0
4480	0.00573669	0.00207068	0
4490	0.0052982	0.0016536	0
4500	0.0048029	0.00119615	0
4510	0.00426554	0.000706171	0
4520	0.00369726	0.000189302	0
4530	0.00312141	-0.000328503	0
4540	0.00255832	-0.000890002	0
4550	0.00202753	-0.0014106	0
4560	0.00152697	-0.00186834	0
4570	0.00106286	-0.0022488	0
4580	0.000646412	-0.00254162	0
4590	0.000288371	-0.0027559	0
4600	8.09806e-07	-0.00290547	0
4610	-0.000220784	-0.00301609	0
4620	-0.000372745	-0.00308779	0
4630	-0.00045187	-0.00311517	0
4640	-0.000464377	-0.00310465	0
4650	-0.000415542	-0.00306019	0
4660	-0.000312357	-0.002985	0
4670	-0.00016128	-0.00288252	0
4680	2.95599e-05	-0.00275384	0
4690	0.000251253	-0.00261867	0
4700	0.000497856	-0.0024652	0
4710	0.000764349	-0.00230547	0
4720	0.0010434	-0.00213889	0
4730	0.00132786	-0.0019788	0
4740	0.00161451	-0.00182999	0
4750	0.00189536	-0.00170033	0
4760	0.0021728	-0.00159512	0
4770	0.00244565	-0.00151276	0
4780	0.00271447	-0.0014583	0
4790	0.00297679	-0.00142963	0
4800	0.00323908	-0.00142815	0
4810	0.00350007	-0.00144732	0
4820	0.00376498	-0.00148044	0
4830	0.00404262	-0.00152732	0
4840	0.00432962	-0.00157984	0
4850	0.00464299	-0.00163598	0
4860	0.00497695	-0.00169189	0
4870	0.0053325	-0.00174278	0
4880	0.00571077	-0.0017872	0
4890	0.00611701	-0.00182028	0
4900	0.00657489	-0.00183494	0
4910	0.00706633	-0.00183527	0
4920	0.00759041	-0.00181941	0
4930	0.00814323	-0.00178697	0
4940	0.00871882	-0.00174046	0
4950	0.00931386	-0.00168206	0
4960	0.00984405	-0.00161421	0
4970	0.00988604	-0.00154412	0
4980	0.00987872	-0.00147075	0
4990	0.00986862	-0.00139571	0
5000	0.00985043	-0.00132456	0
5010	0.00982742	-0.00126291	0
5020	0.00979687	-0.00122461	0
5030	0.00975887	-0.00121076	0
5040	0.00971181	-0.00123516	0
5050	0.00966535	-0.00130217	0
5060	0.00961194	-0.00141403	0
5070	0.00955385	-0.00156899	0
5080	0.00949221	-0.00175855	0
5090	0.00942788	-0.00197545	0
5100	0.00936158	-0.00220761	0
5110	0.00929148	-0.00244776	0
5120	0.0092208	-0.00268294	0
5130	0.00914803	-0.00289832	0
5140	0.00907383	-0.00308628	0
5150	0.00899778	-0.00323154	0
5160	0.00891944	-0.00332925	0
5170	0.00883944	-0.00337901	0
5180	0.00875727	-0.0033916	0
5190	0.00867239	-0.00336148	0
5200	0.00858408	-0.00329685	0
5210	0.00849087	-0.00321285	0
5220	0.00839836	-0.0031011	0
5230	0.00830168	-0.00297445	0
5240	0.00820404	-0.00283253	0
5250	0.00810603	-0.00268592	0
5260	0.00800623	-0.00254121	0
5270	0.00790806	-0.00239969	0
5280	0.00781419	-0.00225554	0
5290	0.00772491	-0.00211518	0
5300	0.0076413	-0.00198668	0
5310	0.00754228	-0.00186704	0
5320	0.00747649	-0.00175276	0
5330	0.00740398	-0.00164802	0
5340	0.00738098	-0.00155186	0
5350	0.00734631	-0.00145673	0
5360	0.0073284	-0.00136991	0
5370	0.00731625	-0.00127978	0
5380	0.00731667	-0.00120075	0
5390	0.0073297	-0.00111888	0
5400	0.00735265	-0.00103559	0
5410	0.00738506	-0.000951945	0
5420	0.0073668	-0.000861255	0
5430	0.00727543	-0.000764291	0
5440	0.0071186	-0.000664376	0
5450	0.00689153	-0.000556105	0
5460	0.0066043	-0.000445202	0
5470	0.0062592	-0.000348139	0
5480	0.00586572	-0.000244604	0
5490	0.00543151	-0.000154661	0
5500	0.00496309	-6.54035e-05	0
5510	0.00447049	6.97297e-06	0
5520	0.00396576	7.07382e-05	0
5530	0.00345848	0.000126037	0
5540	0.00296015	0.000168265	0
5550	0.00247787	0.000195773	0
5560	0.00201939	0.00021046	0
5570	0.00160339	0.00020033	0
5580	0.00122829	0.000181581	0
5590	0.000906793	0.000143012	0
5600	0.000651713	8.67491e-05	0
5610	0.000465642	2.76771e-05	0
5620	0.000355778	-3.70936e-05	0
5630	0.000328383	-0.000109852	0
5640	0.000384029	-0.000189095	0
5650	0.000521033	-0.000260372	0
5660	0.000751795	-0.000321684	0
5670	0.00106508	-0.000384186	0
5680	0.00144965	-0.0004321	0
5690	0.00193831	-0.000460746	0
5700	0.00250111	-0.000475092	0
5710	0.00313435	-0.0004688	0
5720	0.00383522	-0.000451578	0
5730	0.00459643	-0.000419589	0
5740	0.00541494	-0.000356244	0
5750	0.0062962	-0.000274969	0
5760	0.00721601	-0.00019782	0
5770	0.00817727	-0.000105783	0
5780	0.00915709	-1.44606e-05	0
5790	0.00993529	8.39167e-05	0
5800	0.00991127	0.000166117	0
5810	0.0098101	0.000246033	0
5820	0.00969271	0.000314983	0
5830	0.00956284	0.000369083	0
5840	0.00942272	0.000403398	0
5850	0.00927037	0.00041796	0
5860	0.00911481	0.000417081	0
5870	0.00895061	0.000397964	0
5880	0.00877766	0.000363123	0
5890	0.00859791	0.000315112	0
5900	0.00841231	0.00025341	0
5910	0.00822361	0.000185608	0
5920	0.00802932	0.000103926	0
5930	0.00783721	2.74731e-05	0
5940	0.00764202	-4.79269e-05	0
5950	0.00744893	-0.000113285	0
5960	0.00725508	-0.000178752	0
5970	0.00706786	-0.000226744	0
5980	0.00688348	-0.000265411	0
5990	0.00670436	-0.000286061	0
6000	0.00653397	-0.000291371	0
6010	0.00636574	-0.000278789	0
6020	0.00620597	-0.000261894	0
6030	0.00605608	-0.000240879	0
6040	0.00590998	-0.00021206	0
6050	0.00573809	-0.000193063	0
6060	0.00562031	-0.000166808	0
6070	0.00549698	-0.000145149	0
6080	0.00536348	-0.000124389	0
6090	0.00529164	-0.000104935	0
6100	0.0051585	-9.73537e-05	0
6110	0.00506934	-9.27922e-05	0
6120	0.00504159	-9.37983e-05	0
6130	0.00499304	-0.00010189	0
6140	0.00493985	-0.000119735	0
6150	0.00485496	-0.000144744	0
6160	0.00482406	-0.000171441	0
6170	0.00483755	-0.000210601	0
6180	0.00480735	-0.00025247	0
6190	0.00472746	-0.000298284	0
6200	0.00460977	-0.00034881	0
6210	0.00445399	-0.000398544	0
6220	0.0042645	-0.000449522	0
6230	0.00404194	-0.000497043	0
6240	0.00379597	-0.000541526	0
6250	0.00353244	-0.000577215	0
6260	0.00325232	-0.000606759	0
6270	0.00296166	-0.000631382	0
6280	0.00266467	-0.000641974	0
6290	0.00236139	-0.000643985	0
6300	0.00205966	-0.000626085	0
6310	0.00175878	-0.000587317	0
6320	0.00146405	-0.000533384	0
6330	0.00117063	-0.000484805	0
6340	0.000897551	-0.000418083	0
6350	0.000641043	-0.000348345	0
6360	0.000404369	-0.000273216	0
6370	0.000190489	-0.000189602	0
6380	7.9884e-06	-0.000111716	0
6390	-0.000154756	-3.96999e-05	0
6400	-0.000289023	3.20711e-05	0
6410	-0.000389738	9.20242e-05	0
6420	-0.000463523	0.000142542	0
6430	-0.000499502	0.000191744	0
6440	-0.00050195	0.000228313	0
6450	-0.000469868	0.000255668	0
6460	-0.000402301	0.000282957	0
6470	-0.000299303	0.00029978	0
6480	-0.000158607	0.000316914	0
6490	1.32584e-05	0.000334588	0
6500	0.000222055	0.000354081	0
6510	0.000461447	0.000377786	0
6520	0.000731755	0.000405711	0
6530	0.00102738	0.00043987	0
6540	0.00134666	0.000481667	0
6550	0.0016909	0.000532746	0
6560	0.00204531	0.000589289	0
6570	0.00241501	0.000649227	0
6580	0.00279178	0.000711366	0
6590	0.00317303	0.000777125	0
6600	0.00355598	0.000841794	0
6610	0.00393026	0.000904619	0
6620	0.00429387	0.000959635	0
6630	0.00464098	0.00100164	0
6640	0.00496903	0.00103611	0
6650	0.00527815	0.00106091	0
6660	0.00555991	0.00107396	0
6670	0.00572957	0.00106016	0
6680	0.00573154	0.00103283	0
6690	0.00572599	0.000992666	0
6700	0.00572104	0.000935668	0
6710	0.00571762	0.000874968	0
6720	0.00571545	0.0008002	0
6730	0.00571407	0.000719584	0
6740	0.00571479	0.000640834	0
6750	0.00571649	0.000558315	0
6760	0.00571904	0.000478337	0
6770	0.00572269	0.000405761	0
6780	0.00572705	0.000341643	0
6790	0.00573092	0.000281243	0
6800	0.00573459	0.000231771	0
6810	0.00573647	0.000192696	0
6820	0.00574391	0.00017122	0
6830	0.00574061	0.000152733	0
6840	0.00573743	0.00013912	0
6850	0.00573384	0.000134366	0
6860	0.00572139	0.000132684	0
6870	0.00570541	0.000135071	0
6880	0.00568076	0.000140106	0
6890	0.00565141	0.000146552	0
6900	0.00561453	0.000152564	0
6910	0.00555801	0.00015959	0
6920	0.00550497	0.000165754	0
6930	0.00542068	0.000169446	0
6940	0.00539195	0.000168677	0
6950	0.0052804	0.000173073	0
6960	0.00522589	0.000186088	0
6970	0.00514113	0.000207561	0
6980	0.00504425	0.000237919	0
6990	0.00495336	0.00028354	0
7000	0.00482661	0.000341206	0
7010	0.00472882	0.000416277	0
7020	0.00461483	0.000500167	0
7030	0.0044926	0.000596977	0
7040	0.00438428	0.000702064	0
7050	0.0042506	0.000814406	0
7060	0.00413621	0.000940831	0
7070	0.00403984	0.00107243	0
7080	0.00391091	0.00121503	0
7090	0.00377165	0.00135944	0
7100	0.00362994	0.0015075	0
7110	0.00348523	0.00166041	0
7120	0.00334006	0.00180586	0
7130	0.00319495	0.00195005	0
7140	0.00304937	0.00208452	0
7150	0.00290634	0.00220915	0
7160	0.00276324	0.00232359	0
7170	0.00262369	0.00242052	0
7180	0.00248886	0.00250341	0
7190	0.00235698	0.00256356	0
7200	0.00223203	0.0026085	0
7210	0.00211107	0.00264198	0
7220	0.00197767	0.00266065	0
7230	0.00187974	0.00265818	0
7240	0.00177695	0.00264294	0
7250	0.00168566	0.00260434	0
7260	0.00160806	0.0025579	0
7270	0.00154043	0.00249837	0
7280	0.00147208	0.00241775	0
7290	0.00141202	0.00234697	0
7300	0.00136614	0.00227404	0
7310	0.00132418	0.00220747	0
7320	0.00128735	0.0021657	0
7330	0.0012585	0.00212786	0
7340	0.00123033	0.00211727	0
7350	0.00121228	0.0021189	0
7360	0.00119374	0.00214621	0
7370	0.00118407	0.0022039	0
7380	0.00117345	0.00227242	0
7390	0.001171	0.0023595	0
7400	0.00116753	0.00246969	0
7410	0.00116808	0.00259404	0
7420	0.0011668	0.00271012	0
7430	0.00117071	0.00282483	0
7440	0.00117597	0.00293368	0
7450	0.00118499	0.00302902	0
7460	0.0011904	0.00310182	0
7470	0.00120716	0.00314734	0
7480	0.00122715	0.00314899	0
7490	0.00123078	0.00311414	0
7500	0.00121638	0.00305472	0
7510	0.00116041	0.00296567	0
7520	0.00108462	0.00285853	0
7530	0.00100446	0.00274092	0
7540	0.000929035	0.00261531	0
7550	0.000851999	0.00249468	0
7560	0.000780663	0.00237817	0
7570	0.000722492	0.00227348	0
7580	0.000677994	0.00218411	0
7590	0.000649559	0.00211946	0
7600	0.000643511	0.00207096	0
7610	0.000667492	0.00205263	0
7620	0.000717631	0.00205241	0
7630	0.000800183	0.00206491	0
7640	0.000917692	0.00210222	0
7650	0.0010672	0.00215133	0
7660	0.00124056	0.00221834	0
7670	0.00145297	0.00229203	0
7680	0.00168294	0.00237013	0
7690	0.00194085	0.00243426	0
7700	0.0022201	0.00249732	0
7710	0.00251798	0.00255347	0
7720	0.00282695	0.00258886	0
7730	0.00313584	0.00260894	0
7740	0.00330931	0.00261916	0
7750	0.00336344	0.00260727	0
7760	0.00340789	0.00258275	0
7770	0.00344861	0.00255667	0
7780	0.00349	0.00252729	0
7790	0.00352349	0.00249212	0
7800	0.00355821	0.00246938	0
7810	0.0035875	0.00244926	0
7820	0.00361222	0.00244399	0
7830	0.00363401	0.00245612	0
7840	0.00364939	0.00247278	0
7850	0.00368667	0.00251302	0
7860	0.0037075	0.00257188	0
7870	0.00369441	0.00264316	0
7880	0.00375397	0.00272842	0
7890	0.00377934	0.00282818	0
7900	0.00379553	0.00293492	0
7910	0.00381853	0.00304346	0
7920	0.00384565	0.00315602	0
7930	0.00384272	0.00326425	0
7940	0.00389169	0.00336762	0
7950	0.00389992	0.00345716	0
7960	0.00391725	0.00353305	0
7970	0.00393659	0.00359343	0
7980	0.00394503	0.00363045	0
7990	0.00394836	0.00365438	0
8000	0.00395566	0.00365863	0
8010	0.00395533	0.00363634	0
8020	0.00395039	0.00360003	0
8030	0.00394941	0.00355375	0
8040	0.00393882	0.00349559	0
8050	0.00392802	0.00342383	0
8060	0.00391624	0.00334469	0
8070	0.00389698	0.0032641	0
8080	0.00388912	0.0031831	0
8090	0.00387347	0.00310796	0
8100	0.00385622	0.00303244	0
8110	0.00384035	0.00296247	0
8120	0.00382215	0.00289478	0
8130	0.00379773	0.00283442	0
8140	0.00377883	0.00278374	0
8150	0.00375062	0.00274551	0
8160	0.00374475	0.00273137	0
8170	0.00371958	0.0027358	0
8180	0.00370915	0.0027595	0
8190	0.00368922	0.00281887	0
8200	0.00368042	0.00290422	0
8210	0.0036785	0.00302952	0
8220	0.00367512	0.00319276	0
8230	0.00368103	0.0033943	0
8240	0.00368185	0.00363566	0
8250	0.00369334	0.00391645	0
8260	0.0036973	0.0042328	0
8270	0.00371561	0.00458529	0
8280	0.00372641	0.00495597	0
8290	0.00373274	0.00533305	0
8300	0.00373412	0.00570367	0
8310	0.00373267	0.0060573	0
8320	0.00372944	0.00642959	0
8330	0.00371575	0.00681142	0
8340	0.00368483	0.00715294	0
8350	0.00364031	0.00745075	0
8360	0.00356454	0.00769326	0
8370	0.00347868	0.00787525	0
8380	0.0033672	0.00799253	0
8390	0.00323459	0.00804711	0
8400	0.00308448	0.00804115	0
8410	0.00291062	0.00797884	0
8420	0.00272055	0.00785871	0
8430	0.00252326	0.00768938	0
8440	0.00230534	0.00747302	0
8450	0.00210165	0.00723102	0
8460	0.00188729	0.0069628	0
8470	0.0016702	0.00667941	0
8480	0.001475	0.00640139	0
8490	0.00128117	0.00612987	0
8500	0.00110379	0.00586989	0
8510	0.00094669	0.00563902	0
8520	0.000809067	0.00545009	0
8530	0.000692533	0.00529873	0
8540	0.000595552	0.00519929	0
8550	0.000512495	0.00514329	0
8560	0.000461433	0.00514425	0
8570	0.000433032	0.0051867	0
8580	0.000397317	0.00527558	0
8590	0.00041748	0.00540695	0
8600	0.000423542	0.00556405	0
8610	0.000475078	0.00575263	0
8620	0.000543546	0.00596769	0
8630	0.000659004	0.00620781	0
8640	0.000769826	0.00646804	0
8650	0.000869336	0.00674834	0
8660	0.000968706	0.00704563	0
8670	0.00109989	0.00736163	0
8680	0.00129851	0.00768806	0
8690	0.00156594	0.00802263	0
8700	0.00195562	0.00836031	0
8710	0.00251943	0.00871878	0
8720	0.00326569	0.00909216	0
8730	0.00420989	0.00948133	0
8740	0.00531026	0.0098773	0
8750	0.00660049	0.0102675	0
8760	0.0080916	0.0106554	0
8770	0.00777326	0.0110327	0
8780	0.00687366	0.0113924	0
8790	0.00598659	0.0117112	0
8800	0.00513008	0.0119776	0
8810	0.00430879	0.0121836	0
8820	0.00352921	0.0123197	0
8830	0.00280955	0.0123671	0
8840	0.00216408	0.0123166	0
8850	0.00159799	0.0121639	0
8860	0.00130406	0.0119662	0
8870	0.00160967	0.0118329	0
8880	0.0019671	0.0116532	0
8890	0.00186336	0.0114571	0
8900	0.000920485	0.0112538	0
8910	-2.79835e-05	0.0110587	0
8920	-0.00092422	0.0108855	0
8930	-0.00179073	0.0107468	0
8940	-0.00263798	0.0106689	0
8950	-0.0034651	0.0106527	0
8960	-0.00427285	0.0106829	0
8970	-0.00506729	0.0107306	0
8980	-0.00600871	0.010742	0
8990	-0.00665323	0.0107462	0
9000	-0.00720207	0.0107534	0
9010	-0.00774458	0.010763	0
9020	-0.00846066	0.0107838	0
9030	-0.00934058	0.01082	0
9040	-0.0103677	0.0108742	0
9050	-0.011524	0.010947	0
9060	-0.0127743	0.0110368	0
9070	-0.0140785	0.0111494	0
9080	-0.015401	0.0112842	0
9090	-0.0167266	0.011434	0
9100	-0.0180506	0.0115874	0
9110	-0.019313	0.0117308	0
9120	-0.0205132	0.0118532	0
9130	-0.021627	0.0119636	0
9140	-0.0226519	0.012071	0
9150	-0.023594	0.0121652	0
9160	-0.0243795	0.0122476	0
9170	-0.0250361	0.0123177	0
9180	-0.0255732	0.0123694	0
9190	-0.0259261	0.0124131	0
9200	-0.0261038	0.0124424	0
9210	-0.0260793	0.0124752	0
9220	-0.025879	0.0124944	0
9230	-0.0255512	0.0124875	0
9240	-0.0251002	0.0124621	0
9250	-0.0245527	0.0124152	0
9260	-0.023909	0.0123403	0
9270	-0.0231862	0.0122254	0
9280	-0.0223773	0.0120887	0
9290	-0.0214995	0.0119181	0
9300	-0.0205689	0.0117142	0
9310	-0.0195914	0.0114718	0
9320	-0.0185666	0.0111995	0
9330	-0.017509	0.0108825	0
9340	-0.0164274	0.0105337	0
9350	-0.0153381	0.0101471	0
9360	-0.0141364	0.00973838	0
9370	-0.0127976	0.00931125	0
9380	-0.0113387	0.00886816	0
9390	-0.00974985	0.00840717	0
9400	-0.00807987	0.00793051	0
9410	-0.00653442	0.00743206	0
9420	-0.00604019	0.0069158	0
9430	-0.00572114	0.0063842	0
9440	-0.00635617	0.0058384	0
9450	-0.00694063	0.00527615	0
9460	-0.00753704	0.00470009	0
9470	-0.00806602	0.00410507	0
9480	-0.00850256	0.00350997	0
9490	-0.00890943	0.00292008	0
9500	-0.00929666	0.0023431	0
9510	-0.00966891	0.00179661	0
9520	-0.0100269	0.00130647	0
9530	-0.0103766	0.0008886	0
9540	-0.0107144	0.000543208	0
9550	-0.011042	0.000285938	0
9560	-0.0113547	0.00012395	0
9570	-0.0116543	5.371e-05	0
9580	-0.011941	8.18299e-05	0
9590	-0.0122132	0.000200852	0
9600	-0.0124706	0.000414102	0
9610	-0.0127146	0.000706408	0
9620	-0.012945	0.00107179	0
9630	-0.0131669	0.00149176	0
9640	-0.0133839	0.00194932	0
9650	-0.0135729	0.00242453	0
9660	-0.0137471	0.00288913	0
9670	-0.013923	0.00328008	0
9680	-0.0140346	0.00362696	0
9690	-0.0141855	0.00392673	0
9700	-0.0143137	0.00416335	0
9710	-0.0145239	0.00432931	0
9720	-0.0146216	0.00441624	0
9730	-0.0146691	0.00442803	0
9740	-0.0147253	0.00436247	0
9750	-0.0146694	0.0042255	0
9760	-0.0142699	0.00403219	0
9770	-0.0136589	0.00378026	0
9780	-0.0128675	0.00348439	0
9790	-0.0119305	0.00315074	0
9800	-0.0108934	0.00280388	0
9810	-0.00986604	0.00244653	0
9820	-0.00890819	0.00210553	0
9830	-0.00809649	0.00179738	0
9840	-0.00751509	0.00152922	0
9850	-0.00722787	0.00130276	0
9860	-0.0072602	0.00112475	0
9870	-0.00764346	0.00098954	0
9880	-0.00839031	0.000901086	0
9890	-0.00946187	0.000857124	0
9900	-0.0108498	0.000859531	0
9910	-0.0125086	0.00089789	0
9920	-0.0143836	0.000964567	0
9930	-0.0161939	0.00105924	0
9940	-0.0163392	0.00117415	0
9950	-0.0163107	0.00129305	0
9960	-0.0162962	0.0014141	0
9970	-0.0162953	0.00152958	0
9980	-0.0163171	0.00163589	0
9990	-0.0163659	0.00172351	0
10000	-0.0164198	0.00179304	0
10010	-0.0165096	0.00183806	0
10020	-0.016613	0.00185626	0
10030	-0.0167511	0.00185455	0
10040	-0.016898	0.00182711	0
10050	-0.0170715	0.00178061	0
10060	-0.0172558	0.00170745	0
10070	-0.0174547	0.00161553	0
10080	-0.0176612	0.00151113	0
10090	-0.0178607	0.00139393	0
10100	-0.0180587	0.00126309	0
10110	-0.0183412	0.00110887	0
10120	-0.018639	0.000926518	0
10130	-0.0189108	0.000736885	0
10140	-0.0191722	0.000545158	0
10150	-0.0194229	0.000342535	0
10160	-0.0196486	0.000142606	0
10170	-0.019857	-5.71729e-05	0
10180	-0.0200492	-0.000262284	0
10190	-0.0202291	-0.000473002	0
10200	-0.0203857	-0.000681729	0
10210	-0.0205114	-0.000885599	0
10220	-0.0206083	-0.00108968	0
10230	-0.0206748	-0.00129871	0
10240	-0.0207118	-0.00150166	0
10250	-0.020728	-0.00170121	0
10260	-0.0207122	-0.00188116	0
10270	-0.0206677	-0.00203794	0
10280	-0.0206203	-0.00218153	0
10290	-0.0205289	-0.00229697	0
10300	-0.0204874	-0.00239298	0
10310	-0.0205258	-0.00245896	0
10320	-0.02064	-0.00249745	0
10330	-0.020826	-0.00250746	0
10340	-0.0210694	-0.00249032	0
10350	-0.0213589	-0.00244367	0
10360	-0.0216917	-0.00238362	0
10370	-0.0220525	-0.00231407	0
10380	-0.0224274	-0.00222271	0
10390	-0.0227974	-0.00211998	0
10400	-0.0231208	-0.00199738	0
10410	-0.0233915	-0.00186485	0
10420	-0.0235959	-0.0017423	0
10430	-0.0237263	-0.00163701	0
10440	-0.0237757	-0.00153146	0
10450	-0.0237189	-0.00142035	0
10460	-0.0235554	-0.00129884	0
10470	-0.0232302	-0.00115603	0
10480	-0.0227214	-0.000985741	0
10490	-0.0220137	-0.000791604	0
10500	-0.0210794	-0.000558754	0
10510	-0.0199448	-0.000287833	0
10520	-0.0186285	1.23905e-05	0
10530	-0.0170835	0.000344065	0
10540	-0.015332	0.000707339	0
10550	-0.0133914	0.0010908	0
10560	-0.0112743	0.00146082	0
10570	-0.0094586	0.00184638	0
10580	-0.0101172	0.00222988	0
10590	-0.0107756	0.00256824	0
10600	-0.0114159	0.00284066	0
10610	-0.0120289	0.00303575	0
10620	-0.012581	0.00313573	0
10630	-0.0130602	0.00313371	0
10640	-0.0134606	0.00303407	0
10650	-0.0137601	0.00283693	0
10660	-0.0139565	0.00254412	0
10670	-0.01404	0.00216825	0
10680	-0.0139935	0.00172328	0
10690	-0.0138318	0.0012378	0
10700	-0.0135359	0.000721613	0
10710	-0.0131312	0.000206588	0
10720	-0.0126007	-0.000298584	0
10730	-0.0120469	-0.000773135	0
10740	-0.0122518	-0.00118716	0
10750	-0.0125422	-0.00152293	0
10760	-0.0128411	-0.0017964	0
10770	-0.0131386	-0.00201774	0
10780	-0.0134437	-0.00218264	0
10790	-0.0137481	-0.00229512	0
10800	-0.0140377	-0.0023554	0
10810	-0.0143205	-0.00236989	0
10820	-0.0145923	-0.00234131	0
10830	-0.0148497	-0.00227487	0
10840	-0.015092	-0.00217075	0
10850	-0.0153162	-0.00203562	0
10860	-0.0155229	-0.00187672	0
10870	-0.0157068	-0.00168705	0
10880	-0.0158769	-0.00147773	0
10890	-0.0160341	-0.00125411	0
10900	-0.0161934	-0.00101941	0
10910	-0.016354	-0.000781665	0
10920	-0.016529	-0.000524983	0
10930	-0.0167289	-0.000255402	0
10940	-0.016962	2.32024e-05	0
10950	-0.0172244	0.000305066	0
10960	-0.0175527	0.000589496	0
10970	-0.0179794	0.000885293	0
10980	-0.0184639	0.00118561	0
10990	-0.0184773	0.0014993	0
11000	-0.0183226	0.00180694	0
11010	-0.0181233	0.00209486	0
11020	-0.0178883	0.00233894	0
11030	-0.0176219	0.00250667	0
11040	-0.0173334	0.00257901	0
11050	-0.0170342	0.00252613	0
11060	-0.0167396	0.00235368	0
11070	-0.0164628	0.00206061	0
11080	-0.0162092	0.00164659	0
11090	-0.0159811	0.00113473	0
11100	-0.0157775	0.000540924	0
11110	-0.0155782	-9.53593e-05	0
11120	-0.0153701	-0.000747697	0
11130	-0.0151514	-0.00137416	0
11140	-0.0149012	-0.00194602	0
11150	-0.0146091	-0.00244115	0
11160	-0.014291	-0.00285647	0
11170	-0.0139564	-0.00317492	0
11180	-0.0136099	-0.00338543	0
11190	-0.0132518	-0.00348139	0
11200	-0.0128876	-0.0034563	0
11210	-0.0125227	-0.00331846	0
11220	-0.0121608	-0.0030706	0
11230	-0.011808	-0.00273585	0
11240	-0.0114712	-0.00233437	0
11250	-0.0111451	-0.00189554	0
11260	-0.0108023	-0.0014383	0
11270	-0.0105301	-0.000985885	0
11280	-0.0102625	-0.000583899	0
11290	-0.00998718	-0.000242114	0
11300	-0.00971335	7.81555e-06	0
11310	-0.0094347	0.000150574	0
11320	-0.00914769	0.000192747	0
11330	-0.00885592	0.000126048	0
11340	-0.00855876	-3.73138e-05	0
11350	-0.00825684	-0.00028696	0
11360	-0.00795619	-0.000586427	0
11370	-0.00764731	-0.000936031	0
11380	-0.0073381	-0.0013149	0
11390	-0.00701616	-0.00171912	0
11400	-0.00668096	-0.00212683	0
11410	-0.00632731	-0.00252122	0
11420	-0.00596114	-0.00289492	0
11430	-0.00558178	-0.00322578	0
11440	-0.00518796	-0.00350407	0
11450	-0.00478851	-0.00372721	0
11460	-0.00438424	-0.00388687	0
11470	-0.00397873	-0.00398889	0
11480	-0.00357861	-0.0040282	0
11490	-0.00318385	-0.00400863	0
11500	-0.00279805	-0.00392448	0
11510	-0.00242205	-0.00378801	0
11520	-0.00205565	-0.00359669	0
11530	-0.00170676	-0.00336118	0
11540	-0.00136933	-0.00308126	0
11550	-0.00104372	-0.00276546	0
11560	-0.000726589	-0.00240988	0
11570	-0.000417717	-0.0020154	0
11580	-0.000113688	-0.00158847	0
11590	0.000180795	-0.0011427	0
11600	0.000470034	-0.000678535	0
11610	0.000755871	-0.000197318	0
11620	0.00103451	0.000297238	0
11630	0.00129975	0.000807577	0
11640	0.00155519	0.0013178	0
11650	0.00179749	0.00181457	0
11660	0.00201592	0.00228809	0
11670	0.00221792	0.0027352	0
11680	0.00240536	0.00315096	0
11690	0.00257632	0.00352153	0
11700	0.00273253	0.00383971	0
11710	0.00287891	0.0040991	0
11720	0.00302064	0.00430152	0
11730	0.00315549	0.00445886	0
11740	0.00328914	0.00456426	0
11750	0.00341197	0.00458963	0
11760	0.0035281	0.0045312	0
11770	0.0036218	0.00436508	0
11780	0.00367076	0.00409767	0
11790	0.00368535	0.0037366	0
11800	0.00365225	0.00329113	0
11810	0.00359935	0.00278289	0
11820	0.00354831	0.00222564	0
11830	0.00346696	0.0016396	0
11840	0.00335743	0.00103346	0
11850	0.00319148	0.000438983	0
11860	0.00299899	-0.000130844	0
11870	0.0027756	-0.000648071	0
11880	0.00251759	-0.00109896	0
11890	0.002231	-0.00146093	0
11900	0.00191692	-0.00171667	0
11910	0.00157372	-0.00185501	0
11920	0.00120263	-0.0018673	0
11930	0.000808009	-0.00113193	0
11940	0.000347669	0.00027488	0
11950	-0.000117279	0.00166885	0
11960	-0.00057192	0.00299632	0
11970	-0.000994827	0.00420145	0
11980	-0.00130777	0.00523425	0
11990	-0.00146157	0.00603585	0
12000	-0.00156774	0.00658051	0
12010	-0.00164714	0.00686734	0
12020	-0.0016983	0.00689275	0
12030	-0.00171633	0.00665773	0
12040	-0.0017084	0.0062336	0
12050	-0.00170711	0.00569573	0
12060	-0.00171202	0.00507012	0
12070	-0.00172088	0.00440111	0
12080	-0.00173215	0.00371618	0
12090	-0.00174233	0.00306057	0
12100	-0.00175082	0.00246782	0
12110	-0.00175419	0.00196277	0
12120	-0.00175574	0.00156372	0
12130	-0.00175716	0.00129197	0
12140	-0.00176639	0.00114551	0
12150	-0.00179708	0.00111768	0
12160	-0.00185298	0.0012061	0
12170	-0.00193871	0.00141342	0
12180	-0.00203692	0.00171475	0
12190	-0.00214624	0.00208413	0
12200	-0.00229683	0.00249049	0
12210	-0.00244087	0.00290411	0
12220	-0.00261015	0.00328414	0
12230	-0.00279302	0.00360956	0
12240	-0.00298313	0.00385819	0
12250	-0.00318184	0.00403253	0
12260	-0.00342352	0.00410443	0
12270	-0.003685	0.00408213	0
12280	-0.00395515	0.00397471	0
12290	-0.00422455	0.00378921	0
12300	-0.00448557	0.00354422	0
12310	-0.00472966	0.00325896	0
12320	-0.00495035	0.00295385	0
12330	-0.00514091	0.00265677	0
12340	-0.00530143	0.00238817	0
12350	-0.00542983	0.00216836	0
12360	-0.00552709	0.00201442	0
12370	-0.00559447	0.00193478	0
12380	-0.00564391	0.00190786	0
12390	-0.00567854	0.00192469	0
12400	-0.00570099	0.00197941	0
12410	-0.00571137	0.00206266	0
12420	-0.00570469	0.00216619	0
12430	-0.00568436	0.00227694	0
12440	-0.00564262	0.00238444	0
12450	-0.00557858	0.00249222	0
12460	-0.00545454	0.00258747	0
12470	-0.00529937	0.0026544	0
12480	-0.00511538	0.00268608	0
12490	-0.0048978	0.00268188	0
12500	-0.00464297	0.00264783	0
12510	-0.00465087	0.00258324	0
12520	-0.00470903	0.00249448	0
12530	-0.00477907	0.00239198	0
12540	-0.0048604	0.00228761	0
12550	-0.00495116	0.00219422	0
12560	-0.00504998	0.00213732	0
12570	-0.00516066	0.00211421	0
12580	-0.00528412	0.00213666	0
12590	-0.00542538	0.00221141	0
12600	-0.0055873	0.00233977	0
12610	-0.00577234	0.0025208	0
12620	-0.00597776	0.00275221	0
12630	-0.00620216	0.00302151	0
12640	-0.0064441	0.00330532	0
12650	-0.00662149	0.00358558	0
12660	-0.00673286	0.00384627	0
12670	-0.00681944	0.00408044	0
12680	-0.00688351	0.00428074	0
12690	-0.00692522	0.00443866	0
12700	-0.00694519	0.00454711	0
12710	-0.00694434	0.00460455	0
12720	-0.00692231	0.00461475	0
12730	-0.00688061	0.00458162	0
12740	-0.00682264	0.00451004	0
12750	-0.00675003	0.00440947	0
12760	-0.00666263	0.00428256	0
12770	-0.00655818	0.00413567	0
12780	-0.00643721	0.00396964	0
12790	-0.00629937	0.0037935	0
12800	-0.0061452	0.00361661	0
12810	-0.00597855	0.00345802	0
12820	-0.00580653	0.00330689	0
12830	-0.00563219	0.00315599	0
12840	-0.00545857	0.00300827	0
12850	-0.00529037	0.00286971	0
12860	-0.00513511	0.00274613	0
12870	-0.00499493	0.00263655	0
12880	-0.00487629	0.00253916	0
12890	-0.00477628	0.00245055	0
12900	-0.00469466	0.00237084	0
12910	-0.00463044	0.00230158	0
12920	-0.0045836	0.00224088	0
12930	-0.00455284	0.00218194	0
12940	-0.00453639	0.00212462	0
12950	-0.00453646	0.00207757	0
12960	-0.00458686	0.00204414	0
12970	-0.00468804	0.0020303	0
12980	-0.0048278	0.00204512	0
12990	-0.00496434	0.00209599	0
13000	-0.00507658	0.00218562	0
13010	-0.00516476	0.00231002	0
13020	-0.00523048	0.00246331	0
13030	-0.00527679	0.00263307	0
13040	-0.00531144	0.0027991	0
13050	-0.00533585	0.00295197	0
13060	-0.00534923	0.00308576	0
13070	-0.00535548	0.0031932	0
13080	-0.00535783	0.00326665	0
13090	-0.00536209	0.00329935	0
13100	-0.00537041	0.0032858	0
13110	-0.0053865	0.00322343	0
13120	-0.00541146	0.00311162	0
13130	-0.00544894	0.00294663	0
13140	-0.00550337	0.00273325	0
13150	-0.0055737	0.00247848	0
13160	-0.00558499	0.00219602	0
13170	-0.00560335	0.00190302	0
13180	-0.00565489	0.00161701	0
13190	-0.00573604	0.00135707	0
13200	-0.00584632	0.00114735	0
13210	-0.00598393	0.000999374	0
13220	-0.00614442	0.000925044	0
13230	-0.00632201	0.000930511	0
13240	-0.00651239	0.00101524	0
13250	-0.00671324	0.00117443	0
13260	-0.00691763	0.00139657	0
13270	-0.00711252	0.00165779	0
13280	-0.0072861	0.00191878	0
13290	-0.00745054	0.00217454	0
13300	-0.00760098	0.00241391	0
13310	-0.00773419	0.00260788	0
13320	-0.00786141	0.00274311	0
13330	-0.0079899	0.00281606	0
13340	-0.00809809	0.00282489	0
13350	-0.00816867	0.00277602	0
13360	-0.00820216	0.00268562	0
13370	-0.00819624	0.00257794	0
13380	-0.00815097	0.00248329	0
13390	-0.00806333	0.00242363	0
13400	-0.00793409	0.00241551	0
13410	-0.00776626	0.00246922	0
13420	-0.00756227	0.00258162	0
13430	-0.00733235	0.00273202	0
13440	-0.00708846	0.00290125	0
13450	-0.00683848	0.00308086	0
13460	-0.00658971	0.00326312	0
13470	-0.00634754	0.003445	0
13480	-0.00611656	0.003629	0
13490	-0.00590107	0.0038124	0
13500	-0.00570602	0.00398741	0
13510	-0.00553095	0.00414078	0
13520	-0.00537026	0.00426826	0
13530	-0.00522199	0.00436394	0
13540	-0.00508423	0.00442768	0
13550	-0.00495541	0.00446	0
13560	-0.00483459	0.00446708	0
13570	-0.00473727	0.00444956	0
13580	-0.00469254	0.00440751	0
13590	-0.00469718	0.00433979	0
13600	-0.00475346	0.00424499	0
13610	-0.00485394	0.0041236	0
13620	-0.00497687	0.0039802	0
13630	-0.00512047	0.00381924	0
13640	-0.00527995	0.00364572	0
13650	-0.00543528	0.00346343	0
13660	-0.00559355	0.00327511	0
13670	-0.00574616	0.00308494	0
13680	-0.00588318	0.00289614	0
13690	-0.00600956	0.00271381	0
13700	-0.00611435	0.00254507	0
13710	-0.00619199	0.00239329	0
13720	-0.0062416	0.00226257	0
13730	-0.00625101	0.00215581	0
13740	-0.00623236	0.00207507	0
13750	-0.00618538	0.00202252	0
13760	-0.00609589	0.00199916	0
13770	-0.00599689	0.00200165	0
13780	-0.00586315	0.0020261	0
13790	-0.00572515	0.0020701	0
13800	-0.00557654	0.00212592	0
13810	-0.00542783	0.00218636	0
13820	-0.00527961	0.00224335	0
13830	-0.00514096	0.00229248	0
13840	-0.00502036	0.00232483	0
13850	-0.0049237	0.00233364	0
13860	-0.00485466	0.00231153	0
13870	-0.00481185	0.00225699	0
13880	-0.00477293	0.00216933	0
13890	-0.00473785	0.00204889	0
13900	-0.00470359	0.00189437	0
13910	-0.00467017	0.0017093	0
13920	-0.00467176	0.00149866	0
13930	-0.00466469	0.00126808	0
13940	-0.0046579	0.00102495	0
13950	-0.0046464	0.000776451	0
13960	-0.00465132	0.000535653	0
13970	-0.00466669	0.000313871	0
13980	-0.00469795	0.000121911	0
13990	-0.00474882	-2.84489e-05	0
14000	-0.00482263	-0.000126962	0
14010	-0.00492038	-0.000167918	0
14020	-0.00503978	-0.000153129	0
14030	-0.00518253	-8.85934e-05	0
14040	-0.00534577	1.87482e-05	0
14050	-0.0055268	0.000161902	0
14060	-0.00572135	0.000332345	0
14070	-0.00592288	0.000520069	0
14080	-0.00612199	0.000716074	0
14090	-0.00627459	0.000908921	0
14100	-0.00629867	0.00109429	0
14110	-0.00631211	0.00126402	0
14120	-0.0063269	0.00141089	0
14130	-0.00634885	0.00152574	0
14140	-0.00637336	0.00159832	0
14150	-0.00640161	0.00162556	0
14160	-0.00643068	0.00160587	0
14170	-0.00646786	0.00154088	0
14180	-0.00650104	0.00143668	0
14190	-0.00654034	0.00130529	0
14200	-0.00657213	0.00116135	0
14210	-0.00661171	0.00101037	0
14220	-0.00665808	0.000861652	0
14230	-0.00670656	0.000726186	0
14240	-0.00674159	0.000613937	0
14250	-0.00675713	0.000534409	0
14260	-0.00677071	0.00049091	0
14270	-0.00678542	0.000485723	0
14280	-0.0068021	0.00051621	0
14290	-0.00682095	0.000574965	0
14300	-0.00683974	0.000653318	0
14310	-0.00685888	0.000742007	0
14320	-0.00687579	0.000833127	0
14330	-0.00689173	0.000916113	0
14340	-0.00690482	0.000984348	0
14350	-0.00691141	0.00103077	0
14360	-0.00691069	0.00104965	0
14370	-0.00690196	0.00104066	0
14380	-0.00688379	0.0010047	0
14390	-0.00685518	0.000944437	0
14400	-0.00681524	0.000867509	0
14410	-0.00676419	0.000780156	0
14420	-0.00670397	0.000689487	0
14430	-0.00663589	0.00060213	0
14440	-0.00656087	0.000524134	0
14450	-0.00647969	0.000461791	0
14460	-0.00639561	0.000419389	0
14470	-0.00631141	0.000401746	0
14480	-0.00623123	0.000410621	0
14490	-0.00615613	0.000443989	0
14500	-0.00608807	0.000498502	0
14510	-0.00602998	0.000571173	0
14520	-0.00598362	0.000654903	0
14530	-0.00594856	0.00074528	0
14540	-0.00592627	0.00083795	0
14550	-0.0059161	0.000928946	0
14560	-0.00591876	0.00101411	0
14570	-0.00593101	0.00109315	0
14580	-0.00595133	0.00116444	0
14590	-0.00597831	0.00123028	0
14600	-0.00600963	0.00129345	0
14610	-0.00604424	0.00135545	0
14620	-0.00607943	0.0014171	0
14630	-0.00611694	0.00147693	0
14640	-0.00615758	0.00153351	0
14650	-0.0061983	0.00158325	0
14660	-0.00623969	0.00162292	0
14670	-0.00628048	0.00164776	0
14680	-0.00630928	0.00165955	0
14690	-0.00632403	0.00165885	0
14700	-0.00633778	0.00163804	0
14710	-0.00635094	0.00159231	0
14720	-0.00636252	0.00151996	0
14730	-0.0063712	0.00141908	0
14740	-0.0063747	0.00129274	0
14750	-0.00637169	0.00114459	0
14760	-0.00636184	0.000980392	0
14770	-0.00634511	0.000807807	0
14780	-0.00632365	0.000635103	0
14790	-0.00629688	0.000471137	0
14800	-0.0062659	0.000325891	0
14810	-0.00623388	0.000208347	0
14820	-0.00620243	0.000126106	0
14830	-0.00617248	8.30248e-05	0
14840	-0.00614555	8.04684e-05	0
14850	-0.00612239	0.000117738	0
14860	-0.00610413	0.000191978	0
14870	-0.00609121	0.000298793	0
14880	-0.00608329	0.000428463	0
14890	-0.00608001	0.000571024	0
14900	-0.00607924	0.000715903	0
14910	-0.00607943	0.000855591	0
14920	-0.00607788	0.000981793	0
14930	-0.00607425	0.00108615	0
14940	-0.00606883	0.0011628	0
14950	-0.00606107	0.0012053	0
14960	-0.00605146	0.00121142	0
14970	-0.00604029	0.00118013	0
14980	-0.00602791	0.00111479	0
14990	-0.00601535	0.00102034	0
15000	-0.00600254	0.000904184	0
15010	-0.00599049	0.000776052	0
15020	-0.00598032	0.000643914	0
15030	-0.00597245	0.000517436	0
15040	-0.00596783	0.000401587	0
15050	-0.00596767	0.00030157	0
15060	-0.00597272	0.000220862	0
15070	-0.00598538	0.00016159	0
15080	-0.00600517	0.000122638	0
15090	-0.00602971	0.000102691	0
15100	-0.00605753	9.92749e-05	0
15110	-0.00608803	0.000109277	0
15120	-0.00612049	0.00012835	0
15130	-0.00615394	0.000152322	0
15140	-0.00618367	0.000178229	0
15150	-0.00621215	0.000203373	0
15160	-0.00623685	0.000225929	0
15170	-0.00625521	0.000245288	0
15180	-0.00626619	0.000262304	0
15190	-0.00626951	0.00027992	0
15200	-0.0062643	0.000298565	0
15210	-0.00625077	0.000322842	0
15220	-0.00622831	0.000353947	0
15230	-0.00619721	0.000394779	0
15240	-0.00615757	0.000446721	0
15250	-0.00610993	0.000510853	0
15260	-0.00605493	0.000586223	0
15270	-0.00599284	0.000672288	0
15280	-0.00592622	0.00076719	0
15290	-0.00585612	0.000868154	0
15300	-0.00578114	0.000971944	0
15310	-0.0056787	0.00107379	0
15320	-0.00557111	0.00116888	0
15330	-0.00545693	0.00125137	0
15340	-0.00534181	0.00131539	0
15350	-0.00522639	0.00135634	0
15360	-0.00510943	0.00137162	0
15370	-0.00499216	0.00136226	0
15380	-0.00487764	0.00133062	0
15390	-0.00476839	0.00127867	0
15400	-0.00465782	0.00120774	0
15410	-0.00456458	0.00111992	0
15420	-0.00446853	0.00101798	0
15430	-0.0043947	0.000906158	0
15440	-0.00434498	0.000791085	0
15450	-0.00427117	0.000678193	0
15460	-0.00425265	0.00057502	0
15470	-0.0042415	0.000485399	0
15480	-0.00418984	0.000413697	0
15490	-0.00413072	0.000360125	0
15500	-0.00408918	0.000323148	0
15510	-0.0040687	0.000297948	0
15520	-0.00406169	0.000279793	0
15530	-0.00406828	0.000264213	0
15540	-0.00408967	0.000245485	0
15550	-0.00412513	0.000218404	0
15560	-0.00417223	0.0001797	0
15570	-0.00424056	0.000128261	0
15580	-0.00431266	6.46277e-05	0
15590	-0.00442472	-8.66268e-06	0
15600	-0.00451925	-8.42514e-05	0
15610	-0.00465462	-0.000150343	0
15620	-0.00477523	-0.000198318	0
15630	-0.00492543	-0.000221014	0
15640	-0.005075	-0.000212876	0
15650	-0.00523022	-0.000171374	0
15660	-0.00537667	-9.83174e-05	0
15670	-0.00553335	2.61265e-06	0
15680	-0.00568378	0.000122729	0
15690	-0.00583003	0.000252164	0
15700	-0.00597393	0.00037882	0
15710	-0.0061125	0.000492116	0
15720	-0.00624179	0.000581442	0
15730	-0.00635551	0.000637133	0
15740	-0.00646204	0.00064715	0
15750	-0.0065726	0.000609463	0
15760	-0.0066908	0.000526432	0
15770	-0.00681959	0.000402706	0
15780	-0.00696528	0.000248828	0
15790	-0.00713158	7.82908e-05	0
15800	-0.0072857	-9.53257e-05	0
15810	-0.00733668	-0.000255727	0
15820	-0.0073585	-0.000387215	0
15830	-0.00736473	-0.000475339	0
15840	-0.00735659	-0.000509156	0
15850	-0.00733768	-0.000481384	0
15860	-0.00731212	-0.000388361	0
15870	-0.00726841	-0.000233977	0
15880	-0.00721762	-2.59332e-05	0
15890	-0.00715994	0.000223964	0
15900	-0.00709649	0.00049929	0
15910	-0.00702267	0.000761315	0
15920	-0.00696048	0.000993584	0
15930	-0.00690272	0.0012054	0
15940	-0.00684579	0.00138352	0
15950	-0.00679007	0.00151498	0
15960	-0.00673649	0.00158916	0
15970	-0.00668616	0.00160204	0
15980	-0.00663957	0.00155231	0
15990	-0.00659695	0.00144428	0
16000	-0.00656108	0.00128747	0
16010	-0.00653297	0.00109384	0
16020	-0.00651372	0.000877063	0
16030	-0.00650458	0.000648924	0
16040	-0.00650501	0.00042522	0
16050	-0.00651533	0.000223	0
16060	-0.0065341	5.69484e-05	0
16070	-0.00656309	-6.15751e-05	0
16080	-0.00660336	-0.000126798	0
16090	-0.00664758	-0.000136406	0
16100	-0.0066909	-9.43189e-05	0
16110	-0.00672782	-1.35259e-05	0
16120	-0.00675237	9.11876e-05	0
16130	-0.00676556	0.00020956	0
16140	-0.00677313	0.000336364	0
16150	-0.00677484	0.000465128	0
16160	-0.00676955	0.000587196	0
16170	-0.00675729	0.000696117	0
16180	-0.00673855	0.000786086	0
16190	-0.00671475	0.000852409	0
16200	-0.00668712	0.000889524	0
16210	-0.00665659	0.000894163	0
16220	-0.0066216	0.00086871	0
16230	-0.00658206	0.000818959	0
16240	-0.00653764	0.000752241	0
16250	-0.00648779	0.000677946	0
16260	-0.00643319	0.000606428	0
16270	-0.00637486	0.000547207	0
16280	-0.00631943	0.000504692	0
16290	-0.00627255	0.000479225	0
16300	-0.00624064	0.000467376	0
16310	-0.00622312	0.000467909	0
16320	-0.00620908	0.000483695	0
16330	-0.00621207	0.000512788	0
16340	-0.00622652	0.000552343	0
16350	-0.00625085	0.000600007	0
16360	-0.00628587	0.000653237	0
16370	-0.00632849	0.000713193	0
16380	-0.00639286	0.000779008	0
16390	-0.00644235	0.000849832	0
16400	-0.00651932	0.000922112	0
16410	-0.00661363	0.000993698	0
16420	-0.00669347	0.00106332	0
16430	-0.00678561	0.00112828	0
16440	-0.00688183	0.00119076	0
16450	-0.00696572	0.00124875	0
16460	-0.00705663	0.00130269	0
16470	-0.0071348	0.0013525	0
16480	-0.00720098	0.00140002	0
16490	-0.00726744	0.00144398	0
16500	-0.00731241	0.00148625	0
16510	-0.00734544	0.00152784	0
16520	-0.00736115	0.00156881	0
16530	-0.00738017	0.00160725	0
16540	-0.00738887	0.00163702	0
16550	-0.00738126	0.00165545	0
16560	-0.0074111	0.00165597	0
16570	-0.00747012	0.00163473	0
16580	-0.00756489	0.00158643	0
16590	-0.00767396	0.00150706	0
16600	-0.00780087	0.00139976	0
16610	-0.00793422	0.00126333	0
16620	-0.00807161	0.00110441	0
16630	-0.00820234	0.000929396	0
16640	-0.00832091	0.000747441	0
16650	-0.00844587	0.000565882	0
16660	-0.00855072	0.000390144	0
16670	-0.00862267	0.000228872	0
16680	-0.00867733	8.98508e-05	0
16690	-0.00867781	-1.86471e-05	0
16700	-0.00861184	-9.24428e-05	0
16710	-0.00847443	-0.000122709	0
16720	-0.00825558	-0.000108851	0
16730	-0.00794565	-5.53397e-05	0
16740	-0.00755294	4.98762e-05	0
16750	-0.00708616	0.000191322	0
16760	-0.00656333	0.000379535	0
16770	-0.00601019	0.00059799	0
16780	-0.00545467	0.000844239	0
16790	-0.00493066	0.00110812	0
16800	-0.00448904	0.00137185	0
16810	-0.00440573	0.00162849	0
16820	-0.0043442	0.00186037	0
16830	-0.00430471	0.00205493	0
16840	-0.00428368	0.00220868	0
16850	-0.00427995	0.00231598	0
16860	-0.00433891	0.00237442	0
16870	-0.00445907	0.00238117	0
16880	-0.00461244	0.00233363	0
16890	-0.00477375	0.00223564	0
16900	-0.00492535	0.0021025	0
16910	-0.00506555	0.00194575	0
16920	-0.00518888	0.00177449	0
16930	-0.00529145	0.00159507	0
16940	-0.00537283	0.00141404	0
16950	-0.00543334	0.00123207	0
16960	-0.0054773	0.00105229	0
16970	-0.00551136	0.000875088	0
16980	-0.00554149	0.000701285	0
16990	-0.00564689	0.000528246	0
17000	-0.00577744	0.000355621	0
17010	-0.00592269	0.000190422	0
17020	-0.00608045	4.03449e-05	0
17030	-0.00624914	-8.69628e-05	0
17040	-0.00642314	-0.000183722	0
17050	-0.00660368	-0.000245225	0
17060	-0.00678582	-0.00027026	0
17070	-0.00696456	-0.000254773	0
17080	-0.00713598	-0.000197435	0
17090	-0.00728561	-0.000101152	0
17100	-0.00741041	2.9512e-05	0
17110	-0.00750854	0.000190522	0
17120	-0.00757929	0.000376876	0
17130	-0.0076252	0.000578159	0
17140	-0.00764977	0.000786589	0
17150	-0.00765779	0.000995185	0
17160	-0.0076534	0.00119887	0
17170	-0.00764009	0.00139441	0
17180	-0.00761963	0.00157248	0
17190	-0.00759552	0.00172237	0
17200	-0.00756137	0.00183679	0
17210	-0.00751331	0.00192163	0
17220	-0.00745312	0.00197827	0
17230	-0.00738377	0.0020108	0
17240	-0.00730807	0.00201607	0
17250	-0.00722865	0.00199397	0
17260	-0.00714639	0.00194601	0
17270	-0.00706096	0.00187442	0
17280	-0.00697261	0.00178067	0
17290	-0.00688335	0.00166828	0
17300	-0.00680018	0.00154321	0
17310	-0.00672804	0.00141589	0
17320	-0.00666134	0.00129007	0
17330	-0.00659726	0.00116473	0
17340	-0.00653798	0.00104211	0
17350	-0.00648511	0.000926902	0
17360	-0.00644093	0.000821977	0
17370	-0.00640692	0.000728527	0
17380	-0.00638469	0.000651489	0
17390	-0.00637459	0.000592863	0
17400	-0.00637846	0.000554311	0
17410	-0.00639799	0.000536244	0
17420	-0.00643242	0.000539286	0
17430	-0.00648101	0.000561238	0
17440	-0.00654312	0.000599906	0
17450	-0.00661697	0.000657114	0
17460	-0.00670033	0.000727561	0
17470	-0.00679188	0.000803354	0
17480	-0.00688313	0.000870641	0
17490	-0.00696059	0.000947879	0
17500	-0.00703554	0.00103215	0
17510	-0.00710855	0.00112764	0
17520	-0.00717788	0.00123	0
17530	-0.0072418	0.00133386	0
17540	-0.00729845	0.00143486	0
17550	-0.00734681	0.00153038	0
17560	-0.00738602	0.00161537	0
17570	-0.00741616	0.00168472	0
17580	-0.00743693	0.00173526	0
17590	-0.00744807	0.00176503	0
17600	-0.00744986	0.00177296	0
17610	-0.00744291	0.00175837	0
17620	-0.00743136	0.00172231	0
17630	-0.00741206	0.00166941	0
17640	-0.00737337	0.00159946	0
17650	-0.00733509	0.00151803	0
17660	-0.00729887	0.00142992	0
17670	-0.00726488	0.00134192	0
17680	-0.00723164	0.00126031	0
17690	-0.00720254	0.00118621	0
17700	-0.00717863	0.00112406	0
17710	-0.00715693	0.00107784	0
17720	-0.00713685	0.00104949	0
17730	-0.00711954	0.00103753	0
17740	-0.00710282	0.0010427	0
17750	-0.00707574	0.00106542	0
17760	-0.0070482	0.00110251	0
17770	-0.00702052	0.00115271	0
17780	-0.0069924	0.00121117	0
17790	-0.0069643	0.00127637	0
17800	-0.00693592	0.00134385	0
17810	-0.00690703	0.00140737	0
17820	-0.00687716	0.00146099	0
17830	-0.00684724	0.00150601	0
17840	-0.00681722	0.00153541	0
17850	-0.00678765	0.00155095	0
17860	-0.00675726	0.00154823	0
17870	-0.00672618	0.00153249	0
17880	-0.00669466	0.00150396	0
17890	-0.00666292	0.00146538	0
17900	-0.00663152	0.00142358	0
17910	-0.00660055	0.00138097	0
17920	-0.00657038	0.00134231	0
17930	-0.00654208	0.00131345	0
17940	-0.00651417	0.00129578	0
17950	-0.00648905	0.00129091	0
17960	-0.00646488	0.0013021	0
17970	-0.00644327	0.00132372	0
17980	-0.00643042	0.00133852	0
17990	-0.00642919	0.00136902	0
18000	-0.00642779	0.00141303	0
