0	0	0	0
10	-3.34695e-09	1.71172e-05	0
20	4.37748e-07	1.14163e-05	0
30	7.20618e-07	4.77546e-06	0
40	2.11735e-06	3.81545e-06	0
50	2.60659e-06	3.6346e-06	0
60	2.99221e-06	3.48934e-06	0
70	3.12112e-06	4.05781e-06	0
80	3.08502e-06	4.23161e-06	0
90	3.051e-06	4.3133e-06	0
100	3.01197e-06	4.35367e-06	0
110	2.98351e-06	4.36558e-06	0
120	2.9705e-06	4.36512e-06	0
130	2.97514e-06	4.3598e-06	0
140	2.99831e-06	4.34206e-06	0
150	3.03128e-06	4.2377e-06	0
160	3.06825e-06	4.08461e-06	0
170	3.07912e-06	4.00051e-06	0
180	3.06292e-06	3.93963e-06	0
190	3.01908e-06	3.87643e-06	0
200	2.94479e-06	3.8087e-06	0
210	2.8405e-06	3.74097e-06	0
220	2.70718e-06	3.67374e-06	0
230	2.65518e-06	3.89674e-06	0
240	2.44133e-06	3.95798e-06	0
250	2.32359e-06	3.84166e-06	0
260	2.25801e-06	3.73767e-06	0
270	2.24536e-06	3.67768e-06	0
280	2.29649e-06	3.65687e-06	0
290	2.42507e-06	3.67796e-06	0
300	2.51284e-06	3.70022e-06	0
310	2.89256e-06	3.71528e-06	0
320	3.29189e-06	3.87504e-06	0
330	3.69155e-06	4.03316e-06	0
340	4.03685e-06	4.22318e-06	0
350	4.23279e-06	4.38838e-06	0
360	4.31723e-06	4.54796e-06	0
370	4.20939e-06	4.66092e-06	0
380	3.87861e-06	4.69751e-06	0
390	3.27581e-06	4.64666e-06	0
400	2.39579e-06	4.51981e-06	0
410	1.36222e-06	4.28649e-06	0
420	3.66716e-07	3.95436e-06	0
430	-4.32677e-07	3.54593e-06	0
440	-9.83338e-07	2.93942e-06	0
450	-1.10436e-06	2.36771e-06	0
460	-7.27483e-07	1.79764e-06	0
470	2.32474e-07	1.32921e-06	0
480	1.80005e-06	1.14159e-06	0
490	4.24714e-06	3.65494e-07	0
500	6.80781e-06	9.98783e-07	0
510	9.85497e-06	1.56245e-06	0
520	1.27055e-05	2.46788e-06	0
530	1.51281e-05	3.82665e-06	0
540	1.68744e-05	5.48115e-06	0
550	1.7655e-05	7.19081e-06	0
560	1.72461e-05	8.78088e-06	0
570	1.59129e-05	1.07264e-05	0
580	1.1913e-05	1.11843e-05	0
590	9.44488e-06	1.0986e-05	0
600	6.07264e-07	1.07964e-05	0
610	-6.19876e-06	1.05888e-05	0
620	-1.42222e-05	8.78805e-06	0
630	-2.19774e-05	5.83356e-06	0
640	-2.92504e-05	2.01576e-06	0
650	-3.48178e-05	-1.92719e-06	0
660	-3.85309e-05	-5.53622e-06	0
670	-3.9655e-05	-8.59565e-06	0
680	-3.79019e-05	-1.05308e-05	0
690	-3.32095e-05	-1.10654e-05	0
700	-2.57245e-05	-1.00579e-05	0
710	-1.57387e-05	-6.8834e-06	0
720	-3.41573e-06	-6.00908e-07	0
730	1.09386e-05	8.85379e-06	0
740	2.65394e-05	2.10553e-05	0
750	4.27248e-05	3.40986e-05	0
760	5.90823e-05	4.37512e-05	0
770	7.43529e-05	4.86539e-05	0
780	8.7689e-05	4.78594e-05	0
790	9.83045e-05	4.05454e-05	0
800	0.00010552	2.60355e-05	0
810	0.000108812	3.80452e-06	0
820	0.000107861	-1.5051e-05	0
830	0.000102579	-2.00669e-05	0
840	9.32139e-05	-3.58488e-05	0
850	8.04667e-05	-4.19001e-05	0
860	6.54575e-05	-4.16899e-05	0
870	4.94357e-05	-6.13831e-05	0
880	3.29759e-05	-7.30774e-05	0
890	1.62753e-05	-0.000114995	0
900	-6.25907e-07	-0.000192603	0
910	-1.75118e-05	-0.000310311	0
920	-3.3922e-05	-0.000470456	0
930	-4.91386e-05	-0.000672904	0
940	-6.20188e-05	-0.000913827	0
950	-7.13055e-05	-0.00118647	0
960	-7.59588e-05	-0.00148252	0
970	-7.52645e-05	-0.00179275	0
980	-6.89034e-05	-0.00210762	0
990	-5.70273e-05	-0.0024178	0
1000	-4.03848e-05	-0.00271486	0
1010	-2.03315e-05	-0.00299185	0
1020	1.32247e-06	-0.00324338	0
1030	2.25252e-05	-0.00346603	0
1040	4.12163e-05	-0.00365779	0
1050	5.54498e-05	-0.00381863	0
1060	6.35916e-05	-0.00395004	0
1070	6.45915e-05	-0.00405442	0
1080	5.79423e-05	-0.00413491	0
1090	4.37258e-05	-0.0041953	0
1100	2.26877e-05	-0.00423931	0
1110	-3.81643e-06	-0.00427011	0
1120	-3.38943e-05	-0.00428996	0
1130	-6.52692e-05	-0.00429994	0
1140	-9.54197e-05	-0.00429978	0
1150	-0.000121801	-0.00428782	0
1160	-0.00014201	-0.00426108	0
1170	-0.00015399	-0.00421555	0
1180	-0.000156192	-0.00414645	0
1190	-0.000147709	-0.00404873	0
1200	-0.00012835	-0.00391745	0
1210	-9.89637e-05	-0.00374822	0
1220	-6.13751e-05	-0.0035376	0
1230	-1.75032e-05	-0.00328384	0
1240	2.9992e-05	-0.00298659	0
1250	7.82549e-05	-0.00264761	0
1260	0.000124342	-0.00227081	0
1270	0.000165253	-0.001862	0
1280	0.000198054	-0.00142937	0
1290	0.000221381	-0.000980433	0
1300	0.000235152	-0.000523648	0
1310	0.000239946	-0.000128843	0
1320	0.000238057	0.000165905	0
1330	0.000231039	0.000439784	0
1340	0.00021978	0.000689514	0
1350	0.000205023	0.000911543	0
1360	0.000188654	0.00109827	0
1370	0.000172167	0.00123293	0
1380	0.000156338	0.00132567	0
1390	0.000141943	0.00138737	0
1400	0.000129366	0.001411	0
1410	0.000119102	0.00140038	0
1420	0.000111593	0.00135658	0
1430	0.000107112	0.00128456	0
1440	0.000105779	0.00119353	0
1450	0.00010757	0.00109299	0
1460	0.000112364	0.000988396	0
1470	0.000119891	0.000884782	0
1480	0.000129694	0.000786878	0
1490	0.000141227	0.000697969	0
1500	0.00015374	0.000621262	0
1510	0.000166242	0.000560238	0
1520	0.000177956	0.000518191	0
1530	0.000188189	0.000497768	0
1540	0.000196349	0.000500776	0
1550	0.000201967	0.000528068	0
1560	0.000204726	0.00057946	0
1570	0.000204463	0.000653703	0
1580	0.000201165	0.000748501	0
1590	0.000194961	0.000860608	0
1600	0.000186109	0.000985995	0
1610	0.000174974	0.00112005	0
1620	0.000161997	0.00125784	0
1630	0.000147672	0.00139434	0
1640	0.00013251	0.00152473	0
1650	0.00011701	0.00164461	0
1660	0.000101631	0.00175024	0
1670	8.67721e-05	0.0018387	0
1680	7.27506e-05	0.001908	0
1690	5.97954e-05	0.00195714	0
1700	4.80446e-05	0.00198609	0
1710	3.75486e-05	0.00199573	0
1720	2.82762e-05	0.00198769	0
1730	2.01264e-05	0.0019642	0
1740	1.29397e-05	0.00192781	0
1750	6.52182e-06	0.00188119	0
1760	6.69292e-07	0.00182691	0
1770	-4.80748e-06	0.00176722	0
1780	-1.00636e-05	0.00170394	0
1790	-1.52041e-05	0.0016383	0
1800	-2.02771e-05	0.00157097	0
1810	-2.52703e-05	0.00150202	0
1820	-3.01116e-05	0.00143098	0
1830	-3.46823e-05	0.00135698	0
1840	-3.88358e-05	0.00127892	0
1850	-4.24092e-05	0.00119563	0
1860	-4.52514e-05	0.00110617	0
1870	-4.7224e-05	0.00100992	0
1880	-4.82286e-05	0.000906816	0
1890	-4.8217e-05	0.000797433	0
1900	-4.71985e-05	0.000683082	0
1910	-4.52448e-05	0.000565789	0
1920	-4.24909e-05	0.000448223	0
1930	-3.91327e-05	0.000333559	0
1940	-3.54146e-05	0.000225288	0
1950	-3.16024e-05	0.00012696	0
1960	-2.79522e-05	4.18687e-05	0
1970	-2.46713e-05	-2.72137e-05	0
1980	-2.19118e-05	-7.81587e-05	0
1990	-1.9787e-05	-0.000109324	0
2000	-1.93932e-05	-9.87404e-05	0
2010	-1.94746e-05	-6.83028e-05	0
2020	-1.74146e-05	-3.47563e-05	0
2030	-1.59958e-05	1.38532e-05	0
2040	-1.40054e-05	7.85757e-05	0
2050	-1.14983e-05	0.000156143	0
2060	-8.99589e-06	0.000242181	0
2070	-6.84274e-06	0.000331754	0
2080	-5.11548e-06	0.000419812	0
2090	-3.56111e-06	0.000501454	0
2100	-1.90308e-06	0.000582424	0
2110	3.87198e-07	0.000654253	0
2120	4.25994e-06	0.000703003	0
2130	3.92617e-06	0.000738372	0
2140	2.91825e-06	0.000753238	0
2150	2.50577e-06	0.000745647	0
2160	3.33087e-06	0.000718762	0
2170	2.4854e-06	0.000673046	0
2180	2.91499e-06	0.000609684	0
2190	2.30372e-06	0.000531992	0
2200	6.60862e-07	0.000440323	0
2210	5.66866e-07	0.000340437	0
2220	1.83053e-06	0.000237095	0
2230	-2.81419e-09	0.000134509	0
2240	-3.8491e-06	3.6773e-05	0
2250	-2.76687e-06	2.82049e-05	0
2260	-3.88498e-06	3.00304e-05	0
2270	-5.43182e-06	2.96761e-05	0
2280	-6.3901e-06	2.53577e-05	0
2290	-7.89268e-06	1.9618e-05	0
2300	-7.12456e-06	9.12921e-06	0
2310	-8.69663e-06	-1.23891e-06	0
2320	-9.94439e-06	-1.10197e-05	0
2330	-1.13872e-05	-2.23713e-05	0
2340	-1.29657e-05	-3.3416e-05	0
2350	-1.2801e-05	-4.1719e-05	0
2360	-1.13601e-05	-4.93256e-05	0
2370	-1.05166e-05	-5.61214e-05	0
2380	-9.67141e-06	-6.25779e-05	0
2390	-9.7219e-06	-6.8808e-05	0
2400	-1.16397e-05	-7.20209e-05	0
2410	-1.48659e-05	-7.65679e-05	0
2420	-1.86487e-05	-7.92738e-05	0
2430	-2.26998e-05	-8.03475e-05	0
2440	-2.67533e-05	-7.98006e-05	0
2450	-3.04458e-05	-7.76449e-05	0
2460	-3.33633e-05	-7.37376e-05	0
2470	-3.50714e-05	-6.81434e-05	0
2480	-3.53037e-05	-6.10745e-05	0
2490	-3.3963e-05	-5.28041e-05	0
2500	-3.0976e-05	-4.37634e-05	0
2510	-2.63658e-05	-3.44722e-05	0
2520	-2.08432e-05	-2.54852e-05	0
2530	-1.44565e-05	-1.72599e-05	0
2540	-8.01792e-06	-1.00332e-05	0
2550	-2.21842e-06	-3.99011e-06	0
2560	2.11797e-06	-1.42635e-05	0
2570	4.89465e-06	-3.02631e-05	0
2580	7.41127e-06	-5.06946e-05	0
2590	8.90768e-06	-7.48368e-05	0
2600	9.44685e-06	-9.92751e-05	0
2610	9.62723e-06	-0.000122795	0
2620	1.00679e-05	-0.000145182	0
2630	1.08534e-05	-0.000164679	0
2640	1.18052e-05	-0.000179223	0
2650	1.30588e-05	-0.000187655	0
2660	1.47583e-05	-0.000189565	0
2670	1.70641e-05	-0.000186065	0
2680	1.89613e-05	-0.000188951	0
2690	2.09739e-05	-0.000180926	0
2700	2.42309e-05	-0.000165086	0
2710	2.97297e-05	-0.000144538	0
2720	3.03349e-05	-0.000120104	0
2730	3.02843e-05	-9.3329e-05	0
2740	2.97015e-05	-6.43543e-05	0
2750	2.91387e-05	-3.36365e-05	0
2760	2.7172e-05	-1.73633e-06	0
2770	2.40003e-05	2.52256e-06	0
2780	2.36105e-05	3.08632e-06	0
2790	2.2135e-05	5.23506e-06	0
2800	2.22319e-05	4.18313e-06	0
2810	2.2401e-05	1.19678e-06	0
2820	2.33121e-05	-1.34566e-06	0
2830	2.02414e-05	-2.33722e-06	0
2840	2.09513e-05	-1.01765e-06	0
2850	1.70853e-05	7.35128e-08	0
2860	1.78949e-05	-6.69547e-07	0
2870	1.72356e-05	1.9143e-07	0
2880	1.33338e-05	1.79642e-06	0
2890	8.3585e-06	4.29805e-06	0
2900	1.03636e-05	8.49698e-08	0
2910	9.39835e-06	6.58939e-06	0
2920	6.83163e-06	1.01076e-06	0
2930	6.23578e-06	1.16146e-06	0
2940	4.40695e-06	8.71658e-07	0
2950	3.18894e-06	-3.15383e-07	0
2960	2.11861e-06	-1.25743e-06	0
2970	1.35057e-06	-3.09514e-06	0
2980	8.57214e-07	-6.10394e-06	0
2990	2.9493e-07	-7.86804e-06	0
3000	4.2697e-08	-1.06443e-05	0
3010	-7.68452e-07	-1.37534e-05	0
3020	-1.3543e-06	-1.66465e-05	0
3030	-1.93882e-06	-1.96019e-05	0
3040	-2.41052e-06	-2.20482e-05	0
3050	-3.814e-06	-2.45542e-05	0
3060	-4.83429e-06	-2.71177e-05	0
3070	-6.22237e-06	-2.84544e-05	0
3080	-7.45255e-06	-2.99429e-05	0
3090	-8.94054e-06	-3.09216e-05	0
3100	-1.03118e-05	-3.12694e-05	0
3110	-1.1653e-05	-3.10881e-05	0
3120	-1.28238e-05	-3.04898e-05	0
3130	-1.4073e-05	-2.91401e-05	0
3140	-1.44732e-05	-2.60208e-05	0
3150	-1.58307e-05	-2.30952e-05	0
3160	-1.68159e-05	-1.9918e-05	0
3170	-1.76179e-05	-1.64475e-05	0
3180	-1.86709e-05	-1.17976e-05	0
3190	-1.99238e-05	-7.64315e-06	0
3200	-2.04441e-05	-2.73056e-06	0
3210	-2.13864e-05	2.16331e-06	0
3220	-2.21436e-05	6.85732e-06	0
3230	-2.19412e-05	1.14797e-05	0
3240	-2.19821e-05	1.49005e-05	0
3250	-2.12043e-05	1.68946e-05	0
3260	-2.03579e-05	1.83112e-05	0
3270	-1.92072e-05	1.93754e-05	0
3280	-1.79559e-05	2.02157e-05	0
3290	-1.64379e-05	2.07038e-05	0
3300	-1.46524e-05	2.10728e-05	0
3310	-1.26065e-05	2.118e-05	0
3320	-1.03121e-05	2.11048e-05	0
3330	-7.89116e-06	2.08476e-05	0
3340	-5.42056e-06	2.06158e-05	0
3350	-2.87007e-06	2.01924e-05	0
3360	-5.5783e-07	2.0056e-05	0
3370	1.36434e-06	1.9648e-05	0
3380	3.75686e-06	1.92056e-05	0
3390	6.14501e-06	1.87837e-05	0
3400	8.01744e-06	1.88315e-05	0
3410	9.26457e-06	1.88881e-05	0
3420	9.31382e-06	1.873e-05	0
3430	1.07488e-05	1.87043e-05	0
3440	1.08227e-05	1.89986e-05	0
3450	1.23124e-05	2.01062e-05	0
3460	1.20232e-05	2.0589e-05	0
3470	1.29693e-05	2.09979e-05	0
3480	1.32334e-05	2.14357e-05	0
3490	1.38928e-05	2.22947e-05	0
3500	1.43574e-05	2.30767e-05	0
3510	1.31856e-05	2.34096e-05	0
3520	1.36531e-05	2.39802e-05	0
3530	1.52092e-05	2.52186e-05	0
3540	1.38906e-05	2.62925e-05	0
3550	1.39517e-05	2.7715e-05	0
3560	1.50204e-05	2.90511e-05	0
3570	1.30755e-05	3.09263e-05	0
3580	1.42685e-05	3.26123e-05	0
3590	1.23821e-05	3.49837e-05	0
3600	1.20915e-05	3.72637e-05	0
3610	1.14982e-05	3.97061e-05	0
3620	1.21245e-05	4.20284e-05	0
3630	1.02237e-05	4.38012e-05	0
3640	1.0065e-05	4.5461e-05	0
3650	1.033e-05	4.63466e-05	0
3660	8.70023e-06	4.6749e-05	0
3670	8.48753e-06	4.64173e-05	0
3680	8.75499e-06	4.48088e-05	0
3690	8.15173e-06	4.27311e-05	0
3700	7.82653e-06	3.97996e-05	0
3710	7.41602e-06	3.61442e-05	0
3720	7.16116e-06	3.20953e-05	0
3730	7.2569e-06	2.80826e-05	0
3740	7.55398e-06	2.86313e-05	0
3750	7.41075e-06	2.92573e-05	0
3760	7.37013e-06	2.94737e-05	0
3770	7.15137e-06	2.94558e-05	0
3780	7.03532e-06	2.93812e-05	0
3790	6.77352e-06	2.91882e-05	0
3800	6.51781e-06	2.86726e-05	0
3810	6.07965e-06	2.77346e-05	0
3820	5.69654e-06	2.64245e-05	0
3830	5.53693e-06	2.45016e-05	0
3840	4.92334e-06	2.24676e-05	0
3850	4.50938e-06	1.98996e-05	0
3860	4.15414e-06	1.70929e-05	0
3870	3.4559e-06	1.44729e-05	0
3880	2.93261e-06	1.17065e-05	0
3890	2.07613e-06	8.97421e-06	0
3900	1.107e-06	6.49355e-06	0
3910	1.38291e-07	4.25911e-06	0
3920	-9.9615e-07	2.2568e-06	0
3930	-2.07401e-06	4.21579e-07	0
3940	-3.23471e-06	-1.29537e-06	0
3950	-4.82988e-06	-2.76018e-06	0
3960	-6.58083e-06	-4.03346e-06	0
3970	-8.21372e-06	-5.40708e-06	0
3980	-1.00301e-05	-6.99209e-06	0
3990	-1.15832e-05	-8.85564e-06	0
4000	-1.30754e-05	-1.10007e-05	0
4010	-1.39039e-05	-1.34253e-05	0
4020	-1.44257e-05	-1.58856e-05	0
4030	-1.44619e-05	-1.79603e-05	0
4040	-1.44623e-05	-1.91396e-05	0
4050	-1.44193e-05	-1.94206e-05	0
4060	-1.43635e-05	-1.91101e-05	0
4070	-1.42838e-05	-1.85512e-05	0
4080	-1.41587e-05	-1.77748e-05	0
4090	-1.39438e-05	-1.68169e-05	0
4100	-1.36816e-05	-1.57061e-05	0
4110	-1.34364e-05	-1.44914e-05	0
4120	-1.33123e-05	-1.31378e-05	0
4130	-1.32412e-05	-1.1655e-05	0
4140	-1.31534e-05	-1.00287e-05	0
4150	-1.33315e-05	-8.23461e-06	0
4160	-1.35748e-05	-6.30113e-06	0
4170	-1.3713e-05	-3.9416e-06	0
4180	-1.39386e-05	2.99628e-06	0
4190	-1.4377e-05	1.02139e-05	0
4200	-1.62047e-05	1.83249e-05	0
4210	-1.5869e-05	2.6878e-05	0
4220	-1.53467e-05	3.27299e-05	0
4230	-1.53727e-05	4.19653e-05	0
4240	-1.48377e-05	5.06954e-05	0
4250	-1.30387e-05	5.92433e-05	0
4260	-1.04219e-05	6.77104e-05	0
4270	-7.50832e-06	7.55942e-05	0
4280	-4.12843e-06	8.25842e-05	0
4290	-3.35194e-07	8.83771e-05	0
4300	3.86224e-06	9.30751e-05	0
4310	5.26592e-06	9.83487e-05	0
4320	4.49317e-06	0.00010005	0
4330	4.59585e-06	0.000101216	0
4340	4.68654e-06	9.99496e-05	0
4350	5.19537e-06	9.47377e-05	0
4360	4.89554e-06	8.6576e-05	0
4370	4.66482e-06	7.58208e-05	0
4380	4.01387e-06	6.26008e-05	0
4390	3.97742e-06	4.83212e-05	0
4400	3.91572e-06	3.28365e-05	0
4410	5.42559e-06	1.8008e-05	0
4420	6.68282e-06	9.99618e-06	0
4430	4.21508e-06	1.09519e-05	0
4440	4.415e-06	8.84935e-06	0
4450	8.08552e-06	9.10376e-06	0
4460	4.60212e-06	9.88397e-06	0
4470	6.27576e-06	8.01985e-06	0
4480	4.58614e-06	9.16389e-06	0
4490	4.47773e-06	1.01107e-05	0
4500	5.87249e-06	9.1487e-06	0
4510	5.06597e-06	1.01979e-05	0
4520	3.49853e-06	9.87657e-06	0
4530	4.86115e-06	9.26363e-06	0
4540	1.9649e-06	1.04716e-05	0
4550	3.33145e-06	9.72147e-06	0
4560	3.82294e-06	1.25921e-05	0
4570	2.68879e-06	1.10604e-05	0
4580	3.09836e-06	1.05544e-05	0
4590	1.03136e-06	1.22789e-05	0
4600	2.51758e-06	1.20015e-05	0
4610	1.69958e-06	1.20743e-05	0
4620	4.1332e-06	1.44268e-05	0
4630	3.78496e-07	1.21326e-05	0
4640	2.72369e-06	1.31839e-05	0
4650	3.74523e-06	1.02232e-05	0
4660	2.81873e-06	1.15722e-05	0
4670	3.98983e-06	1.00794e-05	0
4680	4.11536e-06	8.89299e-06	0
4690	5.14817e-06	8.52606e-06	0
4700	2.78551e-06	8.30332e-06	0
4710	4.11145e-06	5.28143e-06	0
4720	4.33124e-06	4.23413e-06	0
4730	3.37496e-06	2.57973e-06	0
4740	3.30451e-06	2.83294e-06	0
4750	3.40869e-06	1.50359e-06	0
4760	2.94979e-06	8.27026e-07	0
4770	1.55645e-06	1.79116e-08	0
4780	1.11759e-06	-7.86051e-07	0
4790	6.35752e-07	-1.57852e-06	0
4800	-2.82614e-07	-1.86903e-06	0
4810	-1.46321e-06	-2.01e-06	0
4820	-2.69222e-06	-1.89438e-06	0
4830	-4.21207e-06	-1.46307e-06	0
4840	-5.74362e-06	-7.12484e-07	0
4850	-7.28437e-06	2.38713e-07	0
4860	-9.29047e-06	1.81251e-06	0
4870	-1.16402e-05	3.46018e-06	0
4880	-1.37402e-05	5.13422e-06	0
4890	-1.58219e-05	6.73773e-06	0
4900	-1.8634e-05	7.63704e-06	0
4910	-2.14058e-05	8.16177e-06	0
4920	-2.40211e-05	8.18598e-06	0
4930	-2.66296e-05	7.82836e-06	0
4940	-2.9216e-05	7.25763e-06	0
4950	-3.17534e-05	6.89194e-06	0
4960	-3.41816e-05	7.58999e-06	0
4970	-3.63194e-05	1.06777e-05	0
4980	-3.8272e-05	1.68915e-05	0
4990	-4.02089e-05	2.65464e-05	0
5000	-4.20342e-05	3.98185e-05	0
5010	-4.39972e-05	5.68737e-05	0
5020	-4.60746e-05	7.78502e-05	0
5030	-4.8291e-05	0.000102886	0
5040	-5.07182e-05	0.000132103	0
5050	-5.33793e-05	0.000165539	0
5060	-5.62875e-05	0.000203169	0
5070	-5.94598e-05	0.000244901	0
5080	-6.28532e-05	0.000290578	0
5090	-6.64424e-05	0.000339876	0
5100	-7.01699e-05	0.000392371	0
5110	-7.3965e-05	0.000447475	0
5120	-7.77492e-05	0.000504446	0
5130	-8.14412e-05	0.000562363	0
5140	-8.49474e-05	0.000620162	0
5150	-8.82008e-05	0.000676663	0
5160	-9.11113e-05	0.00073053	0
5170	-9.35936e-05	0.000780392	0
5180	-9.55655e-05	0.0008249	0
5190	-9.69574e-05	0.000862724	0
5200	-9.77017e-05	0.000892678	0
5210	-9.77502e-05	0.000913782	0
5220	-9.70686e-05	0.000925329	0
5230	-9.564e-05	0.000926909	0
5240	-9.34847e-05	0.000918446	0
5250	-9.06891e-05	0.000900125	0
5260	-8.72854e-05	0.000872623	0
5270	-8.33278e-05	0.000836862	0
5280	-7.88835e-05	0.000793869	0
5290	-7.40043e-05	0.000744749	0
5300	-6.87455e-05	0.00069054	0
5310	-6.31455e-05	0.000632191	0
5320	-5.72383e-05	0.000570448	0
5330	-5.10402e-05	0.000505841	0
5340	-4.45512e-05	0.000438687	0
5350	-3.77493e-05	0.000369046	0
5360	-3.05921e-05	0.000296861	0
5370	-2.30423e-05	0.000221808	0
5380	-1.50286e-05	0.000143572	0
5390	-6.53307e-06	6.18572e-05	0
5400	2.40096e-06	-2.34406e-05	0
5410	1.17107e-05	-0.000112345	0
5420	2.12081e-05	-0.000204379	0
5430	3.02842e-05	-0.000275119	0
5440	3.78399e-05	-0.000268484	0
5450	4.6145e-05	-0.000246224	0
5460	5.37849e-05	-0.000227561	0
5470	6.02428e-05	-0.00021294	0
5480	6.51366e-05	-0.000202426	0
5490	6.72267e-05	-0.000193078	0
5500	6.5895e-05	-0.000182253	0
5510	6.37861e-05	-0.000165115	0
5520	6.3821e-05	-0.00014242	0
5530	6.6737e-05	-0.000116352	0
5540	7.05182e-05	-8.79387e-05	0
5550	7.49515e-05	-5.58303e-05	0
5560	7.89553e-05	-2.1528e-05	0
5570	8.26033e-05	1.96028e-05	0
5580	8.52986e-05	6.49593e-05	0
5590	8.57084e-05	0.000117592	0
5600	8.74609e-05	0.000173874	0
5610	8.84138e-05	0.000187164	0
5620	7.93918e-05	0.00020321	0
5630	7.54284e-05	0.000214894	0
5640	6.99982e-05	0.00022392	0
5650	6.43811e-05	0.00023051	0
5660	5.69376e-05	0.000235697	0
5670	4.8919e-05	0.000238247	0
5680	4.0288e-05	0.000239786	0
5690	3.14624e-05	0.000239876	0
5700	2.32175e-05	0.000238477	0
5710	1.56115e-05	0.000235297	0
5720	8.81372e-06	0.000230691	0
5730	2.84644e-06	0.00022567	0
5740	-2.85225e-06	0.000222625	0
5750	-7.25927e-06	0.000220462	0
5760	-9.36051e-06	0.000217281	0
5770	-8.28516e-06	0.000213983	0
5780	-5.16744e-06	0.000210545	0
5790	-2.92014e-06	0.000203208	0
5800	-2.38729e-07	0.000192655	0
5810	2.14073e-06	0.000175951	0
5820	3.60318e-06	0.000151234	0
5830	4.03447e-06	0.00011726	0
5840	2.76492e-06	7.14686e-05	0
5850	-4.5298e-07	8.98952e-06	0
5860	-1.98154e-06	-5.6027e-05	0
5870	4.16372e-07	-7.29949e-05	0
5880	1.07687e-05	-9.75157e-05	0
5890	1.70875e-05	-0.000124721	0
5900	2.22294e-05	-0.00018098	0
5910	2.62106e-05	-0.000246599	0
5920	2.86677e-05	-0.000314661	0
5930	2.87846e-05	-0.000381341	0
5940	2.67309e-05	-0.000443251	0
5950	2.27718e-05	-0.000497653	0
5960	1.75302e-05	-0.000542224	0
5970	1.14636e-05	-0.000575825	0
5980	6.52618e-06	-0.000594227	0
5990	4.15776e-08	-0.000596389	0
6000	-5.05883e-06	-0.000588998	0
6010	-9.7274e-06	-0.000571803	0
6020	-1.42476e-05	-0.000543413	0
6030	-1.80475e-05	-0.000504167	0
6040	-2.09096e-05	-0.000454832	0
6050	-2.22083e-05	-0.000396529	0
6060	-2.2161e-05	-0.000329593	0
6070	-2.13629e-05	-0.00025659	0
6080	-2.02299e-05	-0.000178779	0
6090	-2.14233e-05	-9.61155e-05	0
6100	-2.33697e-05	-4.68876e-05	0
6110	-2.32598e-05	-1.15662e-05	0
6120	-2.23734e-05	2.3472e-05	0
6130	-2.18759e-05	4.36358e-05	0
6140	-1.83705e-05	6.22487e-05	0
6150	-1.43477e-05	7.87752e-05	0
6160	-9.08558e-06	9.71248e-05	0
6170	-1.7683e-06	0.000116664	0
6180	6.06881e-06	0.000138938	0
6190	1.67617e-05	0.000163169	0
6200	2.74522e-05	0.000188439	0
6210	3.87763e-05	0.000215983	0
6220	4.912e-05	0.000242833	0
6230	5.82647e-05	0.000267202	0
6240	6.55116e-05	0.000287761	0
6250	7.15379e-05	0.000302442	0
6260	7.46657e-05	0.000312651	0
6270	7.4827e-05	0.00032274	0
6280	7.2225e-05	0.000334123	0
6290	6.71751e-05	0.000346402	0
6300	5.97786e-05	0.000358687	0
6310	5.02105e-05	0.000369749	0
6320	3.86501e-05	0.000378143	0
6330	2.52824e-05	0.000382425	0
6340	1.04003e-05	0.000381094	0
6350	-5.32141e-06	0.000372679	0
6360	-2.13662e-05	0.000355544	0
6370	-3.33099e-05	0.000323195	0
6380	-4.01022e-05	0.000276944	0
6390	-4.57699e-05	0.000222838	0
6400	-5.15647e-05	0.000162749	0
6410	-5.68296e-05	9.19407e-05	0
6420	-6.02695e-05	1.67423e-05	0
6430	-6.26852e-05	-4.85133e-05	0
6440	-6.30404e-05	-5.98842e-05	0
6450	-6.25402e-05	-6.79207e-05	0
6460	-5.94596e-05	-7.42653e-05	0
6470	-5.75436e-05	-9.22629e-05	0
6480	-4.90282e-05	-9.32649e-05	0
6490	-4.65913e-05	-9.94522e-05	0
6500	-4.15763e-05	-0.00011203	0
6510	-3.3733e-05	-0.000122513	0
6520	-2.71088e-05	-0.000133959	0
6530	-1.96147e-05	-0.000144576	0
6540	-1.22708e-05	-0.00015467	0
6550	-5.43911e-06	-0.000166013	0
6560	8.04789e-07	-0.000178948	0
6570	6.60813e-06	-0.000193331	0
6580	1.36855e-05	-0.000208515	0
6590	1.89929e-05	-0.00022348	0
6600	2.37894e-05	-0.000237487	0
6610	2.88246e-05	-0.000250858	0
6620	3.22486e-05	-0.000263056	0
6630	3.72988e-05	-0.000273206	0
6640	4.24544e-05	-0.000279846	0
6650	4.59234e-05	-0.000283671	0
6660	5.1908e-05	-0.000282617	0
6670	5.4812e-05	-0.000278153	0
6680	6.00036e-05	-0.0002676	0
6690	6.28817e-05	-0.000251834	0
6700	6.50551e-05	-0.000230897	0
6710	6.62045e-05	-0.000206348	0
6720	6.5942e-05	-0.000179208	0
6730	6.36279e-05	-0.000150402	0
6740	5.9484e-05	-0.000120708	0
6750	5.31562e-05	-9.0649e-05	0
6760	4.47692e-05	-6.03106e-05	0
6770	3.35336e-05	-2.88717e-05	0
6780	2.06597e-05	4.1187e-06	0
6790	7.17915e-06	3.78617e-05	0
6800	-5.45865e-06	6.09611e-05	0
6810	-1.44975e-05	7.10539e-05	0
6820	-1.9363e-05	7.921e-05	0
6830	-2.42506e-05	8.9548e-05	0
6840	-2.91014e-05	9.62035e-05	0
6850	-3.47258e-05	0.000101467	0
6860	-3.96507e-05	0.000105348	0
6870	-4.39727e-05	0.000108943	0
6880	-4.75139e-05	0.000113178	0
6890	-5.00865e-05	0.000118645	0
6900	-5.18371e-05	0.000125481	0
6910	-5.28251e-05	0.000133191	0
6920	-5.30712e-05	0.000141001	0
6930	-5.24749e-05	0.000147978	0
6940	-5.16082e-05	0.000153798	0
6950	-5.01324e-05	0.000158149	0
6960	-4.78477e-05	0.000159905	0
6970	-4.57457e-05	0.000159466	0
6980	-4.29825e-05	0.000156045	0
6990	-3.99071e-05	0.000149782	0
7000	-3.7342e-05	0.000140905	0
7010	-3.41657e-05	0.000130451	0
7020	-3.12672e-05	0.000117501	0
7030	-2.79295e-05	0.00010283	0
7040	-2.4641e-05	8.69588e-05	0
7050	-2.13431e-05	7.04472e-05	0
7060	-1.78873e-05	5.37961e-05	0
7070	-1.42939e-05	3.75753e-05	0
7080	-1.0211e-05	2.20991e-05	0
7090	-5.78676e-06	7.21087e-06	0
7100	-1.41858e-06	-4.95853e-06	0
7110	4.19451e-06	-1.59017e-05	0
7120	9.89536e-06	-2.48344e-05	0
7130	1.55152e-05	-3.12737e-05	0
7140	2.08972e-05	-3.464e-05	0
7150	2.59959e-05	-3.47067e-05	0
7160	3.08509e-05	-3.13067e-05	0
7170	3.55476e-05	-2.45155e-05	0
7180	3.99276e-05	-1.55744e-05	0
7190	4.39629e-05	-6.4571e-06	0
7200	4.72892e-05	4.73782e-07	0
7210	5.15413e-05	3.51437e-06	0
7220	5.55764e-05	3.99303e-07	0
7230	5.94891e-05	-8.99234e-06	0
7240	6.36923e-05	-2.51423e-05	0
7250	6.82038e-05	-4.63057e-05	0
7260	7.27121e-05	-7.2345e-05	0
7270	7.71431e-05	-0.000103131	0
7280	8.13948e-05	-0.00013817	0
7290	8.53382e-05	-0.000176615	0
7300	8.881e-05	-0.000217456	0
7310	9.14497e-05	-0.000259289	0
7320	9.28685e-05	-0.000279971	0
7330	9.28156e-05	-0.000286495	0
7340	9.27738e-05	-0.000279269	0
7350	8.61495e-05	-0.000279458	0
7360	7.87972e-05	-0.000272367	0
7370	6.88966e-05	-0.000258688	0
7380	5.70283e-05	-0.000249752	0
7390	4.30519e-05	-0.000221145	0
7400	2.79536e-05	-0.000196176	0
7410	1.22816e-05	-0.000162582	0
7420	-2.77817e-06	-0.000120654	0
7430	-1.10704e-05	-7.68103e-05	0
7440	-1.36103e-05	-2.88373e-05	0
7450	-1.40442e-05	2.1466e-05	0
7460	-1.38594e-05	7.62861e-05	0
7470	-1.36703e-05	0.000154631	0
7480	-1.21148e-05	0.000234405	0
7490	-1.00944e-05	0.000308775	0
7500	-7.88065e-06	0.000377668	0
7510	-5.65244e-06	0.000439354	0
7520	-3.79911e-06	0.000491198	0
7530	-2.44712e-06	0.000530436	0
7540	-1.22764e-06	0.000555672	0
7550	-2.57871e-07	0.000569456	0
7560	1.79462e-06	0.000568433	0
7570	4.08934e-06	0.000553283	0
7580	6.73736e-06	0.00052568	0
7590	9.77211e-06	0.000487596	0
7600	1.31423e-05	0.000440041	0
7610	1.67976e-05	0.00038495	0
7620	2.06193e-05	0.000324612	0
7630	2.53317e-05	0.000261542	0
7640	3.06209e-05	0.000198702	0
7650	3.50306e-05	0.000139271	0
7660	4.31512e-05	0.000116194	0
7670	4.6405e-05	8.55427e-05	0
7680	4.92702e-05	5.36318e-05	0
7690	4.92551e-05	2.93479e-05	0
7700	4.77994e-05	8.30389e-06	0
7710	4.70327e-05	-1.68165e-05	0
7720	4.13744e-05	-4.73462e-05	0
7730	4.16499e-05	-5.84807e-05	0
7740	4.29631e-05	-6.53276e-05	0
7750	4.41896e-05	-7.3069e-05	0
7760	4.48843e-05	-7.97706e-05	0
7770	4.47732e-05	-8.56108e-05	0
7780	4.39312e-05	-9.02631e-05	0
7790	4.30892e-05	-9.46494e-05	0
7800	4.21718e-05	-9.72049e-05	0
7810	4.09641e-05	-9.8698e-05	0
7820	3.95607e-05	-9.99373e-05	0
7830	3.81619e-05	-0.000100916	0
7840	3.68359e-05	-0.000101897	0
7850	3.56668e-05	-0.000102291	0
7860	3.44136e-05	-0.000102003	0
7870	3.3503e-05	-0.000101279	0
7880	3.26531e-05	-0.000100125	0
7890	3.19284e-05	-9.98586e-05	0
7900	3.09677e-05	-0.000102828	0
7910	3.01934e-05	-0.000109805	0
7920	2.91743e-05	-0.00012015	0
7930	2.75261e-05	-0.000132283	0
7940	2.52385e-05	-0.000144282	0
7950	2.2436e-05	-0.000153124	0
7960	1.92789e-05	-0.000158012	0
7970	1.72387e-05	-0.000148108	0
7980	1.34321e-05	-0.000128696	0
7990	9.27676e-06	-0.000103125	0
8000	4.42634e-06	-7.1701e-05	0
8010	1.8605e-06	-3.4247e-05	0
8020	4.71631e-07	-3.31638e-06	0
8030	-5.63864e-07	3.24054e-06	0
8040	5.97219e-06	1.38046e-05	0
8050	2.85985e-06	2.00659e-05	0
8060	5.03582e-06	3.01684e-05	0
8070	6.10809e-06	3.53538e-05	0
8080	6.29036e-06	3.40259e-05	0
8090	6.74176e-06	3.1322e-05	0
8100	7.12731e-06	2.95917e-05	0
8110	7.23966e-06	2.43918e-05	0
8120	7.54525e-06	2.11439e-05	0
8130	7.74291e-06	1.64515e-05	0
8140	7.86811e-06	1.24185e-05	0
8150	8.40886e-06	7.51684e-06	0
8160	9.46667e-06	2.86047e-06	0
8170	9.82352e-06	-4.10401e-07	0
8180	1.09293e-05	-3.09571e-06	0
8190	1.15963e-05	-5.82481e-06	0
8200	1.31179e-05	-8.58955e-06	0
8210	1.32773e-05	-1.11464e-05	0
8220	1.41949e-05	-1.32088e-05	0
8230	1.47617e-05	-1.49582e-05	0
8240	1.61443e-05	-1.64555e-05	0
8250	1.72964e-05	-1.86144e-05	0
8260	1.82729e-05	-2.02882e-05	0
8270	1.98531e-05	-2.19834e-05	0
8280	2.1353e-05	-2.33932e-05	0
8290	2.31278e-05	-2.47682e-05	0
8300	2.46945e-05	-2.67141e-05	0
8310	2.56155e-05	-2.86931e-05	0
8320	2.71681e-05	-2.97909e-05	0
8330	2.88517e-05	-3.19468e-05	0
8340	2.96607e-05	-3.33792e-05	0
8350	3.07986e-05	-3.44952e-05	0
8360	3.1996e-05	-3.41744e-05	0
8370	3.18772e-05	-3.57839e-05	0
8380	3.23249e-05	-3.45223e-05	0
8390	3.15921e-05	-3.44791e-05	0
8400	3.07846e-05	-3.32369e-05	0
8410	3.05779e-05	-3.34051e-05	0
8420	2.87051e-05	-3.02092e-05	0
8430	2.7414e-05	-2.98436e-05	0
8440	2.63153e-05	-2.77486e-05	0
8450	2.45497e-05	-2.4776e-05	0
8460	2.2845e-05	-2.26857e-05	0
8470	2.21984e-05	-1.98418e-05	0
8480	2.47423e-05	-2.07279e-05	0
8490	2.25297e-05	-1.64929e-05	0
8500	1.98927e-05	-1.3311e-05	0
8510	2.12634e-05	-1.26534e-05	0
8520	1.93394e-05	-1.21296e-05	0
8530	2.03917e-05	-1.14105e-05	0
8540	1.89387e-05	-9.65267e-06	0
8550	2.11499e-05	-2.4376e-06	0
8560	1.89878e-05	-3.2291e-06	0
8570	2.2312e-05	-1.29619e-06	0
8580	2.25823e-05	9.18408e-07	0
8590	2.32535e-05	4.46129e-06	0
8600	2.20919e-05	7.40027e-06	0
8610	2.43505e-05	1.01071e-05	0
8620	2.47562e-05	1.48663e-05	0
8630	2.53755e-05	1.97161e-05	0
8640	2.6304e-05	2.30066e-05	0
8650	2.69106e-05	2.69679e-05	0
8660	2.73532e-05	3.16953e-05	0
8670	2.76909e-05	3.63483e-05	0
8680	2.85789e-05	4.07894e-05	0
8690	2.8417e-05	4.56685e-05	0
8700	2.93418e-05	5.02212e-05	0
8710	2.98254e-05	5.44674e-05	0
8720	2.91982e-05	5.91124e-05	0
8730	2.88141e-05	6.386e-05	0
8740	2.79932e-05	6.766e-05	0
8750	2.67664e-05	7.05312e-05	0
8760	2.81202e-05	7.39779e-05	0
8770	2.486e-05	7.44567e-05	0
8780	2.76787e-05	7.4829e-05	0
8790	2.6157e-05	7.44584e-05	0
8800	2.58558e-05	6.94176e-05	0
8810	2.80654e-05	6.98255e-05	0
8820	3.09319e-05	6.57129e-05	0
8830	3.18824e-05	6.16954e-05	0
8840	3.30605e-05	5.76683e-05	0
8850	3.4823e-05	5.3984e-05	0
8860	3.57833e-05	4.95208e-05	0
8870	3.80892e-05	4.57149e-05	0
8880	4.14055e-05	4.31617e-05	0
8890	4.52597e-05	4.21446e-05	0
8900	4.99607e-05	4.24972e-05	0
8910	5.51293e-05	4.33764e-05	0
8920	6.03315e-05	4.43344e-05	0
8930	6.53623e-05	4.51514e-05	0
8940	6.96016e-05	4.47969e-05	0
8950	7.21842e-05	4.25097e-05	0
8960	7.23191e-05	3.60285e-05	0
8970	7.16083e-05	2.06712e-05	0
8980	6.82094e-05	6.76188e-07	0
8990	6.38939e-05	-2.2477e-05	0
9000	5.79839e-05	-4.68094e-05	0
9010	5.00707e-05	-7.24888e-05	0
9020	4.07961e-05	-9.96241e-05	0
9030	3.01504e-05	-0.000128796	0
9040	2.02491e-05	-0.000145778	0
9050	1.1214e-05	-0.000150593	0
9060	3.37705e-06	-0.00015432	0
9070	-3.58969e-06	-0.000155259	0
9080	-8.47983e-06	-0.000153868	0
9090	-1.32756e-05	-0.000147579	0
9100	-1.81639e-05	-0.000139641	0
9110	-2.04199e-05	-0.000131068	0
9120	-2.27177e-05	-0.000121667	0
9130	-2.29682e-05	-0.000112299	0
9140	-2.24694e-05	-0.000101757	0
9150	-2.04275e-05	-9.15774e-05	0
9160	-1.60022e-05	-8.22404e-05	0
9170	-9.99248e-06	-6.95001e-05	0
9180	-3.7595e-06	-5.94847e-05	0
9190	-6.65261e-06	-4.75104e-05	0
9200	-8.29168e-06	-3.50467e-05	0
9210	-7.45356e-06	-2.08545e-05	0
9220	-6.23635e-06	-4.15663e-06	0
9230	-6.00541e-06	1.25991e-05	0
9240	-5.17162e-06	3.22237e-05	0
9250	-3.13153e-06	5.19587e-05	0
9260	1.49244e-07	6.49753e-05	0
9270	2.08174e-06	7.87325e-05	0
9280	3.56244e-06	9.67421e-05	0
9290	4.74834e-06	0.000118698	0
9300	5.56283e-06	0.000144102	0
9310	6.03211e-06	0.000172261	0
9320	5.98998e-06	0.000202098	0
9330	5.8293e-06	0.000232194	0
9340	5.55926e-06	0.000261242	0
9350	5.23242e-06	0.000288247	0
9360	4.21169e-06	0.000309948	0
9370	4.59244e-06	0.000323377	0
9380	5.01774e-06	0.00032814	0
9390	4.87711e-06	0.000328781	0
9400	5.50651e-06	0.000314267	0
9410	7.18318e-06	0.000290075	0
9420	7.81882e-06	0.000259289	0
9430	7.38841e-06	0.000219509	0
9440	8.34611e-06	0.000173043	0
9450	9.01447e-06	0.000121865	0
9460	8.52013e-06	6.68559e-05	0
9470	8.54879e-06	8.64599e-06	0
9480	8.14875e-06	-1.04924e-05	0
9490	7.69464e-06	-1.09763e-05	0
9500	8.17121e-06	-1.33609e-05	0
9510	8.58671e-06	-1.38656e-05	0
9520	8.66212e-06	-1.37693e-05	0
9530	9.20523e-06	-1.31063e-05	0
9540	9.86126e-06	-1.26826e-05	0
9550	1.11314e-05	-1.24766e-05	0
9560	1.30016e-05	-1.28473e-05	0
9570	1.42485e-05	-1.33147e-05	0
9580	1.57441e-05	-1.43386e-05	0
9590	1.73614e-05	-1.52868e-05	0
9600	1.79408e-05	-1.70294e-05	0
9610	1.93496e-05	-1.80987e-05	0
9620	1.9183e-05	-1.84579e-05	0
9630	1.95049e-05	-1.76212e-05	0
9640	1.92691e-05	-1.52854e-05	0
9650	1.94059e-05	-1.26517e-05	0
9660	1.85146e-05	-9.81748e-06	0
9670	1.88991e-05	-6.49991e-06	0
9680	1.84825e-05	-2.44581e-06	0
9690	1.8647e-05	2.17889e-06	0
9700	1.83066e-05	6.39091e-06	0
9710	1.84741e-05	1.16186e-05	0
9720	1.97385e-05	1.44092e-05	0
9730	2.16501e-05	1.59616e-05	0
9740	2.28182e-05	1.74624e-05	0
9750	2.35307e-05	1.94198e-05	0
9760	2.5135e-05	1.98844e-05	0
9770	2.42386e-05	2.19299e-05	0
9780	2.46103e-05	2.13944e-05	0
9790	2.62449e-05	2.3011e-05	0
9800	2.4366e-05	2.0708e-05	0
9810	2.24299e-05	2.14586e-05	0
9820	2.17232e-05	1.88891e-05	0
9830	1.88414e-05	1.67819e-05	0
9840	1.44428e-05	1.62102e-05	0
9850	1.14433e-05	1.25449e-05	0
9860	8.52428e-06	1.04077e-05	0
9870	6.46527e-06	6.94795e-06	0
9880	4.06279e-06	3.75123e-06	0
9890	1.88968e-06	2.07598e-07	0
9900	-6.17466e-07	-4.36439e-06	0
9910	-3.14203e-06	-1.07635e-05	0
9920	-6.47818e-06	-1.64321e-05	0
9930	-1.23125e-05	-2.30511e-05	0
9940	-2.11206e-05	-3.24095e-05	0
9950	-2.31739e-05	-3.96938e-05	0
9960	-2.29814e-05	-4.5162e-05	0
9970	-2.08635e-05	-5.16482e-05	0
9980	-1.76231e-05	-5.68756e-05	0
9990	-1.39414e-05	-6.48001e-05	0
10000	-1.07033e-05	-7.70858e-05	0
10010	-7.61999e-06	-9.33832e-05	0
10020	-4.19711e-06	-0.000112352	0
10030	-3.25502e-07	-0.000133022	0
10040	1.46081e-06	-0.000152046	0
10050	2.78227e-06	-0.000166576	0
10060	4.29144e-06	-0.000179445	0
10070	6.17141e-06	-0.000189188	0
10080	8.93907e-06	-0.000194012	0
10090	1.31893e-05	-0.000193789	0
10100	1.97544e-05	-0.000187264	0
10110	2.88213e-05	-0.000175237	0
10120	3.84046e-05	-0.000157203	0
10130	4.87183e-05	-0.000132994	0
10140	5.8952e-05	-0.000101718	0
10150	6.8427e-05	-6.25983e-05	0
10160	7.63305e-05	-1.4804e-05	0
10170	8.17987e-05	4.20769e-05	0
10180	8.39939e-05	0.000108001	0
10190	8.22217e-05	0.000182339	0
10200	7.84212e-05	0.000255547	0
10210	6.86314e-05	0.000331468	0
10220	5.45271e-05	0.000425418	0
10230	3.76207e-05	0.000540157	0
10240	1.97978e-05	0.000670547	0
10250	1.76481e-06	0.000810119	0
10260	-1.69063e-05	0.000950992	0
10270	-3.57691e-05	0.00108548	0
10280	-5.37236e-05	0.0012058	0
10290	-6.93275e-05	0.00130358	0
10300	-8.09161e-05	0.00136928	0
10310	-9.06572e-05	0.00138699	0
10320	-9.69732e-05	0.00136476	0
10330	-0.000103315	0.00129339	0
10340	-0.000108787	0.0011818	0
10350	-0.000112651	0.00105079	0
10360	-0.00011679	0.000878496	0
10370	-0.000120572	0.000671041	0
10380	-0.000123293	0.000434212	0
10390	-0.000124168	0.000173123	0
10400	-0.00012251	-0.000105164	0
10410	-0.000117692	-0.000392534	0
10420	-0.000108607	-0.000664481	0
10430	-9.6756e-05	-0.000865771	0
10440	-8.2169e-05	-0.00105259	0
10450	-6.48885e-05	-0.0012174	0
10460	-4.48231e-05	-0.00135289	0
10470	-2.19503e-05	-0.0014573	0
10480	2.12848e-06	-0.00154217	0
10490	2.66122e-05	-0.00158548	0
10500	5.03657e-05	-0.00159151	0
10510	7.30245e-05	-0.00154745	0
10520	9.38933e-05	-0.00145279	0
10530	0.000113016	-0.00130972	0
10540	0.000130952	-0.00112275	0
10550	0.000148901	-0.000899247	0
10560	0.000167014	-0.000650246	0
10570	0.000182161	-0.000386673	0
10580	0.000191338	-0.000118402	0
10590	0.000191334	0.000104643	0
10600	0.000186529	0.000219545	0
10610	0.000175053	0.000319257	0
10620	0.000157389	0.000402196	0
10630	0.00013459	0.000467981	0
10640	0.000107443	0.000516715	0
10650	7.74432e-05	0.000557441	0
10660	4.72753e-05	0.000612861	0
10670	2.82542e-05	0.000661159	0
10680	1.88711e-05	0.00069412	0
10690	1.22846e-05	0.000711981	0
10700	6.57103e-06	0.000715725	0
10710	-4.33898e-06	0.000707866	0
10720	-1.27828e-05	0.000693061	0
10730	-1.96251e-05	0.000673375	0
10740	-2.44698e-05	0.000651423	0
10750	-2.7638e-05	0.000629382	0
10760	-2.93744e-05	0.000608766	0
10770	-2.95911e-05	0.000590731	0
10780	-2.85212e-05	0.000575918	0
10790	-2.65174e-05	0.000563907	0
10800	-2.40669e-05	0.000553607	0
10810	-2.17837e-05	0.00054275	0
10820	-2.00885e-05	0.000527824	0
10830	-2.02092e-05	0.000505711	0
10840	-2.19503e-05	0.000475965	0
10850	-2.73028e-05	0.000435401	0
10860	-3.73979e-05	0.000379869	0
10870	-4.99679e-05	0.000306605	0
10880	-5.82298e-05	0.000220586	0
10890	-6.18953e-05	0.000129117	0
10900	-6.52493e-05	3.36559e-05	0
10910	-6.82542e-05	-4.54068e-05	0
10920	-6.78097e-05	-5.29875e-05	0
10930	-6.74853e-05	-6.12877e-05	0
10940	-6.56163e-05	-7.37111e-05	0
10950	-6.22607e-05	-8.93143e-05	0
10960	-5.76621e-05	-0.000107705	0
10970	-5.0694e-05	-0.00013132	0
10980	-4.07282e-05	-0.000152554	0
10990	-3.27185e-05	-0.000174849	0
11000	-2.4308e-05	-0.000194599	0
11010	-1.5162e-05	-0.000210296	0
11020	-4.06636e-06	-0.000220554	0
11030	3.95277e-06	-0.00022633	0
11040	1.29481e-05	-0.000227563	0
11050	2.18888e-05	-0.00022466	0
11060	2.98224e-05	-0.000217014	0
11070	3.75164e-05	-0.000205926	0
11080	4.43248e-05	-0.000191543	0
11090	5.03979e-05	-0.000174239	0
11100	5.54396e-05	-0.000154809	0
11110	5.93557e-05	-0.000133936	0
11120	6.20107e-05	-0.000112732	0
11130	6.33896e-05	-9.21369e-05	0
11140	6.35161e-05	-7.27301e-05	0
11150	6.24738e-05	-5.50392e-05	0
11160	6.01866e-05	-4.21275e-05	0
11170	5.7547e-05	-3.38308e-05	0
11180	5.55769e-05	-2.61425e-05	0
11190	5.30723e-05	-1.96056e-05	0
11200	4.9397e-05	-1.40364e-05	0
11210	4.50881e-05	-9.41781e-06	0
11220	3.99129e-05	-5.5429e-06	0
11230	3.40222e-05	-1.94694e-06	0
11240	2.84365e-05	1.38865e-06	0
11250	2.29493e-05	5.0458e-06	0
11260	1.78234e-05	8.98308e-06	0
11270	1.32251e-05	1.3271e-05	0
11280	8.54539e-06	2.41385e-05	0
11290	4.33058e-06	3.49075e-05	0
11300	1.43668e-06	4.69711e-05	0
11310	-4.46776e-07	5.95103e-05	0
11320	-8.48474e-07	6.9875e-05	0
11330	-3.74502e-07	7.62695e-05	0
11340	-1.4897e-06	7.51993e-05	0
11350	-3.54648e-06	6.70033e-05	0
11360	-6.19942e-06	5.3127e-05	0
11370	-9.91095e-06	3.45576e-05	0
11380	-1.56687e-05	1.27118e-05	0
11390	-2.19994e-05	2.64284e-06	0
11400	-3.08488e-05	-2.0968e-06	0
11410	-4.08838e-05	-3.08588e-06	0
11420	-5.1262e-05	-8.24907e-07	0
11430	-6.08665e-05	6.10715e-06	0
11440	-6.88138e-05	1.84505e-05	0
11450	-7.46647e-05	3.68084e-05	0
11460	-7.75241e-05	6.06459e-05	0
11470	-7.76942e-05	8.9e-05	0
11480	-7.0778e-05	0.000124619	0
11490	-6.10354e-05	0.000161389	0
11500	-4.96966e-05	0.000195772	0
11510	-3.55497e-05	0.000201382	0
11520	-2.07162e-05	0.000211712	0
11530	-4.46738e-06	0.000231121	0
11540	1.20542e-05	0.000260217	0
11550	2.78083e-05	0.000297738	0
11560	4.18131e-05	0.000341485	0
11570	5.23091e-05	0.000388627	0
11580	5.97577e-05	0.00043562	0
11590	5.66272e-05	0.000472359	0
11600	5.18478e-05	0.000474892	0
11610	4.63232e-05	0.000464016	0
11620	4.0563e-05	0.000439798	0
11630	3.46736e-05	0.000401509	0
11640	2.88678e-05	0.000347978	0
11650	2.23812e-05	0.000281095	0
11660	1.46485e-05	0.000203996	0
11670	6.00787e-06	0.000118355	0
11680	-3.22619e-06	2.47879e-05	0
11690	-1.10345e-05	-7.40441e-05	0
11700	-1.95989e-05	-0.000113081	0
11710	-2.85702e-05	-0.000144441	0
11720	-3.62627e-05	-0.000175439	0
11730	-4.14825e-05	-0.000208446	0
11740	-4.52728e-05	-0.00024479	0
11750	-4.73184e-05	-0.000284474	0
11760	-4.75805e-05	-0.000327582	0
11770	-4.64888e-05	-0.00037007	0
11780	-4.42551e-05	-0.000408393	0
11790	-4.1424e-05	-0.000438438	0
11800	-3.80577e-05	-0.000456247	0
11810	-3.29591e-05	-0.000458381	0
11820	-2.46928e-05	-0.000441618	0
11830	-2.38284e-05	-0.000398633	0
11840	-2.06083e-05	-0.000340061	0
11850	-1.90879e-05	-0.000268334	0
11860	-1.74933e-05	-0.000187769	0
11870	-1.59434e-05	-0.000104129	0
11880	-1.39084e-05	-2.03093e-05	0
11890	-1.44472e-05	1.39983e-05	0
11900	-1.35559e-05	2.26097e-05	0
11910	-1.20287e-05	3.07053e-05	0
11920	-1.15468e-05	3.52641e-05	0
11930	-1.15002e-05	3.54919e-05	0
11940	-9.22494e-06	3.38833e-05	0
11950	-9.2915e-06	3.08928e-05	0
11960	-6.83628e-06	2.43001e-05	0
11970	-6.14446e-06	1.78993e-05	0
11980	-5.84563e-06	1.25748e-05	0
11990	-2.81881e-06	1.73792e-05	0
12000	-2.58248e-06	2.11381e-05	0
12010	-9.60424e-08	2.5248e-05	0
12020	1.16725e-06	3.12444e-05	0
12030	2.9554e-06	3.80092e-05	0
12040	7.28828e-06	4.44184e-05	0
12050	1.23268e-05	5.02321e-05	0
12060	1.9309e-05	5.77898e-05	0
12070	2.69529e-05	6.8133e-05	0
12080	3.55278e-05	8.14235e-05	0
12090	4.36475e-05	9.70477e-05	0
12100	5.23916e-05	0.000116996	0
12110	5.96242e-05	0.000137991	0
12120	6.3282e-05	0.000147207	0
12130	6.50859e-05	0.000173778	0
12140	6.65286e-05	0.000177547	0
12150	6.026e-05	0.000189083	0
12160	5.7273e-05	0.000196085	0
12170	4.92647e-05	0.00019353	0
12180	3.98535e-05	0.000186492	0
12190	2.76078e-05	0.000173299	0
12200	1.24252e-05	0.000152682	0
12210	-2.9239e-06	0.000125725	0
12220	-1.90105e-05	9.26901e-05	0
12230	-3.45446e-05	5.66238e-05	0
12240	-5.2141e-05	1.68957e-05	0
12250	-6.80681e-05	-2.08565e-05	0
12260	-8.10412e-05	-4.42538e-05	0
12270	-8.73322e-05	-4.79508e-05	0
12280	-9.02452e-05	-5.18388e-05	0
12290	-9.11651e-05	-5.50841e-05	0
12300	-8.97662e-05	-5.92617e-05	0
12310	-8.5895e-05	-6.56086e-05	0
12320	-8.01436e-05	-7.43505e-05	0
12330	-7.30981e-05	-8.46229e-05	0
12340	-6.52792e-05	-9.48682e-05	0
12350	-5.70602e-05	-0.000103119	0
12360	-4.91872e-05	-0.0001075	0
12370	-4.23589e-05	-0.000106124	0
12380	-3.59963e-05	-9.7872e-05	0
12390	-3.08967e-05	-8.1759e-05	0
12400	-2.68591e-05	-5.77549e-05	0
12410	-2.65768e-05	-3.14249e-05	0
12420	-2.18165e-05	-1.92052e-05	0
12430	-1.88475e-05	-7.88747e-06	0
12440	-1.67763e-05	2.71965e-06	0
12450	-1.5273e-05	1.18745e-05	0
12460	-1.68895e-05	1.15308e-05	0
12470	-2.00075e-05	1.07522e-05	0
12480	-2.37122e-05	1.0105e-05	0
12490	-2.78426e-05	9.58196e-06	0
12500	-3.19463e-05	9.50566e-06	0
12510	-3.67259e-05	9.11379e-06	0
12520	-4.09675e-05	1.00884e-05	0
12530	-4.36331e-05	1.13068e-05	0
12540	-4.46947e-05	1.33771e-05	0
12550	-4.37446e-05	1.61913e-05	0
12560	-4.07895e-05	1.9702e-05	0
12570	-3.60122e-05	2.38372e-05	0
12580	-2.96632e-05	2.84818e-05	0
12590	-2.21464e-05	3.35418e-05	0
12600	-1.44761e-05	3.83988e-05	0
12610	-6.63965e-06	4.3448e-05	0
12620	7.53556e-07	4.92662e-05	0
12630	7.28157e-06	5.56403e-05	0
12640	1.28451e-05	6.24586e-05	0
12650	1.74552e-05	6.98088e-05	0
12660	2.08491e-05	7.71356e-05	0
12670	2.29253e-05	8.33422e-05	0
12680	2.16106e-05	8.26286e-05	0
12690	2.13433e-05	7.87509e-05	0
12700	1.88793e-05	7.57289e-05	0
12710	1.73045e-05	7.07935e-05	0
12720	1.45401e-05	6.47579e-05	0
12730	1.14311e-05	5.8171e-05	0
12740	8.90411e-06	5.11893e-05	0
12750	6.21167e-06	4.51053e-05	0
12760	3.37172e-06	4.07803e-05	0
12770	2.87532e-08	3.83962e-05	0
12780	-3.75419e-06	3.88017e-05	0
12790	-7.22673e-06	4.01709e-05	0
12800	-8.96023e-06	4.35612e-05	0
12810	-1.22468e-05	4.72464e-05	0
12820	-1.30377e-05	5.31679e-05	0
12830	-1.26377e-05	6.11445e-05	0
12840	-1.20875e-05	6.93553e-05	0
12850	-9.61178e-06	7.48103e-05	0
12860	-6.95656e-06	7.91938e-05	0
12870	-5.22046e-06	7.88004e-05	0
12880	-2.66854e-06	7.42581e-05	0
12890	7.20387e-08	6.6952e-05	0
12900	4.21836e-06	5.95296e-05	0
12910	8.59367e-06	5.68686e-05	0
12920	1.32909e-05	6.09769e-05	0
12930	1.64609e-05	6.88375e-05	0
12940	1.67341e-05	7.76986e-05	0
12950	1.12699e-05	7.4772e-05	0
12960	1.52392e-05	5.42935e-05	0
12970	1.72938e-05	3.13829e-05	0
12980	2.22126e-05	7.32386e-06	0
12990	2.81492e-05	1.7067e-05	0
13000	3.11957e-05	2.9484e-05	0
13010	3.26515e-05	3.95346e-05	0
13020	3.18042e-05	4.67773e-05	0
13030	2.9115e-05	4.80028e-05	0
13040	2.53845e-05	4.98723e-05	0
13050	2.17577e-05	4.95035e-05	0
13060	2.00348e-05	4.64019e-05	0
13070	1.99129e-05	3.58407e-05	0
13080	1.39621e-05	2.40637e-05	0
13090	1.38746e-05	1.74016e-05	0
13100	7.38223e-06	-1.68278e-07	0
13110	2.00242e-06	-1.54633e-05	0
13120	8.81547e-07	-3.11462e-05	0
13130	-6.10995e-06	-4.68834e-05	0
13140	-1.43992e-05	-5.79556e-05	0
13150	-2.44498e-05	-6.34364e-05	0
13160	-3.56935e-05	-6.49383e-05	0
13170	-4.61883e-05	-6.21609e-05	0
13180	-5.3821e-05	-5.33038e-05	0
13190	-6.24485e-05	-3.82654e-05	0
13200	-6.8944e-05	-3.44196e-05	0
13210	-7.25017e-05	-2.79042e-05	0
13220	-7.32579e-05	-1.83828e-05	0
13230	-7.10879e-05	-8.99342e-06	0
13240	-6.40212e-05	-1.09664e-06	0
13250	-5.55953e-05	3.31784e-06	0
13260	-4.12324e-05	8.32019e-07	0
13270	-2.77619e-05	-1.72845e-06	0
13280	-1.12113e-05	-3.75255e-06	0
13290	4.66851e-06	-1.64932e-06	0
13300	1.16477e-05	1.97196e-06	0
13310	1.56124e-05	8.00405e-06	0
13320	1.78497e-05	1.33319e-05	0
13330	1.80663e-05	1.68447e-05	0
13340	1.81436e-05	1.98161e-05	0
13350	1.66143e-05	2.09182e-05	0
13360	1.52984e-05	2.20952e-05	0
13370	1.21722e-05	2.2215e-05	0
13380	9.84667e-06	2.35327e-05	0
13390	7.3452e-06	2.56477e-05	0
13400	7.1078e-06	3.0333e-05	0
13410	3.54611e-06	2.93611e-05	0
13420	1.40581e-06	2.7491e-05	0
13430	7.53372e-07	2.78871e-05	0
13440	-7.97115e-07	2.3728e-05	0
13450	8.32486e-07	2.25083e-05	0
13460	-2.666e-07	2.17544e-05	0
13470	-2.2799e-06	2.01865e-05	0
13480	-2.59798e-06	1.98783e-05	0
13490	1.17094e-07	1.85441e-05	0
13500	-1.66956e-06	1.47322e-05	0
13510	-1.63966e-06	1.03482e-05	0
13520	-2.64998e-06	9.46251e-06	0
13530	-1.05746e-06	1.04782e-05	0
13540	-8.97379e-07	1.0783e-05	0
13550	-1.97643e-07	1.18502e-05	0
13560	-1.75927e-06	1.26912e-05	0
13570	9.04172e-07	1.4863e-05	0
13580	-1.1597e-06	1.51412e-05	0
13590	7.37886e-07	1.67532e-05	0
13600	-2.32039e-06	1.87154e-05	0
13610	1.00145e-07	2.08025e-05	0
13620	-9.18704e-07	2.17275e-05	0
13630	3.9332e-07	2.48026e-05	0
13640	-9.93515e-07	2.60174e-05	0
13650	-1.0461e-06	2.62738e-05	0
13660	-2.43909e-07	2.59921e-05	0
13670	-2.66785e-07	2.76956e-05	0
13680	-8.64011e-07	2.81546e-05	0
13690	-1.26689e-06	2.9013e-05	0
13700	-1.13232e-06	3.02901e-05	0
13710	-1.19767e-06	3.26475e-05	0
13720	-1.3184e-06	3.65182e-05	0
13730	5.24203e-07	4.07396e-05	0
13740	-1.11263e-06	4.43419e-05	0
13750	1.13383e-07	4.80906e-05	0
13760	6.05792e-07	5.13298e-05	0
13770	5.97932e-07	5.25487e-05	0
13780	2.8563e-06	5.53004e-05	0
13790	6.13336e-07	5.49909e-05	0
13800	2.83941e-06	5.32742e-05	0
13810	4.27642e-07	5.10868e-05	0
13820	2.45395e-06	4.85219e-05	0
13830	2.4356e-06	4.30035e-05	0
13840	1.79157e-06	3.88017e-05	0
13850	2.40961e-06	3.07501e-05	0
13860	1.87983e-06	2.31864e-05	0
13870	1.96827e-06	1.37721e-05	0
13880	2.77649e-06	6.16691e-06	0
13890	9.90147e-07	-1.25392e-06	0
13900	-1.26303e-06	-4.79137e-06	0
13910	-4.57442e-06	-6.90051e-06	0
13920	-6.08762e-06	-6.61269e-06	0
13930	-7.81971e-06	-5.30628e-06	0
13940	-7.9919e-06	-4.10294e-06	0
13950	-6.45821e-06	-1.54566e-06	0
13960	-6.68398e-06	-2.70479e-06	0
13970	-7.40602e-06	-1.70872e-06	0
13980	-7.97909e-06	-1.03194e-05	0
13990	-5.92011e-06	-1.64388e-05	0
14000	-4.08399e-06	-2.87907e-05	0
14010	2.78725e-07	-4.13108e-05	0
14020	2.85774e-06	-5.79433e-05	0
14030	3.53306e-06	-7.48415e-05	0
14040	7.00056e-06	-7.81713e-05	0
14050	9.77455e-06	-8.04992e-05	0
14060	1.37703e-05	-7.98017e-05	0
14070	1.83533e-05	-7.82315e-05	0
14080	2.33466e-05	-7.85195e-05	0
14090	2.86095e-05	-8.14299e-05	0
14100	3.4041e-05	-8.43706e-05	0
14110	3.83254e-05	-8.35182e-05	0
14120	4.3051e-05	-7.65692e-05	0
14130	4.6763e-05	-6.57056e-05	0
14140	4.81257e-05	-6.30989e-05	0
14150	5.01228e-05	-6.46863e-05	0
14160	5.15816e-05	-6.72042e-05	0
14170	5.19842e-05	-7.04986e-05	0
14180	5.27173e-05	-7.36244e-05	0
14190	5.07146e-05	-7.52099e-05	0
14200	4.91768e-05	-7.68534e-05	0
14210	4.66067e-05	-7.71628e-05	0
14220	4.29573e-05	-7.52874e-05	0
14230	3.881e-05	-6.87838e-05	0
14240	3.37347e-05	-5.45035e-05	0
14250	2.8084e-05	-3.11061e-05	0
14260	2.21247e-05	3.99249e-07	0
14270	1.61331e-05	3.84501e-05	0
14280	1.02686e-05	8.12826e-05	0
14290	4.53942e-06	0.000127149	0
14300	-9.43116e-07	0.000173932	0
14310	-6.62466e-06	0.000218506	0
14320	-1.22867e-05	0.000259521	0
14330	-1.80181e-05	0.00029642	0
14340	-2.38965e-05	0.000329085	0
14350	-2.99974e-05	0.000357723	0
14360	-3.62687e-05	0.000382825	0
14370	-4.25448e-05	0.000404926	0
14380	-4.85739e-05	0.000424221	0
14390	-5.40719e-05	0.000440942	0
14400	-5.87325e-05	0.000455202	0
14410	-6.23056e-05	0.000466839	0
14420	-6.46893e-05	0.000474984	0
14430	-6.5717e-05	0.000477548	0
14440	-6.51805e-05	0.000473278	0
14450	-6.25376e-05	0.000461264	0
14460	-5.44913e-05	0.00044183	0
14470	-4.58084e-05	0.000415077	0
14480	-3.59708e-05	0.000381084	0
14490	-2.54409e-05	0.000339841	0
14500	-1.30021e-05	0.000291138	0
14510	1.10453e-06	0.00023416	0
14520	1.69703e-05	0.000169949	0
14530	3.44181e-05	9.90219e-05	0
14540	5.02855e-05	3.68562e-05	0
14550	6.94422e-05	3.97494e-05	0
14560	8.79088e-05	3.46743e-05	0
14570	0.000105496	2.95025e-05	0
14580	0.000121266	1.43443e-05	0
14590	0.000135332	-1.20702e-05	0
14600	0.000147306	-4.90548e-05	0
14610	0.000156804	-9.51347e-05	0
14620	0.000163559	-0.000147973	0
14630	0.000167281	-0.000204642	0
14640	0.000167862	-0.000261631	0
14650	0.000165391	-0.000315068	0
14660	0.000160019	-0.00036094	0
14670	0.00015207	-0.000395724	0
14680	0.000141958	-0.000416384	0
14690	0.000130041	-0.000420686	0
14700	0.000116726	-0.00040754	0
14710	0.000102751	-0.000376803	0
14720	8.87514e-05	-0.000329416	0
14730	7.53604e-05	-0.00026763	0
14740	6.29005e-05	-0.000194827	0
14750	5.13701e-05	-0.000115264	0
14760	4.07761e-05	-3.38471e-05	0
14770	3.20162e-05	2.21945e-05	0
14780	2.32418e-05	5.79579e-06	0
14790	1.56251e-05	-2.7759e-05	0
14800	6.68171e-06	-4.78652e-05	0
14810	-3.08626e-06	-7.27532e-05	0
14820	-1.05615e-05	-8.44691e-05	0
14830	-8.40661e-06	-9.15445e-05	0
14840	-7.418e-06	-0.000102059	0
14850	-7.38479e-06	-0.000114748	0
14860	-1.05921e-05	-0.000130451	0
14870	-2.07386e-05	-0.000165899	0
14880	-1.88781e-05	-0.000211514	0
14890	-1.79131e-05	-0.000255763	0
14900	-1.53077e-05	-0.000296916	0
14910	-1.06834e-05	-0.000328517	0
14920	-2.19312e-06	-0.00035019	0
14930	-1.95209e-07	-0.000351292	0
14940	1.44386e-06	-0.000341847	0
14950	3.14465e-06	-0.000321037	0
14960	4.75665e-06	-0.000288282	0
14970	5.99744e-06	-0.000246174	0
14980	6.99475e-06	-0.000193951	0
14990	7.95105e-06	-0.000134307	0
15000	8.5591e-06	-6.91876e-05	0
15010	8.21475e-06	-4.99758e-07	0
15020	6.43763e-06	2.18619e-05	0
15030	7.03786e-06	2.18016e-05	0
15040	8.02773e-06	2.08874e-05	0
15050	9.35777e-06	2.24416e-05	0
15060	1.24542e-05	2.39517e-05	0
15070	1.30362e-05	2.4499e-05	0
15080	1.40394e-05	2.48492e-05	0
15090	1.66241e-05	2.56741e-05	0
15100	1.75674e-05	2.55511e-05	0
15110	1.76257e-05	2.61083e-05	0
15120	1.86445e-05	2.87404e-05	0
15130	1.75335e-05	3.15884e-05	0
15140	1.56761e-05	3.39834e-05	0
15150	1.23951e-05	3.63355e-05	0
15160	8.53749e-06	3.78284e-05	0
15170	3.91408e-06	3.88624e-05	0
15180	-1.00827e-06	3.93578e-05	0
15190	-4.99573e-06	4.21606e-05	0
15200	-5.81389e-06	4.39144e-05	0
15210	-5.32064e-06	4.27931e-05	0
15220	-4.40739e-06	4.17829e-05	0
15230	-3.8995e-06	4.12024e-05	0
15240	-3.74052e-06	3.98187e-05	0
15250	-4.27733e-06	3.72739e-05	0
15260	-4.21382e-06	3.42475e-05	0
15270	-4.28221e-06	3.17649e-05	0
15280	-6.30523e-06	2.65755e-05	0
15290	-4.61994e-06	2.14335e-05	0
15300	-4.52881e-06	1.7026e-05	0
15310	-4.8207e-06	1.44771e-05	0
15320	-3.77987e-06	1.3495e-05	0
15330	-4.33913e-06	1.26269e-05	0
15340	-4.75517e-06	1.09204e-05	0
15350	-2.94564e-06	1.12156e-05	0
15360	-3.09425e-06	9.82501e-06	0
15370	-3.03684e-06	8.8721e-06	0
15380	-2.18587e-06	8.1778e-06	0
15390	-1.04229e-06	7.96282e-06	0
15400	-1.51517e-06	6.52559e-06	0
15410	-6.10299e-07	6.64931e-06	0
15420	-7.90559e-07	5.42225e-06	0
15430	-1.42962e-07	5.55862e-06	0
15440	5.54216e-07	4.92065e-06	0
15450	-2.44016e-08	4.49042e-06	0
15460	1.85355e-06	5.05439e-06	0
15470	1.4931e-06	4.59675e-06	0
15480	2.64859e-06	5.4031e-06	0
15490	3.02132e-06	4.9547e-06	0
15500	4.5304e-06	5.55521e-06	0
15510	5.63197e-06	5.37559e-06	0
15520	7.06672e-06	7.07996e-06	0
15530	6.93158e-06	7.31929e-06	0
15540	9.15074e-06	8.89277e-06	0
15550	1.00386e-05	8.65421e-06	0
15560	1.06697e-05	9.44472e-06	0
15570	1.04158e-05	1.04348e-05	0
15580	1.00174e-05	1.32354e-05	0
15590	1.15038e-05	1.36196e-05	0
15600	1.26616e-05	1.35245e-05	0
15610	1.15052e-05	1.40584e-05	0
15620	1.20528e-05	1.50673e-05	0
15630	1.01039e-05	1.67321e-05	0
15640	1.01485e-05	1.63367e-05	0
15650	8.73823e-06	1.76872e-05	0
15660	8.596e-06	1.79119e-05	0
15670	8.19435e-06	1.76981e-05	0
15680	7.77251e-06	1.8195e-05	0
15690	7.41677e-06	1.77016e-05	0
15700	7.07586e-06	1.77633e-05	0
15710	7.27244e-06	1.75169e-05	0
15720	7.65599e-06	1.69443e-05	0
15730	8.06359e-06	1.62852e-05	0
15740	8.4558e-06	1.59795e-05	0
15750	9.0964e-06	1.57025e-05	0
15760	1.06116e-05	1.44451e-05	0
15770	1.05681e-05	1.44616e-05	0
15780	1.11541e-05	1.35511e-05	0
15790	1.11593e-05	1.39912e-05	0
15800	1.30426e-05	1.26934e-05	0
15810	1.44272e-05	1.20242e-05	0
15820	1.53772e-05	1.1816e-05	0
15830	1.67064e-05	1.11436e-05	0
15840	1.78639e-05	1.06226e-05	0
15850	1.91505e-05	1.01317e-05	0
15860	2.05444e-05	9.67232e-06	0
15870	2.27045e-05	9.46517e-06	0
15880	2.27925e-05	9.35394e-06	0
15890	2.44718e-05	9.22251e-06	0
15900	2.63633e-05	9.77051e-06	0
15910	2.58617e-05	9.23922e-06	0
15920	2.91406e-05	9.18095e-06	0
15930	2.64481e-05	1.3958e-05	0
15940	2.79614e-05	1.18785e-05	0
15950	2.93835e-05	1.26106e-05	0
15960	2.62159e-05	1.3709e-05	0
15970	2.42729e-05	1.42477e-05	0
15980	2.29989e-05	1.46597e-05	0
15990	2.11538e-05	1.34616e-05	0
16000	1.48182e-05	1.31516e-05	0
16010	1.05431e-05	1.21072e-05	0
16020	4.90207e-06	1.23949e-05	0
16030	-1.74012e-06	1.27473e-05	0
16040	-7.00425e-06	1.34198e-05	0
16050	-1.30255e-05	1.24424e-05	0
16060	-1.82715e-05	1.29829e-05	0
16070	-2.86758e-05	1.34799e-05	0
16080	-3.11525e-05	1.58252e-05	0
16090	-3.28644e-05	1.66893e-05	0
16100	-3.43288e-05	1.50001e-05	0
16110	-3.71175e-05	1.62339e-05	0
16120	-3.45981e-05	1.95207e-05	0
16130	-3.86015e-05	1.87299e-05	0
16140	-3.57666e-05	1.74504e-05	0
16150	-3.86818e-05	1.56959e-05	0
16160	-3.74567e-05	1.54263e-05	0
16170	-3.86745e-05	1.25851e-05	0
16180	-3.89055e-05	1.27237e-05	0
16190	-3.80031e-05	1.0888e-05	0
16200	-3.71911e-05	9.1378e-06	0
16210	-3.34833e-05	6.96526e-06	0
16220	-3.22504e-05	4.6355e-06	0
16230	-3.14041e-05	1.78461e-06	0
16240	-3.00933e-05	1.28378e-06	0
16250	-2.48996e-05	-4.32052e-06	0
16260	-2.34525e-05	-7.95161e-06	0
16270	-1.98025e-05	-7.30083e-06	0
16280	-1.71555e-05	-9.32749e-06	0
16290	-1.49431e-05	-9.57114e-06	0
16300	-1.08324e-05	-1.01154e-05	0
16310	-9.59152e-06	-1.00152e-05	0
16320	-9.02024e-06	-8.69846e-06	0
16330	-7.51049e-06	-7.89702e-06	0
16340	-6.28423e-06	-6.42882e-06	0
16350	-5.47692e-06	-4.2394e-06	0
16360	-4.73309e-06	-2.29005e-06	0
16370	-4.11307e-06	-2.1033e-07	0
16380	-3.47771e-06	1.50847e-06	0
16390	-2.00152e-06	2.43891e-06	0
16400	1.06439e-06	2.49441e-06	0
16410	1.59355e-06	1.57117e-06	0
16420	1.34616e-06	1.97874e-07	0
16430	6.99501e-07	-2.17743e-06	0
16440	4.33443e-06	-3.29386e-06	0
16450	3.7888e-07	-1.86413e-06	0
16460	1.74773e-06	-2.66754e-06	0
16470	1.13423e-07	-2.39391e-06	0
16480	2.69471e-06	-1.84719e-06	0
16490	1.58407e-06	-2.64993e-06	0
16500	3.79467e-06	-2.19224e-06	0
16510	2.55871e-06	-1.25395e-06	0
16520	3.77974e-06	-1.02068e-06	0
16530	4.49223e-06	-5.29425e-07	0
16540	4.59155e-06	-1.54731e-07	0
16550	6.85786e-06	2.03792e-07	0
16560	5.96292e-06	2.03043e-07	0
16570	8.06121e-06	3.37723e-08	0
16580	6.4048e-06	-9.95484e-07	0
16590	7.87932e-06	-7.76766e-07	0
16600	6.93394e-06	9.62345e-07	0
16610	9.12639e-06	-9.32769e-07	0
16620	7.24634e-06	-1.79082e-06	0
16630	9.47364e-06	-1.09664e-06	0
16640	8.06378e-06	-2.32662e-06	0
16650	8.58626e-06	-2.4107e-06	0
16660	7.0906e-06	-2.68221e-06	0
16670	8.56037e-06	-3.90539e-06	0
16680	8.52367e-06	-2.33056e-06	0
16690	6.40431e-06	-4.21001e-06	0
16700	4.916e-06	-2.21074e-06	0
16710	2.83661e-06	-3.21389e-06	0
16720	1.38432e-06	-3.85671e-06	0
16730	1.72951e-06	-1.38222e-06	0
16740	3.61138e-07	-2.35998e-06	0
16750	-1.58426e-06	-3.02144e-06	0
16760	-2.63945e-06	-3.51025e-06	0
16770	-3.48274e-06	-3.04766e-06	0
16780	-4.76783e-06	-4.58959e-06	0
16790	-5.38826e-06	-4.16617e-06	0
16800	-6.08724e-06	-4.35104e-06	0
16810	-8.21597e-06	-7.0744e-06	0
16820	-8.77724e-06	-6.28541e-06	0
16830	-7.44326e-06	-6.8454e-06	0
16840	-1.02104e-05	-7.08392e-06	0
16850	-9.86873e-06	-7.86103e-06	0
16860	-1.14532e-05	-7.18372e-06	0
16870	-1.26581e-05	-1.0098e-05	0
16880	-1.1764e-05	-1.04537e-05	0
16890	-1.26741e-05	-1.20652e-05	0
16900	-1.16667e-05	-1.11133e-05	0
16910	-1.21734e-05	-1.06631e-05	0
16920	-1.10621e-05	-1.23797e-05	0
16930	-8.55053e-06	-7.51316e-06	0
16940	-1.22093e-05	-1.13989e-05	0
16950	-1.33535e-05	-1.25404e-05	0
16960	-1.26182e-05	-1.19337e-05	0
16970	-1.16073e-05	-1.21505e-05	0
16980	-1.06396e-05	-1.03806e-05	0
16990	-1.00659e-05	-1.31446e-05	0
17000	-1.12422e-05	-1.34932e-05	0
17010	-1.01553e-05	-1.58045e-05	0
17020	-9.06009e-06	-1.7967e-05	0
17030	-6.03645e-06	-1.68121e-05	0
17040	-3.07403e-06	-1.55426e-05	0
17050	-2.77448e-06	-1.57811e-05	0
17060	-4.7025e-06	-1.47787e-05	0
17070	-2.7945e-06	-1.56471e-05	0
17080	-3.48039e-06	-1.4423e-05	0
17090	4.11675e-07	-1.61396e-05	0
17100	2.75306e-06	-1.51712e-05	0
17110	1.92379e-06	-1.50699e-05	0
17120	3.91824e-06	-1.25389e-05	0
17130	2.21825e-06	-1.33462e-05	0
17140	5.67738e-06	-1.35516e-05	0
17150	5.72474e-06	-1.16565e-05	0
17160	7.15541e-06	-9.70825e-06	0
17170	6.16845e-06	-1.09573e-05	0
17180	8.5376e-06	-1.10669e-05	0
17190	8.34721e-06	-6.41476e-06	0
17200	1.01482e-05	-8.41848e-06	0
17210	1.08362e-05	-5.74571e-06	0
17220	1.07173e-05	-6.59492e-06	0
17230	1.1301e-05	-4.41707e-06	0
17240	1.20339e-05	-2.90594e-06	0
17250	1.14064e-05	-2.16575e-06	0
17260	1.22578e-05	-4.82356e-07	0
17270	1.2127e-05	4.29835e-07	0
17280	1.22369e-05	2.02963e-06	0
17290	1.2052e-05	3.05364e-06	0
17300	1.17509e-05	4.28464e-06	0
17310	1.0919e-05	5.6166e-06	0
17320	9.8131e-06	6.94338e-06	0
17330	8.97417e-06	8.25904e-06	0
17340	8.41904e-06	9.70835e-06	0
17350	7.92302e-06	1.12912e-05	0
17360	7.46955e-06	1.2962e-05	0
17370	7.06586e-06	1.45724e-05	0
17380	6.75268e-06	1.59361e-05	0
17390	6.53979e-06	1.68399e-05	0
17400	6.56799e-06	1.68423e-05	0
17410	5.20904e-06	1.6702e-05	0
17420	5.09401e-06	1.57443e-05	0
17430	6.51352e-06	1.45609e-05	0
17440	8.38831e-06	1.34086e-05	0
17450	6.73649e-06	1.13818e-05	0
17460	5.45656e-06	1.08099e-05	0
17470	3.39742e-06	9.46529e-06	0
17480	1.61225e-06	9.45139e-06	0
17490	-4.3554e-07	9.0457e-06	0
17500	-2.95687e-06	9.47912e-06	0
17510	-3.80543e-06	1.00058e-05	0
17520	-4.00013e-06	1.20614e-05	0
17530	-2.92479e-06	1.15916e-05	0
17540	1.34781e-07	1.02614e-05	0
17550	1.52405e-06	1.20658e-05	0
17560	3.42317e-06	1.14515e-05	0
17570	5.72708e-06	1.1123e-05	0
17580	8.61499e-06	1.04238e-05	0
17590	1.16521e-05	8.6013e-06	0
17600	1.42268e-05	5.31211e-06	0
17610	1.65687e-05	-9.12779e-07	0
17620	1.89135e-05	-9.99797e-06	0
17630	1.7656e-05	-2.13911e-05	0
17640	1.67059e-05	-3.50601e-05	0
17650	1.3239e-05	-5.02615e-05	0
17660	7.40005e-06	-5.18849e-05	0
17670	5.2931e-06	-4.29093e-05	0
17680	2.33906e-06	-3.46026e-05	0
17690	7.41018e-07	-2.60523e-05	0
17700	-8.6997e-08	-1.69294e-05	0
17710	2.16399e-08	-8.11286e-06	0
17720	1.33878e-07	-3.4985e-06	0
17730	7.41153e-07	-5.38054e-06	0
17740	1.18447e-06	-5.69678e-06	0
17750	1.19752e-06	-7.83861e-06	0
17760	1.28381e-06	-7.10836e-06	0
17770	1.43887e-06	-6.24378e-06	0
17780	-1.71459e-07	-5.05165e-06	0
17790	-1.75931e-06	-6.11091e-06	0
17800	-6.81257e-07	-5.87062e-06	0
17810	-2.32974e-06	-5.06278e-06	0
17820	-4.42987e-06	-5.80044e-06	0
17830	-4.17186e-06	-4.39712e-06	0
17840	-2.38516e-06	-4.45363e-06	0
17850	-5.67484e-07	-5.92649e-06	0
17860	-8.88172e-07	-4.60547e-06	0
17870	-1.95147e-06	-1.88383e-06	0
17880	-3.67101e-06	-8.99381e-07	0
17890	-5.82391e-06	-2.75652e-06	0
17900	-4.04873e-06	-1.73085e-06	0
17910	-5.10188e-06	-1.58082e-06	0
17920	-5.46545e-06	-1.31858e-06	0
17930	-6.41446e-06	7.79765e-07	0
17940	-6.37855e-06	1.48863e-06	0
17950	-7.33044e-06	7.70715e-07	0
17960	-8.7573e-06	3.6358e-06	0
17970	-7.7381e-06	4.48187e-06	0
17980	-8.3439e-06	4.96964e-06	0
17990	-9.91493e-06	6.05776e-06	0
18000	-1.28805e-05	6.69374e-06	0
