0	0	0	0
10	-0.000325908	1.83374	0
20	0.0559245	1.31743	0
30	0.660377	0.0564326	0
40	0.539469	-0.0550604	0
50	0.53846	-0.0567347	0
60	0.577305	-0.0311973	0
70	0.621381	0.000375286	0
80	0.62501	0.0036303	0
90	0.624399	0.0038173	0
100	0.620898	0.00195453	0
110	0.617121	4.47445e-05	0
120	0.614137	-0.00117654	0
130	0.612309	-0.0016353	0
140	0.611633	-0.00167893	0
150	0.610752	-0.00265521	0
160	0.611918	-0.00177193	0
170	0.611959	-0.0011758	0
180	0.610928	-0.00106517	0
190	0.609269	-0.00122925	0
200	0.607441	-0.0014846	0
210	0.605838	-0.00174394	0
220	0.604667	-0.00202954	0
230	0.628229	0.013215	0
240	0.612978	0.000995269	0
250	0.60995	-0.00132259	0
260	0.609766	-0.00152296	0
270	0.610623	-0.000951916	0
280	0.613122	0.000847842	0
290	0.616788	0.00354484	0
300	0.605353	-0.00501796	0
310	0.607588	-0.00349832	0
320	0.614477	0.0015687	0
330	0.617577	0.00381377	0
340	0.621548	0.00675082	0
350	0.614641	0.00144439	0
360	0.613625	0.000613262	0
370	0.611061	-0.00134832	0
380	0.607806	-0.00377926	0
390	0.603332	-0.00706878	0
400	0.60142	-0.00853385	0
410	0.599799	-0.0098766	0
420	0.598686	-0.0108817	0
430	0.605957	-0.00566926	0
440	0.597735	-0.0114573	0
450	0.605675	-0.00532836	0
460	0.612165	0.000135093	0
470	0.619169	0.00643997	0
480	0.634463	0.0197894	0
490	0.583051	-0.0185878	0
500	0.616429	0.00689375	0
510	0.634791	0.0217138	0
520	0.639458	0.0265785	0
530	0.636455	0.0260058	0
540	0.629688	0.0226255	0
550	0.614103	0.0134331	0
560	0.58708	-0.00178032	0
570	0.622095	0.0442475	0
580	0.471839	-0.0339646	0
590	0.523173	0.0271808	0
600	0.194399	-0.0759185	0
610	0.246183	-0.0401387	0
620	0.260083	-0.030466	0
630	0.262994	-0.0254213	0
640	0.229602	-0.0433551	0
650	0.255246	-0.0371518	0
660	0.246593	-0.0350878	0
670	0.250006	-0.0262752	0
680	0.265651	-0.0134283	0
690	0.286938	0.00120591	0
700	0.305721	0.0175607	0
710	0.315129	0.0456293	0
720	0.316773	0.0782397	0
730	0.301378	0.107964	0
740	0.246666	0.132399	0
750	0.166204	0.118722	0
760	0.160113	0.0768043	0
770	0.145366	0.0248649	0
780	0.122346	-0.0360368	0
790	0.091871	-0.104524	0
800	0.0552211	-0.179094	0
810	0.0141618	-0.258248	0
820	-0.0292318	-0.341887	0
830	-0.0716607	0.703913	0
840	-0.110478	-0.551337	0
850	-0.140026	-0.687128	0
860	-0.156451	0.250518	0
870	-0.162488	-1.05847	0
880	-0.165779	-0.243553	0
890	-0.167999	-0.571	0
900	-0.169505	-0.9504	0
910	-0.167738	-1.36576	0
920	-0.160233	-1.79418	0
930	-0.143687	-2.20589	0
940	-0.114568	-2.56442	0
950	-0.0737334	-2.84693	0
960	-0.0234959	-3.03952	0
970	0.0320561	-3.13892	0
980	0.0892018	-3.14234	0
990	0.141871	-3.05621	0
1000	0.184468	-2.89031	0
1010	0.210806	-2.66292	0
1020	0.217937	-2.38997	0
1030	0.204114	-2.08928	0
1040	0.169671	-1.7778	0
1050	0.117305	-1.47289	0
1060	0.0504879	-1.18808	0
1070	-0.0240157	-0.930737	0
1080	-0.101238	-0.707792	0
1090	-0.174553	-0.524314	0
1100	-0.237686	-0.376053	0
1110	-0.284348	-0.255954	0
1120	-0.310623	-0.15334	0
1130	-0.312521	-0.0557751	0
1140	-0.288694	0.0509414	0
1150	-0.239804	0.180305	0
1160	-0.168075	0.344652	0
1170	-0.0779133	0.553116	0
1180	0.0251276	0.811379	0
1190	0.134018	1.12039	0
1200	0.241418	1.47679	0
1210	0.333436	1.87424	0
1220	0.407737	2.29866	0
1230	0.460002	2.73393	0
1240	0.483015	3.16493	0
1250	0.477847	3.56798	0
1260	0.442467	3.9232	0
1270	0.377338	4.21131	0
1280	0.283523	4.40314	0
1290	0.191291	4.54793	0
1300	0.0942243	4.56205	0
1310	0.0143437	3.04999	0
1320	-0.0436854	2.85831	0
1330	-0.0903493	2.63716	0
1340	-0.129719	2.3797	0
1350	-0.158798	2.07623	0
1360	-0.165351	1.69015	0
1370	-0.16341	1.29451	0
1380	-0.153091	0.597058	0
1390	-0.137391	0.549858	0
1400	-0.117905	0.219278	0
1410	-0.0946816	-0.398065	0
1420	-0.062056	-0.644882	0
1430	-0.0308241	-0.834633	0
1440	0.000889697	-0.96281	0
1450	0.0317171	-1.03228	0
1460	0.0608319	-1.04962	0
1470	0.0863939	-1.01791	0
1480	0.106744	-0.94277	0
1490	0.121423	-0.840284	0
1500	0.12649	-0.702232	0
1510	0.122679	-0.529867	0
1520	0.111554	-0.326921	0
1530	0.0938905	-0.101052	0
1540	0.070817	0.138746	0
1550	0.0437225	0.382497	0
1560	0.0141419	0.619656	0
1570	-0.0163868	0.839505	0
1580	-0.046381	1.0319	0
1590	-0.074467	1.18801	0
1600	-0.0994649	1.30083	0
1610	-0.120422	1.36565	0
1620	-0.13667	1.3803	0
1630	-0.147862	1.3452	0
1640	-0.153945	1.26342	0
1650	-0.155171	1.14028	0
1660	-0.152046	0.983143	0
1670	-0.145279	0.800866	0
1680	-0.135723	0.60314	0
1690	-0.124289	0.399865	0
1700	-0.111878	0.200544	0
1710	-0.0993437	0.0136325	0
1720	-0.0874553	-0.153975	0
1730	-0.0768647	-0.297363	0
1740	-0.0680718	-0.414278	0
1750	-0.0613019	-0.504702	0
1760	-0.0565429	-0.570571	0
1770	-0.0535539	-0.615652	0
1780	-0.0519127	-0.64505	0
1790	-0.0510633	-0.664627	0
1800	-0.0504415	-0.680145	0
1810	-0.0494036	-0.697649	0
1820	-0.0474193	-0.721902	0
1830	-0.0442123	-0.75647	0
1840	-0.0391901	-0.802317	0
1850	-0.032669	-0.859385	0
1860	-0.0247085	-0.924464	0
1870	-0.0154971	-0.993714	0
1880	-0.0055099	-1.06084	0
1890	0.00471071	-1.11892	0
1900	0.0145614	-1.16063	0
1910	0.0234103	-1.17902	0
1920	0.0306261	-1.16816	0
1930	0.035632	-1.12377	0
1940	0.0380488	-1.04374	0
1950	0.037789	-0.928793	0
1960	0.0351306	-0.782949	0
1970	0.0306815	-0.612223	0
1980	0.0248814	-0.422847	0
1990	0.0185772	-0.219287	0
2000	-0.40175	0.146599	0
2010	-0.352974	0.305415	0
2020	-0.0732359	0.391475	0
2030	-0.0012114	0.562644	0
2040	0.0188737	0.711376	0
2050	0.0263947	0.821742	0
2060	0.0188874	0.883353	0
2070	0.019135	0.897192	0
2080	0.0161697	0.859716	0
2090	0.0162774	0.774388	0
2100	0.0188791	0.989275	0
2110	0.0202988	0.812738	0
2120	0.0575937	0.2485	0
2130	-0.22076	0.0668261	0
2140	-0.326688	-0.0416668	0
2150	-0.297963	-0.295635	0
2160	-0.197734	-0.291166	0
2170	-0.329237	-0.451339	0
2180	-0.304401	-0.731284	0
2190	-0.241776	-0.921358	0
2200	-0.223553	-1.03179	0
2210	-0.226138	-1.05684	0
2220	0.188565	-1.04102	0
2230	-0.22615	-1.0056	0
2240	-0.643436	-0.744524	0
2250	-0.359707	-0.0117816	0
2260	-0.423583	0.0136632	0
2270	-0.59156	-0.0700108	0
2280	-0.639214	-0.122605	0
2290	-0.66438	0.0337838	0
2300	-0.7197	-0.308415	0
2310	-0.658376	-0.356111	0
2320	-0.712289	-0.232692	0
2330	-0.712894	-0.248585	0
2340	-0.685012	-0.199331	0
2350	-0.633602	-0.22248	0
2360	-0.52751	-0.12162	0
2370	-0.493551	-0.107004	0
2380	-0.463866	-0.0783466	0
2390	-0.457966	-0.0670893	0
2400	-0.652924	0.100026	0
2410	-0.691372	-0.00591195	0
2420	-0.670224	-0.0200121	0
2430	-0.615999	-0.00522005	0
2440	-0.545859	0.0126118	0
2450	-0.494092	0.0303452	0
2460	-0.443236	0.047788	0
2470	-0.385027	0.0646043	0
2480	-0.321421	0.0779533	0
2490	-0.251365	0.0880228	0
2500	-0.177152	0.0935345	0
2510	-0.105664	0.0944954	0
2520	-0.0571771	0.0879443	0
2530	-0.0236319	0.0790091	0
2540	-0.00793404	0.0680512	0
2550	-0.00498152	0.0547989	0
2560	-0.104071	-0.300901	0
2570	-0.135264	-0.0355051	0
2580	-0.132085	-0.0248023	0
2590	-0.13289	-0.287718	0
2600	-0.101104	-0.293243	0
2610	-0.156845	-0.21139	0
2620	-0.111858	-0.205804	0
2630	-0.0260214	-0.182267	0
2640	-0.00356764	-0.120766	0
2650	0.0110228	-0.0544237	0
2660	0.0166911	0.00839077	0
2670	-0.0584314	0.0555489	0
2680	-0.155096	0.0577572	0
2690	-0.29068	0.222097	0
2700	-0.329191	0.220906	0
2710	-0.291108	0.104166	0
2720	-0.246984	0.176722	0
2730	-0.161584	0.192525	0
2740	-0.184082	0.191598	0
2750	-0.163012	0.169708	0
2760	-0.331844	0.140751	0
2770	-0.664872	-0.0813631	0
2780	-0.706285	-0.0257924	0
2790	-0.671307	0.11398	0
2800	-0.644156	0.217306	0
2810	-0.654969	0.157592	0
2820	0.193459	-0.511014	0
2830	-0.660794	-0.222083	0
2840	-0.234512	0.607355	0
2850	-0.554346	0.317576	0
2860	0.0753468	0.691802	0
2870	0.178838	0.663928	0
2880	-0.0831264	0.666798	0
2890	-0.362095	0.597709	0
2900	0.502724	0.0157747	0
2910	0.134389	0.656478	0
2920	0.491335	0.29407	0
2930	0.540467	0.0565422	0
2940	0.53659	0.0479201	0
2950	0.504922	-0.060119	0
2960	0.520835	0.00728401	0
2970	0.519121	0.0163921	0
2980	0.523397	0.0402949	0
2990	0.513098	0.0216691	0
3000	0.503637	0.00976381	0
3010	0.47711	-0.032154	0
3020	0.470677	-0.0337299	0
3030	0.471892	-0.0248296	0
3040	0.493507	0.0200515	0
3050	0.467513	-0.0181542	0
3060	0.458063	-0.0306257	0
3070	0.461226	-0.0234733	0
3080	0.466486	-0.0149471	0
3090	0.448056	-0.0365715	0
3100	0.472004	-0.00686694	0
3110	0.480917	0.00524313	0
3120	0.483543	-0.00121316	0
3130	0.475094	-0.0105252	0
3140	0.582283	0.00641751	0
3150	0.605652	0.0440112	0
3160	0.594537	0.0340168	0
3170	0.559873	-0.00554916	0
3180	0.600768	0.0520862	0
3190	0.557913	0.0149256	0
3200	0.575393	0.0261594	0
3210	0.578752	0.0368103	0
3220	0.572207	0.0293669	0
3230	0.596959	0.0381887	0
3240	0.584598	-0.00717332	0
3250	0.574162	-0.00391913	0
3260	0.55393	-0.00616448	0
3270	0.533425	-0.00693855	0
3280	0.509536	-0.00954384	0
3290	0.507387	-0.000490583	0
3300	0.493318	0.000380983	0
3310	0.468286	-0.00547155	0
3320	0.468989	0.00138117	0
3330	0.462569	0.00291108	0
3340	0.446149	-0.00264268	0
3350	0.445079	0.00026446	0
3360	0.426021	0.00548916	0
3370	0.454531	0.0230892	0
3380	0.441662	0.0155585	0
3390	0.448197	0.0208157	0
3400	0.444321	0.0286786	0
3410	0.499433	0.0599576	0
3420	0.376388	0.00304835	0
3430	0.398958	0.0168053	0
3440	0.349728	0.00200984	0
3450	0.456266	0.059846	0
3460	0.346106	0.00438761	0
3470	0.400709	0.0571217	0
3480	0.346678	0.0410994	0
3490	0.400938	0.0584966	0
3500	0.394687	0.0777718	0
3510	0.197538	-0.0308937	0
3520	0.193137	-0.0240174	0
3530	0.357579	0.0514564	0
3540	0.211819	0.0296727	0
3550	0.240103	0.0518439	0
3560	0.325339	0.0554504	0
3570	0.146075	0.0404826	0
3580	0.261385	0.0259777	0
3590	0.101774	0.0267998	0
3600	0.0504453	0.0175113	0
3610	0.0200193	0.014949	0
3620	0.202865	0.0490712	0
3630	0.03498	0.0153228	0
3640	0.0188755	0.0267761	0
3650	0.164398	-0.00143523	0
3660	0.0320771	-0.00592322	0
3670	0.0143397	-0.0108541	0
3680	0.138995	-0.0513871	0
3690	0.11527	-0.0599573	0
3700	0.124358	-0.067321	0
3710	0.118838	-0.0757689	0
3720	0.119231	-0.0744848	0
3730	0.184038	-0.0556472	0
3740	0.274268	-0.0113217	0
3750	0.275942	-0.0130422	0
3760	0.285773	-0.011221	0
3770	0.289699	-0.0107532	0
3780	0.304625	-0.0044072	0
3790	0.298077	-0.00529829	0
3800	0.288181	-0.0070826	0
3810	0.274435	-0.0114868	0
3820	0.279357	-0.00974542	0
3830	0.227215	-0.0251025	0
3840	0.236132	-0.0255551	0
3850	0.203067	-0.0319796	0
3860	0.221723	-0.0232273	0
3870	0.205367	-0.0278945	0
3880	0.203689	-0.024639	0
3890	0.181074	-0.0251365	0
3900	0.151865	-0.0257752	0
3910	0.145638	-0.0221371	0
3920	0.130286	-0.0202549	0
3930	0.119404	-0.0186175	0
3940	0.105483	-0.0176829	0
3950	0.0847198	-0.0127787	0
3960	0.0710195	-0.013214	0
3970	0.0633608	-0.0158061	0
3980	0.0490646	-0.0172062	0
3990	0.0587857	-0.0188028	0
4000	0.0621624	-0.0218766	0
4010	0.0840235	-0.0245875	0
4020	0.104931	-0.0215313	0
4030	0.142232	-0.0150766	0
4040	0.187525	-0.00415635	0
4050	0.204105	0.00214223	0
4060	0.221163	0.00844734	0
4070	0.227611	0.0100635	0
4080	0.231901	0.0109132	0
4090	0.233544	0.0133765	0
4100	0.235548	0.0153623	0
4110	0.233417	0.0173899	0
4120	0.222896	0.0215178	0
4130	0.220639	0.0231384	0
4140	0.2187	0.0210287	0
4150	0.21247	0.0240514	0
4160	0.203771	0.025908	0
4170	0.234256	0.0354248	0
4180	0.274005	0.0806995	0
4190	0.249626	0.103184	0
4200	0.0157164	0.0130879	0
4210	0.0771603	0.389282	0
4220	0.17659	0.0752595	0
4230	0.168707	0.0658942	0
4240	0.202104	0.0942171	0
4250	0.209314	0.0958472	0
4260	0.21167	0.0864346	0
4270	0.215443	0.0745274	0
4280	0.222079	0.0666718	0
4290	0.233011	0.0566454	0
4300	0.274073	0.0697384	0
4310	0.307258	0.129769	0
4320	0.206515	-0.0188876	0
4330	0.286994	0.0106237	0
4340	0.324368	0.00674196	0
4350	0.355103	-0.0356434	0
4360	0.349928	-0.0729479	0
4370	0.370846	-0.0851735	0
4380	0.337059	-0.154884	0
4390	0.352511	-0.141906	0
4400	0.365844	-0.184199	0
4410	0.556152	-0.0957233	0
4420	0.699657	-0.0218371	0
4430	0.643065	-0.00916809	0
4440	0.429927	-0.155017	0
4450	0.823419	0.13901	0
4460	0.499203	-0.0978723	0
4470	0.616915	-0.0901859	0
4480	0.534391	-0.0579358	0
4490	0.675671	0.0354545	0
4500	0.751024	0.0532185	0
4510	0.71766	0.235448	0
4520	0.647214	0.0160206	0
4530	0.701799	0.00913828	0
4540	0.458344	-0.0924153	0
4550	0.559542	-0.0917693	0
4560	0.773696	0.103163	0
4570	0.638778	-0.0288007	0
4580	0.560534	-0.0695615	0
4590	0.52121	-0.027898	0
4600	0.614871	-0.0405048	0
4610	0.439506	-0.113524	0
4620	0.782939	0.202459	0
4630	0.290509	-0.174625	0
4640	0.633396	0.0456306	0
4650	0.533459	-0.107518	0
4660	0.640194	-0.00195738	0
4670	0.615555	-0.0452307	0
4680	0.603195	0.0977175	0
4690	0.737965	0.10161	0
4700	0.515063	-0.0497552	0
4710	0.54189	-0.106355	0
4720	0.643735	-0.00528026	0
4730	0.483939	-0.0857332	0
4740	0.629982	-0.00167943	0
4750	0.686398	0.0335129	0
4760	0.712386	0.0422738	0
4770	0.657753	0.0266396	0
4780	0.605097	-0.00496277	0
4790	0.62421	0.00561868	0
4800	0.634745	0.019666	0
4810	0.631109	0.0170424	0
4820	0.626437	0.0163432	0
4830	0.621177	0.0177212	0
4840	0.612041	0.0192624	0
4850	0.595163	0.0178157	0
4860	0.578973	0.0203044	0
4870	0.554609	0.0241278	0
4880	0.516841	0.0126519	0
4890	0.535495	0.0573111	0
4900	0.463999	0.0225539	0
4910	0.402881	0.0048496	0
4920	0.350591	-0.00128513	0
4930	0.29004	-0.005427	0
4940	0.222039	-0.00526297	0
4950	0.141839	-0.000609177	0
4960	0.062666	0.015728	0
4970	0.0141606	0.0440472	0
4980	-0.00599782	0.0772058	0
4990	-0.0133486	0.112561	0
5000	-0.0159911	0.149499	0
5010	-0.0183418	0.187955	0
5020	-0.0200271	0.2279	0
5030	-0.0220376	0.268999	0
5040	-0.0244753	0.31121	0
5050	-0.0269811	0.353379	0
5060	-0.0296874	0.395043	0
5070	-0.0322257	0.435561	0
5080	-0.0344425	0.473799	0
5090	-0.0362739	0.508051	0
5100	-0.0373497	0.537807	0
5110	-0.0376866	0.560526	0
5120	-0.0372384	0.575525	0
5130	-0.0359532	0.580632	0
5140	-0.0332426	0.574251	0
5150	-0.0308697	0.555544	0
5160	-0.0269994	0.523049	0
5170	-0.0223521	0.47682	0
5180	-0.0168993	0.417205	0
5190	-0.0108319	0.344718	0
5200	-0.00416397	0.260928	0
5210	0.00298231	0.168766	0
5220	0.0103989	0.0710583	0
5230	0.017887	-0.0293517	0
5240	0.0246136	-0.13009	0
5250	0.0307992	-0.225891	0
5260	0.0366958	-0.313625	0
5270	0.0419984	-0.391582	0
5280	0.0464296	-0.459697	0
5290	0.0505111	-0.516176	0
5300	0.054101	-0.562666	0
5310	0.0575723	-0.599447	0
5320	0.060411	-0.630917	0
5330	0.0631995	-0.658374	0
5340	0.0662186	-0.682682	0
5350	0.0695876	-0.707872	0
5360	0.0730596	-0.734187	0
5370	0.0776035	-0.764445	0
5380	0.0822773	-0.797738	0
5390	0.0870314	-0.832627	0
5400	0.0911994	-0.869572	0
5410	0.0945257	-0.904388	0
5420	0.09352	-0.931885	0
5430	0.0847991	-0.558987	0
5440	-0.0591103	0.111975	0
5450	-0.158082	0.131869	0
5460	-0.131492	0.14551	0
5470	-0.150312	0.136438	0
5480	-0.145768	0.0535161	0
5490	-0.185529	0.0863608	0
5500	-0.206816	0.100502	0
5510	-0.198057	0.185076	0
5520	-0.159771	0.215001	0
5530	-0.142269	0.241625	0
5540	-0.135414	0.269156	0
5550	-0.102653	0.406058	0
5560	-0.13336	0.293217	0
5570	-0.0420017	0.496023	0
5580	0.00164806	0.536043	0
5590	-0.0788793	0.53336	0
5600	0.164662	0.557551	0
5610	0.548682	-0.140276	0
5620	-0.599094	0.220334	0
5630	-0.641144	0.11756	0
5640	-0.651863	0.0380277	0
5650	-0.621944	-0.0597275	0
5660	-0.646271	0.0234933	0
5670	-0.611316	-0.0123309	0
5680	-0.584706	-0.011031	0
5690	-0.539967	-0.0180066	0
5700	-0.47045	-0.0331665	0
5710	-0.377395	-0.0442728	0
5720	-0.240987	-0.055431	0
5730	-0.0830312	-0.0431105	0
5740	-0.0541445	-0.0228742	0
5750	-0.0357344	-0.0239076	0
5760	-0.00802208	-0.0382723	0
5770	0.00677536	-0.0415895	0
5780	0.118643	0.00265532	0
5790	0.0627663	-0.117489	0
5800	0.0340629	-0.15339	0
5810	0.019112	-0.201863	0
5820	0.0105083	-0.287148	0
5830	-0.00163206	-0.38524	0
5840	-0.0228529	-0.524168	0
5850	-0.0352618	-0.716229	0
5860	-0.0163327	0.0131228	0
5870	-0.397796	-0.241332	0
5880	-0.244744	-0.119755	0
5890	-0.222561	-0.271452	0
5900	-0.0873624	-0.624184	0
5910	-0.135296	-0.55123	0
5920	-0.0499791	-0.590115	0
5930	-0.0547142	-0.578745	0
5940	-0.0552774	-0.554433	0
5950	-0.0551333	-0.491139	0
5960	-0.0568186	-0.397295	0
5970	-0.0622589	-0.286225	0
5980	-0.105056	-0.117739	0
5990	-0.132644	0.155577	0
6000	-0.15437	0.196358	0
6010	-0.147155	0.262535	0
6020	-0.127519	0.345173	0
6030	-0.128295	0.452458	0
6040	-0.139648	0.564691	0
6050	-0.0891279	0.6224	0
6060	-0.0685554	0.694617	0
6070	-0.0517417	0.754353	0
6080	-0.0567304	0.804484	0
6090	-0.165722	0.903846	0
6100	-0.582177	0.743667	0
6110	-0.608519	0.550972	0
6120	-0.599477	0.34962	0
6130	-0.466818	0.312955	0
6140	-0.357188	0.182199	0
6150	-0.325963	0.213445	0
6160	-0.307092	0.232641	0
6170	-0.331035	0.270559	0
6180	-0.397161	0.353738	0
6190	-0.399477	0.361542	0
6200	-0.381058	0.301526	0
6210	-0.370202	0.28593	0
6220	-0.380285	0.280624	0
6230	-0.342844	0.224605	0
6240	-0.318981	0.195458	0
6250	-0.138241	0.0987848	0
6260	-0.0471365	0.0944304	0
6270	-0.0174122	0.106775	0
6280	-0.0375125	0.119047	0
6290	-0.0614997	0.124374	0
6300	-0.0842558	0.119563	0
6310	-0.105039	0.100935	0
6320	-0.124309	0.0677519	0
6330	-0.14111	0.0200635	0
6340	-0.152617	-0.0433202	0
6350	-0.161496	-0.120987	0
6360	-0.164186	-0.216357	0
6370	-0.232837	-0.433656	0
6380	-0.221796	-0.472185	0
6390	-0.218414	-0.564892	0
6400	-0.186031	-0.667691	0
6410	-0.375058	-0.967928	0
6420	-0.37274	-0.933099	0
6430	-0.890965	-0.3537	0
6440	-0.842565	-0.144774	0
6450	-0.853391	-0.0604123	0
6460	-0.566849	0.368147	0
6470	-0.123268	-1.14347	0
6480	0.926298	-0.0858366	0
6490	0.693168	0.332403	0
6500	0.94725	-0.337773	0
6510	0.931815	-0.176354	0
6520	0.860884	-0.107344	0
6530	0.797376	-0.136826	0
6540	0.772212	-0.14543	0
6550	0.77211	-0.156743	0
6560	0.776775	-0.17508	0
6570	0.784217	-0.215163	0
6580	0.782122	-0.28591	0
6590	0.783511	-0.278802	0
6600	0.778527	-0.225201	0
6610	0.77542	-0.168571	0
6620	0.745488	-0.140304	0
6630	0.718153	-0.135136	0
6640	0.778395	-0.0832337	0
6650	0.510009	0.0177619	0
6660	0.603349	0.0480367	0
6670	0.430098	0.140024	0
6680	0.540224	0.0899158	0
6690	0.398965	0.212594	0
6700	0.323842	0.236416	0
6710	0.259396	0.287002	0
6720	0.18477	0.317031	0
6730	0.105607	0.33214	0
6740	0.0453312	0.339204	0
6750	-0.0140591	0.347914	0
6760	-0.0349064	0.352492	0
6770	-0.0832246	0.374585	0
6780	-0.0328754	0.387309	0
6790	0.189175	0.327797	0
6800	0.677366	0.0357995	0
6810	0.607667	0.226426	0
6820	0.779704	0.0324431	0
6830	0.842918	0.154325	0
6840	0.748468	0.0557644	0
6850	0.665367	0.0521774	0
6860	0.581714	0.0241691	0
6870	0.483967	0.0119354	0
6880	0.407423	0.0186967	0
6890	0.379875	0.0424988	0
6900	0.368074	0.0425422	0
6910	0.360389	0.0698228	0
6920	0.355778	0.0799521	0
6930	0.374955	0.026862	0
6940	0.369109	0.00621475	0
6950	0.354214	0.0839601	0
6960	0.367791	-0.121589	0
6970	0.381107	-0.0959104	0
6980	0.388356	-0.0551175	0
6990	0.386483	-0.196608	0
7000	0.398482	-0.114333	0
7010	0.377925	-0.0615284	0
7020	0.3963	-0.108923	0
7030	0.410725	-0.16664	0
7040	0.415749	-0.168195	0
7050	0.417535	-0.149373	0
7060	0.420648	-0.133909	0
7070	0.423791	-0.111542	0
7080	0.431628	-0.107579	0
7090	0.426063	-0.189495	0
7100	0.43564	-0.120022	0
7110	0.434108	-0.0938178	0
7120	0.417728	-0.0683374	0
7130	0.392202	-0.0441194	0
7140	0.357641	-0.0145342	0
7150	0.310978	0.0183104	0
7160	0.263994	0.0543338	0
7170	0.247315	0.0859533	0
7180	0.244521	0.103935	0
7190	0.241278	0.100809	0
7200	0.225393	0.0313597	0
7210	0.229929	0.0374708	0
7220	0.171298	-0.0629311	0
7230	0.103495	-0.13362	0
7240	0.0492243	-0.185484	0
7250	0.04788	-0.233526	0
7260	0.0477117	-0.282322	0
7270	0.0464083	-0.32816	0
7280	0.0441368	-0.367433	0
7290	0.0409086	-0.397093	0
7300	0.0359066	-0.415788	0
7310	0.0323363	-0.417624	0
7320	0.323031	-0.306891	0
7330	-0.088384	-0.36794	0
7340	0.164762	0.75122	0
7350	0.0836822	-0.278251	0
7360	0.0603652	-0.225877	0
7370	-0.0980743	-0.18472	0
7380	-0.119875	-0.114283	0
7390	-0.137707	-0.0388906	0
7400	-0.157121	0.0431251	0
7410	-0.155203	0.125237	0
7420	-0.130746	0.199007	0
7430	0.158614	0.318344	0
7440	0.0167348	0.328223	0
7450	0.00997747	0.238043	0
7460	0.0944628	0.305877	0
7470	0.171021	0.674136	0
7480	0.128791	0.589825	0
7490	0.122673	0.587507	0
7500	0.103833	0.580618	0
7510	0.060652	0.551407	0
7520	0.0232475	0.459833	0
7530	0.0135881	0.329682	0
7540	0.0126451	0.190844	0
7550	0.0137964	0.0736906	0
7560	0.0240809	-0.0771062	0
7570	0.0244664	-0.211864	0
7580	0.0279766	-0.324541	0
7590	0.0320326	-0.426484	0
7600	0.03514	-0.513429	0
7610	0.0375228	-0.578755	0
7620	0.0385041	-0.621416	0
7630	0.0448294	-0.652648	0
7640	0.0670036	-0.656719	0
7650	0.0502416	-0.610114	0
7660	0.640945	-0.0721739	0
7670	0.435402	-0.352029	0
7680	0.648445	-0.194909	0
7690	-0.137002	-0.541301	0
7700	-0.578877	-0.249193	0
7710	-0.504049	-0.35524	0
7720	-0.531259	-0.558555	0
7730	-0.863163	-0.0160501	0
7740	-0.852686	-0.068826	0
7750	-0.843881	-0.110977	0
7760	-0.835601	-0.137352	0
7770	-0.825469	-0.103509	0
7780	-0.805838	0.033816	0
7790	-0.771758	-0.0178401	0
7800	-0.724258	0.00827913	0
7810	-0.677224	-0.00152757	0
7820	-0.652274	-0.00196122	0
7830	-0.635661	0.00432707	0
7840	-0.608224	0.000463212	0
7850	-0.578378	0.0165811	0
7860	-0.530513	0.0200847	0
7870	-0.46557	0.0187943	0
7880	-0.370771	0.0137737	0
7890	-0.266987	-0.00909215	0
7900	-0.205226	-0.0487783	0
7910	-0.171482	-0.0855262	0
7920	-0.157786	-0.113198	0
7930	-0.1466	-0.122616	0
7940	-0.137688	-0.112684	0
7950	-0.149716	-0.0682311	0
7960	-0.115233	-0.0290161	0
7970	0.0710943	0.0606236	0
7980	0.112339	0.180203	0
7990	0.119162	0.273452	0
8000	0.110231	0.34727	0
8010	0.0661922	0.279188	0
8020	-0.105577	0.646448	0
8030	0.526117	0.494913	0
8040	0.694193	0.2162	0
8050	0.700849	-0.162662	0
8060	0.790496	0.340506	0
8070	0.916781	-0.0660445	0
8080	0.85262	-0.0737715	0
8090	0.894742	-0.119005	0
8100	0.852731	0.105894	0
8110	0.851688	-0.21556	0
8120	0.844925	-0.0438558	0
8130	0.8836	-0.100846	0
8140	0.847307	-0.0870206	0
8150	0.882433	-0.0753407	0
8160	0.90632	-0.0562165	0
8170	0.915026	-0.077235	0
8180	0.911545	-0.101504	0
8190	0.918414	-0.0566585	0
8200	0.91838	-0.066892	0
8210	0.92835	-0.0199907	0
8220	0.926899	-0.0596589	0
8230	0.936068	-0.00673325	0
8240	0.927857	-0.0574554	0
8250	0.925267	-0.0876544	0
8260	0.937728	-0.041701	0
8270	0.931529	-0.0931563	0
8280	0.938491	-0.0661922	0
8290	0.942585	-0.04279	0
8300	0.923483	-0.103458	0
8310	0.939039	-0.0626243	0
8320	0.945051	0.0328263	0
8330	0.933531	-0.0854552	0
8340	0.93263	-0.115446	0
8350	0.955681	-0.0427702	0
8360	0.932049	0.0389274	0
8370	0.919968	-0.171821	0
8380	0.94845	0.092991	0
8390	0.911244	-0.0977794	0
8400	0.911015	0.0121699	0
8410	0.935366	-0.0778102	0
8420	0.875547	0.0255091	0
8430	0.925976	-0.0843592	0
8440	0.909071	-0.0283439	0
8450	0.783906	0.0922813	0
8460	0.687065	0.0036455	0
8470	0.70155	0.178659	0
8480	0.896311	-0.100064	0
8490	0.915206	0.126565	0
8500	0.690276	0.300884	0
8510	0.939181	0.189735	0
8520	0.925405	-0.0372287	0
8530	0.907972	-0.0659529	0
8540	0.771882	-0.295991	0
8550	0.830272	0.667793	0
8560	0.950503	0.25435	0
8570	0.908794	0.0514036	0
8580	0.875356	-0.0355055	0
8590	0.897554	0.115934	0
8600	0.830466	-0.0611465	0
8610	0.799588	-0.0505636	0
8620	0.839017	0.00382649	0
8630	0.909128	0.168285	0
8640	0.861278	-0.00667211	0
8650	0.854285	-0.0533659	0
8660	0.886535	-0.044844	0
8670	0.863147	-0.0286078	0
8680	0.85207	-0.061367	0
8690	0.83629	-0.0603936	0
8700	0.87042	-0.0749462	0
8710	0.860607	-0.0608536	0
8720	0.832733	-0.064688	0
8730	0.838422	-0.077597	0
8740	0.820217	-0.104527	0
8750	0.716563	-0.130076	0
8760	0.912057	-0.0166433	0
8770	0.482993	-0.0814685	0
8780	0.94554	0.0655714	0
8790	0.472634	0.0902	0
8800	0.209194	-0.338439	0
8810	0.530404	0.0602374	0
8820	0.68389	0.0580048	0
8830	0.568262	0.0308506	0
8840	0.509221	0.00793078	0
8850	0.420148	0.0542553	0
8860	0.415226	0.0640374	0
8870	0.420981	0.0603942	0
8880	0.433552	0.00312461	0
8890	0.398732	-0.0782973	0
8900	0.351323	-0.0939651	0
8910	0.266108	-0.145762	0
8920	0.177288	-0.171634	0
8930	0.0803338	-0.18699	0
8940	-0.0227228	-0.19382	0
8950	-0.153544	-0.188479	0
8960	-0.181448	-0.193858	0
8970	0.0275825	-0.205037	0
8980	-0.0145339	-0.262128	0
8990	-0.0340448	-0.274396	0
9000	-0.0437181	-0.268883	0
9010	-0.0629635	-0.309378	0
9020	-0.0736258	-0.323599	0
9030	-0.0366764	-0.351148	0
9040	0.363477	-0.153699	0
9050	0.460672	0.0290535	0
9060	0.474173	-0.0216643	0
9070	0.508163	0.0103174	0
9080	0.531093	-0.0489199	0
9090	0.527186	0.194233	0
9100	0.526452	0.172573	0
9110	0.528318	0.108015	0
9120	0.458617	0.15773	0
9130	0.508339	0.0263398	0
9140	0.463336	0.10303	0
9150	0.457676	0.108955	0
9160	0.516919	0.0824149	0
9170	0.409955	0.300736	0
9180	-0.481056	-0.0949454	0
9190	-0.587164	0.336921	0
9200	-0.516277	0.134172	0
9210	-0.493313	0.140082	0
9220	-0.510152	0.29943	0
9230	-0.677735	-0.0215417	0
9240	-0.800928	0.218245	0
9250	-0.738772	0.216583	0
9260	-0.435582	0.15673	0
9270	-0.348242	0.186676	0
9280	-0.306828	0.222695	0
9290	-0.277616	0.25691	0
9300	-0.249333	0.283952	0
9310	-0.211346	0.306753	0
9320	-0.181669	0.315222	0
9330	-0.143742	0.314034	0
9340	-0.119893	0.292722	0
9350	-0.0977013	0.262314	0
9360	-0.197947	0.123083	0
9370	-0.106323	0.138197	0
9380	-0.167124	-0.210633	0
9390	-0.241296	0.0458242	0
9400	-0.31673	-0.075591	0
9410	-0.366071	-0.196172	0
9420	-0.390591	-0.311968	0
9430	-0.370232	-0.428883	0
9440	-0.394282	-0.469951	0
9450	-0.387667	-0.483555	0
9460	-0.418437	-0.582922	0
9470	-0.556175	-0.573259	0
9480	-0.84122	0.0449819	0
9490	-0.778202	0.229765	0
9500	-0.830199	0.0163995	0
9510	-0.821169	-0.0341601	0
9520	-0.756235	0.0505432	0
9530	-0.75064	0.0383626	0
9540	-0.741332	-0.0232257	0
9550	-0.672614	0.0182249	0
9560	-0.661144	-0.0225462	0
9570	-0.637457	-0.0337291	0
9580	-0.613259	-0.0327788	0
9590	-0.5548	0.024063	0
9600	-0.565902	-0.0325468	0
9610	-0.522104	-0.00412841	0
9620	-0.52909	-0.00466728	0
9630	-0.551327	-0.00905967	0
9640	-0.538687	0.025465	0
9650	-0.515397	0.0265019	0
9660	-0.539723	-0.0118426	0
9670	-0.512061	0.00915833	0
9680	-0.492545	0.0220281	0
9690	-0.464752	0.0648642	0
9700	-0.527581	-0.00837199	0
9710	-0.498802	0.0670516	0
9720	-0.635868	0.0852177	0
9730	-0.647295	0.0769154	0
9740	-0.620491	0.052447	0
9750	-0.598001	0.130333	0
9760	-0.71643	-0.00824471	0
9770	-0.676263	0.243726	0
9780	-0.646306	-0.0213452	0
9790	-0.526623	0.387207	0
9800	-0.647712	-0.145888	0
9810	-0.671488	0.206846	0
9820	-0.668562	-0.0907316	0
9830	-0.693724	-0.245269	0
9840	-0.568621	0.0925159	0
9850	-0.65682	-0.124063	0
9860	-0.619755	0.00864773	0
9870	-0.635455	-0.0394754	0
9880	-0.641313	-0.0275821	0
9890	-0.661223	-0.033302	0
9900	-0.685556	-0.102731	0
9910	-0.671627	-0.248806	0
9920	-0.699082	-0.222155	0
9930	-0.767968	-0.103054	0
9940	-0.79858	-0.129388	0
9950	-0.833102	-0.0726407	0
9960	-0.893229	0.0834818	0
9970	-0.842003	-0.0792791	0
9980	-0.774526	-0.107701	0
9990	-0.705953	-0.103964	0
10000	-0.659723	-0.105848	0
10010	-0.585606	-0.165832	0
10020	-0.501347	-0.183661	0
10030	-0.417536	-0.197221	0
10040	-0.470852	-0.175043	0
10050	-0.498334	-0.144437	0
10060	-0.503198	-0.12486	0
10070	-0.552439	-0.0729742	0
10080	-0.587274	-0.0226874	0
10090	-0.594326	0.013389	0
10100	-0.607201	0.115943	0
10110	-0.569265	0.136302	0
10120	-0.556229	0.232975	0
10130	-0.523618	0.306666	0
10140	-0.502484	0.386201	0
10150	-0.50245	0.455083	0
10160	-0.516679	0.533533	0
10170	-0.536752	0.617904	0
10180	-0.551879	0.70007	0
10190	-0.54778	0.773667	0
10200	-0.0859022	0.688063	0
10210	-0.0812384	0.783301	0
10220	-0.120562	1.07555	0
10230	-0.143789	1.28467	0
10240	-0.176988	1.35888	0
10250	-0.183405	1.41421	0
10260	-0.188813	1.39273	0
10270	-0.186879	1.29412	0
10280	-0.171178	1.11667	0
10290	-0.141783	0.849767	0
10300	-0.0900586	0.483379	0
10310	-0.144749	-0.303059	0
10320	0.00111058	-0.566084	0
10330	-0.0230184	-0.978474	0
10340	-0.011168	-1.07348	0
10350	-0.0383445	-1.50438	0
10360	-0.040018	-1.89425	0
10370	-0.0349963	-2.21024	0
10380	-0.0198085	-2.48838	0
10390	0.00141834	-2.70079	0
10400	0.0299227	-2.83761	0
10410	0.0639832	-2.89026	0
10420	0.106309	-2.06184	0
10430	0.130611	-1.96087	0
10440	0.158254	-1.78108	0
10450	0.185408	-1.52716	0
10460	0.212783	-1.20539	0
10470	0.30147	-0.841722	0
10480	0.345047	-0.42809	0
10490	0.304016	0.0562852	0
10500	0.270326	0.162199	0
10510	0.228308	0.669993	0
10520	0.203409	1.1696	0
10530	0.185922	1.63737	0
10540	0.178119	2.04937	0
10550	0.184629	2.36972	0
10560	0.174098	2.57146	0
10570	0.129598	2.67378	0
10580	0.0584345	2.67485	0
10590	-0.0603439	1.2258	0
10600	-0.0708869	1.0841	0
10610	-0.138917	0.922626	0
10620	-0.19882	0.752986	0
10630	-0.246692	0.579813	0
10640	-0.284734	0.413914	0
10650	-0.287555	0.608346	0
10660	-0.224881	0.527042	0
10670	-0.0410651	0.415267	0
10680	-0.00471688	0.25494	0
10690	0.0113488	0.113158	0
10700	0.0612015	-0.154539	0
10710	-0.0582695	-0.16749	0
10720	-0.0323741	-0.224408	0
10730	-0.0142834	-0.251877	0
10740	-0.000347853	-0.254507	0
10750	0.0082457	-0.238651	0
10760	0.00672604	-0.206288	0
10770	0.00897706	-0.167712	0
10780	0.0194247	-0.134875	0
10790	0.028622	-0.110158	0
10800	0.0336068	-0.101142	0
10810	0.0392576	-0.119829	0
10820	0.0898979	-0.185935	0
10830	0.0572393	-0.252935	0
10840	0.00372805	-0.339838	0
10850	-0.0637954	-0.466051	0
10860	-0.113952	-0.634381	0
10870	-0.123167	-0.803219	0
10880	-0.121744	-0.825333	0
10890	-0.115859	-0.968118	0
10900	-0.112477	-0.982293	0
10910	-0.229716	-0.0908662	0
10920	-0.171714	-0.0419392	0
10930	-0.253074	-0.0879871	0
10940	-0.310893	-0.134551	0
10950	-0.332369	-0.155779	0
10960	-0.35834	-0.179261	0
10970	0.460486	-0.108227	0
10980	0.605237	-0.194025	0
10990	0.627491	-0.226566	0
11000	0.627454	-0.174606	0
11010	0.595342	-0.130471	0
11020	0.595219	-0.126593	0
11030	0.446639	-0.0131576	0
11040	0.384749	0.0228757	0
11050	0.434749	0.0284232	0
11060	0.426011	0.0900676	0
11070	0.475916	0.0971194	0
11080	0.470809	0.151121	0
11090	0.476598	0.183123	0
11100	0.485709	0.203383	0
11110	0.494093	0.213211	0
11120	0.503074	0.212865	0
11130	0.510779	0.202935	0
11140	0.516483	0.187549	0
11150	0.521204	0.165851	0
11160	0.514855	-0.103144	0
11170	0.529664	0.0136197	0
11180	0.553674	0.0973244	0
11190	0.583836	0.111739	0
11200	0.54216	0.0893907	0
11210	0.533286	0.0699058	0
11220	0.510369	0.053316	0
11230	0.490346	0.0520778	0
11240	0.468953	0.0359181	0
11250	0.459478	0.0430148	0
11260	0.451732	0.0460331	0
11270	0.448337	0.046639	0
11280	0.218625	0.111568	0
11290	0.177791	0.115487	0
11300	0.107981	0.123749	0
11310	0.0231856	0.120122	0
11320	0.0177832	0.0870437	0
11330	0.0122624	0.0355974	0
11340	-0.0124782	-0.0480292	0
11350	-0.0246876	-0.11575	0
11360	-0.0279557	-0.162374	0
11370	-0.0339592	-0.203919	0
11380	-0.0468328	-0.236949	0
11390	0.354683	-0.084193	0
11400	0.374004	-0.0814421	0
11410	0.436587	0.0109071	0
11420	0.450813	0.0228188	0
11430	0.474111	0.0545352	0
11440	0.488226	0.0457972	0
11450	0.491802	0.0126879	0
11460	0.499872	0.00791343	0
11470	0.491676	-0.00431557	0
11480	0.708925	0.214374	0
11490	0.724998	0.266614	0
11500	0.670828	0.169561	0
11510	0.400792	0.0594673	0
11520	0.257339	0.12224	0
11530	0.228077	0.220219	0
11540	0.215333	0.307139	0
11550	0.196412	0.377415	0
11560	0.16439	0.416677	0
11570	0.129397	0.484305	0
11580	0.069393	0.472107	0
11590	-0.371401	0.00539639	0
11600	-0.381489	0.0106869	0
11610	-0.362177	-0.158672	0
11620	-0.357585	-0.338039	0
11630	-0.339526	-0.482271	0
11640	-0.279201	-0.617995	0
11650	-0.246051	-0.715142	0
11660	-0.271601	-0.807681	0
11670	-0.207768	-0.847309	0
11680	-0.260456	-0.949788	0
11690	-0.190955	-0.970388	0
11700	-0.625151	-0.194692	0
11710	-0.623208	-0.310419	0
11720	-0.490591	-0.29367	0
11730	-0.296774	-0.398011	0
11740	-0.200927	-0.428098	0
11750	-0.193669	-0.411718	0
11760	-0.14143	-0.435367	0
11770	-0.0997778	-0.410283	0
11780	-0.042235	-0.354278	0
11790	-0.00249881	-0.252204	0
11800	0.0234337	-0.113482	0
11810	0.0512302	0.0567746	0
11820	0.0799323	0.250463	0
11830	-0.184401	0.35849	0
11840	-0.0870115	0.440033	0
11850	-0.184044	0.615621	0
11860	-0.205913	0.74601	0
11870	-0.235832	0.79529	0
11880	-0.251019	0.811521	0
11890	-0.728344	-0.0537688	0
11900	-0.820014	0.0391935	0
11910	-0.853978	-0.0336837	0
11920	-0.935274	0.109219	0
11930	-0.781909	-0.0953628	0
11940	-0.88676	-0.0511684	0
11950	-0.860701	0.0452698	0
11960	-0.85244	-0.0972978	0
11970	-0.883693	-0.0198299	0
11980	-0.806283	-0.184595	0
11990	-0.861476	0.0942174	0
12000	-0.833647	0.00700708	0
12010	-0.784542	-0.0927943	0
12020	-0.762086	0.0360481	0
12030	-0.708202	0.0524012	0
12040	-0.696875	0.114428	0
12050	-0.679775	0.152119	0
12060	-0.672578	0.121589	0
12070	-0.660302	0.17273	0
12080	-0.646557	0.322182	0
12090	-0.662865	0.320851	0
12100	-0.187635	0.962536	0
12110	0.124873	1.00793	0
12120	-0.00939812	-0.110303	0
12130	-0.12918	0.989583	0
12140	-0.0392961	-0.129748	0
12150	-0.686974	-0.0543079	0
12160	-0.716132	0.212603	0
12170	-0.643255	-0.191062	0
12180	-0.606785	-0.248636	0
12190	-0.653733	-0.213667	0
12200	-0.721575	-0.114749	0
12210	-0.65593	-0.154994	0
12220	-0.759647	-0.345855	0
12230	-0.660057	-0.501617	0
12240	-0.673468	-0.559442	0
12250	-0.752739	-0.304224	0
12260	-0.656754	-0.0913805	0
12270	-0.656481	-0.0653851	0
12280	-0.529647	-0.0691387	0
12290	-0.397408	-0.0825491	0
12300	-0.286911	-0.0972869	0
12310	-0.205321	-0.115418	0
12320	-0.156843	-0.133658	0
12330	-0.131838	-0.141323	0
12340	-0.12014	-0.132045	0
12350	-0.118401	-0.0823131	0
12360	-0.113798	0.0403573	0
12370	-0.123559	0.0751067	0
12380	-0.126179	0.122042	0
12390	-0.12704	0.196418	0
12400	-0.125515	0.272371	0
12410	-0.595523	-0.0621236	0
12420	-0.600972	0.0799981	0
12430	-0.630429	0.0545288	0
12440	-0.648315	0.0302958	0
12450	-0.660986	0.0212131	0
12460	-0.689186	0.104009	0
12470	-0.694201	0.0706173	0
12480	-0.697366	0.0476685	0
12490	-0.694293	0.0341515	0
12500	-0.687207	0.0279959	0
12510	-0.661438	-0.0106007	0
12520	-0.697963	0.0636639	0
12530	-0.683039	0.0487695	0
12540	-0.680434	0.0653327	0
12550	-0.67158	0.0765501	0
12560	-0.662155	0.0877131	0
12570	-0.653977	0.0968622	0
12580	-0.647586	0.0888321	0
12590	-0.655119	0.0665977	0
12600	-0.726207	0.0871451	0
12610	-0.728649	0.107834	0
12620	-0.73799	0.129774	0
12630	-0.748697	0.144722	0
12640	-0.764279	0.154778	0
12650	-0.781217	0.161447	0
12660	-0.801293	0.168859	0
12670	-0.636083	0.103475	0
12680	-0.689729	0.242211	0
12690	-0.525035	-0.40536	0
12700	-0.716427	-0.0781629	0
12710	-0.741804	-0.0608495	0
12720	-0.752924	-0.0918926	0
12730	-0.743007	-0.0844273	0
12740	-0.730498	-0.112906	0
12750	-0.738978	-0.0917052	0
12760	-0.747499	-0.0745489	0
12770	-0.759598	-0.0338476	0
12780	-0.76701	0.0798456	0
12790	-0.769867	0.107245	0
12800	-0.719315	0.242801	0
12810	-0.733309	0.0987854	0
12820	-0.625457	-0.00860014	0
12830	-0.571224	-0.0280208	0
12840	-0.563332	0.0344597	0
12850	-0.51902	-0.0885039	0
12860	-0.540051	0.0461734	0
12870	-0.491082	-0.000416579	0
12880	-0.401959	-0.0424426	0
12890	-0.267321	-0.0665648	0
12900	-0.0591056	-0.0592427	0
12910	0.0157599	0.00566304	0
12920	0.0271166	0.0617686	0
12930	0.0145216	0.0891557	0
12940	-0.0233034	0.0808881	0
12950	0.0441803	-0.269813	0
12960	0.184331	-0.259808	0
12970	0.0933522	-0.280803	0
12980	0.383219	-0.20389	0
12990	0.569746	0.0776763	0
13000	0.538613	0.085488	0
13010	0.51007	0.0862112	0
13020	0.46675	0.0436486	0
13030	0.511229	0.0468785	0
13040	0.498336	0.0198307	0
13050	0.505464	-0.0490524	0
13060	0.518872	-0.175227	0
13070	0.408281	-0.48303	0
13080	-0.0649297	-0.727174	0
13090	0.289157	0.431402	0
13100	0.111036	-0.644972	0
13110	-0.421265	0.423743	0
13120	0.346437	0.403307	0
13130	0.525166	0.0258053	0
13140	0.471008	-0.16896	0
13150	0.484424	-0.0653915	0
13160	0.469456	-0.0867594	0
13170	0.468726	-0.112132	0
13180	0.537577	-0.121917	0
13190	0.690493	0.0273026	0
13200	0.70507	0.0157461	0
13210	0.712093	-0.0124213	0
13220	0.709614	-0.00264634	0
13230	0.719091	-0.00485596	0
13240	0.72537	0.00726218	0
13250	0.626176	-0.113711	0
13260	0.701341	0.0355711	0
13270	0.607703	0.0625301	0
13280	0.707633	0.0103209	0
13290	0.893712	0.279609	0
13300	0.760269	-0.039223	0
13310	0.768223	0.00679056	0
13320	0.812167	0.0281096	0
13330	0.76045	-0.00480869	0
13340	0.799341	0.0216464	0
13350	0.71653	-0.0556699	0
13360	0.794071	-0.0142374	0
13370	0.678697	-0.0919824	0
13380	0.793629	0.00362718	0
13390	0.830068	0.0540001	0
13400	0.979719	0.234129	0
13410	0.493513	-0.299088	0
13420	0.654431	-0.171059	0
13430	0.94121	0.0406688	0
13440	0.665676	-0.154744	0
13450	0.759816	-0.000995962	0
13460	0.811772	0.103652	0
13470	0.787861	0.00350928	0
13480	0.899194	0.113961	0
13490	0.795468	0.0941302	0
13500	0.775562	-0.0675656	0
13510	0.73788	-0.163316	0
13520	0.703659	-0.225003	0
13530	0.819993	-0.117177	0
13540	0.702848	-0.146889	0
13550	0.902806	-0.0372363	0
13560	0.738464	-0.0978021	0
13570	0.954683	0.132116	0
13580	0.716852	-0.103039	0
13590	0.922656	0.0394107	0
13600	0.706521	-0.144463	0
13610	0.959725	0.0978354	0
13620	0.778806	-0.111308	0
13630	0.884703	0.0820367	0
13640	0.847684	0.124704	0
13650	0.917291	0.00863663	0
13660	0.788157	0.0163726	0
13670	0.930478	0.0106169	0
13680	0.829331	0.0745622	0
13690	0.825101	-0.17442	0
13700	0.903672	-0.0570538	0
13710	0.869148	-0.102304	0
13720	0.771813	-0.104161	0
13730	0.973326	0.0912202	0
13740	0.788582	-0.0656535	0
13750	0.93356	-0.018171	0
13760	0.975745	0.0629023	0
13770	0.791448	-0.103288	0
13780	1.01753	0.21976	0
13790	0.818153	-0.0380851	0
13800	0.847952	-0.18692	0
13810	0.873537	-0.184298	0
13820	0.902441	-0.128632	0
13830	0.878977	-0.0815369	0
13840	0.747012	-0.0182605	0
13850	0.747901	-0.0575163	0
13860	0.665597	-0.0387184	0
13870	0.579364	-0.0867838	0
13880	0.735194	0.00336077	0
13890	0.604822	-0.0450674	0
13900	0.645469	-0.0288628	0
13910	0.590046	-0.0969061	0
13920	0.666283	-0.0565319	0
13930	0.626092	-0.0181748	0
13940	0.685795	0.0231938	0
13950	0.776014	0.183148	0
13960	0.730662	0.0562771	0
13970	0.397525	0.602848	0
13980	-0.561647	-0.361676	0
13990	-0.663397	-0.211262	0
14000	-0.53559	-0.495455	0
14010	-0.687758	-0.0775381	0
14020	-0.619816	-0.53572	0
14030	-0.682876	-0.174322	0
14040	-0.37228	0.22271	0
14050	-0.538454	-0.0115111	0
14060	-0.437359	-0.000491607	0
14070	-0.304425	0.0134659	0
14080	-0.194146	-0.0128346	0
14090	-0.15822	-0.0300339	0
14100	-0.152437	-0.0190221	0
14110	-0.156918	0.00685513	0
14120	-0.170186	0.100611	0
14130	-0.227956	0.0805976	0
14140	-0.600985	-0.0836843	0
14150	-0.659206	-0.0774362	0
14160	-0.70541	-0.0610975	0
14170	-0.729513	-0.105211	0
14180	-0.704258	-0.17363	0
14190	-0.729993	0.0255401	0
14200	-0.682338	-0.0125749	0
14210	-0.59385	-0.0535721	0
14220	-0.480765	-0.0292355	0
14230	-0.329854	0.09018	0
14240	-0.258414	0.178917	0
14250	-0.235769	0.265436	0
14260	-0.219751	0.338184	0
14270	-0.200693	0.395826	0
14280	-0.167204	0.442454	0
14290	-0.127844	0.462896	0
14300	-0.0586991	0.46079	0
14310	-0.0565217	0.431269	0
14320	-0.0569775	0.391454	0
14330	-0.0578671	0.349859	0
14340	-0.0595532	0.308388	0
14350	-0.0622582	0.269002	0
14360	-0.0632313	0.236473	0
14370	-0.0620859	0.209201	0
14380	-0.0583916	0.181112	0
14390	-0.0516205	0.155714	0
14400	-0.042055	0.131087	0
14410	-0.0312684	0.103289	0
14420	-0.0195478	0.0598767	0
14430	-0.00363039	-0.00385215	0
14440	0.0127277	-0.073324	0
14450	0.0363873	-0.155758	0
14460	0.0584223	-0.228047	0
14470	0.0757315	-0.306106	0
14480	0.0942904	-0.376998	0
14490	0.112821	-0.444853	0
14500	0.13124	-0.533687	0
14510	0.148745	-0.60114	0
14520	0.162394	-0.673242	0
14530	0.175127	-0.738523	0
14540	-0.347389	-0.247133	0
14550	-0.191798	-0.000606218	0
14560	-0.0375657	-0.013552	0
14570	0.112844	-0.0887319	0
14580	0.139719	-0.203008	0
14590	0.129029	-0.313453	0
14600	0.108004	-0.413773	0
14610	0.0823887	-0.495749	0
14620	0.0543809	-0.550961	0
14630	0.0235388	-0.573742	0
14640	-0.00807685	-0.560834	0
14650	-0.0379917	-0.506742	0
14660	-0.0661642	-0.414011	0
14670	-0.0895356	-0.289423	0
14680	-0.109921	-0.136251	0
14690	-0.126285	0.0346196	0
14700	-0.135928	0.211333	0
14710	-0.139556	0.384648	0
14720	-0.137032	0.543576	0
14730	-0.128793	0.673989	0
14740	-0.119764	0.766162	0
14750	-0.111266	0.812093	0
14760	-0.100704	0.808311	0
14770	-0.0867013	-0.352436	0
14780	-0.115661	0.678173	0
14790	-0.0684431	-0.472724	0
14800	-0.0861935	-0.561513	0
14810	0.0494946	0.196365	0
14820	0.000434125	0.0109453	0
14830	0.00975998	-0.0515617	0
14840	-0.0475466	-0.105957	0
14850	-0.0351099	-0.141714	0
14860	-0.0689822	-0.166171	0
14870	-0.0840801	-0.555839	0
14880	0.221852	-0.382953	0
14890	-0.145002	-0.448362	0
14900	-0.0137336	-0.525174	0
14910	0.00516817	-0.0889465	0
14920	0.12031	0.0697701	0
14930	0.0772042	0.184123	0
14940	0.0462522	0.320391	0
14950	0.00924669	0.423177	0
14960	0.0273749	0.602856	0
14970	-0.0393685	0.551963	0
14980	-0.0529081	0.693982	0
14990	-0.0723019	0.734134	0
15000	-0.071624	0.742092	0
15010	-0.105637	0.731627	0
15020	-0.606408	0.0774316	0
15030	-0.59736	0.0685705	0
15040	-0.578834	0.0615671	0
15050	-0.711049	0.239553	0
15060	-0.264145	0.0534235	0
15070	-0.408364	0.054719	0
15080	-0.47666	0.0606564	0
15090	-0.356009	0.040284	0
15100	-0.40095	-0.0481028	0
15110	-0.485742	-0.135408	0
15120	-0.439094	0.0199497	0
15130	-0.575666	0.0156132	0
15140	-0.50235	-0.0485387	0
15150	-0.514927	-0.0183343	0
15160	-0.477509	-0.04861	0
15170	-0.465798	-0.0421709	0
15180	-0.451391	-0.0836769	0
15190	-0.421779	0.127209	0
15200	-0.608052	0.130414	0
15210	-0.454631	0.0823677	0
15220	-0.209117	-0.0926869	0
15230	-0.444084	-0.0143585	0
15240	-0.411858	-0.0109939	0
15250	-0.478258	-0.043578	0
15260	-0.45002	0.0173534	0
15270	-0.292144	0.187086	0
15280	-0.405721	0.0981874	0
15290	-0.508356	-0.0725163	0
15300	-0.424339	0.0635243	0
15310	-0.449873	-0.0390604	0
15320	-0.579789	0.0242862	0
15330	-0.517789	0.117111	0
15340	-0.599246	-0.0219086	0
15350	-0.64886	0.129948	0
15360	-0.532454	0.0940892	0
15370	-0.657003	0.0453077	0
15380	-0.609151	0.059969	0
15390	-0.681993	0.0698205	0
15400	-0.576108	-0.0461961	0
15410	-0.729402	0.111652	0
15420	-0.612026	-0.000529355	0
15430	-0.748624	0.131213	0
15440	-0.628483	0.0403009	0
15450	-0.684537	0.017959	0
15460	-0.693675	0.0733217	0
15470	-0.713349	0.0991519	0
15480	-0.699395	0.102653	0
15490	-0.735364	0.0416501	0
15500	-0.762607	0.0675876	0
15510	-0.679464	-0.0222811	0
15520	-0.747202	0.0770216	0
15530	-0.687437	0.0775187	0
15540	-0.763478	0.130002	0
15550	-0.681847	-0.00397068	0
15560	-0.612247	-0.0769499	0
15570	-0.633674	-0.0361904	0
15580	-0.775484	0.203627	0
15590	-0.745929	0.134033	0
15600	-0.583139	-0.0796412	0
15610	-0.677431	-0.0282913	0
15620	-0.61606	-0.0793809	0
15630	-0.74592	0.142101	0
15640	-0.594019	-0.0358368	0
15650	-0.738911	0.123131	0
15660	-0.657403	-0.00143265	0
15670	-0.63121	0.0218262	0
15680	-0.661918	0.0201715	0
15690	-0.626142	-0.00803777	0
15700	-0.651568	0.0203829	0
15710	-0.636942	-0.000469781	0
15720	-0.621302	-0.0101699	0
15730	-0.602828	-0.0280215	0
15740	-0.636428	0.00938656	0
15750	-0.644514	0.00386403	0
15760	-0.590961	-0.0617562	0
15770	-0.688118	0.0517693	0
15780	-0.629019	-0.0376063	0
15790	-0.742126	0.156764	0
15800	-0.659971	-0.0166004	0
15810	-0.650227	-0.0316573	0
15820	-0.685787	0.0244306	0
15830	-0.673126	0.00935279	0
15840	-0.676421	0.0195877	0
15850	-0.677962	0.0278738	0
15860	-0.6749	0.0283846	0
15870	-0.683127	0.0176062	0
15880	-0.704914	0.108185	0
15890	-0.704239	0.080101	0
15900	-0.704331	0.0661702	0
15910	-0.655857	-0.0195102	0
15920	-0.604795	-0.175224	0
15930	-0.621148	0.447404	0
15940	-0.701224	0.009648	0
15950	-0.731752	0.0554013	0
15960	-0.694201	0.0908238	0
15970	-0.745953	0.114382	0
15980	-0.785569	0.250515	0
15990	-0.654211	-0.159898	0
16000	-0.741517	0.00730725	0
16010	-0.682832	-0.136301	0
16020	-0.752716	0.000939557	0
16030	-0.800618	0.112475	0
16040	-0.832644	0.203306	0
16050	-0.718775	-0.108142	0
16060	-0.696306	-0.151383	0
16070	-0.719983	-0.0282363	0
16080	-0.687739	0.00232342	0
16090	-0.737279	-0.103541	0
16100	-0.533764	-0.331364	0
16110	-0.565913	-0.296807	0
16120	-0.838146	0.196346	0
16130	-0.84558	0.382409	0
16140	-0.760441	0.000178633	0
16150	-0.794627	0.0620881	0
16160	-0.828083	0.136232	0
16170	-0.634516	-0.10021	0
16180	-0.796226	0.212853	0
16190	-0.638633	0.10876	0
16200	-0.672248	0.117085	0
16210	-0.672316	-0.176954	0
16220	-0.672631	-0.173099	0
16230	-0.717101	-0.0847061	0
16240	-0.767805	0.300948	0
16250	-0.641576	-0.247104	0
16260	-0.354264	-0.419046	0
16270	-0.704271	0.090882	0
16280	-0.713054	0.0983571	0
16290	-0.646983	0.276161	0
16300	-0.777036	0.172712	0
16310	-0.73859	0.084638	0
16320	-0.787244	0.284622	0
16330	-0.815809	0.138907	0
16340	-0.831824	0.12514	0
16350	-0.84392	0.142772	0
16360	-0.852718	0.174106	0
16370	-0.857872	0.195228	0
16380	-0.862402	0.174639	0
16390	-0.864333	0.0950544	0
16400	-0.851254	0.114818	0
16410	-0.823664	0.145828	0
16420	-0.809231	0.214909	0
16430	-0.850075	-0.0428631	0
16440	-0.708452	-0.291034	0
16450	-0.811868	0.254697	0
16460	-0.770977	-0.11775	0
16470	-0.828894	0.0818691	0
16480	-0.842667	0.069363	0
16490	-0.788252	-0.139927	0
16500	-0.840786	-0.149	0
16510	-0.759764	-0.132275	0
16520	-0.789087	-0.11296	0
16530	-0.710367	-0.114171	0
16540	-0.678536	-0.0131975	0
16550	-0.681197	-0.110914	0
16560	-0.683471	0.0630176	0
16570	-0.701395	-0.0327546	0
16580	-0.595816	-0.104324	0
16590	-0.712922	-0.0645992	0
16600	-0.692693	0.21554	0
16610	-0.765754	-0.0805033	0
16620	-0.708689	-0.0368606	0
16630	-0.779344	-0.0108806	0
16640	-0.716708	-0.220793	0
16650	-0.674743	-0.265731	0
16660	-0.749719	-0.0796016	0
16670	-0.668635	-0.37386	0
16680	-0.787158	-0.000257585	0
16690	-0.713368	-0.247417	0
16700	-0.739476	0.128046	0
16710	-0.715436	-0.0952852	0
16720	-0.742588	-0.153384	0
16730	-0.727959	0.318927	0
16740	-0.741994	0.0692914	0
16750	-0.738184	-0.0684551	0
16760	-0.683534	-0.0562523	0
16770	-0.691921	0.0782984	0
16780	-0.650776	-0.133165	0
16790	-0.702418	0.139543	0
16800	-0.72176	0.248265	0
16810	-0.762352	-0.104799	0
16820	-0.757428	0.136614	0
16830	-0.783035	-0.0166638	0
16840	-0.77291	0.0261576	0
16850	-0.779009	-0.0829914	0
16860	-0.725082	0.260316	0
16870	-0.736173	-0.157824	0
16880	-0.808513	-0.071987	0
16890	-0.459662	-0.345798	0
16900	-0.802675	0.0210439	0
16910	-0.775521	0.219802	0
16920	-0.764426	-0.0843741	0
16930	-0.176607	0.870106	0
16940	-0.695873	0.25325	0
16950	-0.667168	0.179286	0
16960	-0.706094	0.358808	0
16970	-0.683507	0.433748	0
16980	-0.488101	0.630719	0
16990	-0.71648	0.413104	0
17000	-0.711745	0.269496	0
17010	-0.675721	-0.0111803	0
17020	-0.777027	-0.293722	0
17030	-0.607071	-0.298426	0
17040	-0.800639	-0.0222001	0
17050	-0.802474	0.117136	0
17060	-0.771423	0.110182	0
17070	-0.793375	0.0057308	0
17080	-0.810098	0.0956943	0
17090	-0.650852	-0.40394	0
17100	-0.8236	0.0297297	0
17110	-0.815128	-0.129702	0
17120	-0.732077	0.348691	0
17130	-0.790393	-0.000420946	0
17140	-0.800555	-0.179635	0
17150	-0.747076	0.109093	0
17160	-0.743398	0.322504	0
17170	-0.780655	0.0658416	0
17180	-0.762178	-0.265082	0
17190	-0.663365	0.489354	0
17200	-0.773473	-0.0720228	0
17210	-0.749874	0.200087	0
17220	-0.720189	-0.185388	0
17230	-0.769696	0.0491118	0
17240	-0.760758	0.0698049	0
17250	-0.756144	-0.035957	0
17260	-0.757449	0.0631703	0
17270	-0.746354	-0.0362577	0
17280	-0.762808	0.123056	0
17290	-0.762614	0.125683	0
17300	-0.76377	0.157096	0
17310	-0.765267	0.199884	0
17320	-0.764524	0.191143	0
17330	-0.760641	0.164563	0
17340	-0.755918	0.15371	0
17350	-0.751274	0.148943	0
17360	-0.745398	0.144557	0
17370	-0.73663	0.136857	0
17380	-0.723429	0.128729	0
17390	-0.703905	0.115472	0
17400	-0.641189	0.016986	0
17410	-0.695565	0.110686	0
17420	-0.628388	0.057865	0
17430	-0.588164	-0.0171802	0
17440	-0.584295	0.0647058	0
17450	-0.502817	-0.0276999	0
17460	-0.486346	0.0105376	0
17470	-0.458693	0.102703	0
17480	-0.364298	0.0911156	0
17490	-0.397271	0.189169	0
17500	-0.381809	0.0844108	0
17510	-0.327925	0.019529	0
17520	-0.284512	0.143981	0
17530	-0.124554	0.0023276	0
17540	0.17375	-0.204155	0
17550	0.263176	0.100853	0
17560	0.291546	0.113081	0
17570	0.293629	0.0500446	0
17580	0.282413	0.0109532	0
17590	0.26619	0.00302563	0
17600	0.245763	0.0132819	0
17610	0.174574	-0.0255898	0
17620	0.0681725	-0.187277	0
17630	0.068218	-0.193321	0
17640	0.064798	-0.273104	0
17650	0.0247143	-0.193616	0
17660	-0.495434	0.0411811	0
17670	-0.697215	0.338453	0
17680	-0.726653	0.272064	0
17690	-0.734666	0.3215	0
17700	-0.75187	0.261967	0
17710	-0.76641	0.163568	0
17720	-0.619575	0.574963	0
17730	-0.754977	0.155599	0
17740	-0.755869	-0.186957	0
17750	-0.442046	-0.274134	0
17760	-0.791798	-0.262668	0
17770	-0.628681	0.507368	0
17780	-0.411324	0.455561	0
17790	-0.715225	0.372765	0
17800	-0.529799	0.591198	0
17810	-0.784328	0.237637	0
17820	-0.852066	-0.127997	0
17830	-0.763144	0.111912	0
17840	-0.80045	-0.00278347	0
17850	-0.839437	-0.14221	0
17860	-0.715623	0.325242	0
17870	-0.542573	0.496809	0
17880	-0.627887	0.368794	0
17890	-0.67959	-0.0853759	0
17900	-0.582685	-0.334319	0
17910	-0.650979	-0.212961	0
17920	-0.619306	-0.275996	0
17930	-0.557829	-0.0537572	0
17940	-0.674784	-0.136875	0
17950	-0.504714	-0.356437	0
17960	-0.611761	-0.0662011	0
17970	-0.678118	-0.113211	0
17980	-0.597227	-0.132578	0
17990	-0.607113	-0.268055	0
18000	-0.595935	-0.211347	0
