0	0	0	0
10	3.65442	0.258399	0
20	3.04658	0.507207	0
30	2.84442	0.903183	0
40	2.63549	1.36187	0
50	2.31769	1.82425	0
60	2.02691	2.26129	0
70	1.72925	2.60527	0
80	1.46414	2.8109	0
90	1.24907	2.85894	0
100	1.10585	2.73513	0
110	1.04903	2.4115	0
120	1.10703	1.72816	0
130	1.26293	0.937065	0
140	1.4474	-0.202217	0
150	1.68678	-0.988152	0
160	1.69567	-1.77373	0
170	0.358493	-2.45595	0
180	-1.30724	-3.00854	0
190	-2.43713	-3.28737	0
200	-3.08094	-3.49735	0
210	-3.41011	-3.49322	0
220	-3.32151	-3.37391	0
230	-2.98532	-3.05895	0
240	-2.6278	-2.85011	0
250	-2.23865	-2.61447	0
260	-1.9022	-2.38518	0
270	-1.55207	-2.20988	0
280	-1.22234	-1.98909	0
290	-0.913534	-1.70884	0
300	-0.636862	-1.56877	0
310	-0.316031	-1.45636	0
320	0.0695872	-1.25832	0
330	0.532536	-1.06425	0
340	1.04149	-0.796166	0
350	1.57612	-0.584079	0
360	2.18806	-0.289472	0
370	2.77505	-0.0869295	0
380	3.47216	0.177806	0
390	4.02488	0.369228	0
400	4.58839	0.575019	0
410	5.10265	0.726158	0
420	5.48827	0.855155	0
430	5.72838	0.921668	0
440	-0.28658	0.923622	0
450	-0.446074	0.895748	0
460	-0.403851	0.790302	0
470	-0.341972	0.649873	0
480	-0.272069	0.476626	0
490	-0.197344	0.283124	0
500	-0.128752	0.123113	0
510	-0.0574164	-0.0171073	0
520	0.0336337	-0.0589016	0
530	0.0661511	-0.0594096	0
540	0.123916	0.0501304	0
550	0.141435	0.195462	0
560	0.133153	0.315119	0
570	0.0991752	0.427804	0
580	0.0942895	0.537389	0
590	0.0921321	0.664836	0
600	0.0640305	0.800445	0
610	0.033814	0.829623	0
620	-0.00979821	0.852094	0
630	-0.00589635	0.752572	0
640	0.0313268	0.686007	0
650	0.0111227	0.479914	0
660	0.0202364	0.240965	0
670	0.0942194	0.0339694	0
680	0.103307	-0.21942	0
690	0.151943	-0.47042	0
700	0.226391	-0.739127	0
710	0.223933	-0.962395	0
720	0.311734	-1.12588	0
730	0.328056	-1.34734	0
740	0.290767	-1.44779	0
750	0.325327	-1.40126	0
760	0.339078	-1.34466	0
770	0.364903	-1.26078	0
780	0.346572	-1.0251	0
790	0.338792	-0.833406	0
800	0.393852	-0.583255	0
810	0.310897	-0.34209	0
820	0.306509	-0.0823271	0
830	0.25005	0.199831	0
840	0.22081	0.39557	0
850	0.189615	0.607745	0
860	0.223245	0.802579	0
870	0.130042	0.92366	0
880	0.0753268	0.982685	0
890	0.14919	1.03412	0
900	0.0953349	1.04633	0
910	0.128034	0.961156	0
920	0.0846089	0.836173	0
930	0.0733768	0.661034	0
940	0.136624	0.531796	0
950	0.128517	0.287792	0
960	0.124678	0.0541499	0
970	0.193835	-0.0406012	0
980	0.195214	-0.288749	0
990	0.20209	-0.435642	0
1000	0.239749	-0.574569	0
1010	0.271489	-0.631422	0
1020	0.278622	-0.6111	0
1030	0.373322	-0.645753	0
1040	0.337517	-0.527163	0
1050	0.303592	-0.466963	0
1060	0.325015	-0.320515	0
1070	0.317799	-0.156017	0
1080	0.289285	-0.0239425	0
1090	0.346968	0.302372	0
1100	0.303008	0.493183	0
1110	0.260244	0.682199	0
1120	0.213322	0.806526	0
1130	0.215204	0.93553	0
1140	0.165659	1.15387	0
1150	0.172994	1.19955	0
1160	0.162324	1.26143	0
1170	0.0947553	1.22249	0
1180	0.160879	1.24523	0
1190	0.116056	1.10758	0
1200	0.109834	1.07809	0
1210	0.169647	0.954615	0
1220	0.149568	0.792437	0
1230	0.219702	0.668212	0
1240	0.165697	0.516646	0
1250	-0.222043	0.416316	0
1260	-0.658206	0.226454	0
1270	-0.827932	0.185475	0
1280	-1.12911	0.0572916	0
1290	-1.42821	-0.0534846	0
1300	-1.77121	-0.181278	0
1310	-1.82362	-0.0861909	0
1320	-1.94152	-0.120451	0
1330	-2.15863	-0.111425	0
1340	-2.16686	-0.153247	0
1350	-2.26398	-0.0609227	0
1360	-2.30891	-0.0264344	0
1370	-2.21227	0.143143	0
1380	-2.15081	0.216789	0
1390	-1.99301	0.236809	0
1400	-1.95982	0.344301	0
1410	-1.83714	0.379727	0
1420	-1.61751	0.507247	0
1430	-1.59723	0.486216	0
1440	-1.45478	0.501529	0
1450	-1.25901	0.423221	0
1460	-1.15954	0.493916	0
1470	-1.04344	0.384008	0
1480	-0.829732	0.355524	0
1490	-0.593241	0.245553	0
1500	-0.599794	0.142238	0
1510	-0.342399	0.0732391	0
1520	-0.198375	0.0465987	0
1530	-0.0389696	-0.165772	0
1540	0.0309487	-0.228589	0
1550	0.278474	-0.229234	0
1560	0.438387	-0.338062	0
1570	0.65778	-0.399481	0
1580	0.888997	-0.418236	0
1590	1.18557	-0.37965	0
1600	1.25376	-0.40144	0
1610	1.59318	-0.299467	0
1620	1.68755	-0.275473	0
1630	1.85258	-0.239657	0
1640	2.08023	-0.180752	0
1650	2.26433	-0.166906	0
1660	2.36056	-0.109371	0
1670	2.41463	-0.0682516	0
1680	2.46378	-0.0244081	0
1690	2.79881	0.184274	0
1700	2.81514	0.163756	0
1710	2.78388	0.128528	0
1720	2.85175	0.204778	0
1730	2.79257	0.197146	0
1740	2.79196	0.231022	0
1750	2.7175	0.206921	0
1760	2.80878	0.305216	0
1770	2.64352	0.214433	0
1780	2.54742	0.23153	0
1790	2.35869	0.0624146	0
1800	2.3662	0.148601	0
1810	2.23291	0.209654	0
1820	2.15331	0.21119	0
1830	1.86634	-0.0282119	0
1840	1.80915	-0.00483923	0
1850	0.325167	-0.0914173	0
1860	0.227055	0.0115962	0
1870	0.19	-0.132946	0
1880	0.214489	-0.107426	0
1890	0.195807	-0.231453	0
1900	0.21681	-0.182015	0
1910	0.259037	-0.223296	0
1920	0.194621	-0.250238	0
1930	0.216853	-0.276213	0
1940	0.179267	-0.316092	0
1950	0.202122	-0.261381	0
1960	0.279086	-0.194502	0
1970	0.183758	-0.233071	0
1980	0.198822	-0.111977	0
1990	0.209524	-0.177523	0
2000	0.248514	-0.138029	0
2010	0.156635	-0.149979	0
2020	0.172149	-0.079782	0
2030	0.24814	-0.0788183	0
2040	0.236732	-0.0178526	0
2050	0.150417	-0.0301538	0
2060	0.156719	0.0193068	0
2070	0.161901	-0.0460427	0
2080	0.150061	0.0598321	0
2090	0.225342	0.0977914	0
2100	0.21639	0.127541	0
2110	0.0821096	0.0583361	0
2120	0.0944888	0.17153	0
2130	0.0988842	0.047958	0
2140	0.0932426	0.117397	0
2150	0.0829618	0.127394	0
2160	0.0766621	0.118232	0
2170	0.0965244	0.0434172	0
2180	0.0945447	0.0640938	0
2190	0.0864738	0.0287246	0
2200	0.078053	0.00762193	0
2210	0.0867876	-0.0362667	0
2220	0.182654	0.0844209	0
2230	0.182596	-0.0447151	0
2240	0.21382	0.0435063	0
2250	0.211369	0.00900714	0
2260	0.183839	-0.15104	0
2270	0.199269	-0.0700827	0
2280	0.226081	-0.141846	0
2290	0.109709	-0.181063	0
2300	0.112439	-0.169312	0
2310	0.133133	-0.108464	0
2320	0.14216	-0.13758	0
2330	0.156056	-0.0903985	0
2340	0.129765	-0.0965381	0
2350	0.241519	-0.0563866	0
2360	0.246592	-0.0297082	0
2370	0.10678	-0.06157	0
2380	0.177276	0.038826	0
2390	0.17807	0.0583961	0
2400	0.215861	0.042858	0
2410	0.116601	-0.0359029	0
2420	0.178936	0.113697	0
2430	0.178159	0.0673962	0
2440	0.224186	0.0393081	0
2450	0.163583	-0.0181563	0
2460	0.20445	0.110249	0
2470	0.264745	0.0207252	0
2480	0.124979	-0.0467077	0
2490	0.167554	0.0761542	0
2500	0.289463	-0.0714592	0
2510	0.115848	-0.125124	0
2520	0.191129	-0.0170396	0
2530	0.296514	-0.0227322	0
2540	0.135256	-0.0858114	0
2550	0.203147	-0.118471	0
2560	0.279802	-0.105993	0
2570	0.159212	-0.218036	0
2580	0.199031	-0.141737	0
2590	0.19419	-0.2336	0
2600	0.198026	-0.136135	0
2610	0.282622	-0.174485	0
2620	0.236012	-0.10438	0
2630	0.226413	-0.10766	0
2640	0.140731	-0.119698	0
2650	0.189584	-0.104915	0
2660	0.320123	0.0836319	0
2670	0.156375	-0.155211	0
2680	0.241808	-0.00997968	0
2690	0.240042	0.0195986	0
2700	0.194766	0.0976027	0
2710	0.18238	0.0458893	0
2720	0.28779	0.180291	0
2730	0.174417	0.0336842	0
2740	0.214192	0.14942	0
2750	0.196579	0.152169	0
2760	0.11798	0.0633934	0
2770	0.11515	-0.0196277	0
2780	0.143257	0.0894839	0
2790	0.101117	0.0257612	0
2800	0.203787	0.122899	0
2810	0.213935	0.180918	0
2820	0.028938	-0.0211069	0
2830	0.0932807	0.0657592	0
2840	0.0251122	-0.095099	0
2850	0.0666166	-0.0866409	0
2860	0.11126	0.0912519	0
2870	0.189557	0.143305	0
2880	0.126295	-0.00142009	0
2890	0.00640834	-0.0349951	0
2900	0.0624601	0.0584452	0
2910	0.0113926	-0.0756683	0
2920	0.00361247	0.0718295	0
2930	0.0234412	0.055802	0
2940	0.093554	0.132517	0
2950	0.00942511	0.0644993	0
2960	-0.00346837	0.199319	0
2970	0.0514353	0.243806	0
2980	0.053433	0.234088	0
2990	0.023988	0.20533	0
3000	0.0451837	0.264801	0
3010	0.16168	0.204937	0
3020	0.23059	0.342761	0
3030	0.0864925	0.332099	0
3040	-0.103879	0.25707	0
3050	-0.223886	0.109832	0
3060	-0.244796	0.0975638	0
3070	-0.367684	0.0407878	0
3080	-0.302867	0.0219037	0
3090	-0.347235	-0.00952923	0
3100	-0.402058	-0.166454	0
3110	-0.329394	-0.0114052	0
3120	-0.551578	-0.229946	0
3130	-0.476323	-0.0780048	0
3140	-0.419066	-0.142783	0
3150	-0.48627	-0.190582	0
3160	-0.353784	-0.129453	0
3170	-0.274194	-0.137801	0
3180	-0.269178	-0.164872	0
3190	-0.149141	-0.148335	0
3200	0.0878626	-0.0830875	0
3210	0.115202	-0.0977068	0
3220	0.106371	-0.0659844	0
3230	0.105165	-0.0643585	0
3240	0.367348	-0.0912824	0
3250	0.352138	0.0299872	0
3260	0.62559	0.165421	0
3270	0.625304	0.1896	0
3280	0.796097	0.116446	0
3290	0.792778	0.127993	0
3300	0.775118	0.0810905	0
3310	0.962451	0.234613	0
3320	0.920267	0.153727	0
3330	1.09323	0.201265	0
3340	1.00417	0.0915305	0
3350	1.18382	0.203556	0
3360	1.01109	0.0581587	0
3370	0.61605	-0.0848704	0
3380	0.890227	0.0308609	0
3390	1.15922	-0.0402245	0
3400	1.14402	-0.0602405	0
3410	1.13292	-0.132826	0
3420	1.03202	-0.200905	0
3430	0.982249	-0.184899	0
3440	1.14583	-0.197846	0
3450	1.10869	-0.237001	0
3460	1.27938	-0.256292	0
3470	1.3764	-0.185122	0
3480	1.33523	-0.24362	0
3490	1.42755	-0.218176	0
3500	1.50167	-0.280701	0
3510	1.23176	-0.134468	0
3520	0.314063	-0.42317	0
3530	-5.58655	-0.52427	0
3540	0.894124	-0.296494	0
3550	2.12989	-0.517101	0
3560	-4.63571	-0.478181	0
3570	-4.65219	-0.622083	0
3580	1.2834	-0.629209	0
3590	-3.81831	-0.82747	0
3600	0.553557	-0.818276	0
3610	-3.09558	-0.851	0
3620	1.4418	-0.911909	0
3630	-2.02818	-0.936223	0
3640	-1.58705	-0.976007	0
3650	-0.529375	-0.944164	0
3660	0.318081	-0.941737	0
3670	-0.440097	-0.995887	0
3680	-0.584401	-1.05377	0
3690	-0.636552	-0.901214	0
3700	-0.777631	-0.98739	0
3710	-0.777509	-0.906218	0
3720	-0.802577	-0.932412	0
3730	-1.01247	-0.685179	0
3740	-1.00886	-0.321432	0
3750	-1.16242	-0.0728885	0
3760	-1.21177	0.119003	0
3770	-1.27691	0.702098	0
3780	-1.30213	1.14578	0
3790	-1.36564	1.35771	0
3800	-1.36668	1.95747	0
3810	-1.38013	2.3371	0
3820	-1.26894	2.81925	0
3830	-1.25647	3.43327	0
3840	-1.24985	3.46996	0
3850	-1.17069	3.95105	0
3860	-0.889912	4.27616	0
3870	-1.1289	4.38396	0
3880	-1.02476	4.33637	0
3890	-1.09777	4.25611	0
3900	-0.871818	4.0716	0
3910	-0.829786	3.74344	0
3920	-0.936866	3.0628	0
3930	-1.0184	2.50394	0
3940	-0.83836	1.81539	0
3950	-0.871752	1.09926	0
3960	-0.854652	0.098401	0
3970	-0.834948	-0.694684	0
3980	-0.797961	-1.50343	0
3990	-0.834892	-2.22035	0
4000	-0.569635	-3.0507	0
4010	-0.660712	-3.44568	0
4020	-0.411124	-4.08815	0
4030	-0.167913	-4.38875	0
4040	-0.169469	-4.46692	0
4050	0.135319	-4.48211	0
4060	0.591866	-4.38453	0
4070	0.602149	-4.85371	0
4080	0.797303	-5.26687	0
4090	0.843834	-5.22684	0
4100	0.926724	-5.19483	0
4110	1.06324	-4.91599	0
4120	1.11874	-4.4061	0
4130	1.38683	-4.00233	0
4140	1.19172	-3.2839	0
4150	1.31815	-2.61614	0
4160	1.25779	-2.13354	0
4170	1.35757	-1.36486	0
4180	1.07575	-0.877655	0
4190	0.963002	-0.369754	0
4200	0.774204	0.451875	0
4210	0.637989	1.06797	0
4220	0.401227	1.44674	0
4230	0.291658	2.06588	0
4240	0.209007	2.76367	0
4250	-0.098887	3.20385	0
4260	-0.186429	3.83944	0
4270	-0.291162	4.32992	0
4280	-0.467412	4.51529	0
4290	-0.660443	4.61963	0
4300	-0.460329	5.11604	0
4310	-0.738937	4.91763	0
4320	-0.571647	5.13152	0
4330	-0.578171	5.19185	0
4340	-0.625073	4.96455	0
4350	-0.675627	4.80253	0
4360	-0.590632	4.451	0
4370	-0.492227	4.05445	0
4380	-0.350191	3.6373	0
4390	-0.296597	3.05278	0
4400	-0.188579	2.26128	0
4410	-0.193858	1.44227	0
4420	-0.0393436	0.676339	0
4430	0.164744	-0.142809	0
4440	0.198251	-1.14719	0
4450	-1.05262	-1.81755	0
4460	-1.86733	-2.43357	0
4470	-3.03423	-3.14165	0
4480	-3.73729	-3.61734	0
4490	-4.84473	-4.4275	0
4500	-5.1206	-4.80489	0
4510	-5.41291	-4.97568	0
4520	-5.72133	-5.22491	0
4530	-5.79991	-5.12873	0
4540	-5.40739	-5.53603	0
4550	-5.22974	-4.7877	0
4560	-4.81391	-4.17488	0
4570	-4.34486	-3.43503	0
4580	-3.86531	-2.39353	0
4590	-3.27378	-1.87852	0
4600	-2.61008	-1.33002	0
4610	-1.91092	-0.76319	0
4620	-1.29302	-0.537039	0
4630	-0.480925	-0.0364965	0
4640	0.135914	0.362908	0
4650	0.662215	0.41191	0
4660	1.23402	0.813333	0
4670	1.63733	1.0665	0
4680	2.05356	1.47554	0
4690	2.32156	1.32789	0
4700	2.47685	1.55592	0
4710	2.56402	1.58496	0
4720	2.64112	1.70865	0
4730	2.84774	1.6177	0
4740	2.85042	1.42501	0
4750	2.59291	1.13294	0
4760	2.74073	0.923346	0
4770	2.55753	0.624444	0
4780	2.61713	0.333641	0
4790	2.76508	0.270068	0
4800	2.67126	-0.00912647	0
4810	2.57867	-0.405413	0
4820	2.67309	-0.407365	0
4830	2.80889	-0.414494	0
4840	2.73708	-0.470354	0
4850	3.23346	-0.557045	0
4860	3.53178	-0.551044	0
4870	3.73208	-0.462472	0
4880	4.0243	-0.330898	0
4890	4.16849	-0.33209	0
4900	4.81942	0.0344861	0
4910	5.18518	0.170899	0
4920	5.38798	0.246981	0
4930	5.76917	0.400575	0
4940	5.98309	0.457483	0
4950	5.98463	0.403072	0
4960	2.21686	0.708501	0
4970	-0.00963909	0.711079	0
4980	-0.232169	0.69928	0
4990	-0.221053	0.826458	0
5000	-0.235386	0.658691	0
5010	-0.116833	0.561422	0
5020	-0.331103	0.211173	0
5030	-0.497761	-0.0654355	0
5040	-0.522011	-0.555317	0
5050	-0.471858	-0.89694	0
5060	-0.492495	-1.41411	0
5070	-0.630677	-1.77919	0
5080	-0.657122	-2.11521	0
5090	-0.650432	-2.29035	0
5100	-0.65688	-2.43842	0
5110	-0.832039	-2.52875	0
5120	-0.790411	-2.38065	0
5130	-0.803231	-2.05283	0
5140	-0.837192	-1.72012	0
5150	-0.756236	-1.24558	0
5160	-0.783941	-0.731986	0
5170	-0.823842	-0.381117	0
5180	-0.887512	-0.120108	0
5190	-0.844377	0.503909	0
5200	-0.912073	0.648494	0
5210	-1.07563	0.746667	0
5220	-1.00269	1.23659	0
5230	-1.02482	1.30376	0
5240	-0.959697	1.47248	0
5250	-0.861791	1.49001	0
5260	-0.960377	1.53703	0
5270	-0.985385	1.46643	0
5280	-0.935877	1.42115	0
5290	-0.760401	1.51356	0
5300	-0.777958	1.27023	0
5310	-1.32262	1.16657	0
5320	0.589401	1.08876	0
5330	-2.67093	1.00314	0
5340	0.0281148	0.89305	0
5350	0.0159102	0.922434	0
5360	0.0199601	1.00779	0
5370	-0.0481394	0.726137	0
5380	0.0512034	0.792258	0
5390	0.271732	0.943085	0
5400	0.293216	0.803693	0
5410	0.33374	0.880304	0
5420	-0.496415	0.986108	0
5430	-1.28417	0.937502	0
5440	-1.71164	1.03245	0
5450	-2.71608	0.98073	0
5460	-2.96794	1.20771	0
5470	-3.7016	0.969617	0
5480	-4.1197	1.08476	0
5490	-4.47141	0.999513	0
5500	-4.73494	0.927247	0
5510	-5.0299	0.658228	0
5520	-5.19611	0.738236	0
5530	-5.11976	0.564953	0
5540	-4.93916	0.478804	0
5550	-4.54885	0.308875	0
5560	-4.66111	0.00768604	0
5570	-3.89921	-0.110495	0
5580	-3.37497	-0.151486	0
5590	-2.82096	-0.536771	0
5600	-2.11288	-0.524744	0
5610	-1.46658	-0.632952	0
5620	-0.715443	-0.589826	0
5630	0.0659918	-0.819035	0
5640	1.07173	-0.680926	0
5650	1.97132	-0.49307	0
5660	2.67813	-0.646834	0
5670	3.65064	-0.54704	0
5680	4.34759	-0.473054	0
5690	5.27313	-0.222106	0
5700	6.02333	-0.000465972	0
5710	6.5182	-0.0227993	0
5720	7.45251	0.348662	0
5730	7.8318	0.411909	0
5740	8.65041	0.683174	0
5750	8.86	0.805234	0
5760	9.38525	0.87807	0
5770	9.73945	0.872974	0
5780	9.91801	0.845156	0
5790	1.8203	0.908341	0
5800	-0.875762	0.801298	0
5810	-1.15392	0.712759	0
5820	-1.28422	0.653921	0
5830	-1.23606	0.335768	0
5840	-1.50113	0.35735	0
5850	-1.44343	0.0935114	0
5860	-1.53814	-0.105893	0
5870	-1.62077	-0.345114	0
5880	-1.73196	-0.425184	0
5890	-1.76285	-0.631064	0
5900	-1.77203	-0.53878	0
5910	-2.14059	-0.912071	0
5920	-2.14912	-0.734573	0
5930	-1.82218	-0.686772	0
5940	-1.86159	-0.780629	0
5950	-2.08463	-0.596425	0
5960	-2.09852	-0.508735	0
5970	-1.7486	-0.428787	0
5980	-1.73965	-0.206755	0
5990	-2.00923	-0.199928	0
6000	-1.52834	0.0169099	0
6010	-1.61261	0.152238	0
6020	-1.80463	0.0443528	0
6030	-1.3628	0.169362	0
6040	-1.29111	0.512801	0
6050	-2.13433	0.289305	0
6060	0.405376	0.369375	0
6070	0.288924	0.120644	0
6080	-3.27675	0.161495	0
6090	0.312605	0.275727	0
6100	-5.0294	-0.0374537	0
6110	-5.43351	0.0171232	0
6120	0.97299	-0.0879865	0
6130	0.249914	-0.165196	0
6140	0.204745	-0.175586	0
6150	0.428861	-0.376939	0
6160	0.718387	-0.228727	0
6170	-0.087226	-0.521338	0
6180	-0.12473	-0.205848	0
6190	-0.891642	-0.411411	0
6200	-1.30438	-0.592621	0
6210	-1.42558	-0.51956	0
6220	-1.75401	-0.450951	0
6230	-2.64879	-0.598204	0
6240	-2.91385	-0.669244	0
6250	-2.54105	-0.17771	0
6260	-2.60817	-0.252809	0
6270	-3.04923	-0.177637	0
6280	-2.85842	0.196273	0
6290	-3.18679	0.0511102	0
6300	-2.75973	0.363675	0
6310	-2.78679	0.635676	0
6320	-2.84125	0.563788	0
6330	-3.28336	0.430284	0
6340	-2.98158	0.620647	0
6350	-2.62109	0.797189	0
6360	-2.36774	0.825582	0
6370	-2.16742	0.865786	0
6380	-1.71408	0.898397	0
6390	-1.83598	0.683236	0
6400	-1.21198	0.747707	0
6410	-0.92026	0.599597	0
6420	-0.94128	0.449753	0
6430	-0.36679	0.519256	0
6440	0.0771788	0.361226	0
6450	0.435271	0.285562	0
6460	0.642773	0.240803	0
6470	1.10808	0.207086	0
6480	1.43562	0.172706	0
6490	1.66107	0.134612	0
6500	2.00465	0.152754	0
6510	2.42009	0.261195	0
6520	2.93731	0.485558	0
6530	2.82144	0.306531	0
6540	3.14066	0.477882	0
6550	3.55549	0.569188	0
6560	3.31494	0.592471	0
6570	3.45389	0.632074	0
6580	3.7224	0.740306	0
6590	3.74432	0.475074	0
6600	3.74944	0.542113	0
6610	3.48249	0.527858	0
6620	3.45319	0.386212	0
6630	3.33747	0.472764	0
6640	3.13767	0.143397	0
6650	2.74333	0.0896739	0
6660	2.42685	-0.187915	0
6670	0.151673	-0.0817015	0
6680	-0.229928	-0.418726	0
6690	-0.28722	-0.558064	0
6700	-0.278537	-0.764462	0
6710	-0.151309	-0.626861	0
6720	-0.178705	-0.899476	0
6730	-0.191	-0.754393	0
6740	-0.205231	-0.820256	0
6750	-0.237252	-1.01201	0
6760	-0.218204	-0.763647	0
6770	-0.189646	-0.796551	0
6780	-0.182519	-0.748743	0
6790	-0.228468	-0.554228	0
6800	-0.188261	-0.51337	0
6810	-0.236178	-0.536495	0
6820	0.103008	-0.0903586	0
6830	0.104776	-0.267746	0
6840	-0.342232	-0.332638	0
6850	-0.0224492	0.0297531	0
6860	-0.378321	-0.118356	0
6870	0.0289413	-0.0150787	0
6880	-0.18428	0.0840044	0
6890	-0.614759	-0.0515431	0
6900	-0.0614093	-0.0631338	0
6910	0.436636	0.0395643	0
6920	0.285791	-0.0318096	0
6930	-4.38169	-0.0820627	0
6940	0.223098	0.0749117	0
6950	-3.78364	0.159925	0
6960	1.36855	0.17868	0
6970	1.20651	0.281296	0
6980	1.62335	0.409416	0
6990	1.31474	0.47127	0
7000	-2.37556	0.858486	0
7010	-2.26674	0.862426	0
7020	-1.8581	0.8908	0
7030	-1.56496	1.10691	0
7040	-1.45806	1.18747	0
7050	-1.21154	1.05892	0
7060	-1.02921	1.29889	0
7070	-0.726327	1.38595	0
7080	-1.13483	1.47279	0
7090	-1.21126	1.62492	0
7100	-1.2616	1.41028	0
7110	-1.23231	1.49739	0
7120	-1.29562	1.57585	0
7130	-1.34962	1.48759	0
7140	-1.32004	1.26432	0
7150	-1.13324	1.27407	0
7160	-1.13658	1.10392	0
7170	-1.25009	0.881961	0
7180	-1.03538	0.735193	0
7190	-1.05831	0.585963	0
7200	-1.04417	0.321939	0
7210	-0.903438	0.390213	0
7220	-1.33312	0.0251349	0
7230	0.385211	0.20027	0
7240	-1.7212	-0.431234	0
7250	-1.76263	-0.581033	0
7260	-1.78697	-0.115006	0
7270	0.362463	-0.801167	0
7280	0.628906	-0.856251	0
7290	0.654909	-0.56455	0
7300	-0.0185342	-0.994648	0
7310	-0.22022	-0.714249	0
7320	-0.520646	-0.486685	0
7330	-0.166334	-0.306356	0
7340	-0.319681	-0.0310197	0
7350	0.161883	0.305994	0
7360	-0.346411	0.369785	0
7370	-0.013263	0.903992	0
7380	-0.433934	0.675216	0
7390	-0.191826	0.868646	0
7400	0.110956	1.15536	0
7410	0.332505	0.999276	0
7420	-0.232138	1.16763	0
7430	-0.132184	0.964109	0
7440	0.11278	0.730088	0
7450	0.145963	0.997423	0
7460	-0.262094	0.363796	0
7470	-0.0233639	-0.0695	0
7480	0.169477	-0.0541852	0
7490	-0.413839	-0.77592	0
7500	-0.271565	-0.731599	0
7510	-0.379083	-0.982243	0
7520	-0.841319	-0.96577	0
7530	-0.624973	-1.27807	0
7540	-0.50862	-1.15755	0
7550	-0.728413	-1.11871	0
7560	-0.384311	-0.922896	0
7570	-0.188142	-1.06105	0
7580	-0.935222	-0.778925	0
7590	-0.427073	-0.878129	0
7600	-0.0810525	-0.371134	0
7610	0.642162	-0.0281188	0
7620	0.741075	0.188011	0
7630	0.879872	0.426511	0
7640	1.85401	0.317216	0
7650	1.6438	0.77491	0
7660	1.9223	0.527156	0
7670	2.6444	0.785903	0
7680	2.80596	1.11587	0
7690	2.66664	0.462858	0
7700	2.68775	0.629137	0
7710	3.47274	0.496255	0
7720	3.30721	0.530915	0
7730	3.00133	0.129858	0
7740	0.918195	0.344043	0
7750	0.645037	-0.308013	0
7760	0.12106	-0.457581	0
7770	-0.148161	-0.561093	0
7780	0.444882	-0.237929	0
7790	0.394702	-0.287342	0
7800	0.201728	-0.10297	0
7810	0.0152413	-0.279495	0
7820	0.350349	0.113713	0
7830	-0.158306	0.322482	0
7840	0.594075	-0.0450775	0
7850	0.281886	0.394869	0
7860	-0.114256	0.675987	0
7870	-4.1202	0.997427	0
7880	0.865763	0.743767	0
7890	0.263002	0.989178	0
7900	1.32801	0.964635	0
7910	0.38971	0.954712	0
7920	0.522325	0.805669	0
7930	-2.66559	1.0129	0
7940	0.867019	1.08541	0
7950	0.751654	0.693812	0
7960	0.67437	0.567245	0
7970	0.49438	0.473458	0
7980	0.673327	0.264669	0
7990	-0.113452	-0.11857	0
8000	0.763762	-0.103322	0
8010	-0.168365	-0.476067	0
8020	-0.0144638	-0.457199	0
8030	-0.170676	-0.768339	0
8040	-0.0719832	-0.605426	0
8050	0.0637477	-0.782207	0
8060	0.223662	-0.846309	0
8070	-0.517048	-0.639452	0
8080	0.47472	-0.76795	0
8090	-0.274181	-0.800394	0
8100	-0.767451	-0.778542	0
8110	-0.0697298	-0.529507	0
8120	-0.586991	-0.74881	0
8130	-1.07927	-0.414516	0
8140	-0.481375	-0.428532	0
8150	-0.778891	-0.571089	0
8160	0.223881	0.0996665	0
8170	-0.715449	-0.0368131	0
8180	-0.227581	0.109003	0
8190	-0.435051	0.799448	0
8200	0.738822	1.27625	0
8210	-0.0842394	1.25968	0
8220	0.553117	1.86138	0
8230	0.26159	2.29175	0
8240	0.559347	2.65862	0
8250	0.588498	3.17022	0
8260	-0.0587767	3.33542	0
8270	-0.0758413	3.81587	0
8280	0.292942	3.91382	0
8290	0.69161	3.84769	0
8300	0.789177	3.70291	0
8310	0.755553	3.51219	0
8320	0.578005	4.09378	0
8330	0.0146757	3.70669	0
8340	-0.61974	3.22891	0
8350	-0.29243	2.96994	0
8360	-1.34272	2.2321	0
8370	-0.527618	1.65275	0
8380	-0.903549	0.898348	0
8390	-1.25633	0.214504	0
8400	-1.16493	-0.349295	0
8410	-1.65876	-0.675833	0
8420	-1.07019	-1.31128	0
8430	-2.27302	-1.98161	0
8440	-2.55269	-2.31276	0
8450	-2.33957	-2.6071	0
8460	-2.80927	-3.05794	0
8470	-2.85304	-3.10476	0
8480	-2.18812	-2.98137	0
8490	-2.26207	-2.55389	0
8500	-2.21112	-2.4599	0
8510	-2.04952	-2.23937	0
8520	-1.87346	-1.6141	0
8530	-1.58925	-1.29691	0
8540	-0.940053	-0.723983	0
8550	-1.0758	-0.634011	0
8560	-0.277067	0.0307205	0
8570	0.353025	0.334312	0
8580	-0.683343	1.17521	0
8590	-0.0349971	1.47906	0
8600	0.501293	1.9523	0
8610	0.535206	2.27546	0
8620	0.346294	2.35381	0
8630	1.80716	2.36488	0
8640	0.613052	2.47633	0
8650	0.708265	2.93691	0
8660	1.4445	3.04287	0
8670	1.99657	3.1893	0
8680	2.00201	3.13793	0
8690	3.18042	3.43993	0
8700	4.27281	3.42971	0
8710	7.14032	3.78505	0
8720	8.95601	3.72608	0
8730	10.6207	4.00516	0
8740	12.2089	4.16352	0
8750	14.1318	3.88724	0
8760	15.7614	3.87085	0
8770	-8.73952	3.85338	0
8780	-8.95098	3.50893	0
8790	-8.76385	3.23415	0
8800	-8.37015	2.42575	0
8810	-8.20142	2.02101	0
8820	-7.76547	1.10425	0
8830	-6.70359	0.177842	0
8840	-5.90438	-1.28969	0
8850	-5.13135	-2.06959	0
8860	2.40741	-1.06492	0
8870	3.41305	-1.50692	0
8880	3.74639	-1.9655	0
8890	-7.64208	-1.56581	0
8900	-10.1753	-1.8167	0
8910	-9.30245	-1.72525	0
8920	-9.01237	-1.24208	0
8930	-8.54099	-1.03594	0
8940	-8.65775	-0.0217034	0
8950	-8.14008	-0.032972	0
8960	-7.86239	0.348607	0
8970	-8.43648	0.402949	0
8980	-10.1324	-0.214532	0
8990	-1.96146	-0.038765	0
9000	-4.36423	0.0809406	0
9010	-6.35957	-0.0427507	0
9020	-7.97988	0.0584529	0
9030	-9.52178	0.18643	0
9040	-10.8602	0.545501	0
9050	-12.2906	0.709112	0
9060	-12.8995	0.851772	0
9070	-13.094	0.965737	0
9080	-12.9585	1.47671	0
9090	-13.0836	1.38236	0
9100	-13.7579	1.13746	0
9110	-11.9988	1.0308	0
9120	-11.7306	0.803464	0
9130	-11.0093	0.789198	0
9140	-9.47953	1.28904	0
9150	-8.8485	1.02685	0
9160	-7.38573	0.543974	0
9170	-5.70195	0.304838	0
9180	-4.24785	0.250633	0
9190	-2.33353	0.272863	0
9200	-0.781933	-0.031922	0
9210	1.45985	0.0473124	0
9220	3.04177	0.16016	0
9230	3.96153	-0.469494	0
9240	5.18854	-0.62355	0
9250	6.50967	-0.49998	0
9260	7.187	-1.07593	0
9270	7.12753	-1.59232	0
9280	8.34606	-1.53193	0
9290	8.86391	-1.85638	0
9300	9.97767	-2.4598	0
9310	10.6074	-2.74325	0
9320	10.0625	-2.70437	0
9330	11.3767	-3.68214	0
9340	10.7124	-3.72451	0
9350	11.7127	-3.96074	0
9360	12.2332	-4.04731	0
9370	14.419	-4.20115	0
9380	14.8161	-4.57855	0
9390	16.5417	-5.03626	0
9400	17.2315	-4.69972	0
9410	8.54598	-4.87167	0
9420	4.0989	-5.23744	0
9430	-3.67478	-5.32545	0
9440	-5.82141	-5.30746	0
9450	-5.88555	-5.43929	0
9460	-6.09692	-5.9168	0
9470	-4.6537	-5.77651	0
9480	-4.20189	-5.94228	0
9490	-4.11926	-5.72082	0
9500	-3.90077	-5.37814	0
9510	-3.72791	-4.96536	0
9520	-3.59688	-4.51878	0
9530	-3.4426	-3.52574	0
9540	-3.22734	-3.11553	0
9550	-3.23728	-2.04548	0
9560	-3.00519	-1.21364	0
9570	-2.88463	-0.312315	0
9580	-2.75111	0.643083	0
9590	-2.58243	1.70578	0
9600	-2.3506	2.60783	0
9610	-2.30793	3.23446	0
9620	-2.11876	3.85163	0
9630	-2.49991	4.23996	0
9640	-2.56564	4.51923	0
9650	2.6839	4.67056	0
9660	2.33679	4.44887	0
9670	-4.73531	3.60708	0
9680	2.55172	3.43642	0
9690	3.16398	2.82221	0
9700	1.08897	2.11568	0
9710	-8.29278	1.42912	0
9720	1.65679	0.595382	0
9730	-1.75749	-0.317566	0
9740	0.243397	-1.16431	0
9750	2.50274	-1.63779	0
9760	5.27699	-2.25552	0
9770	6.89519	-2.95837	0
9780	8.62876	-3.23055	0
9790	9.59558	-3.51909	0
9800	10.9346	-3.45173	0
9810	10.6977	-3.71753	0
9820	9.60407	-3.18822	0
9830	7.84373	-2.91721	0
9840	5.14014	-2.17432	0
9850	1.60696	-2.22624	0
9860	-1.62433	-1.73515	0
9870	-5.05163	-1.03019	0
9880	-8.46529	-0.557088	0
9890	-11.9461	-0.294803	0
9900	-14.9716	0.0895598	0
9910	-17.191	0.620965	0
9920	-19.3182	0.671349	0
9930	-7.47008	1.13028	0
9940	0.197878	1.30615	0
9950	0.308212	1.11453	0
9960	-0.202991	1.19229	0
9970	0.466949	1.30959	0
9980	-0.573106	0.816218	0
9990	-0.426774	0.79625	0
10000	-0.517962	0.971441	0
10010	-1.1136	0.580531	0
10020	-1.0157	0.0253234	0
10030	-1.52781	0.159028	0
10040	-1.46279	-0.452268	0
10050	-1.34153	-0.293062	0
10060	-1.81479	-0.789447	0
10070	-1.76559	-0.492281	0
10080	-1.9169	-1.23954	0
10090	-1.82884	-1.27189	0
10100	-1.62903	-1.17739	0
10110	-3.46041	-1.71953	0
10120	-2.65825	-2.03236	0
10130	-2.22852	-2.01169	0
10140	-2.56704	-1.9206	0
10150	-2.80794	-1.87398	0
10160	-2.63393	-1.92285	0
10170	-2.27155	-1.74505	0
10180	-1.67475	-1.78464	0
10190	-1.84189	-2.24389	0
10200	-1.70539	-2.08713	0
10210	-1.17044	-1.96061	0
10220	-0.813	-2.09926	0
10230	-0.514726	-1.83687	0
10240	-0.00120782	-1.75143	0
10250	-0.0928597	-1.77469	0
10260	0.172944	-1.84613	0
10270	0.572153	-1.24376	0
10280	0.355203	-1.01427	0
10290	0.81616	-1.00375	0
10300	-0.187103	-0.786897	0
10310	-1.02974	-0.277871	0
10320	-1.45722	-0.0302238	0
10330	-2.25211	0.211605	0
10340	-2.95841	0.349504	0
10350	-3.24773	0.762361	0
10360	-3.41633	0.914344	0
10370	-3.82666	0.945567	0
10380	-3.76788	1.01357	0
10390	-3.45192	1.05306	0
10400	-3.31083	1.136	0
10410	-2.75148	1.10054	0
10420	-1.99225	1.21638	0
10430	-1.1333	1.07451	0
10440	-0.0425218	1.05536	0
10450	0.973325	1.22855	0
10460	2.16492	0.962653	0
10470	3.79358	1.52517	0
10480	5.50281	1.73371	0
10490	7.88657	1.996	0
10500	10.3324	2.65852	0
10510	12.2352	2.93778	0
10520	14.2113	3.15238	0
10530	16.428	3.56916	0
10540	18.5786	3.97758	0
10550	20.1374	4.03489	0
10560	21.9789	3.85371	0
10570	4.97432	3.98412	0
10580	-6.70182	3.72012	0
10590	-6.39093	3.21237	0
10600	-6.21878	2.31006	0
10610	-6.02249	1.47318	0
10620	-5.23492	0.564969	0
10630	-4.36398	-0.29167	0
10640	-3.44115	-1.56261	0
10650	-2.63211	-2.38374	0
10660	-1.43807	-3.13997	0
10670	-0.315795	-3.9514	0
10680	0.64899	-4.96075	0
10690	2.22106	-4.81774	0
10700	3.50855	-5.20424	0
10710	4.78737	-5.20759	0
10720	5.60742	-4.95289	0
10730	0.920606	-4.59974	0
10740	-3.07331	-3.6341	0
10750	-3.03465	-2.85147	0
10760	-3.22062	-2.47269	0
10770	-3.32206	-2.02384	0
10780	-3.04216	-1.37903	0
10790	-3.03386	-0.531127	0
10800	-2.97035	-0.151523	0
10810	-2.76828	0.0111327	0
10820	-2.53329	0.658149	0
10830	-2.63464	0.798406	0
10840	-2.35241	1.39466	0
10850	-2.24778	1.38884	0
10860	-1.91607	1.64587	0
10870	-1.73981	2.15578	0
10880	-1.57189	2.02605	0
10890	-1.59908	2.2814	0
10900	-1.50059	2.55497	0
10910	-1.73218	2.65013	0
10920	-1.80054	2.47918	0
10930	-2.04788	2.5683	0
10940	-2.52257	2.99509	0
10950	-2.78755	2.75329	0
10960	-3.85692	2.86861	0
10970	-4.51589	2.94158	0
10980	-3.45299	3.00813	0
10990	1.13377	2.84874	0
11000	1.8629	3.00762	0
11010	2.14621	2.85235	0
11020	2.51173	1.95183	0
11030	2.74505	1.15958	0
11040	2.96601	0.39326	0
11050	2.94784	-1.33011	0
11060	2.87865	-2.35637	0
11070	2.67283	-3.51319	0
11080	2.39054	-4.79681	0
11090	2.12956	-5.3659	0
11100	1.94214	-6.23859	0
11110	2.0708	-6.40824	0
11120	2.14881	-6.42476	0
11130	2.18985	-6.0624	0
11140	2.66312	-5.35041	0
11150	3.08911	-4.65639	0
11160	3.25969	-3.63733	0
11170	3.41477	-2.67639	0
11180	3.50345	-1.53055	0
11190	3.62426	-0.275483	0
11200	3.64501	0.742493	0
11210	3.63859	1.85875	0
11220	3.60801	2.74323	0
11230	3.48287	3.71294	0
11240	3.26489	4.19681	0
11250	3.36421	4.47295	0
11260	3.49518	4.58517	0
11270	2.45794	4.41483	0
11280	2.78884	3.77153	0
11290	2.75481	3.12245	0
11300	2.51865	1.88929	0
11310	2.88575	1.03413	0
11320	2.86764	-0.00428111	0
11330	2.84115	-1.32424	0
11340	3.01548	-2.00752	0
11350	3.03772	-2.66784	0
11360	2.91286	-2.96599	0
11370	3.21446	-3.72386	0
11380	3.0679	-3.67533	0
11390	3.51625	-4.19704	0
11400	3.31166	-3.99623	0
11410	3.57012	-3.93858	0
11420	3.78207	-3.68804	0
11430	3.91469	-2.98819	0
11440	4.08193	-2.4639	0
11450	4.18774	-2.25829	0
11460	4.11834	-1.34631	0
11470	4.16446	-0.756545	0
11480	3.90118	-0.0947091	0
11490	3.99029	0.436159	0
11500	3.62155	1.17018	0
11510	3.78361	1.61439	0
11520	3.61402	2.33723	0
11530	3.37975	2.42998	0
11540	3.25013	2.94261	0
11550	3.17831	3.50237	0
11560	3.06533	3.49802	0
11570	3.04342	4.10577	0
11580	3.1537	4.44402	0
11590	2.93832	4.70735	0
11600	2.84023	4.7253	0
11610	2.85154	5.06467	0
11620	2.81658	4.96541	0
11630	2.49138	5.07385	0
11640	2.42865	5.05228	0
11650	2.36542	4.84126	0
11660	2.14818	4.79548	0
11670	1.98385	4.31231	0
11680	1.90482	3.86487	0
11690	1.64969	3.663	0
11700	1.54484	3.02785	0
11710	1.35923	2.3256	0
11720	1.38194	1.71679	0
11730	1.30687	1.22955	0
11740	1.31295	0.782002	0
11750	1.2429	-0.239766	0
11760	1.1906	-1.21553	0
11770	1.04507	-2.22863	0
11780	0.0966795	-3.04912	0
11790	-0.321519	-4.06882	0
11800	-0.905324	-4.84404	0
11810	0.397858	-5.43311	0
11820	-0.892482	-5.67651	0
11830	-1.22452	-5.82741	0
11840	-1.55982	-5.95048	0
11850	-1.70631	-5.7919	0
11860	-2.05715	-5.56759	0
11870	-2.38597	-4.79983	0
11880	-2.69589	-4.1525	0
11890	-3.08107	-3.19747	0
11900	-3.21299	-2.05634	0
11910	-3.51774	-0.795388	0
11920	-3.74602	0.217165	0
11930	-4.51778	13.9241	0
11940	-4.69609	14.2149	0
11950	-4.59044	13.7291	0
11960	-4.43486	12.8563	0
11970	-4.02437	11.1881	0
11980	-2.00275	9.32511	0
11990	-1.2682	6.83767	0
12000	-0.893901	4.19678	0
12010	-0.614157	1.64725	0
12020	-0.351683	-0.902149	0
12030	-0.0300299	-3.53088	0
12040	0.0449765	-4.81632	0
12050	-0.0380945	-5.80381	0
12060	-0.0547096	-6.49014	0
12070	-0.106682	-6.86355	0
12080	-0.127203	-6.78588	0
12090	-0.0871112	-6.33945	0
12100	-0.0658103	-5.60493	0
12110	-0.0149275	-4.65938	0
12120	-0.0126541	-3.41919	0
12130	-0.0394021	-2.11914	0
12140	-0.16099	-0.879917	0
12150	-0.457921	0.0611419	0
12160	-0.606494	1.29266	0
12170	-1.03849	2.60008	0
12180	-1.53813	3.20582	0
12190	-0.752643	3.85917	0
12200	-2.49822	4.01816	0
12210	-1.67384	4.1298	0
12220	-1.70836	3.44011	0
12230	-1.86204	2.85741	0
12240	-1.91838	2.0982	0
12250	-2.05659	1.26778	0
12260	-2.49432	0.250692	0
12270	-2.60106	-0.604618	0
12280	-2.76185	-1.50979	0
12290	-2.61402	-2.16373	0
12300	-2.43112	-2.62897	0
12310	-2.35728	-2.97745	0
12320	-2.01328	-3.06388	0
12330	-1.84938	-2.88231	0
12340	-1.40401	-2.49206	0
12350	-1.20882	-1.9334	0
12360	-0.757843	-1.17865	0
12370	-0.667442	-0.611645	0
12380	-0.391245	-0.0376698	0
12390	-0.340892	0.294777	0
12400	-0.039706	0.703783	0
12410	-0.0557255	0.904494	0
12420	0.131852	1.12876	0
12430	0.195705	1.14953	0
12440	0.570974	1.07683	0
12450	0.846279	1.02312	0
12460	1.49442	0.858203	0
12470	1.67036	0.495343	0
12480	1.99632	0.152091	0
12490	2.33017	-0.220864	0
12500	2.88326	-0.443979	0
12510	-0.547143	-0.767202	0
12520	-0.645656	-0.974802	0
12530	-0.749789	-1.04949	0
12540	-0.860196	-1.06573	0
12550	-0.976381	-0.774385	0
12560	-1.04705	-0.418604	0
12570	-1.16369	-0.0444622	0
12580	-1.30936	0.429392	0
12590	-1.49157	1.01515	0
12600	-1.72277	1.53439	0
12610	-1.99089	2.03381	0
12620	-2.0992	2.5518	0
12630	-2.31627	2.76888	0
12640	-2.48514	2.85943	0
12650	-1.30664	2.71877	0
12660	-0.986321	2.49839	0
12670	-0.77917	2.20338	0
12680	-0.550376	1.79177	0
12690	-0.308986	1.36946	0
12700	-0.110404	0.84541	0
12710	0.106022	0.322339	0
12720	0.308066	-0.126798	0
12730	0.510149	-0.486362	0
12740	0.634854	-0.882756	0
12750	0.802503	-1.08527	0
12760	0.94791	-1.40627	0
12770	1.12749	-1.56281	0
12780	1.29307	-1.72278	0
12790	1.45212	-1.78295	0
12800	1.61306	-1.78207	0
12810	1.67302	-1.48963	0
12820	1.76706	-1.40983	0
12830	1.753	-1.50086	0
12840	1.74305	-1.43813	0
12850	1.62174	-1.31455	0
12860	1.3902	-1.14776	0
12870	1.30508	-1.01815	0
12880	1.10028	-0.926581	0
12890	0.903237	-0.882929	0
12900	0.738322	-0.726925	0
12910	0.539287	-0.619522	0
12920	0.392992	-0.615427	0
12930	0.208706	-0.587292	0
12940	0.113036	-0.543856	0
12950	-0.181283	-0.433777	0
12960	-0.732547	-0.209271	0
12970	-1.20224	-0.0178786	0
12980	-1.4662	0.324724	0
12990	-1.26339	0.668968	0
13000	-1.00471	1.09393	0
13010	-0.784063	1.40118	0
13020	-0.567792	1.61946	0
13030	-0.405509	1.65882	0
13040	-0.314864	1.55858	0
13050	-0.181787	1.43988	0
13060	-0.0854283	1.20822	0
13070	-0.0368012	0.869367	0
13080	-0.0204453	0.578596	0
13090	-0.0654022	0.121021	0
13100	-0.126887	-0.36248	0
13110	-0.201876	-0.872141	0
13120	-0.302087	-1.34061	0
13130	-0.441521	-1.87503	0
13140	-0.621833	-2.32776	0
13150	-0.584809	-2.70455	0
13160	-0.0250978	-2.87982	0
13170	-0.340598	-2.9505	0
13180	-0.672955	-2.76013	0
13190	-0.919656	-2.38168	0
13200	-1.20534	-1.82903	0
13210	-1.47175	-1.19361	0
13220	-1.69788	-0.391029	0
13230	-1.82379	0.401236	0
13240	-1.9671	1.17386	0
13250	-2.03388	1.91249	0
13260	-2.01087	2.44084	0
13270	-1.85752	2.67206	0
13280	-1.69555	2.57895	0
13290	-1.59357	2.50865	0
13300	-1.43495	2.25353	0
13310	-1.24032	1.62965	0
13320	-1.33248	1.08424	0
13330	-1.2569	0.426709	0
13340	-0.900771	-0.196957	0
13350	-0.560987	-0.678456	0
13360	-0.161108	-1.00801	0
13370	0.22766	-1.01863	0
13380	0.678417	-0.802011	0
13390	1.07907	-0.404154	0
13400	1.4998	0.179992	0
13410	1.89215	0.798984	0
13420	2.20204	1.35017	0
13430	2.34659	1.54272	0
13440	2.48193	1.72374	0
13450	2.49496	1.81981	0
13460	2.47833	1.74818	0
13470	2.36165	1.78679	0
13480	2.27195	1.79093	0
13490	2.05081	1.82135	0
13500	1.84296	1.59651	0
13510	1.66907	1.41271	0
13520	1.54965	1.15321	0
13530	1.44479	0.80344	0
13540	1.35231	0.484227	0
13550	1.27701	0.247047	0
13560	1.15229	-0.0396801	0
13570	0.677094	-0.309283	0
13580	0.200674	-0.526773	0
13590	-0.321953	-0.792505	0
13600	-0.787128	-1.12945	0
13610	-1.14136	-1.32594	0
13620	-1.54633	-1.54148	0
13630	-1.1817	-1.68531	0
13640	-1.77207	-1.81098	0
13650	-1.19609	-1.82405	0
13660	-1.58515	-1.88964	0
13670	-1.6831	-1.87777	0
13680	-0.95619	-1.86684	0
13690	-1.24276	-1.80084	0
13700	-1.0078	-1.6504	0
13710	-0.12974	-1.50117	0
13720	-0.563676	-1.20556	0
13730	0.63934	-0.891885	0
13740	1.06555	-0.722418	0
13750	0.428708	-0.422705	0
13760	1.87546	-0.0744617	0
13770	1.07879	0.105326	0
13780	1.18079	0.283538	0
13790	1.45144	0.481177	0
13800	1.54425	0.673411	0
13810	1.42838	0.563237	0
13820	1.4824	0.557911	0
13830	1.30805	0.46338	0
13840	1.04272	0.250803	0
13850	0.830156	-0.0046845	0
13860	0.517734	-0.342204	0
13870	0.283509	-0.654776	0
13880	0.431216	-1.03404	0
13890	0.402834	-1.32978	0
13900	0.288532	-1.69322	0
13910	0.304192	-1.98943	0
13920	0.805831	-2.23148	0
13930	0.938567	-2.40963	0
13940	1.02269	-2.47409	0
13950	0.00552333	-2.4856	0
13960	-0.0844082	-2.33566	0
13970	-0.223476	-2.0577	0
13980	-0.391916	-1.78466	0
13990	-0.605835	-1.30012	0
14000	-0.847983	-0.688642	0
14010	-1.01194	-0.154795	0
14020	-1.31718	0.351164	0
14030	-1.54927	0.864028	0
14040	-1.72069	1.24145	0
14050	-1.87044	1.53904	0
14060	-1.99119	1.7897	0
14070	-2.01826	1.92674	0
14080	-1.96679	1.98464	0
14090	-0.706033	1.90118	0
14100	-0.260084	1.79944	0
14110	-0.270193	1.5958	0
14120	0.0539667	1.36727	0
14130	-0.305041	0.992497	0
14140	-0.412816	0.507054	0
14150	-0.495467	0.0704837	0
14160	-0.385202	-0.362004	0
14170	-0.515942	-0.839054	0
14180	-0.410404	-1.21618	0
14190	-0.485219	-1.4214	0
14200	-0.409403	-1.52598	0
14210	-0.475807	-1.53701	0
14220	-0.587889	-1.42779	0
14230	-0.573174	-1.22566	0
14240	-0.207777	-1.02466	0
14250	-0.135875	-0.613594	0
14260	-0.144214	-0.305128	0
14270	-0.145159	0.0987014	0
14280	-0.175673	0.461035	0
14290	-0.203171	0.729452	0
14300	-0.181517	0.799565	0
14310	-0.170823	0.869903	0
14320	-0.15888	0.84789	0
14330	-0.141107	0.722186	0
14340	-0.0887347	0.562718	0
14350	-0.0264745	0.302119	0
14360	0.0520608	0.048604	0
14370	0.120217	-0.213295	0
14380	0.223016	-0.449813	0
14390	0.349167	-0.729539	0
14400	0.447947	-0.809238	0
14410	0.556036	-0.914355	0
14420	0.656615	-0.933251	0
14430	0.721233	-0.866033	0
14440	0.788795	-0.750756	0
14450	0.841003	-0.567005	0
14460	0.861477	-0.354517	0
14470	0.833222	-0.0814737	0
14480	0.805316	0.184686	0
14490	0.738446	0.416399	0
14500	0.65162	0.626637	0
14510	0.556081	0.764945	0
14520	0.39362	0.911751	0
14530	0.304193	0.904977	0
14540	0.146385	0.955131	0
14550	0.0610815	0.886835	0
14560	-0.0587354	0.817007	0
14570	-0.148297	0.722215	0
14580	-0.240342	0.637754	0
14590	-0.293457	0.596874	0
14600	-0.326317	0.581669	0
14610	-0.338051	0.605671	0
14620	-0.369667	0.642511	0
14630	-0.378683	0.558311	0
14640	-0.395212	0.543974	0
14650	-0.393001	0.434045	0
14660	-0.431577	0.360629	0
14670	-0.392383	0.11809	0
14680	-0.176373	0.112648	0
14690	-0.134863	-0.126392	0
14700	-0.125198	-0.322429	0
14710	-0.134347	-0.557602	0
14720	-0.110674	-0.830861	0
14730	-0.0717196	-1.0897	0
14740	-0.0199154	-1.34836	0
14750	0.0545502	-1.53229	0
14760	0.117973	-1.67284	0
14770	0.187296	-1.73152	0
14780	0.233993	-1.71684	0
14790	0.317021	-1.57254	0
14800	0.319726	-1.35324	0
14810	0.325397	-1.04648	0
14820	0.307133	-0.667192	0
14830	0.29512	-0.257239	0
14840	0.237668	0.171492	0
14850	0.224394	0.554059	0
14860	0.160743	0.872235	0
14870	0.0907917	1.21118	0
14880	0.0668482	1.36769	0
14890	0.0109148	1.42229	0
14900	-0.000665612	1.41601	0
14910	-0.0143835	1.36379	0
14920	0.0232873	1.16159	0
14930	0.037437	0.897319	0
14940	0.045133	0.633204	0
14950	0.083767	0.251324	0
14960	0.0882536	-0.0888642	0
14970	0.107361	-0.515238	0
14980	0.132827	-0.818081	0
14990	0.123773	-1.02654	0
15000	0.125423	-1.21347	0
15010	0.118409	-1.33959	0
15020	0.102922	-1.32617	0
15030	0.0764336	-1.23672	0
15040	0.0486387	-1.09872	0
15050	-0.0127064	-0.930364	0
15060	-0.00625134	-0.728113	0
15070	-0.230821	-0.523311	0
15080	-0.238038	-0.303902	0
15090	-0.275544	-0.132674	0
15100	-0.326725	0.0187213	0
15110	-0.349649	0.13805	0
15120	-0.383088	0.199541	0
15130	-0.351799	0.236789	0
15140	-0.335526	0.244317	0
15150	-0.212835	0.239383	0
15160	-0.223253	0.188552	0
15170	-0.14615	0.185745	0
15180	-0.0762641	0.147246	0
15190	0.00632142	0.178593	0
15200	0.0961934	0.188713	0
15210	0.182464	0.283482	0
15220	0.286905	0.355896	0
15230	0.349037	0.439164	0
15240	0.436329	0.587736	0
15250	0.50574	0.680278	0
15260	0.567579	0.816875	0
15270	0.662513	0.89836	0
15280	0.661491	0.987826	0
15290	0.722307	1.01643	0
15300	0.777343	1.01292	0
15310	1.05207	0.973653	0
15320	1.0933	0.881971	0
15330	1.11601	0.728132	0
15340	1.21028	0.514676	0
15350	1.14461	0.274072	0
15360	1.17341	0.0139891	0
15370	1.15577	-0.178014	0
15380	1.13726	-0.451465	0
15390	1.85231	-0.592749	0
15400	1.13437	-0.786564	0
15410	1.96444	-0.955117	0
15420	1.91717	-1.08837	0
15430	2.29168	-1.17732	0
15440	-1.59084	-1.18501	0
15450	2.41193	-1.11382	0
15460	-0.863852	-0.94679	0
15470	0.206364	-0.801299	0
15480	-0.245642	-0.660258	0
15490	0.53616	-0.474478	0
15500	0.21754	-0.317417	0
15510	0.0100639	-0.231612	0
15520	-0.134372	-0.139444	0
15530	-0.267659	-0.1836	0
15540	-0.420153	-0.2463	0
15550	-0.580974	-0.309333	0
15560	-0.702473	-0.472885	0
15570	-0.787648	-0.578931	0
15580	-1.0319	-0.670155	0
15590	-1.42197	-0.776147	0
15600	0.915547	-0.747412	0
15610	-1.97922	-0.576717	0
15620	-2.17162	-0.362347	0
15630	-1.89485	-0.0964266	0
15640	-1.80489	0.226268	0
15650	-1.60809	0.56798	0
15660	-1.54704	0.839736	0
15670	-1.5388	1.12313	0
15680	-1.45928	1.2487	0
15690	-1.4739	1.3059	0
15700	-1.41337	1.19047	0
15710	-1.35289	1.01772	0
15720	-1.20216	0.742537	0
15730	-1.09377	0.396513	0
15740	-1.0728	-0.111449	0
15750	-1.15012	-0.57676	0
15760	-1.2174	-1.03106	0
15770	-1.34928	-1.42486	0
15780	-1.55283	-1.6375	0
15790	-1.7701	-1.72822	0
15800	-0.900991	-1.66705	0
15810	-0.336867	-1.47523	0
15820	-0.151456	-1.11605	0
15830	-0.00267568	-0.622837	0
15840	0.14368	-0.097085	0
15850	0.231304	0.559277	0
15860	-0.0534722	1.22293	0
15870	0.472962	1.77903	0
15880	0.536242	2.27339	0
15890	0.612165	2.61189	0
15900	0.661165	2.78878	0
15910	0.770402	2.35943	0
15920	0.575756	2.27099	0
15930	0.580255	1.98017	0
15940	0.57264	1.59973	0
15950	0.540071	1.09081	0
15960	0.537547	0.459454	0
15970	0.492933	-0.148927	0
15980	0.449839	-0.757811	0
15990	0.38695	-1.2895	0
16000	0.317624	-1.73058	0
16010	0.233946	-2.04893	0
16020	0.145087	-2.21734	0
16030	0.0447089	-2.27489	0
16040	-0.0551994	-2.14826	0
16050	-0.149177	-1.90639	0
16060	-0.215697	-1.45783	0
16070	-0.357859	-0.920881	0
16080	-0.436499	-0.381176	0
16090	-0.444801	0.120723	0
16100	-0.424164	0.628937	0
16110	-0.343975	0.946061	0
16120	-0.181408	1.13036	0
16130	-0.115491	1.24911	0
16140	-0.0476335	1.28379	0
16150	0.0427631	1.27719	0
16160	0.0782495	1.18067	0
16170	0.147379	1.02693	0
16180	0.209725	0.817508	0
16190	0.248136	0.548492	0
16200	0.285013	0.246463	0
16210	0.314803	-0.0905945	0
16220	0.363884	-0.36622	0
16230	0.411885	-0.585037	0
16240	0.471024	-0.731726	0
16250	0.52443	-0.760196	0
16260	0.567115	-0.667489	0
16270	0.591043	-0.507297	0
16280	0.514647	-0.306415	0
16290	0.42528	-0.173968	0
16300	0.0190554	-0.0639794	0
16310	-0.278517	0.0761288	0
16320	-0.756858	0.212583	0
16330	-1.0877	0.31232	0
16340	-1.30215	0.404757	0
16350	-1.47332	0.458825	0
16360	-1.56236	0.511589	0
16370	-1.5936	0.596176	0
16380	-1.38405	0.609396	0
16390	0.764085	0.76373	0
16400	0.671131	0.768817	0
16410	-1.17906	0.765584	0
16420	-1.24007	0.76701	0
16430	-1.18083	0.576821	0
16440	-1.05511	0.549446	0
16450	-0.59548	0.523935	0
16460	-1.4099	0.525017	0
16470	-0.86197	0.481922	0
16480	-0.647833	0.502632	0
16490	-0.736991	0.474026	0
16500	-0.591409	0.379719	0
16510	-0.307298	0.361472	0
16520	-0.218883	0.386	0
16530	-0.155551	0.353597	0
16540	-0.220312	0.253134	0
16550	0.539234	0.0917142	0
16560	-0.66764	-0.114744	0
16570	-0.180225	-0.269247	0
16580	-1.39578	-0.634511	0
16590	-1.50385	-0.98688	0
16600	-0.701055	-1.21713	0
16610	-1.58164	-1.42309	0
16620	-1.70035	-1.7117	0
16630	-1.64284	-1.75807	0
16640	-1.36727	-1.86076	0
16650	-1.41032	-1.78094	0
16660	-1.15819	-1.7192	0
16670	-0.774086	-1.56745	0
16680	-0.327945	-1.32889	0
16690	0.271324	-0.865604	0
16700	0.989325	-0.595013	0
16710	1.72385	-0.144275	0
16720	2.60843	0.332587	0
16730	3.47774	0.712819	0
16740	4.28121	1.20915	0
16750	4.95747	1.57681	0
16760	5.41655	2.05656	0
16770	5.59106	2.28967	0
16780	5.47192	2.60066	0
16790	4.98281	2.66912	0
16800	2.80679	2.67359	0
16810	0.748912	2.44566	0
16820	0.52359	2.19849	0
16830	0.288388	1.82587	0
16840	0.138076	1.2791	0
16850	-0.150452	0.810442	0
16860	-0.904996	0.292293	0
16870	-1.40387	-0.131423	0
16880	-1.61286	-0.702748	0
16890	-1.56417	-1.22989	0
16900	-1.4629	-1.45205	0
16910	-1.32974	-1.59491	0
16920	-1.1362	-1.80155	0
16930	-0.917454	-1.82895	0
16940	-0.730366	-1.85631	0
16950	-0.556628	-1.83453	0
16960	-0.388478	-1.81991	0
16970	-0.302495	-1.80142	0
16980	-0.28906	-1.68631	0
16990	-1.38107	-1.72204	0
17000	-1.44448	-1.71899	0
17010	-1.19918	-1.62849	0
17020	-1.35515	-1.45651	0
17030	-1.79213	-1.2068	0
17040	-1.56554	-0.860933	0
17050	-1.66013	-0.489622	0
17060	-1.75025	-0.0360888	0
17070	-1.82562	0.301026	0
17080	-1.63784	0.799386	0
17090	-1.38778	1.11734	0
17100	-1.1395	1.43425	0
17110	-0.85843	1.67526	0
17120	-0.598515	1.99624	0
17130	-0.356454	2.08634	0
17140	-0.164058	2.10982	0
17150	-0.00878092	2.06889	0
17160	0.0924707	1.9941	0
17170	0.171345	1.85309	0
17180	0.230648	1.61451	0
17190	0.261574	1.34931	0
17200	0.408677	1.00221	0
17210	0.533352	0.720473	0
17220	0.64474	0.398869	0
17230	0.732686	0.207735	0
17240	0.776955	-0.0607031	0
17250	0.809837	-0.373266	0
17260	0.825261	-0.527466	0
17270	0.86617	-0.791356	0
17280	0.892643	-1.02833	0
17290	0.880297	-1.2197	0
17300	0.77724	-1.309	0
17310	0.686609	-1.31186	0
17320	0.646663	-1.18648	0
17330	0.618209	-1.19126	0
17340	0.562179	-1.14879	0
17350	0.492178	-1.07662	0
17360	0.401894	-0.971808	0
17370	0.291579	-0.840239	0
17380	0.173786	-0.695958	0
17390	0.0419138	-0.509763	0
17400	-0.114596	-0.330824	0
17410	-0.277151	-0.00750202	0
17420	-0.41202	0.150863	0
17430	-0.546757	0.303218	0
17440	-0.671711	0.424005	0
17450	-0.786531	0.64575	0
17460	-0.868865	0.747737	0
17470	-0.954398	0.659399	0
17480	-0.80105	0.737532	0
17490	-0.768049	0.804376	0
17500	-0.745845	0.868128	0
17510	-0.725403	1.01127	0
17520	-0.665476	1.04191	0
17530	-0.607493	1.02414	0
17540	-0.536027	0.940145	0
17550	-0.448052	0.978516	0
17560	-0.3556	0.809141	0
17570	-0.255208	0.640659	0
17580	-0.17192	0.415688	0
17590	-0.0760071	0.18901	0
17600	0.0215934	-0.0327188	0
17610	0.106774	-0.281148	0
17620	0.0682473	-0.493992	0
17630	-0.281493	-0.56214	0
17640	0.597877	-0.717053	0
17650	0.380419	-0.839313	0
17660	0.512447	-0.897703	0
17670	0.234321	-0.924676	0
17680	0.291628	-0.746972	0
17690	0.20817	-0.679579	0
17700	0.210689	-0.59363	0
17710	0.221525	-0.358572	0
17720	0.197582	-0.215835	0
17730	0.164026	-0.104092	0
17740	0.268713	0.148404	0
17750	0.272145	0.273504	0
17760	0.272858	0.49316	0
17770	0.281614	0.535797	0
17780	0.275711	0.601082	0
17790	0.273784	0.750692	0
17800	0.290386	0.721326	0
17810	0.289724	0.565629	0
17820	0.310187	0.462993	0
17830	0.295655	0.390086	0
17840	0.292444	0.187296	0
17850	0.302179	0.123227	0
17860	0.316447	-0.108463	0
17870	0.317827	-0.256889	0
17880	0.311561	-0.332968	0
17890	0.320318	-0.483551	0
17900	0.310517	-0.431529	0
17910	0.313412	-0.375092	0
17920	0.292196	-0.399167	0
17930	0.274269	-0.285447	0
17940	0.232922	-0.0702926	0
17950	0.187996	-0.00739856	0
17960	0.291538	0.153169	0
17970	0.31769	0.186658	0
17980	0.054811	0.201998	0
17990	-0.0671885	0.349618	0
18000	0.0539746	0.489418	0
