0	-198.653	-794.61	0
10	-246.281	-682.157	0
20	-246.279	-682.147	0
30	-246.287	-682.172	0
40	-246.285	-682.166	0
50	-246.284	-682.159	0
60	-246.282	-682.152	0
70	-246.282	-682.153	0
80	-246.283	-682.158	0
90	-246.285	-682.165	0
100	-246.288	-682.174	0
110	-246.291	-682.183	0
120	-246.295	-682.194	0
130	-246.298	-682.204	0
140	-246.302	-682.213	0
150	-246.304	-682.219	0
160	-246.304	-682.22	0
170	-246.304	-682.217	0
180	-246.302	-682.21	0
190	-246.299	-682.2	0
200	-246.296	-682.186	0
210	-246.292	-682.171	0
220	-246.287	-682.154	0
230	-246.283	-682.14	0
240	-246.282	-682.136	0
250	-246.281	-682.133	0
260	-246.28	-682.13	0
270	-246.279	-682.127	0
280	-246.279	-682.125	0
290	-246.278	-682.123	0
300	-246.278	-682.121	0
310	-246.279	-682.119	0
320	-246.28	-682.117	0
330	-246.281	-682.115	0
340	-246.281	-682.113	0
350	-246.282	-682.111	0
360	-246.281	-682.109	0
370	-246.28	-682.107	0
380	-246.278	-682.104	0
390	-246.275	-682.1	0
400	-246.272	-682.096	0
410	-246.268	-682.092	0
420	-246.264	-682.088	0
430	-246.261	-682.085	0
440	-246.259	-682.082	0
450	-246.259	-682.081	0
460	-246.261	-682.08	0
470	-246.265	-682.082	0
480	-246.271	-682.085	0
490	-246.279	-682.089	0
500	-246.285	-682.092	0
510	-246.292	-682.095	0
520	-246.299	-682.096	0
530	-246.305	-682.096	0
540	-246.31	-682.096	0
550	-246.313	-682.094	0
560	-246.312	-682.092	0
570	-246.308	-682.091	0
580	-246.296	-682.09	0
590	-246.273	-682.09	0
600	-246.252	-682.075	0
610	-246.236	-682.031	0
620	-246.212	-681.965	0
630	-246.17	-681.849	0
640	-246.097	-681.646	0
650	-245.981	-681.324	0
660	-245.805	-680.836	0
670	-245.548	-680.123	0
680	-245.191	-679.134	0
690	-244.718	-677.823	0
700	-244.115	-676.154	0
710	-243.374	-674.102	0
720	-242.487	-671.645	0
730	-241.448	-668.768	0
740	-240.259	-665.474	0
750	-238.931	-661.794	0
760	-237.499	-657.818	0
770	-236.014	-653.686	0
780	-234.538	-649.568	0
790	-233.14	-645.655	0
800	-231.895	-642.149	0
810	-230.88	-639.264	0
820	-230.171	-637.21	0
830	-229.868	-636.262	0
840	-230.053	-636.64	0
850	-230.78	-638.488	0
860	-232.091	-641.919	0
870	-234.018	-647.011	0
880	-236.541	-653.693	0
890	-239.606	-661.8	0
900	-243.12	-671.064	0
910	-246.973	-681.17	0
920	-251.042	-691.767	0
930	-255.385	-702.333	0
940	-260.246	-712.313	0
950	-265.45	-721.411	0
960	-270.789	-729.38	0
970	-276.047	-736.044	0
980	-281.018	-741.306	0
990	-285.513	-745.147	0
1000	-289.372	-747.627	0
1010	-292.479	-748.87	0
1020	-294.766	-749.053	0
1030	-296.224	-748.397	0
1040	-296.897	-747.143	0
1050	-296.881	-745.544	0
1060	-296.317	-743.844	0
1070	-295.374	-742.262	0
1080	-294.243	-740.987	0
1090	-293.111	-740.163	0
1100	-292.155	-739.882	0
1110	-291.523	-740.184	0
1120	-291.322	-741.054	0
1130	-291.61	-742.431	0
1140	-292.385	-744.215	0
1150	-293.592	-746.282	0
1160	-295.123	-748.493	0
1170	-296.824	-750.711	0
1180	-298.512	-752.819	0
1190	-299.982	-754.728	0
1200	-301.028	-756.389	0
1210	-301.46	-757.802	0
1220	-301.126	-759.024	0
1230	-299.921	-760.162	0
1240	-297.793	-761.369	0
1250	-294.753	-762.834	0
1260	-290.873	-764.766	0
1270	-286.291	-767.37	0
1280	-281.175	-770.745	0
1290	-280.076	-770.548	0
1300	-279.954	-770.239	0
1310	-280.167	-770.75	0
1320	-280.604	-771.831	0
1330	-281.254	-773.462	0
1340	-282.144	-775.716	0
1350	-283.294	-778.65	0
1360	-284.709	-782.285	0
1370	-286.387	-786.629	0
1380	-288.324	-791.702	0
1390	-290.45	-797.314	0
1400	-292.684	-803.253	0
1410	-294.946	-809.312	0
1420	-297.163	-815.308	0
1430	-299.264	-821.063	0
1440	-301.177	-826.392	0
1450	-302.838	-831.122	0
1460	-304.188	-835.099	0
1470	-305.14	-838.064	0
1480	-305.619	-839.799	0
1490	-305.573	-840.144	0
1500	-304.974	-839.004	0
1510	-303.823	-836.362	0
1520	-302.151	-832.289	0
1530	-300.018	-826.932	0
1540	-297.508	-820.51	0
1550	-294.726	-813.296	0
1560	-291.787	-805.604	0
1570	-288.815	-797.77	0
1580	-285.93	-790.123	0
1590	-283.244	-782.97	0
1600	-280.85	-776.572	0
1610	-278.82	-771.13	0
1620	-277.2	-766.777	0
1630	-276.007	-763.566	0
1640	-275.232	-761.477	0
1650	-274.84	-760.418	0
1660	-274.777	-760.238	0
1670	-274.969	-760.737	0
1680	-275.334	-761.69	0
1690	-275.787	-762.863	0
1700	-276.246	-764.03	0
1710	-276.638	-764.994	0
1720	-276.906	-765.599	0
1730	-277.011	-765.741	0
1740	-276.93	-765.362	0
1750	-276.662	-764.465	0
1760	-276.227	-763.112	0
1770	-275.661	-761.41	0
1780	-275.014	-759.506	0
1790	-274.345	-757.565	0
1800	-273.711	-755.756	0
1810	-273.167	-754.232	0
1820	-272.757	-753.115	0
1830	-272.508	-752.483	0
1840	-272.428	-752.357	0
1850	-272.507	-752.701	0
1860	-272.71	-753.418	0
1870	-272.986	-754.36	0
1880	-273.27	-755.336	0
1890	-273.485	-756.13	0
1900	-273.553	-756.516	0
1910	-273.398	-756.28	0
1920	-272.955	-755.236	0
1930	-272.176	-753.246	0
1940	-271.035	-750.234	0
1950	-269.529	-746.192	0
1960	-267.696	-741.176	0
1970	-265.654	-735.257	0
1980	-263.473	-728.635	0
1990	-261.218	-721.579	0
2000	-258.984	-714.528	0
2010	-256.918	-707.952	0
2020	-255.113	-702.064	0
2030	-253.61	-697.037	0
2040	-252.432	-693.04	0
2050	-251.584	-690.198	0
2060	-251.055	-688.571	0
2070	-250.84	-688.161	0
2080	-250.933	-688.909	0
2090	-251.316	-690.696	0
2100	-251.945	-693.335	0
2110	-252.716	-696.442	0
2120	-253.549	-699.817	0
2130	-254.403	-703.359	0
2140	-255.364	-706.978	0
2150	-256.628	-710.32	0
2160	-257.864	-713.559	0
2170	-259.033	-716.6	0
2180	-260.096	-719.344	0
2190	-261.02	-721.713	0
2200	-261.773	-723.632	0
2210	-262.336	-725.06	0
2220	-262.695	-725.965	0
2230	-262.847	-726.346	0
2240	-262.804	-726.229	0
2250	-262.657	-725.848	0
2260	-262.49	-725.401	0
2270	-262.32	-724.935	0
2280	-262.171	-724.457	0
2290	-262.033	-723.916	0
2300	-261.872	-723.265	0
2310	-261.683	-722.52	0
2320	-261.479	-721.713	0
2330	-261.273	-720.876	0
2340	-261.072	-720.044	0
2350	-260.887	-719.247	0
2360	-260.718	-718.518	0
2370	-260.575	-717.912	0
2380	-260.475	-717.505	0
2390	-260.451	-717.38	0
2400	-260.52	-717.51	0
2410	-260.675	-717.708	0
2420	-260.946	-717.983	0
2430	-261.358	-718.353	0
2440	-261.927	-718.837	0
2450	-262.662	-719.47	0
2460	-263.561	-720.294	0
2470	-264.609	-721.33	0
2480	-265.783	-722.605	0
2490	-267.047	-724.118	0
2500	-268.342	-725.8	0
2510	-269.605	-727.561	0
2520	-270.772	-729.304	0
2530	-271.79	-730.937	0
2540	-272.615	-732.366	0
2550	-273.22	-733.502	0
2560	-273.611	-734.332	0
2570	-273.837	-734.98	0
2580	-273.918	-735.428	0
2590	-273.885	-735.666	0
2600	-273.766	-735.691	0
2610	-273.582	-735.505	0
2620	-273.345	-735.117	0
2630	-273.065	-734.551	0
2640	-272.753	-733.837	0
2650	-272.418	-733.006	0
2660	-272.073	-732.092	0
2670	-271.734	-731.145	0
2680	-271.421	-730.178	0
2690	-271.166	-729.242	0
2700	-270.942	-728.365	0
2710	-270.733	-727.564	0
2720	-270.548	-726.871	0
2730	-270.4	-726.307	0
2740	-270.285	-725.875	0
2750	-270.203	-725.582	0
2760	-270.152	-725.429	0
2770	-270.117	-725.368	0
2780	-270.085	-725.319	0
2790	-270.05	-725.273	0
2800	-270.015	-725.226	0
2810	-269.978	-725.17	0
2820	-269.931	-725.102	0
2830	-269.862	-725.013	0
2840	-269.792	-724.9	0
2850	-269.706	-724.744	0
2860	-269.6	-724.542	0
2870	-269.47	-724.282	0
2880	-269.322	-723.97	0
2890	-269.156	-723.604	0
2900	-268.971	-723.18	0
2910	-268.773	-722.696	0
2920	-268.545	-722.154	0
2930	-268.291	-721.555	0
2940	-268.003	-720.908	0
2950	-267.677	-720.218	0
2960	-267.301	-719.493	0
2970	-266.874	-718.742	0
2980	-266.399	-717.975	0
2990	-265.881	-717.204	0
3000	-265.325	-716.439	0
3010	-264.733	-715.676	0
3020	-264.113	-714.925	0
3030	-263.475	-714.198	0
3040	-262.828	-713.512	0
3050	-262.184	-712.88	0
3060	-261.555	-712.313	0
3070	-260.953	-711.822	0
3080	-260.386	-711.415	0
3090	-259.861	-711.096	0
3100	-259.379	-710.867	0
3110	-258.94	-710.726	0
3120	-258.548	-710.669	0
3130	-258.205	-710.692	0
3140	-257.896	-710.753	0
3150	-257.612	-710.801	0
3160	-257.411	-710.785	0
3170	-257.349	-710.65	0
3180	-257.292	-710.528	0
3190	-257.242	-710.418	0
3200	-257.198	-710.319	0
3210	-257.158	-710.23	0
3220	-257.124	-710.151	0
3230	-257.094	-710.08	0
3240	-257.069	-710.018	0
3250	-257.048	-709.965	0
3260	-257.031	-709.922	0
3270	-257.017	-709.887	0
3280	-257.006	-709.86	0
3290	-256.998	-709.842	0
3300	-256.993	-709.83	0
3310	-256.99	-709.824	0
3320	-256.99	-709.825	0
3330	-256.992	-709.831	0
3340	-256.996	-709.842	0
3350	-257.002	-709.859	0
3360	-257.01	-709.881	0
3370	-257.018	-709.905	0
3380	-257.027	-709.929	0
3390	-257.035	-709.953	0
3400	-257.042	-709.974	0
3410	-257.047	-709.991	0
3420	-257.051	-710.004	0
3430	-257.054	-710.013	0
3440	-257.055	-710.015	0
3450	-257.05	-710.004	0
3460	-257.042	-709.979	0
3470	-257.023	-709.926	0
3480	-256.993	-709.833	0
3490	-256.953	-709.701	0
3500	-256.899	-709.519	0
3510	-256.833	-709.286	0
3520	-256.752	-709.004	0
3530	-256.665	-708.675	0
3540	-256.562	-708.3	0
3550	-256.451	-707.88	0
3560	-256.332	-707.42	0
3570	-256.201	-706.923	0
3580	-256.068	-706.4	0
3590	-255.926	-705.856	0
3600	-255.787	-705.305	0
3610	-255.645	-704.755	0
3620	-255.513	-704.22	0
3630	-255.384	-703.709	0
3640	-255.267	-703.234	0
3650	-255.167	-702.803	0
3660	-255.079	-702.426	0
3670	-255.01	-702.109	0
3680	-254.962	-701.859	0
3690	-254.93	-701.677	0
3700	-254.916	-701.564	0
3710	-254.919	-701.519	0
3720	-254.937	-701.54	0
3730	-254.969	-701.619	0
3740	-255.004	-701.726	0
3750	-255.037	-701.831	0
3760	-255.066	-701.93	0
3770	-255.09	-702.022	0
3780	-255.111	-702.108	0
3790	-255.129	-702.191	0
3800	-255.145	-702.273	0
3810	-255.157	-702.353	0
3820	-255.167	-702.429	0
3830	-255.172	-702.5	0
3840	-255.171	-702.562	0
3850	-255.165	-702.616	0
3860	-255.153	-702.659	0
3870	-255.131	-702.69	0
3880	-255.104	-702.713	0
3890	-255.073	-702.728	0
3900	-255.035	-702.736	0
3910	-254.993	-702.742	0
3920	-254.948	-702.748	0
3930	-254.903	-702.757	0
3940	-254.861	-702.77	0
3950	-254.819	-702.785	0
3960	-254.773	-702.787	0
3970	-254.721	-702.767	0
3980	-254.664	-702.718	0
3990	-254.602	-702.635	0
4000	-254.535	-702.51	0
4010	-254.469	-702.339	0
4020	-254.402	-702.12	0
4030	-254.327	-701.853	0
4040	-254.244	-701.54	0
4050	-254.156	-701.188	0
4060	-254.061	-700.806	0
4070	-253.961	-700.402	0
4080	-253.859	-699.987	0
4090	-253.756	-699.57	0
4100	-253.654	-699.164	0
4110	-253.554	-698.781	0
4120	-253.456	-698.432	0
4130	-253.367	-698.128	0
4140	-253.283	-697.875	0
4150	-253.208	-697.686	0
4160	-253.143	-697.569	0
4170	-253.09	-697.527	0
4180	-253.045	-697.544	0
4190	-252.998	-697.579	0
4200	-252.944	-697.627	0
4210	-252.885	-697.693	0
4220	-252.826	-697.776	0
4230	-252.77	-697.894	0
4240	-252.722	-698.04	0
4250	-252.748	-698.162	0
4260	-252.802	-698.314	0
4270	-252.87	-698.501	0
4280	-252.95	-698.717	0
4290	-253.04	-698.952	0
4300	-253.135	-699.198	0
4310	-253.244	-699.472	0
4320	-253.369	-699.786	0
4330	-253.506	-700.132	0
4340	-253.652	-700.502	0
4350	-253.802	-700.877	0
4360	-253.942	-701.229	0
4370	-254.065	-701.539	0
4380	-254.168	-701.796	0
4390	-254.247	-701.996	0
4400	-254.301	-702.131	0
4410	-254.328	-702.198	0
4420	-254.336	-702.214	0
4430	-254.333	-702.21	0
4440	-254.333	-702.207	0
4450	-254.336	-702.205	0
4460	-254.334	-702.201	0
4470	-254.336	-702.199	0
4480	-254.336	-702.195	0
4490	-254.333	-702.189	0
4500	-254.331	-702.18	0
4510	-254.329	-702.175	0
4520	-254.327	-702.169	0
4530	-254.325	-702.167	0
4540	-254.32	-702.164	0
4550	-254.317	-702.159	0
4560	-254.322	-702.158	0
4570	-254.316	-702.152	0
4580	-254.315	-702.152	0
4590	-254.314	-702.147	0
4600	-254.311	-702.14	0
4610	-254.311	-702.138	0
4620	-254.313	-702.132	0
4630	-254.308	-702.122	0
4640	-254.305	-702.115	0
4650	-254.303	-702.111	0
4660	-254.3	-702.107	0
4670	-254.299	-702.106	0
4680	-254.296	-702.1	0
4690	-254.298	-702.1	0
4700	-254.296	-702.098	0
4710	-254.296	-702.093	0
4720	-254.293	-702.086	0
4730	-254.292	-702.081	0
4740	-254.292	-702.077	0
4750	-254.293	-702.075	0
4760	-254.292	-702.072	0
4770	-254.289	-702.068	0
4780	-254.286	-702.067	0
4790	-254.285	-702.067	0
4800	-254.282	-702.066	0
4810	-254.278	-702.065	0
4820	-254.267	-702.057	0
4830	-254.255	-702.038	0
4840	-254.241	-702.006	0
4850	-254.223	-701.962	0
4860	-254.201	-701.909	0
4870	-254.175	-701.846	0
4880	-254.145	-701.776	0
4890	-254.113	-701.704	0
4900	-254.079	-701.629	0
4910	-254.043	-701.554	0
4920	-254.005	-701.482	0
4930	-253.965	-701.412	0
4940	-253.92	-701.338	0
4950	-253.866	-701.249	0
4960	-253.799	-701.13	0
4970	-253.712	-700.966	0
4980	-253.603	-700.747	0
4990	-253.47	-700.463	0
5000	-253.312	-700.113	0
5010	-253.131	-699.695	0
5020	-252.928	-699.213	0
5030	-252.708	-698.674	0
5040	-252.474	-698.088	0
5050	-252.231	-697.468	0
5060	-251.988	-696.834	0
5070	-251.752	-696.205	0
5080	-251.531	-695.604	0
5090	-251.334	-695.057	0
5100	-251.172	-694.588	0
5110	-251.052	-694.223	0
5120	-250.983	-693.985	0
5130	-250.974	-693.893	0
5140	-251.029	-693.965	0
5150	-251.153	-694.212	0
5160	-251.348	-694.642	0
5170	-251.615	-695.255	0
5180	-251.952	-696.051	0
5190	-252.355	-697.017	0
5200	-252.816	-698.135	0
5210	-253.325	-699.378	0
5220	-253.868	-700.712	0
5230	-254.43	-702.098	0
5240	-254.994	-703.491	0
5250	-255.542	-704.846	0
5260	-256.058	-706.118	0
5270	-256.532	-707.283	0
5280	-256.96	-708.334	0
5290	-257.342	-709.274	0
5300	-257.681	-710.115	0
5310	-257.984	-710.877	0
5320	-258.259	-711.585	0
5330	-258.516	-712.268	0
5340	-258.764	-712.955	0
5350	-259.013	-713.672	0
5360	-259.269	-714.438	0
5370	-259.535	-715.262	0
5380	-259.81	-716.138	0
5390	-260.087	-717.049	0
5400	-260.356	-717.967	0
5410	-260.604	-718.851	0
5420	-260.816	-719.654	0
5430	-260.935	-720.211	0
5440	-260.94	-720.434	0
5450	-260.964	-720.665	0
5460	-261.011	-720.918	0
5470	-261.06	-721.139	0
5480	-261.091	-721.275	0
5490	-261.093	-721.301	0
5500	-261.07	-721.227	0
5510	-261.04	-721.112	0
5520	-261.01	-720.986	0
5530	-260.967	-720.813	0
5540	-260.89	-720.535	0
5550	-260.762	-720.107	0
5560	-260.576	-719.51	0
5570	-260.341	-718.76	0
5580	-260.079	-717.912	0
5590	-259.802	-716.998	0
5600	-259.532	-716.068	0
5610	-259.271	-715.139	0
5620	-259.028	-714.241	0
5630	-258.838	-713.475	0
5640	-258.735	-712.938	0
5650	-258.751	-712.72	0
5660	-258.912	-712.895	0
5670	-259.233	-713.513	0
5680	-259.724	-714.603	0
5690	-260.385	-716.168	0
5700	-261.21	-718.193	0
5710	-262.186	-720.653	0
5720	-263.298	-723.504	0
5730	-264.528	-726.702	0
5740	-265.863	-730.211	0
5750	-267.297	-734.018	0
5760	-268.83	-738.113	0
5770	-270.438	-742.442	0
5780	-272.069	-746.866	0
5790	-273.691	-751.298	0
5800	-275.281	-755.675	0
5810	-276.805	-759.902	0
5820	-278.228	-763.887	0
5830	-279.528	-767.562	0
5840	-280.714	-770.965	0
5850	-281.754	-774.005	0
5860	-282.602	-776.531	0
5870	-283.242	-778.448	0
5880	-283.655	-779.689	0
5890	-283.847	-780.268	0
5900	-283.858	-780.312	0
5910	-283.787	-780.161	0
5920	-283.599	-779.727	0
5930	-283.262	-778.923	0
5940	-282.762	-777.695	0
5950	-282.089	-776.013	0
5960	-281.254	-773.89	0
5970	-280.281	-771.39	0
5980	-279.182	-768.532	0
5990	-277.964	-765.325	0
6000	-276.64	-761.795	0
6010	-275.219	-757.968	0
6020	-273.721	-753.894	0
6030	-272.174	-749.652	0
6040	-270.611	-745.321	0
6050	-269.114	-740.956	0
6060	-267.727	-736.665	0
6070	-266.482	-732.596	0
6080	-265.415	-728.916	0
6090	-264.567	-725.808	0
6100	-263.947	-723.435	0
6110	-263.513	-721.801	0
6120	-263.266	-720.924	0
6130	-263.204	-720.808	0
6140	-263.249	-721.174	0
6150	-263.361	-721.91	0
6160	-263.508	-722.985	0
6170	-263.683	-724.464	0
6180	-263.878	-726.243	0
6190	-264.431	-727.847	0
6200	-265	-729.488	0
6210	-265.55	-731.052	0
6220	-266.028	-732.403	0
6230	-266.413	-733.477	0
6240	-266.696	-734.254	0
6250	-266.881	-734.74	0
6260	-266.974	-734.954	0
6270	-266.996	-734.955	0
6280	-266.98	-734.831	0
6290	-266.969	-734.698	0
6300	-267.005	-734.67	0
6310	-267.123	-734.845	0
6320	-267.34	-735.275	0
6330	-267.673	-736.008	0
6340	-268.135	-737.083	0
6350	-268.704	-738.455	0
6360	-269.357	-740.069	0
6370	-270.063	-741.842	0
6380	-270.716	-743.47	0
6390	-271.263	-744.82	0
6400	-271.686	-745.844	0
6410	-271.966	-746.504	0
6420	-272.124	-746.873	0
6430	-272.165	-746.968	0
6440	-272.153	-746.939	0
6450	-272.145	-746.914	0
6460	-272.139	-746.895	0
6470	-272.125	-746.872	0
6480	-272.121	-746.855	0
6490	-272.122	-746.841	0
6500	-272.118	-746.828	0
6510	-272.122	-746.82	0
6520	-272.126	-746.806	0
6530	-272.13	-746.795	0
6540	-272.145	-746.8	0
6550	-272.183	-746.838	0
6560	-272.254	-746.923	0
6570	-272.358	-747.067	0
6580	-272.488	-747.276	0
6590	-272.632	-747.556	0
6600	-272.768	-747.904	0
6610	-272.87	-748.302	0
6620	-272.925	-748.728	0
6630	-272.916	-749.175	0
6640	-272.834	-749.63	0
6650	-272.66	-750.071	0
6660	-272.598	-750.272	0
6670	-272.523	-750.305	0
6680	-272.393	-750.171	0
6690	-272.201	-749.843	0
6700	-271.946	-749.321	0
6710	-271.632	-748.612	0
6720	-271.264	-747.731	0
6730	-270.852	-746.705	0
6740	-270.41	-745.577	0
6750	-269.955	-744.392	0
6760	-269.503	-743.2	0
6770	-269.074	-742.052	0
6780	-268.693	-741.02	0
6790	-268.398	-740.204	0
6800	-268.205	-739.61	0
6810	-268.101	-739.207	0
6820	-268.037	-738.992	0
6830	-268.008	-738.951	0
6840	-268	-738.954	0
6850	-267.995	-738.963	0
6860	-267.994	-738.979	0
6870	-267.996	-739.005	0
6880	-268.006	-739.045	0
6890	-268.031	-739.104	0
6900	-268.069	-739.196	0
6910	-268.123	-739.326	0
6920	-268.194	-739.497	0
6930	-268.282	-739.711	0
6940	-268.386	-739.964	0
6950	-268.507	-740.258	0
6960	-268.642	-740.589	0
6970	-268.788	-740.942	0
6980	-268.943	-741.32	0
6990	-269.102	-741.709	0
7000	-269.261	-742.098	0
7010	-269.413	-742.467	0
7020	-269.552	-742.804	0
7030	-269.667	-743.086	0
7040	-269.757	-743.307	0
7050	-269.821	-743.467	0
7060	-269.861	-743.566	0
7070	-269.875	-743.605	0
7080	-269.865	-743.587	0
7090	-269.834	-743.515	0
7100	-269.787	-743.408	0
7110	-269.727	-743.27	0
7120	-269.656	-743.106	0
7130	-269.579	-742.927	0
7140	-269.503	-742.752	0
7150	-269.439	-742.605	0
7160	-269.398	-742.516	0
7170	-269.395	-742.522	0
7180	-269.442	-742.662	0
7190	-269.551	-742.967	0
7200	-269.726	-743.454	0
7210	-269.962	-744.117	0
7220	-270.245	-744.93	0
7230	-270.558	-745.856	0
7240	-270.885	-746.853	0
7250	-271.2	-747.854	0
7260	-271.474	-748.771	0
7270	-271.675	-749.514	0
7280	-271.775	-749.995	0
7290	-271.745	-750.129	0
7300	-271.551	-749.813	0
7310	-271.157	-748.939	0
7320	-270.552	-747.459	0
7330	-269.762	-745.431	0
7340	-268.791	-742.866	0
7350	-267.661	-739.825	0
7360	-266.401	-736.395	0
7370	-265.058	-732.709	0
7380	-263.682	-728.904	0
7390	-262.329	-725.139	0
7400	-261.055	-721.573	0
7410	-259.909	-718.343	0
7420	-258.937	-715.576	0
7430	-258.223	-713.275	0
7440	-257.711	-711.511	0
7450	-257.409	-710.364	0
7460	-257.327	-709.993	0
7470	-257.44	-710.438	0
7480	-257.715	-711.528	0
7490	-258.231	-713.292	0
7500	-259.09	-715.625	0
7510	-260.178	-718.586	0
7520	-261.47	-722.103	0
7530	-262.927	-726.072	0
7540	-264.502	-730.357	0
7550	-266.134	-734.786	0
7560	-267.749	-739.149	0
7570	-269.284	-743.28	0
7580	-270.703	-747.079	0
7590	-272.017	-750.576	0
7600	-273.189	-753.673	0
7610	-274.19	-756.287	0
7620	-275	-758.364	0
7630	-275.611	-759.882	0
7640	-276.013	-760.813	0
7650	-276.212	-761.183	0
7660	-276.261	-761.13	0
7670	-276.21	-760.794	0
7680	-276.084	-760.25	0
7690	-275.951	-759.716	0
7700	-275.846	-759.302	0
7710	-275.78	-759.044	0
7720	-275.768	-758.989	0
7730	-275.778	-759.014	0
7740	-275.788	-759.042	0
7750	-275.797	-759.067	0
7760	-275.805	-759.091	0
7770	-275.815	-759.123	0
7780	-275.826	-759.156	0
7790	-275.835	-759.182	0
7800	-275.844	-759.212	0
7810	-275.853	-759.245	0
7820	-275.859	-759.279	0
7830	-275.865	-759.324	0
7840	-275.871	-759.382	0
7850	-275.879	-759.468	0
7860	-275.895	-759.592	0
7870	-275.918	-759.757	0
7880	-275.949	-759.96	0
7890	-275.985	-760.194	0
7900	-276.021	-760.444	0
7910	-276.05	-760.678	0
7920	-276.042	-760.804	0
7930	-275.985	-760.781	0
7940	-275.875	-760.597	0
7950	-275.713	-760.257	0
7960	-275.507	-759.776	0
7970	-275.275	-759.206	0
7980	-275.054	-758.656	0
7990	-274.85	-758.141	0
8000	-274.673	-757.666	0
8010	-274.543	-757.223	0
8020	-274.459	-756.882	0
8030	-274.395	-756.634	0
8040	-274.358	-756.454	0
8050	-274.322	-756.333	0
8060	-274.309	-756.27	0
8070	-274.295	-756.233	0
8080	-274.282	-756.201	0
8090	-274.27	-756.168	0
8100	-274.255	-756.125	0
8110	-274.254	-756.088	0
8120	-274.25	-756.048	0
8130	-274.253	-756.016	0
8140	-274.26	-755.995	0
8150	-274.267	-755.977	0
8160	-274.276	-755.96	0
8170	-274.287	-755.943	0
8180	-274.297	-755.926	0
8190	-274.306	-755.908	0
8200	-274.318	-755.893	0
8210	-274.331	-755.878	0
8220	-274.345	-755.863	0
8230	-274.361	-755.849	0
8240	-274.378	-755.836	0
8250	-274.399	-755.824	0
8260	-274.421	-755.813	0
8270	-274.444	-755.802	0
8280	-274.468	-755.792	0
8290	-274.491	-755.782	0
8300	-274.511	-755.771	0
8310	-274.526	-755.759	0
8320	-274.536	-755.745	0
8330	-274.556	-755.735	0
8340	-274.573	-755.723	0
8350	-274.573	-755.707	0
8360	-274.572	-755.689	0
8370	-274.58	-755.675	0
8380	-274.569	-755.656	0
8390	-274.553	-755.636	0
8400	-274.532	-755.613	0
8410	-274.508	-755.592	0
8420	-274.478	-755.565	0
8430	-274.445	-755.536	0
8440	-274.406	-755.504	0
8450	-274.36	-755.461	0
8460	-274.313	-755.41	0
8470	-274.259	-755.345	0
8480	-274.211	-755.271	0
8490	-274.147	-755.175	0
8500	-274.065	-755.062	0
8510	-273.981	-754.934	0
8520	-273.887	-754.79	0
8530	-273.769	-754.634	0
8540	-273.651	-754.471	0
8550	-273.519	-754.302	0
8560	-273.385	-754.135	0
8570	-273.284	-753.932	0
8580	-273.202	-753.729	0
8590	-273.125	-753.538	0
8600	-273.058	-753.375	0
8610	-273.003	-753.24	0
8620	-272.96	-753.136	0
8630	-272.933	-753.072	0
8640	-272.922	-753.047	0
8650	-272.923	-753.047	0
8660	-272.923	-753.048	0
8670	-272.922	-753.046	0
8680	-272.92	-753.042	0
8690	-272.918	-753.037	0
8700	-272.915	-753.03	0
8710	-272.912	-753.02	0
8720	-272.908	-753.01	0
8730	-272.903	-752.996	0
8740	-272.897	-752.979	0
8750	-272.889	-752.957	0
8760	-272.883	-752.939	0
8770	-272.877	-752.92	0
8780	-272.873	-752.908	0
8790	-272.867	-752.889	0
8800	-272.864	-752.879	0
8810	-272.857	-752.859	0
8820	-272.85	-752.841	0
8830	-272.844	-752.822	0
8840	-272.841	-752.809	0
8850	-272.842	-752.809	0
8860	-272.853	-752.834	0
8870	-272.874	-752.88	0
8880	-272.905	-752.954	0
8890	-272.953	-753.07	0
8900	-273.02	-753.235	0
8910	-273.111	-753.457	0
8920	-273.227	-753.74	0
8930	-273.368	-754.085	0
8940	-273.532	-754.483	0
8950	-273.707	-754.9	0
8960	-273.872	-755.281	0
8970	-274	-755.557	0
8980	-274.072	-755.675	0
8990	-274.079	-755.607	0
9000	-274.047	-755.346	0
9010	-273.993	-754.916	0
9020	-273.937	-754.345	0
9030	-273.894	-753.66	0
9040	-273.89	-752.915	0
9050	-273.974	-752.24	0
9060	-274.169	-751.674	0
9070	-274.505	-751.213	0
9080	-274.957	-750.821	0
9090	-275.487	-750.482	0
9100	-276.067	-750.19	0
9110	-276.681	-749.944	0
9120	-277.296	-749.737	0
9130	-277.887	-749.563	0
9140	-278.438	-749.424	0
9150	-278.923	-749.315	0
9160	-279.306	-749.215	0
9170	-279.564	-749.098	0
9180	-279.663	-748.923	0
9190	-279.607	-748.673	0
9200	-279.495	-748.332	0
9210	-279.374	-747.936	0
9220	-279.243	-747.492	0
9230	-279.097	-747.004	0
9240	-278.94	-746.484	0
9250	-278.769	-745.94	0
9260	-278.593	-745.409	0
9270	-278.422	-744.921	0
9280	-278.262	-744.505	0
9290	-278.125	-744.195	0
9300	-278.023	-744.022	0
9310	-277.965	-744.016	0
9320	-277.958	-744.199	0
9330	-278.012	-744.596	0
9340	-278.148	-745.287	0
9350	-278.375	-746.288	0
9360	-278.686	-747.583	0
9370	-279.069	-749.119	0
9380	-279.48	-750.764	0
9390	-279.868	-752.311	0
9400	-280.222	-753.739	0
9410	-280.551	-755.08	0
9420	-280.852	-756.309	0
9430	-281.113	-757.383	0
9440	-281.323	-758.271	0
9450	-281.479	-758.947	0
9460	-281.579	-759.397	0
9470	-281.615	-759.598	0
9480	-281.586	-759.589	0
9490	-281.55	-759.553	0
9500	-281.517	-759.518	0
9510	-281.488	-759.483	0
9520	-281.461	-759.45	0
9530	-281.431	-759.417	0
9540	-281.404	-759.389	0
9550	-281.375	-759.363	0
9560	-281.341	-759.343	0
9570	-281.299	-759.328	0
9580	-281.247	-759.322	0
9590	-281.183	-759.324	0
9600	-281.11	-759.333	0
9610	-281.027	-759.346	0
9620	-280.929	-759.35	0
9630	-280.824	-759.342	0
9640	-280.713	-759.334	0
9650	-280.605	-759.319	0
9660	-280.503	-759.288	0
9670	-280.409	-759.237	0
9680	-280.322	-759.157	0
9690	-280.242	-759.047	0
9700	-280.165	-758.902	0
9710	-280.094	-758.728	0
9720	-280.027	-758.541	0
9730	-279.965	-758.368	0
9740	-279.909	-758.221	0
9750	-279.858	-758.104	0
9760	-279.814	-758.016	0
9770	-279.77	-757.949	0
9780	-279.734	-757.895	0
9790	-279.69	-757.837	0
9800	-279.652	-757.785	0
9810	-279.607	-757.725	0
9820	-279.565	-757.667	0
9830	-279.528	-757.604	0
9840	-279.476	-757.54	0
9850	-279.423	-757.476	0
9860	-279.341	-757.405	0
9870	-279.225	-757.326	0
9880	-279.064	-757.239	0
9890	-278.857	-757.144	0
9900	-278.604	-757.038	0
9910	-278.312	-756.919	0
9920	-278.012	-756.799	0
9930	-277.751	-756.698	0
9940	-277.586	-756.633	0
9950	-277.508	-756.596	0
9960	-277.407	-756.546	0
9970	-277.283	-756.483	0
9980	-277.133	-756.402	0
9990	-276.966	-756.311	0
10000	-276.806	-756.226	0
10010	-276.682	-756.166	0
10020	-276.627	-756.152	0
10030	-276.667	-756.214	0
10040	-276.74	-756.368	0
10050	-276.819	-756.593	0
10060	-276.917	-756.881	0
10070	-277.024	-757.218	0
10080	-277.127	-757.591	0
10090	-277.219	-757.987	0
10100	-277.283	-758.387	0
10110	-277.279	-758.771	0
10120	-277.194	-759.136	0
10130	-277.028	-759.486	0
10140	-276.779	-759.805	0
10150	-276.442	-760.048	0
10160	-276.011	-760.157	0
10170	-275.488	-760.059	0
10180	-274.875	-759.681	0
10190	-274.348	-758.754	0
10200	-273.837	-757.321	0
10210	-273.224	-755.585	0
10220	-272.577	-753.725	0
10230	-271.975	-751.955	0
10240	-271.476	-750.435	0
10250	-271.124	-749.271	0
10260	-270.947	-748.536	0
10270	-270.973	-748.299	0
10280	-271.233	-748.636	0
10290	-271.751	-749.611	0
10300	-272.528	-751.234	0
10310	-273.541	-753.445	0
10320	-274.772	-756.201	0
10330	-276.206	-759.487	0
10340	-277.838	-763.323	0
10350	-279.569	-767.433	0
10360	-281.325	-771.626	0
10370	-283.042	-775.771	0
10380	-284.611	-779.629	0
10390	-285.987	-783.114	0
10400	-287.17	-786.092	0
10410	-288.253	-788.336	0
10420	-289.2	-789.746	0
10430	-290.02	-790.468	0
10440	-290.717	-790.567	0
10450	-291.212	-789.97	0
10460	-291.375	-788.584	0
10470	-291.172	-786.4	0
10480	-290.64	-783.642	0
10490	-289.814	-780.487	0
10500	-288.714	-777.004	0
10510	-287.39	-773.285	0
10520	-285.908	-769.397	0
10530	-284.308	-765.411	0
10540	-282.613	-761.408	0
10550	-280.815	-757.473	0
10560	-278.873	-753.712	0
10570	-276.782	-750.295	0
10580	-274.612	-747.419	0
10590	-272.451	-745.282	0
10600	-270.299	-743.552	0
10610	-268.28	-742.076	0
10620	-267.348	-740.078	0
10630	-266.77	-738.462	0
10640	-266.428	-737.49	0
10650	-266.352	-737.247	0
10660	-266.487	-737.572	0
10670	-266.868	-738.288	0
10680	-267.401	-739.277	0
10690	-267.955	-740.478	0
10700	-268.473	-741.834	0
10710	-269.056	-743.391	0
10720	-269.743	-745.131	0
10730	-270.499	-746.99	0
10740	-271.271	-748.857	0
10750	-271.993	-750.516	0
10760	-272.645	-751.97	0
10770	-273.209	-753.257	0
10780	-273.661	-754.415	0
10790	-274.068	-755.386	0
10800	-274.491	-756.127	0
10810	-274.86	-756.726	0
10820	-275.184	-757.218	0
10830	-275.48	-757.664	0
10840	-275.771	-758.142	0
10850	-276.09	-758.758	0
10860	-276.452	-759.55	0
10870	-276.851	-760.506	0
10880	-277.236	-761.485	0
10890	-277.542	-762.306	0
10900	-277.745	-762.907	0
10910	-277.838	-763.273	0
10920	-277.884	-763.526	0
10930	-277.917	-763.733	0
10940	-277.927	-763.866	0
10950	-277.904	-763.903	0
10960	-277.839	-763.826	0
10970	-277.733	-763.642	0
10980	-277.628	-763.481	0
10990	-277.536	-763.375	0
11000	-277.454	-763.318	0
11010	-277.378	-763.301	0
11020	-277.303	-763.303	0
11030	-277.214	-763.275	0
11040	-277.104	-763.194	0
11050	-276.964	-763.028	0
11060	-276.777	-762.728	0
11070	-276.526	-762.24	0
11080	-276.199	-761.52	0
11090	-275.785	-760.542	0
11100	-275.282	-759.296	0
11110	-274.694	-757.787	0
11120	-274.026	-756.036	0
11130	-273.292	-754.075	0
11140	-272.505	-751.946	0
11150	-271.684	-749.701	0
11160	-270.845	-747.39	0
11170	-270.005	-745.065	0
11180	-269.173	-742.749	0
11190	-268.36	-740.48	0
11200	-267.581	-738.304	0
11210	-266.851	-736.262	0
11220	-266.181	-734.391	0
11230	-265.586	-732.733	0
11240	-265.086	-731.354	0
11250	-264.704	-730.315	0
11260	-264.454	-729.66	0
11270	-264.353	-729.438	0
11280	-264.411	-729.66	0
11290	-264.553	-730.024	0
11300	-264.747	-730.415	0
11310	-264.98	-730.84	0
11320	-265.236	-731.319	0
11330	-265.506	-731.899	0
11340	-265.8	-732.673	0
11350	-266.14	-733.679	0
11360	-266.539	-734.935	0
11370	-267.01	-736.445	0
11380	-267.562	-738.178	0
11390	-268.221	-740.122	0
11400	-269.026	-742.289	0
11410	-269.993	-744.62	0
11420	-271.125	-747.036	0
11430	-272.415	-749.447	0
11440	-273.84	-751.756	0
11450	-275.367	-753.861	0
11460	-276.958	-755.672	0
11470	-278.581	-757.123	0
11480	-280.205	-758.211	0
11490	-281.766	-759.041	0
11500	-283.226	-759.619	0
11510	-284.582	-760.07	0
11520	-285.809	-760.433	0
11530	-286.889	-760.755	0
11540	-287.809	-761.104	0
11550	-288.57	-761.556	0
11560	-289.178	-762.184	0
11570	-289.663	-763.055	0
11580	-290.063	-764.212	0
11590	-290.452	-765.684	0
11600	-290.905	-767.325	0
11610	-291.354	-768.956	0
11620	-291.79	-770.541	0
11630	-292.199	-772.039	0
11640	-292.568	-773.407	0
11650	-292.89	-774.608	0
11660	-293.192	-775.646	0
11670	-293.513	-776.548	0
11680	-293.884	-777.329	0
11690	-294.279	-777.87	0
11700	-294.719	-778.226	0
11710	-295.262	-778.698	0
11720	-295.878	-779.276	0
11730	-296.577	-779.926	0
11740	-297.314	-780.6	0
11750	-298.014	-781.205	0
11760	-298.615	-781.627	0
11770	-299.066	-781.784	0
11780	-299.333	-781.614	0
11790	-299.404	-781.078	0
11800	-299.298	-780.171	0
11810	-299.057	-778.913	0
11820	-298.688	-777.34	0
11830	-298.245	-775.641	0
11840	-297.835	-774.041	0
11850	-297.465	-772.609	0
11860	-297.152	-771.382	0
11870	-296.908	-770.409	0
11880	-296.76	-769.813	0
11890	-296.701	-769.563	0
11900	-296.693	-769.469	0
11910	-296.709	-769.471	0
11920	-296.735	-769.486	0
11930	-296.753	-769.502	0
11940	-296.768	-769.515	0
11950	-296.789	-769.533	0
11960	-296.786	-769.542	0
11970	-296.787	-769.55	0
11980	-296.775	-769.553	0
11990	-296.765	-769.549	0
12000	-296.754	-769.543	0
12010	-296.73	-769.531	0
12020	-296.706	-769.515	0
12030	-296.661	-769.487	0
12040	-296.577	-769.437	0
12050	-296.432	-769.353	0
12060	-296.202	-769.224	0
12070	-295.866	-769.037	0
12080	-295.411	-768.79	0
12090	-294.828	-768.479	0
12100	-294.11	-768.1	0
12110	-293.262	-767.67	0
12120	-292.3	-767.206	0
12130	-291.235	-766.69	0
12140	-290.107	-766.167	0
12150	-288.941	-765.647	0
12160	-287.753	-765.13	0
12170	-286.578	-764.637	0
12180	-285.452	-764.186	0
12190	-284.406	-763.791	0
12200	-283.465	-763.463	0
12210	-282.658	-763.212	0
12220	-282.001	-763.039	0
12230	-281.505	-762.944	0
12240	-281.176	-762.908	0
12250	-281.002	-762.915	0
12260	-280.934	-762.929	0
12270	-280.899	-762.926	0
12280	-280.851	-762.92	0
12290	-280.772	-762.914	0
12300	-280.64	-762.909	0
12310	-280.437	-762.9	0
12320	-280.15	-762.882	0
12330	-279.775	-762.846	0
12340	-279.31	-762.785	0
12350	-278.758	-762.694	0
12360	-278.123	-762.578	0
12370	-277.404	-762.439	0
12380	-276.683	-762.205	0
12390	-276.383	-761.471	0
12400	-276.073	-760.703	0
12410	-275.763	-759.933	0
12420	-275.441	-759.122	0
12430	-275.096	-758.25	0
12440	-274.738	-757.342	0
12450	-274.38	-756.43	0
12460	-274.033	-755.548	0
12470	-273.706	-754.72	0
12480	-273.409	-753.975	0
12490	-273.153	-753.338	0
12500	-272.943	-752.826	0
12510	-272.784	-752.449	0
12520	-272.674	-752.203	0
12530	-272.608	-752.072	0
12540	-272.579	-752.032	0
12550	-272.574	-752.057	0
12560	-272.587	-752.12	0
12570	-272.611	-752.207	0
12580	-272.642	-752.307	0
12590	-272.681	-752.417	0
12600	-272.728	-752.54	0
12610	-272.787	-752.691	0
12620	-272.86	-752.876	0
12630	-272.948	-753.101	0
12640	-273.055	-753.371	0
12650	-273.18	-753.687	0
12660	-273.323	-754.045	0
12670	-273.481	-754.441	0
12680	-273.655	-754.873	0
12690	-273.836	-755.323	0
12700	-274.024	-755.788	0
12710	-274.206	-756.239	0
12720	-274.381	-756.668	0
12730	-274.538	-757.051	0
12740	-274.668	-757.364	0
12750	-274.764	-757.584	0
12760	-274.818	-757.687	0
12770	-274.822	-757.655	0
12780	-274.773	-757.475	0
12790	-274.68	-757.173	0
12800	-274.556	-756.785	0
12810	-274.409	-756.323	0
12820	-274.248	-755.803	0
12830	-274.092	-755.272	0
12840	-273.972	-754.815	0
12850	-273.917	-754.518	0
12860	-273.953	-754.455	0
12870	-274.09	-754.666	0
12880	-274.332	-755.169	0
12890	-274.68	-755.977	0
12900	-275.143	-757.13	0
12910	-275.749	-758.72	0
12920	-276.489	-760.723	0
12930	-277.348	-763.106	0
12940	-278.322	-765.857	0
12950	-279.408	-768.965	0
12960	-280.513	-772.144	0
12970	-281.524	-775.073	0
12980	-282.394	-777.621	0
12990	-283.108	-779.737	0
13000	-283.667	-781.402	0
13010	-284.047	-782.55	0
13020	-284.227	-783.118	0
13030	-284.252	-783.229	0
13040	-284.265	-783.296	0
13050	-284.272	-783.325	0
13060	-284.257	-783.274	0
13070	-284.199	-783.077	0
13080	-284.061	-782.64	0
13090	-283.842	-781.964	0
13100	-283.538	-781.044	0
13110	-283.19	-779.832	0
13120	-282.846	-778.367	0
13130	-282.558	-776.982	0
13140	-282.364	-775.781	0
13150	-282.29	-774.803	0
13160	-282.357	-774.076	0
13170	-282.579	-773.63	0
13180	-282.993	-773.491	0
13190	-283.57	-773.53	0
13200	-284.292	-773.608	0
13210	-285.136	-773.709	0
13220	-286.07	-773.834	0
13230	-287.052	-773.992	0
13240	-288.03	-774.163	0
13250	-288.955	-774.347	0
13260	-289.778	-774.537	0
13270	-290.452	-774.717	0
13280	-290.922	-774.861	0
13290	-291.165	-774.968	0
13300	-291.238	-775.023	0
13310	-291.244	-775.045	0
13320	-291.242	-775.057	0
13330	-291.238	-775.068	0
13340	-291.236	-775.08	0
13350	-291.231	-775.091	0
13360	-291.228	-775.103	0
13370	-291.222	-775.113	0
13380	-291.212	-775.121	0
13390	-291.207	-775.13	0
13400	-291.217	-775.144	0
13410	-291.221	-775.159	0
13420	-291.226	-775.179	0
13430	-291.231	-775.199	0
13440	-291.226	-775.219	0
13450	-291.221	-775.239	0
13460	-291.223	-775.258	0
13470	-291.224	-775.273	0
13480	-291.229	-775.294	0
13490	-291.234	-775.312	0
13500	-291.238	-775.329	0
13510	-291.243	-775.346	0
13520	-291.248	-775.361	0
13530	-291.256	-775.38	0
13540	-291.257	-775.396	0
13550	-291.259	-775.411	0
13560	-291.261	-775.425	0
13570	-291.265	-775.441	0
13580	-291.278	-775.458	0
13590	-291.291	-775.475	0
13600	-291.296	-775.489	0
13610	-291.303	-775.505	0
13620	-291.31	-775.52	0
13630	-291.32	-775.535	0
13640	-291.323	-775.546	0
13650	-291.331	-775.559	0
13660	-291.331	-775.57	0
13670	-291.337	-775.584	0
13680	-291.337	-775.596	0
13690	-291.342	-775.607	0
13700	-291.344	-775.617	0
13710	-291.345	-775.626	0
13720	-291.349	-775.638	0
13730	-291.357	-775.651	0
13740	-291.363	-775.662	0
13750	-291.372	-775.675	0
13760	-291.379	-775.686	0
13770	-291.386	-775.7	0
13780	-291.393	-775.71	0
13790	-291.39	-775.721	0
13800	-291.386	-775.729	0
13810	-291.365	-775.735	0
13820	-291.337	-775.739	0
13830	-291.317	-775.746	0
13840	-291.3	-775.756	0
13850	-291.283	-775.769	0
13860	-291.267	-775.782	0
13870	-291.251	-775.792	0
13880	-291.236	-775.8	0
13890	-291.215	-775.802	0
13900	-291.191	-775.798	0
13910	-291.15	-775.785	0
13920	-291.069	-775.754	0
13930	-290.909	-775.694	0
13940	-290.646	-775.598	0
13950	-290.253	-775.46	0
13960	-289.707	-775.273	0
13970	-289.012	-775.046	0
13980	-288.176	-774.787	0
13990	-287.2	-774.488	0
14000	-286.089	-774.17	0
14010	-284.868	-773.844	0
14020	-283.555	-773.528	0
14030	-282.18	-773.235	0
14040	-280.954	-772.787	0
14050	-280.528	-771.617	0
14060	-280.126	-770.531	0
14070	-279.751	-769.538	0
14080	-279.402	-768.632	0
14090	-279.074	-767.794	0
14100	-278.762	-767.007	0
14110	-278.431	-766.167	0
14120	-278.061	-765.214	0
14130	-277.671	-764.195	0
14140	-277.266	-763.129	0
14150	-276.828	-761.973	0
14160	-276.358	-760.73	0
14170	-275.858	-759.407	0
14180	-275.332	-758.018	0
14190	-274.785	-756.578	0
14200	-274.22	-755.097	0
14210	-273.644	-753.59	0
14220	-273.062	-752.072	0
14230	-272.483	-750.564	0
14240	-271.918	-749.101	0
14250	-271.388	-747.73	0
14260	-270.91	-746.495	0
14270	-270.498	-745.428	0
14280	-270.159	-744.55	0
14290	-269.899	-743.871	0
14300	-269.721	-743.398	0
14310	-269.629	-743.142	0
14320	-269.631	-743.124	0
14330	-269.731	-743.358	0
14340	-269.931	-743.851	0
14350	-270.231	-744.603	0
14360	-270.626	-745.602	0
14370	-271.113	-746.839	0
14380	-271.686	-748.301	0
14390	-272.339	-749.974	0
14400	-273.066	-751.841	0
14410	-273.86	-753.885	0
14420	-274.711	-756.083	0
14430	-275.612	-758.416	0
14440	-276.555	-760.869	0
14450	-277.529	-763.414	0
14460	-278.515	-766.004	0
14470	-279.507	-768.626	0
14480	-280.504	-771.284	0
14490	-281.502	-773.971	0
14500	-282.496	-776.675	0
14510	-283.488	-779.402	0
14520	-284.465	-782.114	0
14530	-285.392	-784.717	0
14540	-286.243	-787.134	0
14550	-287.061	-789.448	0
14560	-287.868	-791.695	0
14570	-288.643	-793.807	0
14580	-289.35	-795.685	0
14590	-289.951	-797.212	0
14600	-290.408	-798.284	0
14610	-290.693	-798.823	0
14620	-290.79	-798.788	0
14630	-290.699	-798.184	0
14640	-290.437	-797.063	0
14650	-290.035	-795.532	0
14660	-289.544	-793.738	0
14670	-289.023	-791.862	0
14680	-288.538	-790.109	0
14690	-288.16	-788.693	0
14700	-287.969	-787.854	0
14710	-288.049	-787.833	0
14720	-288.448	-788.778	0
14730	-289.196	-790.782	0
14740	-290.304	-793.877	0
14750	-291.758	-798.026	0
14760	-293.526	-803.134	0
14770	-295.553	-809.037	0
14780	-297.668	-815.294	0
14790	-299.75	-821.57	0
14800	-301.738	-827.658	0
14810	-303.578	-833.366	0
14820	-305.21	-838.461	0
14830	-306.554	-842.679	0
14840	-307.55	-845.845	0
14850	-308.146	-847.82	0
14860	-308.294	-848.474	0
14870	-308.007	-847.839	0
14880	-307.467	-846.465	0
14890	-306.753	-844.595	0
14900	-305.995	-842.278	0
14910	-305.252	-839.498	0
14920	-304.446	-836.332	0
14930	-303.556	-832.833	0
14940	-302.625	-829.157	0
14950	-301.684	-825.446	0
14960	-300.766	-821.812	0
14970	-299.894	-818.357	0
14980	-299.087	-815.174	0
14990	-298.367	-812.351	0
15000	-297.749	-809.968	0
15010	-297.242	-808.097	0
15020	-296.84	-806.768	0
15030	-296.525	-805.834	0
15040	-296.297	-805.296	0
15050	-296.151	-805.161	0
15060	-296.027	-805.219	0
15070	-295.874	-805.266	0
15080	-295.693	-805.302	0
15090	-295.488	-805.334	0
15100	-295.267	-805.361	0
15110	-295.03	-805.381	0
15120	-294.794	-805.402	0
15130	-294.571	-805.416	0
15140	-294.363	-805.432	0
15150	-294.186	-805.448	0
15160	-294.051	-805.467	0
15170	-293.965	-805.493	0
15180	-293.932	-805.526	0
15190	-293.935	-805.568	0
15200	-293.934	-805.626	0
15210	-293.937	-805.694	0
15220	-293.941	-805.767	0
15230	-293.946	-805.852	0
15240	-293.956	-805.939	0
15250	-293.967	-806.032	0
15260	-293.979	-806.128	0
15270	-293.987	-806.224	0
15280	-294.002	-806.321	0
15290	-294.008	-806.405	0
15300	-294.005	-806.479	0
15310	-294.005	-806.537	0
15320	-294.002	-806.587	0
15330	-294	-806.64	0
15340	-293.994	-806.688	0
15350	-293.99	-806.735	0
15360	-293.984	-806.781	0
15370	-293.977	-806.822	0
15380	-293.97	-806.865	0
15390	-293.965	-806.909	0
15400	-293.957	-806.951	0
15410	-293.949	-806.99	0
15420	-293.94	-807.029	0
15430	-293.935	-807.066	0
15440	-293.926	-807.1	0
15450	-293.919	-807.133	0
15460	-293.911	-807.165	0
15470	-293.904	-807.196	0
15480	-293.895	-807.225	0
15490	-293.885	-807.254	0
15500	-293.875	-807.28	0
15510	-293.865	-807.306	0
15520	-293.853	-807.33	0
15530	-293.839	-807.355	0
15540	-293.823	-807.375	0
15550	-293.807	-807.397	0
15560	-293.787	-807.417	0
15570	-293.767	-807.436	0
15580	-293.744	-807.453	0
15590	-293.719	-807.471	0
15600	-293.688	-807.487	0
15610	-293.654	-807.503	0
15620	-293.613	-807.517	0
15630	-293.566	-807.529	0
15640	-293.509	-807.54	0
15650	-293.446	-807.549	0
15660	-293.371	-807.556	0
15670	-293.286	-807.561	0
15680	-293.254	-807.497	0
15690	-293.222	-807.416	0
15700	-293.187	-807.323	0
15710	-293.147	-807.217	0
15720	-293.102	-807.1	0
15730	-293.054	-806.972	0
15740	-293.002	-806.835	0
15750	-292.948	-806.692	0
15760	-292.894	-806.55	0
15770	-292.841	-806.411	0
15780	-292.79	-806.278	0
15790	-292.74	-806.147	0
15800	-292.689	-806.018	0
15810	-292.639	-805.889	0
15820	-292.587	-805.758	0
15830	-292.534	-805.625	0
15840	-292.479	-805.487	0
15850	-292.422	-805.344	0
15860	-292.362	-805.195	0
15870	-292.299	-805.038	0
15880	-292.231	-804.871	0
15890	-292.158	-804.691	0
15900	-292.081	-804.504	0
15910	-291.999	-804.304	0
15920	-291.914	-804.099	0
15930	-291.828	-803.893	0
15940	-291.735	-803.665	0
15950	-291.642	-803.442	0
15960	-291.547	-803.212	0
15970	-291.45	-802.974	0
15980	-291.351	-802.729	0
15990	-291.246	-802.462	0
16000	-291.137	-802.184	0
16010	-291.025	-801.893	0
16020	-290.914	-801.606	0
16030	-290.805	-801.322	0
16040	-290.703	-801.053	0
16050	-290.608	-800.806	0
16060	-290.526	-800.588	0
16070	-290.456	-800.405	0
16080	-290.397	-800.251	0
16090	-290.353	-800.134	0
16100	-290.323	-800.054	0
16110	-290.311	-800.022	0
16120	-290.306	-800.007	0
16130	-290.299	-799.986	0
16140	-290.294	-799.968	0
16150	-290.288	-799.948	0
16160	-290.282	-799.932	0
16170	-290.278	-799.918	0
16180	-290.276	-799.912	0
16190	-290.275	-799.906	0
16200	-290.275	-799.903	0
16210	-290.277	-799.906	0
16220	-290.28	-799.914	0
16230	-290.285	-799.927	0
16240	-290.296	-799.957	0
16250	-290.316	-800.01	0
16260	-290.346	-800.086	0
16270	-290.384	-800.182	0
16280	-290.429	-800.298	0
16290	-290.482	-800.432	0
16300	-290.541	-800.582	0
16310	-290.604	-800.743	0
16320	-290.671	-800.911	0
16330	-290.736	-801.078	0
16340	-290.799	-801.238	0
16350	-290.862	-801.399	0
16360	-290.924	-801.559	0
16370	-290.982	-801.708	0
16380	-291.032	-801.838	0
16390	-291.072	-801.943	0
16400	-291.105	-802.027	0
16410	-291.127	-802.083	0
16420	-291.136	-802.103	0
16430	-291.135	-802.099	0
16440	-291.134	-802.094	0
16450	-291.138	-802.098	0
16460	-291.133	-802.086	0
16470	-291.131	-802.076	0
16480	-291.124	-802.059	0
16490	-291.119	-802.041	0
16500	-291.114	-802.026	0
16510	-291.11	-802.013	0
16520	-291.108	-802.006	0
16530	-291.119	-802.038	0
16540	-291.144	-802.113	0
16550	-291.181	-802.219	0
16560	-291.22	-802.332	0
16570	-291.253	-802.428	0
16580	-291.275	-802.492	0
16590	-291.292	-802.539	0
16600	-291.3	-802.564	0
16610	-291.301	-802.566	0
16620	-291.302	-802.565	0
16630	-291.304	-802.572	0
16640	-291.304	-802.569	0
16650	-291.303	-802.567	0
16660	-291.303	-802.566	0
16670	-291.303	-802.567	0
16680	-291.307	-802.575	0
16690	-291.305	-802.572	0
16700	-291.303	-802.565	0
16710	-291.3	-802.558	0
16720	-291.298	-802.551	0
16730	-291.295	-802.543	0
16740	-291.293	-802.537	0
16750	-291.293	-802.537	0
16760	-291.293	-802.535	0
16770	-291.295	-802.541	0
16780	-291.293	-802.533	0
16790	-291.293	-802.531	0
16800	-291.291	-802.525	0
16810	-291.292	-802.527	0
16820	-291.292	-802.527	0
16830	-291.291	-802.525	0
16840	-291.293	-802.526	0
16850	-291.292	-802.523	0
16860	-291.294	-802.527	0
16870	-291.292	-802.522	0
16880	-291.29	-802.517	0
16890	-291.288	-802.513	0
16900	-291.285	-802.507	0
16910	-291.284	-802.503	0
16920	-291.283	-802.5	0
16930	-291.283	-802.498	0
16940	-291.286	-802.505	0
16950	-291.282	-802.495	0
16960	-291.277	-802.483	0
16970	-291.273	-802.471	0
16980	-291.269	-802.462	0
16990	-291.267	-802.455	0
17000	-291.264	-802.447	0
17010	-291.26	-802.438	0
17020	-291.254	-802.42	0
17030	-291.252	-802.415	0
17040	-291.255	-802.42	0
17050	-291.254	-802.417	0
17060	-291.248	-802.401	0
17070	-291.242	-802.382	0
17080	-291.237	-802.369	0
17090	-291.235	-802.364	0
17100	-291.239	-802.371	0
17110	-291.238	-802.371	0
17120	-291.239	-802.373	0
17130	-291.236	-802.365	0
17140	-291.231	-802.35	0
17150	-291.224	-802.331	0
17160	-291.224	-802.33	0
17170	-291.222	-802.325	0
17180	-291.213	-802.304	0
17190	-291.209	-802.289	0
17200	-291.201	-802.272	0
17210	-291.195	-802.254	0
17220	-291.187	-802.235	0
17230	-291.177	-802.21	0
17240	-291.165	-802.18	0
17250	-291.149	-802.141	0
17260	-291.13	-802.095	0
17270	-291.108	-802.042	0
17280	-291.081	-801.977	0
17290	-291.049	-801.901	0
17300	-291.011	-801.812	0
17310	-290.968	-801.71	0
17320	-290.919	-801.593	0
17330	-290.863	-801.46	0
17340	-290.802	-801.314	0
17350	-290.737	-801.157	0
17360	-290.668	-800.991	0
17370	-290.595	-800.816	0
17380	-290.52	-800.635	0
17390	-290.443	-800.449	0
17400	-290.365	-800.259	0
17410	-290.287	-800.069	0
17420	-290.21	-799.882	0
17430	-290.136	-799.7	0
17440	-290.067	-799.531	0
17450	-290.002	-799.371	0
17460	-289.947	-799.233	0
17470	-289.9	-799.116	0
17480	-289.862	-799.02	0
17490	-289.833	-798.948	0
17500	-289.817	-798.908	0
17510	-289.816	-798.904	0
17520	-289.832	-798.943	0
17530	-289.861	-799.013	0
17540	-289.9	-799.106	0
17550	-289.954	-799.237	0
17560	-290.019	-799.39	0
17570	-290.098	-799.577	0
17580	-290.193	-799.802	0
17590	-290.303	-800.067	0
17600	-290.424	-800.358	0
17610	-290.548	-800.658	0
17620	-290.671	-800.956	0
17630	-290.785	-801.233	0
17640	-290.888	-801.482	0
17650	-290.969	-801.677	0
17660	-291.038	-801.848	0
17670	-291.12	-802.049	0
17680	-291.218	-802.29	0
17690	-291.331	-802.567	0
17700	-291.454	-802.868	0
17710	-291.584	-803.189	0
17720	-291.714	-803.508	0
17730	-291.837	-803.816	0
17740	-291.953	-804.102	0
17750	-292.052	-804.347	0
17760	-292.127	-804.535	0
17770	-292.18	-804.669	0
17780	-292.205	-804.735	0
17790	-292.206	-804.742	0
17800	-292.189	-804.709	0
17810	-292.16	-804.642	0
17820	-292.123	-804.556	0
17830	-292.087	-804.471	0
17840	-292.065	-804.415	0
17850	-292.061	-804.402	0
17860	-292.061	-804.397	0
17870	-292.065	-804.408	0
17880	-292.077	-804.442	0
17890	-292.092	-804.486	0
17900	-292.12	-804.566	0
17910	-292.154	-804.666	0
17920	-292.191	-804.773	0
17930	-292.23	-804.889	0
17940	-292.268	-805	0
17950	-292.303	-805.106	0
17960	-292.339	-805.209	0
17970	-292.369	-805.3	0
17980	-292.4	-805.389	0
17990	-292.427	-805.466	0
18000	-292.447	-805.525	0
