0	0	0	0
100	0.000676049	0.000151016	-0.000785113
200	0.00174398	0.000529516	-0.00241436
300	0.00258322	0.000285216	-0.00419722
400	0.00324158	-0.000432052	-0.00595828
500	0.00391721	-0.00141411	-0.00777501
600	0.00472478	-0.00238433	-0.00967037
700	0.00573833	-0.0031063	-0.0114603
800	0.0068935	-0.00393671	-0.0131258
900	0.0079789	-0.0049992	-0.0148232
1000	0.00896901	-0.00595341	-0.0165955
1100	0.00999608	-0.00686004	-0.0183916
1200	0.0110963	-0.0076721	-0.0202158
1300	0.0122695	-0.00828161	-0.022105
1400	0.0135024	-0.00886163	-0.0239898
1500	0.0147376	-0.00951581	-0.0258482
1600	0.0159801	-0.010267	-0.0277704
1700	0.017277	-0.0111884	-0.0298585
1800	0.01868	-0.012231	-0.0321467
1900	0.0201942	-0.0132303	-0.0345373
2000	0.0217828	-0.0141603	-0.0369253
2100	0.023438	-0.015142	-0.0393557
2200	0.0251454	-0.0161954	-0.0418609
2300	0.0268989	-0.017266	-0.0444379
2400	0.0287045	-0.0183691	-0.0470769
2500	0.0305687	-0.0195142	-0.0497731
2600	0.0324836	-0.0206636	-0.052534
2700	0.0344422	-0.0218173	-0.055377
2800	0.0364475	-0.0229751	-0.0583187
2900	0.038506	-0.0241563	-0.0613677
3000	0.0406293	-0.0253683	-0.064516
3100	0.0428276	-0.0265689	-0.067739
3200	0.0451006	-0.027764	-0.0710068
3300	0.0474395	-0.0289966	-0.0743051
3400	0.0498276	-0.0302315	-0.0776641
3500	0.0522969	-0.0316233	-0.0810471
3600	0.0549029	-0.0336863	-0.0841539
3700	0.0574926	-0.0357801	-0.0870017
3800	0.0599529	-0.0370928	-0.0898788
3900	0.0625965	-0.0380673	-0.0928688
4000	0.0654956	-0.0392608	-0.095939
4100	0.0681596	-0.0408343	-0.0989914
4200	0.0704358	-0.0418475	-0.102126
4300	0.0726281	-0.0422168	-0.105356
4400	0.0751754	-0.0429149	-0.108608
4500	0.077577	-0.0441705	-0.111953
4600	0.0796729	-0.045543	-0.115422
4700	0.0816097	-0.0469237	-0.118888
4800	0.0835356	-0.0485131	-0.122424
4900	0.0856084	-0.0502713	-0.126304
5000	0.0878544	-0.0520374	-0.130318
5100	0.0903413	-0.053811	-0.134261
5200	0.0930464	-0.0552889	-0.138082
5300	0.0958122	-0.0565256	-0.141833
5400	0.0982886	-0.0578645	-0.145494
5500	0.100342	-0.0592671	-0.149075
5600	0.102201	-0.0606099	-0.152799
5700	0.104197	-0.0619175	-0.156816
5800	0.106429	-0.0632277	-0.160839
5900	0.108994	-0.0645413	-0.164744
6000	0.111815	-0.0658683	-0.168536
6100	0.114727	-0.0672465	-0.172327
6200	0.117529	-0.0686701	-0.176154
6300	0.120133	-0.0701663	-0.179905
6400	0.122624	-0.0716423	-0.183605
6500	0.125131	-0.0728711	-0.187369
6600	0.127728	-0.0740814	-0.191163
6700	0.130346	-0.0754198	-0.195014
6800	0.132932	-0.0767701	-0.198913
6900	0.135533	-0.0783683	-0.202635
7000	0.138137	-0.0799086	-0.206118
7100	0.140821	-0.0811863	-0.209425
7200	0.143703	-0.0825634	-0.212634
7300	0.146686	-0.0838967	-0.21594
7400	0.14969	-0.0850614	-0.219343
7500	0.152721	-0.0865481	-0.222692
7600	0.155655	-0.0881772	-0.226142
7700	0.158519	-0.0898199	-0.229727
7800	0.161352	-0.0913514	-0.233323
7900	0.164162	-0.0928133	-0.236866
8000	0.16697	-0.0943541	-0.240464
8100	0.169749	-0.0959017	-0.244109
8200	0.172425	-0.097649	-0.247431
8300	0.174878	-0.0990682	-0.250643
8400	0.177617	-0.100213	-0.2539
8500	0.180907	-0.101413	-0.25714
8600	0.184173	-0.102751	-0.260308
8700	0.18567	-0.103634	-0.263834
8800	0.186902	-0.103335	-0.266837
8900	0.188362	-0.102899	-0.268653
9000	0.189155	-0.103283	-0.269647
9100	0.189642	-0.103778	-0.27082
9200	0.191336	-0.104089	-0.272885
9300	0.193772	-0.104921	-0.275492
9400	0.195083	-0.106326	-0.278153
9500	0.196219	-0.107948	-0.279949
9600	0.197293	-0.108909	-0.281147
9700	0.198514	-0.109672	-0.282249
9800	0.200436	-0.11074	-0.283868
9900	0.202742	-0.111431	-0.286091
10000	0.205343	-0.111872	-0.288842
10100	0.208194	-0.112687	-0.292066
10200	0.211769	-0.113889	-0.295529
10300	0.215589	-0.115253	-0.298999
10400	0.218567	-0.116516	-0.302423
10500	0.219734	-0.117589	-0.305903
10600	0.220348	-0.119036	-0.308823
10700	0.221489	-0.121121	-0.311248
10800	0.222848	-0.123024	-0.313165
10900	0.224212	-0.124366	-0.314901
11000	0.225402	-0.125	-0.316627
11100	0.226397	-0.126388	-0.317813
11200	0.227202	-0.127632	-0.318633
11300	0.228021	-0.128256	-0.319634
11400	0.229173	-0.129727	-0.321201
11500	0.23042	-0.131192	-0.323626
11600	0.231339	-0.131752	-0.326608
11700	0.232073	-0.132134	-0.329594
11800	0.233215	-0.133795	-0.332399
11900	0.234114	-0.134906	-0.334949
12000	0.234563	-0.13416	-0.336961
12100	0.234788	-0.135218	-0.338271
12200	0.23504	-0.135793	-0.339289
12300	0.235573	-0.136124	-0.340052
12400	0.23595	-0.136623	-0.34065
12500	0.235938	-0.13736	-0.340895
12600	0.236065	-0.137719	-0.340828
12700	0.236166	-0.13747	-0.340629
12800	0.236121	-0.137605	-0.340682
12900	0.236201	-0.137919	-0.34109
13000	0.236416	-0.138216	-0.341498
13100	0.236611	-0.13844	-0.342092
13200	0.236772	-0.139098	-0.342456
13300	0.236889	-0.139326	-0.342188
13400	0.236963	-0.139169	-0.341971
13500	0.236991	-0.138777	-0.342329
13600	0.237046	-0.138427	-0.342991
13700	0.237384	-0.138375	-0.343617
13800	0.237844	-0.138387	-0.344109
13900	0.238164	-0.138528	-0.344415
14000	0.238219	-0.138884	-0.344712
14100	0.238329	-0.139047	-0.344921
14200	0.238437	-0.139402	-0.344973
14300	0.23852	-0.139827	-0.344934
14400	0.238533	-0.139952	-0.344901
14500	0.238518	-0.140044	-0.345001
14600	0.238575	-0.139977	-0.345218
14700	0.238662	-0.13998	-0.345456
14800	0.238758	-0.140343	-0.345643
14900	0.238899	-0.140416	-0.34586
15000	0.239051	-0.140394	-0.346267
15100	0.239203	-0.140983	-0.34676
15200	0.23937	-0.14122	-0.347137
15300	0.23962	-0.141233	-0.347679
15400	0.239864	-0.141325	-0.348403
15500	0.239959	-0.141364	-0.348891
15600	0.240008	-0.141411	-0.348919
15700	0.240053	-0.141567	-0.348862
15800	0.240071	-0.141748	-0.349
15900	0.240111	-0.141846	-0.349098
16000	0.240131	-0.141982	-0.348973
16100	0.240155	-0.142126	-0.348953
16200	0.240262	-0.142151	-0.349235
16300	0.240385	-0.142292	-0.349547
16400	0.240472	-0.142399	-0.349654
16500	0.240488	-0.142373	-0.349529
16600	0.240501	-0.14223	-0.349528
16700	0.240612	-0.14233	-0.349703
16800	0.240795	-0.142474	-0.349929
16900	0.240858	-0.14261	-0.350156
17000	0.240914	-0.142786	-0.35026
17100	0.240951	-0.142898	-0.350282
17200	0.240965	-0.142952	-0.350249
17300	0.240966	-0.142919	-0.350244
17400	0.240991	-0.142972	-0.350262
17500	0.241023	-0.143074	-0.350261
17600	0.24106	-0.143129	-0.350284
17700	0.24109	-0.143171	-0.350315
17800	0.241119	-0.143219	-0.350339
17900	0.241191	-0.143257	-0.350446
18000	0.241263	-0.143312	-0.350565
18100	0.241301	-0.143298	-0.350629
18200	0.241343	-0.143291	-0.350769
18300	0.241388	-0.143282	-0.350982
18400	0.241397	-0.143451	-0.351028
18500	0.241393	-0.143589	-0.350908
18600	0.241413	-0.14367	-0.35087
18700	0.241419	-0.143773	-0.350837
18800	0.241455	-0.143839	-0.350855
18900	0.241498	-0.143694	-0.350969
19000	0.24176	-0.143735	-0.351076
19100	0.242284	-0.144034	-0.351212
19200	0.242322	-0.143992	-0.351542
19300	0.242356	-0.1441	-0.351699
19400	0.242383	-0.144073	-0.351735
19500	0.242418	-0.144118	-0.351752
19600	0.242445	-0.144055	-0.351861
19700	0.242445	-0.144065	-0.351956
19800	0.242465	-0.144141	-0.352003
19900	0.242511	-0.14414	-0.35205
20000	0.242551	-0.144057	-0.352131
20100	0.242578	-0.144079	-0.352176
20200	0.242571	-0.144078	-0.352168
20300	0.242543	-0.144057	-0.352137
20400	0.24254	-0.144095	-0.352118
20500	0.242561	-0.144146	-0.352158
20600	0.242603	-0.144237	-0.352203
20700	0.242674	-0.1443	-0.352287
20800	0.242712	-0.144377	-0.352314
20900	0.242697	-0.144337	-0.352303
21000	0.242665	-0.144234	-0.352317
21100	0.242643	-0.14418	-0.352333
21200	0.242653	-0.14423	-0.352347
21300	0.242679	-0.144248	-0.352394
21400	0.242718	-0.144306	-0.352466
21500	0.242764	-0.144437	-0.352496
21600	0.242783	-0.144437	-0.352485
21700	0.242776	-0.144424	-0.352416
21800	0.242773	-0.144409	-0.352365
21900	0.242778	-0.144423	-0.35237
22000	0.242783	-0.144443	-0.352407
22100	0.242786	-0.14442	-0.352438
22200	0.242785	-0.144434	-0.35245
22300	0.24279	-0.144436	-0.352476
22400	0.242817	-0.144427	-0.352538
22500	0.242859	-0.144429	-0.352618
22600	0.242896	-0.144372	-0.352676
22700	0.242912	-0.144234	-0.352613
22800	0.242807	-0.144036	-0.352509
22900	0.24271	-0.143798	-0.352309
23000	0.242682	-0.143755	-0.352203
23100	0.242669	-0.143803	-0.352239
23200	0.242665	-0.143922	-0.352241
23300	0.24265	-0.143949	-0.352204
23400	0.242718	-0.143918	-0.352151
23500	0.242874	-0.14387	-0.352117
23600	0.242951	-0.143847	-0.35216
23700	0.24299	-0.1439	-0.352135
23800	0.242999	-0.143909	-0.352103
23900	0.243	-0.143909	-0.352101
24000	0.242995	-0.143903	-0.35212
24100	0.242991	-0.143895	-0.352126
24200	0.242975	-0.143882	-0.352098
24300	0.242957	-0.143857	-0.35207
24400	0.242959	-0.143869	-0.352088
24500	0.242977	-0.143869	-0.352121
24600	0.242984	-0.143838	-0.352148
24700	0.243053	-0.143853	-0.352106
24800	0.243058	-0.143876	-0.352092
24900	0.243052	-0.14384	-0.352096
25000	0.243033	-0.143799	-0.352089
25100	0.243049	-0.143776	-0.352102
25200	0.243149	-0.143792	-0.352061
25300	0.243135	-0.143785	-0.352064
25400	0.243109	-0.143758	-0.352079
25500	0.243068	-0.143714	-0.352029
25600	0.243055	-0.143672	-0.352018
25700	0.243061	-0.143615	-0.352055
25800	0.243146	-0.143566	-0.352066
25900	0.24323	-0.143536	-0.352092
26000	0.243197	-0.143567	-0.352094
26100	0.243193	-0.143606	-0.352013
26200	0.243205	-0.14363	-0.351963
26300	0.243214	-0.143672	-0.351978
26400	0.243226	-0.143672	-0.352016
26500	0.243227	-0.143628	-0.352063
26600	0.243218	-0.143606	-0.352077
26700	0.243211	-0.143591	-0.352071
26800	0.243212	-0.143619	-0.352067
26900	0.24322	-0.143679	-0.352054
27000	0.243211	-0.143708	-0.352032
27100	0.243204	-0.143601	-0.352015
27200	0.243217	-0.143639	-0.352051
27300	0.243211	-0.14361	-0.352058
27400	0.243211	-0.143606	-0.352086
27500	0.243233	-0.14361	-0.352093
27600	0.243244	-0.143604	-0.352097
27700	0.243244	-0.143697	-0.352112
27800	0.243252	-0.143711	-0.352132
27900	0.243263	-0.143693	-0.352193
28000	0.243253	-0.14367	-0.352203
28100	0.24324	-0.14367	-0.352169
28200	0.243247	-0.143669	-0.352184
28300	0.243253	-0.143667	-0.352198
28400	0.243249	-0.143656	-0.352196
28500	0.243239	-0.143656	-0.352181
28600	0.243241	-0.143683	-0.352171
28700	0.243238	-0.143675	-0.352163
28800	0.243236	-0.143661	-0.352163
28900	0.243236	-0.143646	-0.352164
29000	0.243235	-0.143624	-0.352167
29100	0.243233	-0.143613	-0.35217
29200	0.243229	-0.143602	-0.352168
29300	0.243229	-0.143608	-0.352167
29400	0.243231	-0.143618	-0.352165
29500	0.243229	-0.143609	-0.352165
29600	0.243226	-0.143602	-0.35217
29700	0.243224	-0.143592	-0.35217
29800	0.243221	-0.143574	-0.352173
29900	0.243226	-0.143586	-0.35218
30000	0.243235	-0.143611	-0.352194
30100	0.243242	-0.14364	-0.352192
30200	0.243245	-0.143667	-0.352182
30300	0.243245	-0.143667	-0.352181
30400	0.243245	-0.143659	-0.352185
30500	0.243245	-0.14365	-0.35219
30600	0.243246	-0.143653	-0.35219
30700	0.243245	-0.143636	-0.352195
30800	0.243246	-0.143625	-0.352204
30900	0.243249	-0.14362	-0.352213
31000	0.243255	-0.143627	-0.352227
31100	0.243262	-0.143654	-0.35224
31200	0.243256	-0.143652	-0.352232
31300	0.243248	-0.143621	-0.352227
31400	0.243247	-0.143594	-0.352243
31500	0.243252	-0.143616	-0.352258
31600	0.243256	-0.143645	-0.352259
31700	0.243256	-0.143644	-0.352259
31800	0.243257	-0.143644	-0.35226
31900	0.243261	-0.143652	-0.352266
32000	0.243261	-0.143651	-0.352268
32100	0.243259	-0.143642	-0.352267
32200	0.243259	-0.14364	-0.352266
32300	0.24326	-0.143642	-0.352266
32400	0.243263	-0.143657	-0.352265
32500	0.243263	-0.143657	-0.352265
32600	0.243263	-0.143657	-0.352264
32700	0.243262	-0.143658	-0.352262
32800	0.243262	-0.143658	-0.352262
32900	0.243262	-0.143658	-0.352261
33000	0.243262	-0.143658	-0.352261
33100	0.243262	-0.143658	-0.35226
33200	0.243262	-0.143658	-0.352259
33300	0.243262	-0.143657	-0.352259
33400	0.243262	-0.143657	-0.352259
33500	0.243262	-0.143657	-0.352259
33600	0.243262	-0.143657	-0.352259
33700	0.243262	-0.143657	-0.352259
33800	0.243263	-0.143657	-0.352258
33900	0.243262	-0.143657	-0.352256
34000	0.243262	-0.143658	-0.352253
34100	0.243262	-0.143658	-0.352253
34200	0.243262	-0.143658	-0.352252
34300	0.243262	-0.143658	-0.352252
34400	0.243262	-0.143658	-0.352252
34500	0.243262	-0.143658	-0.352252
34600	0.243262	-0.143658	-0.352252
34700	0.243262	-0.143658	-0.352251
34800	0.243262	-0.143658	-0.352251
34900	0.243262	-0.143658	-0.352251
35000	0.243263	-0.143658	-0.352251
35100	0.243263	-0.143658	-0.352251
35200	0.243263	-0.143657	-0.352251
35300	0.243263	-0.143657	-0.352251
35400	0.243263	-0.143657	-0.352251
35500	0.243263	-0.143657	-0.352251
35600	0.243263	-0.143657	-0.352251
35700	0.243263	-0.143657	-0.352251
35800	0.243263	-0.143657	-0.35225
35900	0.243263	-0.143656	-0.35225
36000	0.243263	-0.143656	-0.35225
36100	0.243263	-0.143656	-0.35225
36200	0.243263	-0.143656	-0.35225
36300	0.243263	-0.143656	-0.35225
36400	0.243263	-0.143656	-0.35225
36500	0.243262	-0.143655	-0.35225
36600	0.243262	-0.143655	-0.35225
36700	0.243262	-0.143655	-0.352249
36800	0.243262	-0.143655	-0.352249
36900	0.243262	-0.143655	-0.352249
37000	0.243262	-0.143654	-0.352249
37100	0.243262	-0.143654	-0.352249
37200	0.243262	-0.143654	-0.352249
37300	0.243262	-0.143654	-0.352249
37400	0.243262	-0.143654	-0.352249
37500	0.243262	-0.143654	-0.352249
37600	0.243262	-0.143654	-0.352249
37700	0.243262	-0.143653	-0.352249
37800	0.243262	-0.143653	-0.352248
37900	0.243262	-0.143653	-0.352248
38000	0.243262	-0.143653	-0.352248
38100	0.243262	-0.143653	-0.352248
38200	0.243262	-0.143653	-0.352248
38300	0.243262	-0.143653	-0.352248
38400	0.243262	-0.143653	-0.352248
38500	0.243262	-0.143653	-0.352248
38600	0.243262	-0.143653	-0.352248
38700	0.243262	-0.143653	-0.352248
38800	0.243262	-0.143653	-0.352247
38900	0.243262	-0.143653	-0.352247
39000	0.243262	-0.143653	-0.352247
39100	0.243262	-0.143653	-0.352247
39200	0.243262	-0.143653	-0.352247
39300	0.243262	-0.143653	-0.352247
39400	0.243262	-0.143653	-0.352246
39500	0.243262	-0.143653	-0.352246
39600	0.243262	-0.143653	-0.352246
39700	0.243262	-0.143653	-0.352246
39800	0.243262	-0.143653	-0.352246
39900	0.243262	-0.143653	-0.352246
40000	0.243262	-0.143653	-0.352246
40100	0.243262	-0.143653	-0.352245
40200	0.243262	-0.143653	-0.352245
40300	0.243262	-0.143653	-0.352245
40400	0.243262	-0.143653	-0.352245
40500	0.243262	-0.143653	-0.352245
40600	0.243262	-0.143653	-0.352245
40700	0.243262	-0.143653	-0.352245
40800	0.243262	-0.143653	-0.352245
40900	0.243262	-0.143653	-0.352245
41000	0.243262	-0.143653	-0.352245
41100	0.243262	-0.143653	-0.352245
41200	0.243262	-0.143653	-0.352245
41300	0.243262	-0.143653	-0.352245
41400	0.243262	-0.143653	-0.352245
41500	0.243262	-0.143653	-0.352245
41600	0.243262	-0.143654	-0.352245
41700	0.243262	-0.143654	-0.352245
41800	0.243262	-0.143654	-0.352245
41900	0.243262	-0.143654	-0.352244
42000	0.243262	-0.143654	-0.352245
42100	0.243262	-0.143654	-0.352244
42200	0.243262	-0.143654	-0.352244
42300	0.243262	-0.143654	-0.352244
42400	0.243262	-0.143654	-0.352244
42500	0.243262	-0.143654	-0.352244
42600	0.243262	-0.143654	-0.352244
42700	0.243262	-0.143654	-0.352244
42800	0.243262	-0.143654	-0.352244
42900	0.243262	-0.143654	-0.352244
43000	0.243262	-0.143654	-0.352244
43100	0.243262	-0.143654	-0.352244
43200	0.243262	-0.143654	-0.352244
43300	0.243262	-0.143654	-0.352245
43400	0.243262	-0.143654	-0.352245
43500	0.243262	-0.143654	-0.352245
43600	0.243262	-0.143654	-0.352245
43700	0.243262	-0.143654	-0.352245
43800	0.243262	-0.143654	-0.352245
43900	0.243262	-0.143654	-0.352245
44000	0.243262	-0.143654	-0.352245
44100	0.243262	-0.143654	-0.352245
44200	0.243262	-0.143654	-0.352245
44300	0.243262	-0.143654	-0.352245
44400	0.243262	-0.143654	-0.352245
44500	0.243262	-0.143654	-0.352245
44600	0.243262	-0.143654	-0.352245
44700	0.243262	-0.143654	-0.352245
44800	0.243262	-0.143654	-0.352245
44900	0.243262	-0.143654	-0.352245
45000	0.243262	-0.143654	-0.352245
45100	0.243262	-0.143654	-0.352245
45200	0.243262	-0.143654	-0.352245
45300	0.243262	-0.143654	-0.352245
45400	0.243262	-0.143653	-0.352245
45500	0.243262	-0.143653	-0.352245
45600	0.243262	-0.143653	-0.352245
45700	0.243262	-0.143653	-0.352245
45800	0.243262	-0.143653	-0.352245
45900	0.243262	-0.143653	-0.352245
46000	0.243262	-0.143653	-0.352245
46100	0.243262	-0.143653	-0.352245
46200	0.243262	-0.143653	-0.352245
46300	0.243262	-0.143653	-0.352245
46400	0.243262	-0.143653	-0.352245
46500	0.243262	-0.143653	-0.352245
46600	0.243262	-0.143653	-0.352245
46700	0.243262	-0.143653	-0.352245
46800	0.243262	-0.143653	-0.352245
46900	0.243262	-0.143653	-0.352245
47000	0.243262	-0.143653	-0.352245
47100	0.243262	-0.143653	-0.352245
47200	0.243262	-0.143653	-0.352245
47300	0.243262	-0.143653	-0.352245
47400	0.243262	-0.143653	-0.352245
47500	0.243262	-0.143653	-0.352245
47600	0.243262	-0.143653	-0.352245
47700	0.243262	-0.143653	-0.352245
47800	0.243262	-0.143653	-0.352245
47900	0.243262	-0.143653	-0.352245
48000	0.243262	-0.143653	-0.352245
48100	0.243262	-0.143652	-0.352245
48200	0.243262	-0.143652	-0.352245
48300	0.243262	-0.143652	-0.352245
48400	0.243262	-0.143652	-0.352245
48500	0.243262	-0.143652	-0.352245
48600	0.243262	-0.143652	-0.352245
48700	0.243262	-0.143652	-0.352245
48800	0.243262	-0.143652	-0.352245
48900	0.243262	-0.143652	-0.352245
49000	0.243262	-0.143652	-0.352245
49100	0.243262	-0.143652	-0.352245
49200	0.243262	-0.143652	-0.352245
49300	0.243262	-0.143652	-0.352245
49400	0.243262	-0.143652	-0.352245
49500	0.243262	-0.143652	-0.352245
49600	0.243262	-0.143652	-0.352245
49700	0.243262	-0.143652	-0.352245
49800	0.243262	-0.143652	-0.352245
49900	0.243262	-0.143652	-0.352245
50000	0.243262	-0.143652	-0.352245
