800
0	-889.9667587	-1677.51	-889.9667587	0	0	0
1	-889.9667587	-1677.51	-889.9667587	0	0	0
2	-889.9667587	-1677.51	-889.9667587	0	0	0
3	-889.9667587	-1677.51	-889.9667587	0	0	0
4	-889.9667587	-1677.51	-889.9667587	0	0	0
5	-889.9667587	-1677.51	-889.9667587	0	0	0
6	-889.9667587	-1677.51	-889.9667587	0	0	0
7	-889.9667587	-1677.51	-889.9667587	0	0	0
8	-889.9667587	-1677.51	-889.9667587	0	0	0
9	-889.9667587	-1677.51	-889.9667587	0	0	0
10	-889.9667587	-1677.51	-889.9667587	0	0	0
11	-889.9667587	-1677.51	-889.9667587	0	0	0
12	-889.9667587	-1677.51	-889.9667587	0	0	0
13	-889.9667587	-1677.51	-889.9667587	0	0	0
14	-889.9667587	-1677.51	-889.9667587	0	0	0
15	-889.9667587	-1677.51	-889.9667587	0	0	0
16	-889.9667587	-1677.51	-889.9667587	0	0	0
17	-889.9667587	-1677.51	-889.9667587	0	0	0
18	-889.9667587	-1677.51	-889.9667587	0	0	0
19	-889.9667587	-1677.51	-889.9667587	0	0	0
20	-889.9667587	-1677.51	-889.9667587	0	0	0
21	-889.9667587	-1677.51	-889.9667587	0	0	0
22	-889.9667587	-1677.51	-889.9667587	0	0	0
23	-889.9667587	-1677.51	-889.9667587	0	0	0
24	-889.9667587	-1677.51	-889.9667587	0	0	0
25	-889.9667587	-1677.51	-889.9667587	0	0	0
26	-889.9667587	-1677.51	-889.9667587	0	0	0
27	-889.9667587	-1677.51	-889.9667587	0	0	0
28	-889.9667587	-1677.51	-889.9667587	0	0	0
29	-889.9667587	-1677.51	-889.9667587	0	0	0
30	-889.9667587	-1677.51	-889.9667587	0	0	0
31	-889.9667587	-1677.51	-889.9667587	0	0	0
32	-889.9667587	-1677.51	-889.9667587	0	0	0
33	-889.9667587	-1677.51	-889.9667587	0	0	0
34	-889.9667587	-1677.51	-889.9667587	0	0	0
35	-889.9667587	-1677.51	-889.9667587	0	0	0
36	-889.9667587	-1677.51	-889.9667587	0	0	0
37	-889.9667587	-1677.51	-889.9667587	0	0	0
38	-889.9667587	-1677.51	-889.9667587	0	0	0
39	-889.9667587	-1677.51	-889.9667587	0	0	0
40	-843.126403	-1589.22	-843.126403	0	0	0
41	-843.126403	-1589.22	-843.126403	0	0	0
42	-843.126403	-1589.22	-843.126403	0	0	0
43	-843.126403	-1589.22	-843.126403	0	0	0
44	-843.126403	-1589.22	-843.126403	0	0	0
45	-843.126403	-1589.22	-843.126403	0	0	0
46	-843.126403	-1589.22	-843.126403	0	0	0
47	-843.126403	-1589.22	-843.126403	0	0	0
48	-843.126403	-1589.22	-843.126403	0	0	0
49	-843.126403	-1589.22	-843.126403	0	0	0
50	-843.126403	-1589.22	-843.126403	0	0	0
51	-843.126403	-1589.22	-843.126403	0	0	0
52	-843.126403	-1589.22	-843.126403	0	0	0
53	-843.126403	-1589.22	-843.126403	0	0	0
54	-843.126403	-1589.22	-843.126403	0	0	0
55	-843.126403	-1589.22	-843.126403	0	0	0
56	-843.126403	-1589.22	-843.126403	0	0	0
57	-843.126403	-1589.22	-843.126403	0	0	0
58	-843.126403	-1589.22	-843.126403	0	0	0
59	-843.126403	-1589.22	-843.126403	0	0	0
60	-843.126403	-1589.22	-843.126403	0	0	0
61	-843.126403	-1589.22	-843.126403	0	0	0
62	-843.126403	-1589.22	-843.126403	0	0	0
63	-843.126403	-1589.22	-843.126403	0	0	0
64	-843.126403	-1589.22	-843.126403	0	0	0
65	-843.126403	-1589.22	-843.126403	0	0	0
66	-843.126403	-1589.22	-843.126403	0	0	0
67	-843.126403	-1589.22	-843.126403	0	0	0
68	-843.126403	-1589.22	-843.126403	0	0	0
69	-843.126403	-1589.22	-843.126403	0	0	0
70	-843.126403	-1589.22	-843.126403	0	0	0
71	-843.126403	-1589.22	-843.126403	0	0	0
72	-843.126403	-1589.22	-843.126403	0	0	0
73	-843.126403	-1589.22	-843.126403	0	0	0
74	-843.126403	-1589.22	-843.126403	0	0	0
75	-843.126403	-1589.22	-843.126403	0	0	0
76	-843.126403	-1589.22	-843.126403	0	0	0
77	-843.126403	-1589.22	-843.126403	0	0	0
78	-843.126403	-1589.22	-843.126403	0	0	0
79	-843.126403	-1589.22	-843.126403	0	0	0
80	-796.2860473	-1500.93	-796.2860473	0	0	0
81	-796.2860473	-1500.93	-796.2860473	0	0	0
82	-796.2860473	-1500.93	-796.2860473	0	0	0
83	-796.2860473	-1500.93	-796.2860473	0	0	0
84	-796.2860473	-1500.93	-796.2860473	0	0	0
85	-796.2860473	-1500.93	-796.2860473	0	0	0
86	-796.2860473	-1500.93	-796.2860473	0	0	0
87	-796.2860473	-1500.93	-796.2860473	0	0	0
88	-796.2860473	-1500.93	-796.2860473	0	0	0
89	-796.2860473	-1500.93	-796.2860473	0	0	0
90	-796.2860473	-1500.93	-796.2860473	0	0	0
91	-796.2860473	-1500.93	-796.2860473	0	0	0
92	-796.2860473	-1500.93	-796.2860473	0	0	0
93	-796.2860473	-1500.93	-796.2860473	0	0	0
94	-796.2860473	-1500.93	-796.2860473	0	0	0
95	-796.2860473	-1500.93	-796.2860473	0	0	0
96	-796.2860473	-1500.93	-796.2860473	0	0	0
97	-796.2860473	-1500.93	-796.2860473	0	0	0
98	-796.2860473	-1500.93	-796.2860473	0	0	0
99	-796.2860473	-1500.93	-796.2860473	0	0	0
100	-796.2860473	-1500.93	-796.2860473	0	0	0
101	-796.2860473	-1500.93	-796.2860473	0	0	0
102	-796.2860473	-1500.93	-796.2860473	0	0	0
103	-796.2860473	-1500.93	-796.2860473	0	0	0
104	-796.2860473	-1500.93	-796.2860473	0	0	0
105	-796.2860473	-1500.93	-796.2860473	0	0	0
106	-796.2860473	-1500.93	-796.2860473	0	0	0
107	-796.2860473	-1500.93	-796.2860473	0	0	0
108	-796.2860473	-1500.93	-796.2860473	0	0	0
109	-796.2860473	-1500.93	-796.2860473	0	0	0
110	-796.2860473	-1500.93	-796.2860473	0	0	0
111	-796.2860473	-1500.93	-796.2860473	0	0	0
112	-796.2860473	-1500.93	-796.2860473	0	0	0
113	-796.2860473	-1500.93	-796.2860473	0	0	0
114	-796.2860473	-1500.93	-796.2860473	0	0	0
115	-796.2860473	-1500.93	-796.2860473	0	0	0
116	-796.2860473	-1500.93	-796.2860473	0	0	0
117	-796.2860473	-1500.93	-796.2860473	0	0	0
118	-796.2860473	-1500.93	-796.2860473	0	0	0
119	-796.2860473	-1500.93	-796.2860473	0	0	0
120	-749.4456915	-1412.64	-749.4456915	0	0	0
121	-749.4456915	-1412.64	-749.4456915	0	0	0
122	-749.4456915	-1412.64	-749.4456915	0	0	0
123	-749.4456915	-1412.64	-749.4456915	0	0	0
124	-749.4456915	-1412.64	-749.4456915	0	0	0
125	-749.4456915	-1412.64	-749.4456915	0	0	0
126	-749.4456915	-1412.64	-749.4456915	0	0	0
127	-749.4456915	-1412.64	-749.4456915	0	0	0
128	-749.4456915	-1412.64	-749.4456915	0	0	0
129	-749.4456915	-1412.64	-749.4456915	0	0	0
130	-749.4456915	-1412.64	-749.4456915	0	0	0
131	-749.4456915	-1412.64	-749.4456915	0	0	0
132	-749.4456915	-1412.64	-749.4456915	0	0	0
133	-749.4456915	-1412.64	-749.4456915	0	0	0
134	-749.4456915	-1412.64	-749.4456915	0	0	0
135	-749.4456915	-1412.64	-749.4456915	0	0	0
136	-749.4456915	-1412.64	-749.4456915	0	0	0
137	-749.4456915	-1412.64	-749.4456915	0	0	0
138	-749.4456915	-1412.64	-749.4456915	0	0	0
139	-749.4456915	-1412.64	-749.4456915	0	0	0
140	-749.4456915	-1412.64	-749.4456915	0	0	0
141	-749.4456915	-1412.64	-749.4456915	0	0	0
142	-749.4456915	-1412.64	-749.4456915	0	0	0
143	-749.4456915	-1412.64	-749.4456915	0	0	0
144	-749.4456915	-1412.64	-749.4456915	0	0	0
145	-749.4456915	-1412.64	-749.4456915	0	0	0
146	-749.4456915	-1412.64	-749.4456915	0	0	0
147	-749.4456915	-1412.64	-749.4456915	0	0	0
148	-749.4456915	-1412.64	-749.4456915	0	0	0
149	-749.4456915	-1412.64	-749.4456915	0	0	0
150	-749.4456915	-1412.64	-749.4456915	0	0	0
151	-749.4456915	-1412.64	-749.4456915	0	0	0
152	-749.4456915	-1412.64	-749.4456915	0	0	0
153	-749.4456915	-1412.64	-749.4456915	0	0	0
154	-749.4456915	-1412.64	-749.4456915	0	0	0
155	-749.4456915	-1412.64	-749.4456915	0	0	0
156	-749.4456915	-1412.64	-749.4456915	0	0	0
157	-749.4456915	-1412.64	-749.4456915	0	0	0
158	-749.4456915	-1412.64	-749.4456915	0	0	0
159	-749.4456915	-1412.64	-749.4456915	0	0	0
160	-702.6053358	-1324.35	-702.6053358	0	0	0
161	-702.6053358	-1324.35	-702.6053358	0	0	0
162	-702.6053358	-1324.35	-702.6053358	0	0	0
163	-702.6053358	-1324.35	-702.6053358	0	0	0
164	-702.6053358	-1324.35	-702.6053358	0	0	0
165	-702.6053358	-1324.35	-702.6053358	0	0	0
166	-702.6053358	-1324.35	-702.6053358	0	0	0
167	-702.6053358	-1324.35	-702.6053358	0	0	0
168	-702.6053358	-1324.35	-702.6053358	0	0	0
169	-702.6053358	-1324.35	-702.6053358	0	0	0
170	-702.6053358	-1324.35	-702.6053358	0	0	0
171	-702.6053358	-1324.35	-702.6053358	0	0	0
172	-702.6053358	-1324.35	-702.6053358	0	0	0
173	-702.6053358	-1324.35	-702.6053358	0	0	0
174	-702.6053358	-1324.35	-702.6053358	0	0	0
175	-702.6053358	-1324.35	-702.6053358	0	0	0
176	-702.6053358	-1324.35	-702.6053358	0	0	0
177	-702.6053358	-1324.35	-702.6053358	0	0	0
178	-702.6053358	-1324.35	-702.6053358	0	0	0
179	-702.6053358	-1324.35	-702.6053358	0	0	0
180	-702.6053358	-1324.35	-702.6053358	0	0	0
181	-702.6053358	-1324.35	-702.6053358	0	0	0
182	-702.6053358	-1324.35	-702.6053358	0	0	0
183	-702.6053358	-1324.35	-702.6053358	0	0	0
184	-702.6053358	-1324.35	-702.6053358	0	0	0
185	-702.6053358	-1324.35	-702.6053358	0	0	0
186	-702.6053358	-1324.35	-702.6053358	0	0	0
187	-702.6053358	-1324.35	-702.6053358	0	0	0
188	-702.6053358	-1324.35	-702.6053358	0	0	0
189	-702.6053358	-1324.35	-702.6053358	0	0	0
190	-702.6053358	-1324.35	-702.6053358	0	0	0
191	-702.6053358	-1324.35	-702.6053358	0	0	0
192	-702.6053358	-1324.35	-702.6053358	0	0	0
193	-702.6053358	-1324.35	-702.6053358	0	0	0
194	-702.6053358	-1324.35	-702.6053358	0	0	0
195	-702.6053358	-1324.35	-702.6053358	0	0	0
196	-702.6053358	-1324.35	-702.6053358	0	0	0
197	-702.6053358	-1324.35	-702.6053358	0	0	0
198	-702.6053358	-1324.35	-702.6053358	0	0	0
199	-702.6053358	-1324.35	-702.6053358	0	0	0
200	-655.7649801	-1236.06	-655.7649801	0	0	0
201	-655.7649801	-1236.06	-655.7649801	0	0	0
202	-655.7649801	-1236.06	-655.7649801	0	0	0
203	-655.7649801	-1236.06	-655.7649801	0	0	0
204	-655.7649801	-1236.06	-655.7649801	0	0	0
205	-655.7649801	-1236.06	-655.7649801	0	0	0
206	-655.7649801	-1236.06	-655.7649801	0	0	0
207	-655.7649801	-1236.06	-655.7649801	0	0	0
208	-655.7649801	-1236.06	-655.7649801	0	0	0
209	-655.7649801	-1236.06	-655.7649801	0	0	0
210	-655.7649801	-1236.06	-655.7649801	0	0	0
211	-655.7649801	-1236.06	-655.7649801	0	0	0
212	-655.7649801	-1236.06	-655.7649801	0	0	0
213	-655.7649801	-1236.06	-655.7649801	0	0	0
214	-655.7649801	-1236.06	-655.7649801	0	0	0
215	-655.7649801	-1236.06	-655.7649801	0	0	0
216	-655.7649801	-1236.06	-655.7649801	0	0	0
217	-655.7649801	-1236.06	-655.7649801	0	0	0
218	-655.7649801	-1236.06	-655.7649801	0	0	0
219	-655.7649801	-1236.06	-655.7649801	0	0	0
220	-655.7649801	-1236.06	-655.7649801	0	0	0
221	-655.7649801	-1236.06	-655.7649801	0	0	0
222	-655.7649801	-1236.06	-655.7649801	0	0	0
223	-655.7649801	-1236.06	-655.7649801	0	0	0
224	-655.7649801	-1236.06	-655.7649801	0	0	0
225	-655.7649801	-1236.06	-655.7649801	0	0	0
226	-655.7649801	-1236.06	-655.7649801	0	0	0
227	-655.7649801	-1236.06	-655.7649801	0	0	0
228	-655.7649801	-1236.06	-655.7649801	0	0	0
229	-655.7649801	-1236.06	-655.7649801	0	0	0
230	-655.7649801	-1236.06	-655.7649801	0	0	0
231	-655.7649801	-1236.06	-655.7649801	0	0	0
232	-655.7649801	-1236.06	-655.7649801	0	0	0
233	-655.7649801	-1236.06	-655.7649801	0	0	0
234	-655.7649801	-1236.06	-655.7649801	0	0	0
235	-655.7649801	-1236.06	-655.7649801	0	0	0
236	-655.7649801	-1236.06	-655.7649801	0	0	0
237	-655.7649801	-1236.06	-655.7649801	0	0	0
238	-655.7649801	-1236.06	-655.7649801	0	0	0
239	-655.7649801	-1236.06	-655.7649801	0	0	0
240	-608.9246244	-1147.77	-608.9246244	0	0	0
241	-608.9246244	-1147.77	-608.9246244	0	0	0
242	-608.9246244	-1147.77	-608.9246244	0	0	0
243	-608.9246244	-1147.77	-608.9246244	0	0	0
244	-608.9246244	-1147.77	-608.9246244	0	0	0
245	-608.9246244	-1147.77	-608.9246244	0	0	0
246	-608.9246244	-1147.77	-608.9246244	0	0	0
247	-608.9246244	-1147.77	-608.9246244	0	0	0
248	-608.9246244	-1147.77	-608.9246244	0	0	0
249	-608.9246244	-1147.77	-608.9246244	0	0	0
250	-608.9246244	-1147.77	-608.9246244	0	0	0
251	-608.9246244	-1147.77	-608.9246244	0	0	0
252	-608.9246244	-1147.77	-608.9246244	0	0	0
253	-608.9246244	-1147.77	-608.9246244	0	0	0
254	-608.9246244	-1147.77	-608.9246244	0	0	0
255	-608.9246244	-1147.77	-608.9246244	0	0	0
256	-608.9246244	-1147.77	-608.9246244	0	0	0
257	-608.9246244	-1147.77	-608.9246244	0	0	0
258	-608.9246244	-1147.77	-608.9246244	0	0	0
259	-608.9246244	-1147.77	-608.9246244	0	0	0
260	-608.9246244	-1147.77	-608.9246244	0	0	0
261	-608.9246244	-1147.77	-608.9246244	0	0	0
262	-608.9246244	-1147.77	-608.9246244	0	0	0
263	-608.9246244	-1147.77	-608.9246244	0	0	0
264	-608.9246244	-1147.77	-608.9246244	0	0	0
265	-608.9246244	-1147.77	-608.9246244	0	0	0
266	-608.9246244	-1147.77	-608.9246244	0	0	0
267	-608.9246244	-1147.77	-608.9246244	0	0	0
268	-608.9246244	-1147.77	-608.9246244	0	0	0
269	-608.9246244	-1147.77	-608.9246244	0	0	0
270	-608.9246244	-1147.77	-608.9246244	0	0	0
271	-608.9246244	-1147.77	-608.9246244	0	0	0
272	-608.9246244	-1147.77	-608.9246244	0	0	0
273	-608.9246244	-1147.77	-608.9246244	0	0	0
274	-608.9246244	-1147.77	-608.9246244	0	0	0
275	-608.9246244	-1147.77	-608.9246244	0	0	0
276	-608.9246244	-1147.77	-608.9246244	0	0	0
277	-608.9246244	-1147.77	-608.9246244	0	0	0
278	-608.9246244	-1147.77	-608.9246244	0	0	0
279	-608.9246244	-1147.77	-608.9246244	0	0	0
280	-562.0842687	-1059.48	-562.0842687	0	0	0
281	-562.0842687	-1059.48	-562.0842687	0	0	0
282	-562.0842687	-1059.48	-562.0842687	0	0	0
283	-562.0842687	-1059.48	-562.0842687	0	0	0
284	-562.0842687	-1059.48	-562.0842687	0	0	0
285	-562.0842687	-1059.48	-562.0842687	0	0	0
286	-562.0842687	-1059.48	-562.0842687	0	0	0
287	-562.0842687	-1059.48	-562.0842687	0	0	0
288	-562.0842687	-1059.48	-562.0842687	0	0	0
289	-562.0842687	-1059.48	-562.0842687	0	0	0
290	-562.0842687	-1059.48	-562.0842687	0	0	0
291	-562.0842687	-1059.48	-562.0842687	0	0	0
292	-562.0842687	-1059.48	-562.0842687	0	0	0
293	-562.0842687	-1059.48	-562.0842687	0	0	0
294	-562.0842687	-1059.48	-562.0842687	0	0	0
295	-562.0842687	-1059.48	-562.0842687	0	0	0
296	-562.0842687	-1059.48	-562.0842687	0	0	0
297	-562.0842687	-1059.48	-562.0842687	0	0	0
298	-562.0842687	-1059.48	-562.0842687	0	0	0
299	-562.0842687	-1059.48	-562.0842687	0	0	0
300	-562.0842687	-1059.48	-562.0842687	0	0	0
301	-562.0842687	-1059.48	-562.0842687	0	0	0
302	-562.0842687	-1059.48	-562.0842687	0	0	0
303	-562.0842687	-1059.48	-562.0842687	0	0	0
304	-562.0842687	-1059.48	-562.0842687	0	0	0
305	-562.0842687	-1059.48	-562.0842687	0	0	0
306	-562.0842687	-1059.48	-562.0842687	0	0	0
307	-562.0842687	-1059.48	-562.0842687	0	0	0
308	-562.0842687	-1059.48	-562.0842687	0	0	0
309	-562.0842687	-1059.48	-562.0842687	0	0	0
310	-562.0842687	-1059.48	-562.0842687	0	0	0
311	-562.0842687	-1059.48	-562.0842687	0	0	0
312	-562.0842687	-1059.48	-562.0842687	0	0	0
313	-562.0842687	-1059.48	-562.0842687	0	0	0
314	-562.0842687	-1059.48	-562.0842687	0	0	0
315	-562.0842687	-1059.48	-562.0842687	0	0	0
316	-562.0842687	-1059.48	-562.0842687	0	0	0
317	-562.0842687	-1059.48	-562.0842687	0	0	0
318	-562.0842687	-1059.48	-562.0842687	0	0	0
319	-562.0842687	-1059.48	-562.0842687	0	0	0
320	-515.2439129	-971.19	-515.2439129	0	0	0
321	-515.2439129	-971.19	-515.2439129	0	0	0
322	-515.2439129	-971.19	-515.2439129	0	0	0
323	-515.2439129	-971.19	-515.2439129	0	0	0
324	-515.2439129	-971.19	-515.2439129	0	0	0
325	-515.2439129	-971.19	-515.2439129	0	0	0
326	-515.2439129	-971.19	-515.2439129	0	0	0
327	-515.2439129	-971.19	-515.2439129	0	0	0
328	-515.2439129	-971.19	-515.2439129	0	0	0
329	-515.2439129	-971.19	-515.2439129	0	0	0
330	-515.2439129	-971.19	-515.2439129	0	0	0
331	-515.2439129	-971.19	-515.2439129	0	0	0
332	-515.2439129	-971.19	-515.2439129	0	0	0
333	-515.2439129	-971.19	-515.2439129	0	0	0
334	-515.2439129	-971.19	-515.2439129	0	0	0
335	-515.2439129	-971.19	-515.2439129	0	0	0
336	-515.2439129	-971.19	-515.2439129	0	0	0
337	-515.2439129	-971.19	-515.2439129	0	0	0
338	-515.2439129	-971.19	-515.2439129	0	0	0
339	-515.2439129	-971.19	-515.2439129	0	0	0
340	-515.2439129	-971.19	-515.2439129	0	0	0
341	-515.2439129	-971.19	-515.2439129	0	0	0
342	-515.2439129	-971.19	-515.2439129	0	0	0
343	-515.2439129	-971.19	-515.2439129	0	0	0
344	-515.2439129	-971.19	-515.2439129	0	0	0
345	-515.2439129	-971.19	-515.2439129	0	0	0
346	-515.2439129	-971.19	-515.2439129	0	0	0
347	-515.2439129	-971.19	-515.2439129	0	0	0
348	-515.2439129	-971.19	-515.2439129	0	0	0
349	-515.2439129	-971.19	-515.2439129	0	0	0
350	-515.2439129	-971.19	-515.2439129	0	0	0
351	-515.2439129	-971.19	-515.2439129	0	0	0
352	-515.2439129	-971.19	-515.2439129	0	0	0
353	-515.2439129	-971.19	-515.2439129	0	0	0
354	-515.2439129	-971.19	-515.2439129	0	0	0
355	-515.2439129	-971.19	-515.2439129	0	0	0
356	-515.2439129	-971.19	-515.2439129	0	0	0
357	-515.2439129	-971.19	-515.2439129	0	0	0
358	-515.2439129	-971.19	-515.2439129	0	0	0
359	-515.2439129	-971.19	-515.2439129	0	0	0
360	-468.4035572	-882.9	-468.4035572	0	0	0
361	-468.4035572	-882.9	-468.4035572	0	0	0
362	-468.4035572	-882.9	-468.4035572	0	0	0
363	-468.4035572	-882.9	-468.4035572	0	0	0
364	-468.4035572	-882.9	-468.4035572	0	0	0
365	-468.4035572	-882.9	-468.4035572	0	0	0
366	-468.4035572	-882.9	-468.4035572	0	0	0
367	-468.4035572	-882.9	-468.4035572	0	0	0
368	-468.4035572	-882.9	-468.4035572	0	0	0
369	-468.4035572	-882.9	-468.4035572	0	0	0
370	-468.4035572	-882.9	-468.4035572	0	0	0
371	-468.4035572	-882.9	-468.4035572	0	0	0
372	-468.4035572	-882.9	-468.4035572	0	0	0
373	-468.4035572	-882.9	-468.4035572	0	0	0
374	-468.4035572	-882.9	-468.4035572	0	0	0
375	-468.4035572	-882.9	-468.4035572	0	0	0
376	-468.4035572	-882.9	-468.4035572	0	0	0
377	-468.4035572	-882.9	-468.4035572	0	0	0
378	-468.4035572	-882.9	-468.4035572	0	0	0
379	-468.4035572	-882.9	-468.4035572	0	0	0
380	-468.4035572	-882.9	-468.4035572	0	0	0
381	-468.4035572	-882.9	-468.4035572	0	0	0
382	-468.4035572	-882.9	-468.4035572	0	0	0
383	-468.4035572	-882.9	-468.4035572	0	0	0
384	-468.4035572	-882.9	-468.4035572	0	0	0
385	-468.4035572	-882.9	-468.4035572	0	0	0
386	-468.4035572	-882.9	-468.4035572	0	0	0
387	-468.4035572	-882.9	-468.4035572	0	0	0
388	-468.4035572	-882.9	-468.4035572	0	0	0
389	-468.4035572	-882.9	-468.4035572	0	0	0
390	-468.4035572	-882.9	-468.4035572	0	0	0
391	-468.4035572	-882.9	-468.4035572	0	0	0
392	-468.4035572	-882.9	-468.4035572	0	0	0
393	-468.4035572	-882.9	-468.4035572	0	0	0
394	-468.4035572	-882.9	-468.4035572	0	0	0
395	-468.4035572	-882.9	-468.4035572	0	0	0
396	-468.4035572	-882.9	-468.4035572	0	0	0
397	-468.4035572	-882.9	-468.4035572	0	0	0
398	-468.4035572	-882.9	-468.4035572	0	0	0
399	-468.4035572	-882.9	-468.4035572	0	0	0
400	-421.5632015	-794.61	-421.5632015	0	0	0
401	-421.5632015	-794.61	-421.5632015	0	0	0
402	-421.5632015	-794.61	-421.5632015	0	0	0
403	-421.5632015	-794.61	-421.5632015	0	0	0
404	-421.5632015	-794.61	-421.5632015	0	0	0
405	-421.5632015	-794.61	-421.5632015	0	0	0
406	-421.5632015	-794.61	-421.5632015	0	0	0
407	-421.5632015	-794.61	-421.5632015	0	0	0
408	-421.5632015	-794.61	-421.5632015	0	0	0
409	-421.5632015	-794.61	-421.5632015	0	0	0
410	-421.5632015	-794.61	-421.5632015	0	0	0
411	-421.5632015	-794.61	-421.5632015	0	0	0
412	-421.5632015	-794.61	-421.5632015	0	0	0
413	-421.5632015	-794.61	-421.5632015	0	0	0
414	-421.5632015	-794.61	-421.5632015	0	0	0
415	-421.5632015	-794.61	-421.5632015	0	0	0
416	-421.5632015	-794.61	-421.5632015	0	0	0
417	-421.5632015	-794.61	-421.5632015	0	0	0
418	-421.5632015	-794.61	-421.5632015	0	0	0
419	-421.5632015	-794.61	-421.5632015	0	0	0
420	-421.5632015	-794.61	-421.5632015	0	0	0
421	-421.5632015	-794.61	-421.5632015	0	0	0
422	-421.5632015	-794.61	-421.5632015	0	0	0
423	-421.5632015	-794.61	-421.5632015	0	0	0
424	-421.5632015	-794.61	-421.5632015	0	0	0
425	-421.5632015	-794.61	-421.5632015	0	0	0
426	-421.5632015	-794.61	-421.5632015	0	0	0
427	-421.5632015	-794.61	-421.5632015	0	0	0
428	-421.5632015	-794.61	-421.5632015	0	0	0
429	-421.5632015	-794.61	-421.5632015	0	0	0
430	-421.5632015	-794.61	-421.5632015	0	0	0
431	-421.5632015	-794.61	-421.5632015	0	0	0
432	-421.5632015	-794.61	-421.5632015	0	0	0
433	-421.5632015	-794.61	-421.5632015	0	0	0
434	-421.5632015	-794.61	-421.5632015	0	0	0
435	-421.5632015	-794.61	-421.5632015	0	0	0
436	-421.5632015	-794.61	-421.5632015	0	0	0
437	-421.5632015	-794.61	-421.5632015	0	0	0
438	-421.5632015	-794.61	-421.5632015	0	0	0
439	-421.5632015	-794.61	-421.5632015	0	0	0
440	-374.7228458	-706.32	-374.7228458	0	0	0
441	-374.7228458	-706.32	-374.7228458	0	0	0
442	-374.7228458	-706.32	-374.7228458	0	0	0
443	-374.7228458	-706.32	-374.7228458	0	0	0
444	-374.7228458	-706.32	-374.7228458	0	0	0
445	-374.7228458	-706.32	-374.7228458	0	0	0
446	-374.7228458	-706.32	-374.7228458	0	0	0
447	-374.7228458	-706.32	-374.7228458	0	0	0
448	-374.7228458	-706.32	-374.7228458	0	0	0
449	-374.7228458	-706.32	-374.7228458	0	0	0
450	-374.7228458	-706.32	-374.7228458	0	0	0
451	-374.7228458	-706.32	-374.7228458	0	0	0
452	-374.7228458	-706.32	-374.7228458	0	0	0
453	-374.7228458	-706.32	-374.7228458	0	0	0
454	-374.7228458	-706.32	-374.7228458	0	0	0
455	-374.7228458	-706.32	-374.7228458	0	0	0
456	-374.7228458	-706.32	-374.7228458	0	0	0
457	-374.7228458	-706.32	-374.7228458	0	0	0
458	-374.7228458	-706.32	-374.7228458	0	0	0
459	-374.7228458	-706.32	-374.7228458	0	0	0
460	-374.7228458	-706.32	-374.7228458	0	0	0
461	-374.7228458	-706.32	-374.7228458	0	0	0
462	-374.7228458	-706.32	-374.7228458	0	0	0
463	-374.7228458	-706.32	-374.7228458	0	0	0
464	-374.7228458	-706.32	-374.7228458	0	0	0
465	-374.7228458	-706.32	-374.7228458	0	0	0
466	-374.7228458	-706.32	-374.7228458	0	0	0
467	-374.7228458	-706.32	-374.7228458	0	0	0
468	-374.7228458	-706.32	-374.7228458	0	0	0
469	-374.7228458	-706.32	-374.7228458	0	0	0
470	-374.7228458	-706.32	-374.7228458	0	0	0
471	-374.7228458	-706.32	-374.7228458	0	0	0
472	-374.7228458	-706.32	-374.7228458	0	0	0
473	-374.7228458	-706.32	-374.7228458	0	0	0
474	-374.7228458	-706.32	-374.7228458	0	0	0
475	-374.7228458	-706.32	-374.7228458	0	0	0
476	-374.7228458	-706.32	-374.7228458	0	0	0
477	-374.7228458	-706.32	-374.7228458	0	0	0
478	-374.7228458	-706.32	-374.7228458	0	0	0
479	-374.7228458	-706.32	-374.7228458	0	0	0
480	-327.8824901	-618.03	-327.8824901	0	0	0
481	-327.8824901	-618.03	-327.8824901	0	0	0
482	-327.8824901	-618.03	-327.8824901	0	0	0
483	-327.8824901	-618.03	-327.8824901	0	0	0
484	-327.8824901	-618.03	-327.8824901	0	0	0
485	-327.8824901	-618.03	-327.8824901	0	0	0
486	-327.8824901	-618.03	-327.8824901	0	0	0
487	-327.8824901	-618.03	-327.8824901	0	0	0
488	-327.8824901	-618.03	-327.8824901	0	0	0
489	-327.8824901	-618.03	-327.8824901	0	0	0
490	-327.8824901	-618.03	-327.8824901	0	0	0
491	-327.8824901	-618.03	-327.8824901	0	0	0
492	-327.8824901	-618.03	-327.8824901	0	0	0
493	-327.8824901	-618.03	-327.8824901	0	0	0
494	-327.8824901	-618.03	-327.8824901	0	0	0
495	-327.8824901	-618.03	-327.8824901	0	0	0
496	-327.8824901	-618.03	-327.8824901	0	0	0
497	-327.8824901	-618.03	-327.8824901	0	0	0
498	-327.8824901	-618.03	-327.8824901	0	0	0
499	-327.8824901	-618.03	-327.8824901	0	0	0
500	-327.8824901	-618.03	-327.8824901	0	0	0
501	-327.8824901	-618.03	-327.8824901	0	0	0
502	-327.8824901	-618.03	-327.8824901	0	0	0
503	-327.8824901	-618.03	-327.8824901	0	0	0
504	-327.8824901	-618.03	-327.8824901	0	0	0
505	-327.8824901	-618.03	-327.8824901	0	0	0
506	-327.8824901	-618.03	-327.8824901	0	0	0
507	-327.8824901	-618.03	-327.8824901	0	0	0
508	-327.8824901	-618.03	-327.8824901	0	0	0
509	-327.8824901	-618.03	-327.8824901	0	0	0
510	-327.8824901	-618.03	-327.8824901	0	0	0
511	-327.8824901	-618.03	-327.8824901	0	0	0
512	-327.8824901	-618.03	-327.8824901	0	0	0
513	-327.8824901	-618.03	-327.8824901	0	0	0
514	-327.8824901	-618.03	-327.8824901	0	0	0
515	-327.8824901	-618.03	-327.8824901	0	0	0
516	-327.8824901	-618.03	-327.8824901	0	0	0
517	-327.8824901	-618.03	-327.8824901	0	0	0
518	-327.8824901	-618.03	-327.8824901	0	0	0
519	-327.8824901	-618.03	-327.8824901	0	0	0
520	-281.0421343	-529.74	-281.0421343	0	0	0
521	-281.0421343	-529.74	-281.0421343	0	0	0
522	-281.0421343	-529.74	-281.0421343	0	0	0
523	-281.0421343	-529.74	-281.0421343	0	0	0
524	-281.0421343	-529.74	-281.0421343	0	0	0
525	-281.0421343	-529.74	-281.0421343	0	0	0
526	-281.0421343	-529.74	-281.0421343	0	0	0
527	-281.0421343	-529.74	-281.0421343	0	0	0
528	-281.0421343	-529.74	-281.0421343	0	0	0
529	-281.0421343	-529.74	-281.0421343	0	0	0
530	-281.0421343	-529.74	-281.0421343	0	0	0
531	-281.0421343	-529.74	-281.0421343	0	0	0
532	-281.0421343	-529.74	-281.0421343	0	0	0
533	-281.0421343	-529.74	-281.0421343	0	0	0
534	-281.0421343	-529.74	-281.0421343	0	0	0
535	-281.0421343	-529.74	-281.0421343	0	0	0
536	-281.0421343	-529.74	-281.0421343	0	0	0
537	-281.0421343	-529.74	-281.0421343	0	0	0
538	-281.0421343	-529.74	-281.0421343	0	0	0
539	-281.0421343	-529.74	-281.0421343	0	0	0
540	-281.0421343	-529.74	-281.0421343	0	0	0
541	-281.0421343	-529.74	-281.0421343	0	0	0
542	-281.0421343	-529.74	-281.0421343	0	0	0
543	-281.0421343	-529.74	-281.0421343	0	0	0
544	-281.0421343	-529.74	-281.0421343	0	0	0
545	-281.0421343	-529.74	-281.0421343	0	0	0
546	-281.0421343	-529.74	-281.0421343	0	0	0
547	-281.0421343	-529.74	-281.0421343	0	0	0
548	-281.0421343	-529.74	-281.0421343	0	0	0
549	-281.0421343	-529.74	-281.0421343	0	0	0
550	-281.0421343	-529.74	-281.0421343	0	0	0
551	-281.0421343	-529.74	-281.0421343	0	0	0
552	-281.0421343	-529.74	-281.0421343	0	0	0
553	-281.0421343	-529.74	-281.0421343	0	0	0
554	-281.0421343	-529.74	-281.0421343	0	0	0
555	-281.0421343	-529.74	-281.0421343	0	0	0
556	-281.0421343	-529.74	-281.0421343	0	0	0
557	-281.0421343	-529.74	-281.0421343	0	0	0
558	-281.0421343	-529.74	-281.0421343	0	0	0
559	-281.0421343	-529.74	-281.0421343	0	0	0
560	-234.2017786	-441.45	-234.2017786	0	0	0
561	-234.2017786	-441.45	-234.2017786	0	0	0
562	-234.2017786	-441.45	-234.2017786	0	0	0
563	-234.2017786	-441.45	-234.2017786	0	0	0
564	-234.2017786	-441.45	-234.2017786	0	0	0
565	-234.2017786	-441.45	-234.2017786	0	0	0
566	-234.2017786	-441.45	-234.2017786	0	0	0
567	-234.2017786	-441.45	-234.2017786	0	0	0
568	-234.2017786	-441.45	-234.2017786	0	0	0
569	-234.2017786	-441.45	-234.2017786	0	0	0
570	-234.2017786	-441.45	-234.2017786	0	0	0
571	-234.2017786	-441.45	-234.2017786	0	0	0
572	-234.2017786	-441.45	-234.2017786	0	0	0
573	-234.2017786	-441.45	-234.2017786	0	0	0
574	-234.2017786	-441.45	-234.2017786	0	0	0
575	-234.2017786	-441.45	-234.2017786	0	0	0
576	-234.2017786	-441.45	-234.2017786	0	0	0
577	-234.2017786	-441.45	-234.2017786	0	0	0
578	-234.2017786	-441.45	-234.2017786	0	0	0
579	-234.2017786	-441.45	-234.2017786	0	0	0
580	-234.2017786	-441.45	-234.2017786	0	0	0
581	-234.2017786	-441.45	-234.2017786	0	0	0
582	-234.2017786	-441.45	-234.2017786	0	0	0
583	-234.2017786	-441.45	-234.2017786	0	0	0
584	-234.2017786	-441.45	-234.2017786	0	0	0
585	-234.2017786	-441.45	-234.2017786	0	0	0
586	-234.2017786	-441.45	-234.2017786	0	0	0
587	-234.2017786	-441.45	-234.2017786	0	0	0
588	-234.2017786	-441.45	-234.2017786	0	0	0
589	-234.2017786	-441.45	-234.2017786	0	0	0
590	-234.2017786	-441.45	-234.2017786	0	0	0
591	-234.2017786	-441.45	-234.2017786	0	0	0
592	-234.2017786	-441.45	-234.2017786	0	0	0
593	-234.2017786	-441.45	-234.2017786	0	0	0
594	-234.2017786	-441.45	-234.2017786	0	0	0
595	-234.2017786	-441.45	-234.2017786	0	0	0
596	-234.2017786	-441.45	-234.2017786	0	0	0
597	-234.2017786	-441.45	-234.2017786	0	0	0
598	-234.2017786	-441.45	-234.2017786	0	0	0
599	-234.2017786	-441.45	-234.2017786	0	0	0
600	-187.3614229	-353.16	-187.3614229	0	0	0
601	-187.3614229	-353.16	-187.3614229	0	0	0
602	-187.3614229	-353.16	-187.3614229	0	0	0
603	-187.3614229	-353.16	-187.3614229	0	0	0
604	-187.3614229	-353.16	-187.3614229	0	0	0
605	-187.3614229	-353.16	-187.3614229	0	0	0
606	-187.3614229	-353.16	-187.3614229	0	0	0
607	-187.3614229	-353.16	-187.3614229	0	0	0
608	-187.3614229	-353.16	-187.3614229	0	0	0
609	-187.3614229	-353.16	-187.3614229	0	0	0
610	-187.3614229	-353.16	-187.3614229	0	0	0
611	-187.3614229	-353.16	-187.3614229	0	0	0
612	-187.3614229	-353.16	-187.3614229	0	0	0
613	-187.3614229	-353.16	-187.3614229	0	0	0
614	-187.3614229	-353.16	-187.3614229	0	0	0
615	-187.3614229	-353.16	-187.3614229	0	0	0
616	-187.3614229	-353.16	-187.3614229	0	0	0
617	-187.3614229	-353.16	-187.3614229	0	0	0
618	-187.3614229	-353.16	-187.3614229	0	0	0
619	-187.3614229	-353.16	-187.3614229	0	0	0
620	-187.3614229	-353.16	-187.3614229	0	0	0
621	-187.3614229	-353.16	-187.3614229	0	0	0
622	-187.3614229	-353.16	-187.3614229	0	0	0
623	-187.3614229	-353.16	-187.3614229	0	0	0
624	-187.3614229	-353.16	-187.3614229	0	0	0
625	-187.3614229	-353.16	-187.3614229	0	0	0
626	-187.3614229	-353.16	-187.3614229	0	0	0
627	-187.3614229	-353.16	-187.3614229	0	0	0
628	-187.3614229	-353.16	-187.3614229	0	0	0
629	-187.3614229	-353.16	-187.3614229	0	0	0
630	-187.3614229	-353.16	-187.3614229	0	0	0
631	-187.3614229	-353.16	-187.3614229	0	0	0
632	-187.3614229	-353.16	-187.3614229	0	0	0
633	-187.3614229	-353.16	-187.3614229	0	0	0
634	-187.3614229	-353.16	-187.3614229	0	0	0
635	-187.3614229	-353.16	-187.3614229	0	0	0
636	-187.3614229	-353.16	-187.3614229	0	0	0
637	-187.3614229	-353.16	-187.3614229	0	0	0
638	-187.3614229	-353.16	-187.3614229	0	0	0
639	-187.3614229	-353.16	-187.3614229	0	0	0
640	-140.5210672	-264.87	-140.5210672	0	0	0
641	-140.5210672	-264.87	-140.5210672	0	0	0
642	-140.5210672	-264.87	-140.5210672	0	0	0
643	-140.5210672	-264.87	-140.5210672	0	0	0
644	-140.5210672	-264.87	-140.5210672	0	0	0
645	-140.5210672	-264.87	-140.5210672	0	0	0
646	-140.5210672	-264.87	-140.5210672	0	0	0
647	-140.5210672	-264.87	-140.5210672	0	0	0
648	-140.5210672	-264.87	-140.5210672	0	0	0
649	-140.5210672	-264.87	-140.5210672	0	0	0
650	-140.5210672	-264.87	-140.5210672	0	0	0
651	-140.5210672	-264.87	-140.5210672	0	0	0
652	-140.5210672	-264.87	-140.5210672	0	0	0
653	-140.5210672	-264.87	-140.5210672	0	0	0
654	-140.5210672	-264.87	-140.5210672	0	0	0
655	-140.5210672	-264.87	-140.5210672	0	0	0
656	-140.5210672	-264.87	-140.5210672	0	0	0
657	-140.5210672	-264.87	-140.5210672	0	0	0
658	-140.5210672	-264.87	-140.5210672	0	0	0
659	-140.5210672	-264.87	-140.5210672	0	0	0
660	-140.5210672	-264.87	-140.5210672	0	0	0
661	-140.5210672	-264.87	-140.5210672	0	0	0
662	-140.5210672	-264.87	-140.5210672	0	0	0
663	-140.5210672	-264.87	-140.5210672	0	0	0
664	-140.5210672	-264.87	-140.5210672	0	0	0
665	-140.5210672	-264.87	-140.5210672	0	0	0
666	-140.5210672	-264.87	-140.5210672	0	0	0
667	-140.5210672	-264.87	-140.5210672	0	0	0
668	-140.5210672	-264.87	-140.5210672	0	0	0
669	-140.5210672	-264.87	-140.5210672	0	0	0
670	-140.5210672	-264.87	-140.5210672	0	0	0
671	-140.5210672	-264.87	-140.5210672	0	0	0
672	-140.5210672	-264.87	-140.5210672	0	0	0
673	-140.5210672	-264.87	-140.5210672	0	0	0
674	-140.5210672	-264.87	-140.5210672	0	0	0
675	-140.5210672	-264.87	-140.5210672	0	0	0
676	-140.5210672	-264.87	-140.5210672	0	0	0
677	-140.5210672	-264.87	-140.5210672	0	0	0
678	-140.5210672	-264.87	-140.5210672	0	0	0
679	-140.5210672	-264.87	-140.5210672	0	0	0
680	-93.68071144	-176.58	-93.68071144	0	0	0
681	-93.68071144	-176.58	-93.68071144	0	0	0
682	-93.68071144	-176.58	-93.68071144	0	0	0
683	-93.68071144	-176.58	-93.68071144	0	0	0
684	-93.68071144	-176.58	-93.68071144	0	0	0
685	-93.68071144	-176.58	-93.68071144	0	0	0
686	-93.68071144	-176.58	-93.68071144	0	0	0
687	-93.68071144	-176.58	-93.68071144	0	0	0
688	-93.68071144	-176.58	-93.68071144	0	0	0
689	-93.68071144	-176.58	-93.68071144	0	0	0
690	-93.68071144	-176.58	-93.68071144	0	0	0
691	-93.68071144	-176.58	-93.68071144	0	0	0
692	-93.68071144	-176.58	-93.68071144	0	0	0
693	-93.68071144	-176.58	-93.68071144	0	0	0
694	-93.68071144	-176.58	-93.68071144	0	0	0
695	-93.68071144	-176.58	-93.68071144	0	0	0
696	-93.68071144	-176.58	-93.68071144	0	0	0
697	-93.68071144	-176.58	-93.68071144	0	0	0
698	-93.68071144	-176.58	-93.68071144	0	0	0
699	-93.68071144	-176.58	-93.68071144	0	0	0
700	-93.68071144	-176.58	-93.68071144	0	0	0
701	-93.68071144	-176.58	-93.68071144	0	0	0
702	-93.68071144	-176.58	-93.68071144	0	0	0
703	-93.68071144	-176.58	-93.68071144	0	0	0
704	-93.68071144	-176.58	-93.68071144	0	0	0
705	-93.68071144	-176.58	-93.68071144	0	0	0
706	-93.68071144	-176.58	-93.68071144	0	0	0
707	-93.68071144	-176.58	-93.68071144	0	0	0
708	-93.68071144	-176.58	-93.68071144	0	0	0
709	-93.68071144	-176.58	-93.68071144	0	0	0
710	-93.68071144	-176.58	-93.68071144	0	0	0
711	-93.68071144	-176.58	-93.68071144	0	0	0
712	-93.68071144	-176.58	-93.68071144	0	0	0
713	-93.68071144	-176.58	-93.68071144	0	0	0
714	-93.68071144	-176.58	-93.68071144	0	0	0
715	-93.68071144	-176.58	-93.68071144	0	0	0
716	-93.68071144	-176.58	-93.68071144	0	0	0
717	-93.68071144	-176.58	-93.68071144	0	0	0
718	-93.68071144	-176.58	-93.68071144	0	0	0
719	-93.68071144	-176.58	-93.68071144	0	0	0
720	-46.84035572	-88.29	-46.84035572	0	0	0
721	-46.84035572	-88.29	-46.84035572	0	0	0
722	-46.84035572	-88.29	-46.84035572	0	0	0
723	-46.84035572	-88.29	-46.84035572	0	0	0
724	-46.84035572	-88.29	-46.84035572	0	0	0
725	-46.84035572	-88.29	-46.84035572	0	0	0
726	-46.84035572	-88.29	-46.84035572	0	0	0
727	-46.84035572	-88.29	-46.84035572	0	0	0
728	-46.84035572	-88.29	-46.84035572	0	0	0
729	-46.84035572	-88.29	-46.84035572	0	0	0
730	-46.84035572	-88.29	-46.84035572	0	0	0
731	-46.84035572	-88.29	-46.84035572	0	0	0
732	-46.84035572	-88.29	-46.84035572	0	0	0
733	-46.84035572	-88.29	-46.84035572	0	0	0
734	-46.84035572	-88.29	-46.84035572	0	0	0
735	-46.84035572	-88.29	-46.84035572	0	0	0
736	-46.84035572	-88.29	-46.84035572	0	0	0
737	-46.84035572	-88.29	-46.84035572	0	0	0
738	-46.84035572	-88.29	-46.84035572	0	0	0
739	-46.84035572	-88.29	-46.84035572	0	0	0
740	-46.84035572	-88.29	-46.84035572	0	0	0
741	-46.84035572	-88.29	-46.84035572	0	0	0
742	-46.84035572	-88.29	-46.84035572	0	0	0
743	-46.84035572	-88.29	-46.84035572	0	0	0
744	-46.84035572	-88.29	-46.84035572	0	0	0
745	-46.84035572	-88.29	-46.84035572	0	0	0
746	-46.84035572	-88.29	-46.84035572	0	0	0
747	-46.84035572	-88.29	-46.84035572	0	0	0
748	-46.84035572	-88.29	-46.84035572	0	0	0
749	-46.84035572	-88.29	-46.84035572	0	0	0
750	-46.84035572	-88.29	-46.84035572	0	0	0
751	-46.84035572	-88.29	-46.84035572	0	0	0
752	-46.84035572	-88.29	-46.84035572	0	0	0
753	-46.84035572	-88.29	-46.84035572	0	0	0
754	-46.84035572	-88.29	-46.84035572	0	0	0
755	-46.84035572	-88.29	-46.84035572	0	0	0
756	-46.84035572	-88.29	-46.84035572	0	0	0
757	-46.84035572	-88.29	-46.84035572	0	0	0
758	-46.84035572	-88.29	-46.84035572	0	0	0
759	-46.84035572	-88.29	-46.84035572	0	0	0
760	0	0	0	0	0	0
761	0	0	0	0	0	0
762	0	0	0	0	0	0
763	0	0	0	0	0	0
764	0	0	0	0	0	0
765	0	0	0	0	0	0
766	0	0	0	0	0	0
767	0	0	0	0	0	0
768	0	0	0	0	0	0
769	0	0	0	0	0	0
770	0	0	0	0	0	0
771	0	0	0	0	0	0
772	0	0	0	0	0	0
773	0	0	0	0	0	0
774	0	0	0	0	0	0
775	0	0	0	0	0	0
776	0	0	0	0	0	0
777	0	0	0	0	0	0
778	0	0	0	0	0	0
779	0	0	0	0	0	0
780	0	0	0	0	0	0
781	0	0	0	0	0	0
782	0	0	0	0	0	0
783	0	0	0	0	0	0
784	0	0	0	0	0	0
785	0	0	0	0	0	0
786	0	0	0	0	0	0
787	0	0	0	0	0	0
788	0	0	0	0	0	0
789	0	0	0	0	0	0
790	0	0	0	0	0	0
791	0	0	0	0	0	0
792	0	0	0	0	0	0
793	0	0	0	0	0	0
794	0	0	0	0	0	0
795	0	0	0	0	0	0
796	0	0	0	0	0	0
797	0	0	0	0	0	0
798	0	0	0	0	0	0
799	0	0	0	0	0	0
