0	0	0	0
10	0.000151107	-2.28255	0
20	0.000309032	-2.13538	0
30	0.000444151	-1.89872	0
40	0.000546402	-1.589	0
50	0.000608588	-1.22749	0
60	0.000626679	-0.838636	0
70	0.000600059	-0.448195	0
80	0.00053154	-0.0812386	0
90	0.000427106	0.23972	0
100	0.000295383	0.496375	0
110	0.000146918	0.675918	0
120	-6.70307e-06	0.771853	0
130	-0.000153873	0.784296	0
140	-0.000283769	0.719733	0
150	-0.000387346	0.590277	0
160	-0.000457988	0.41248	0
170	-0.000491867	0.205828	0
180	-0.000488458	-0.00896346	0
190	-0.000450104	-0.211703	0
200	-0.000382133	-0.384378	0
210	-0.000292017	-0.512571	0
220	-0.000188911	-0.586536	0
230	-8.45316e-05	-0.601831	0
240	9.57736e-06	-0.55949	0
250	8.65504e-05	-0.465713	0
260	0.000141194	-0.331119	0
270	0.000169316	-0.169645	0
280	0.000168964	0.00281662	0
290	0.000140418	0.169907	0
300	8.70599e-05	0.316286	0
310	1.36361e-05	0.428981	0
320	-7.25852e-05	0.498489	0
330	-0.000163516	0.51954	0
340	-0.000251436	0.49145	0
350	-0.000327583	0.418064	0
360	-0.000386036	0.307288	0
370	-0.00042122	0.17027	0
380	-0.000429582	0.020299	0
390	-0.00041137	-0.12845	0
400	-0.000367526	-0.262232	0
410	-0.000303108	-0.368975	0
420	-0.000223253	-0.439347	0
430	-0.000133216	-0.467547	0
440	-4.00716e-05	-0.451757	0
450	4.94018e-05	-0.394232	0
460	0.000127087	-0.301003	0
470	0.000187988	-0.181248	0
480	0.000230189	-0.0463888	0
490	0.000251333	0.0910079	0
500	0.00025249	0.218409	0
510	0.000236793	0.324474	0
520	0.0002116	0.400088	0
530	0.000177003	0.439168	0
540	0.000142359	0.439192	0
550	0.000113468	0.401383	0
560	9.66344e-05	0.33056	0
570	9.91757e-05	0.234657	0
580	0.000126777	0.123969	0
590	0.0001736	0.0102	0
600	0.000242897	-0.0946142	0
610	0.000311368	-0.179185	0
620	0.00042631	-0.233976	0
630	0.000536672	-0.252024	0
640	0.000653009	-0.229526	0
650	0.000750039	-0.166129	0
660	0.000804269	-0.0649009	0
670	0.000878045	0.0679964	0
680	0.000913667	0.223908	0
690	0.000842384	0.392505	0
700	0.000695258	0.56273	0
710	0.000382653	0.723788	0
720	0.000192387	0.866112	0
730	-0.000231027	0.98217	0
740	-0.000848669	1.0671	0
750	-0.00146193	1.11885	0
760	-0.00227156	1.13898	0
770	-0.000207563	1.13099	0
780	-0.00407831	0.528887	0
790	-0.00532093	0.497444	0
800	-0.0043115	0.4772	0
810	-0.00548752	0.472342	0
820	-0.00758925	0.48486	0
830	-0.0102264	0.514385	0
840	-0.0132079	0.558093	0
850	-0.0164079	0.610878	0
860	-0.0196374	0.665698	0
870	-0.0227619	0.714235	0
880	-0.0256614	0.74772	0
890	-0.0282023	0.757823	0
900	-0.030271	0.737534	0
910	-0.0318299	0.682052	0
920	-0.0324693	0.589557	0
930	-0.0319791	0.461411	0
940	-0.0303753	0.30137	0
950	-0.027766	0.116674	0
960	-0.024189	-0.0827829	0
970	-0.019752	-0.285163	0
980	-0.0146031	-0.477572	0
990	-0.00878091	-0.647077	0
1000	-0.00242973	-0.781721	0
1010	0.00373587	-0.848522	0
1020	0.00710518	-0.857242	0
1030	0.0106374	-0.815564	0
1040	0.0144324	-0.726158	0
1050	0.0184223	-0.595087	0
1060	0.0224527	-0.431428	0
1070	0.026224	-0.246441	0
1080	0.0300212	-0.0526289	0
1090	0.0339824	0.136687	0
1100	0.0382624	0.309906	0
1110	0.0427066	0.458688	0
1120	0.0471236	0.575169	0
1130	0.0514205	0.651927	0
1140	0.0553885	0.68434	0
1150	0.0587291	0.670946	0
1160	0.0611259	0.613537	0
1170	0.0621749	0.516971	0
1180	0.0615315	0.388767	0
1190	0.0589671	0.238473	0
1200	0.0543482	0.0769037	0
1210	0.0476627	-0.0847159	0
1220	0.0390236	-0.23561	0
1230	0.028677	-0.366259	0
1240	0.0170035	-0.469081	0
1250	0.00449936	-0.538935	0
1260	-0.00824691	-0.573417	0
1270	-0.0205834	-0.572921	0
1280	-0.0318309	-0.540478	0
1290	-0.041322	-0.481377	0
1300	-0.0484629	-0.402623	0
1310	-0.0527916	-0.31228	0
1320	-0.0540603	-0.218756	0
1330	-0.0522866	-0.130118	0
1340	-0.0477307	-0.0534803	0
1350	-0.0408159	0.0055013	0
1360	-0.0320582	0.0429969	0
1370	-0.0220192	0.0572001	0
1380	-0.0112754	0.0483353	0
1390	-0.000389745	0.0184755	0
1400	0.0100922	-0.0287993	0
1410	0.0196543	-0.0888515	0
1420	0.0278112	-0.156492	0
1430	0.0341336	-0.226486	0
1440	0.038254	-0.294011	0
1450	0.0398917	-0.355009	0
1460	0.0388646	-0.40641	0
1470	0.0350806	-0.446203	0
1480	0.0285456	-0.473334	0
1490	0.0194018	-0.487384	0
1500	0.00810026	-0.488263	0
1510	-0.00395765	-0.476849	0
1520	-0.0136072	-0.114219	0
1530	-0.0185523	-0.112497	0
1540	-0.019116	-0.12965	0
1550	-0.0178239	-0.165893	0
1560	-0.0165362	-0.218355	0
1570	-0.016106	-0.28221	0
1580	-0.0167473	-0.351475	0
1590	-0.0183887	-0.419643	0
1600	-0.0208325	-0.480313	0
1610	-0.0238201	-0.52783	0
1620	-0.0270607	-0.557847	0
1630	-0.0302374	-0.567754	0
1640	-0.0330232	-0.556907	0
1650	-0.0351007	-0.526643	0
1660	-0.0361771	-0.480063	0
1670	-0.0360082	-0.421614	0
1680	-0.0344272	-0.356536	0
1690	-0.0313517	-0.290211	0
1700	-0.0268041	-0.227513	0
1710	-0.0209145	-0.172234	0
1720	-0.0139101	-0.126649	0
1730	-0.00610392	-0.0912643	0
1740	0.00212109	-0.0648022	0
1750	0.0103337	-0.044404	0
1760	0.0180797	-0.0260444	0
1770	0.0249004	-0.00510776	0
1780	0.0303524	0.0229342	0
1790	0.0340509	0.0618249	0
1800	0.0356978	0.113888	0
1810	0.0351086	0.179536	0
1820	0.0322429	0.25699	0
1830	0.0272139	0.342247	0
1840	0.0202937	0.42933	0
1850	0.01191	0.51079	0
1860	0.00258051	0.578419	0
1870	-0.0070513	0.62412	0
1880	-0.0163006	0.640833	0
1890	-0.0244768	0.623457	0
1900	-0.0309378	0.569557	0
1910	-0.0351264	0.479853	0
1920	-0.0365947	0.358419	0
1930	-0.0350987	0.212569	0
1940	-0.0306088	0.0524225	0
1950	-0.0234615	-0.109754	0
1960	-0.0145758	-0.26028	0
1970	-0.00553869	-0.385005	0
1980	0.00191818	-0.470896	0
1990	0.00679923	-0.508346	0
2000	0.00916403	-0.492486	0
2010	0.00972069	-0.422886	0
2020	0.00918842	-0.303191	0
2030	0.00776205	-0.141103	0
2040	0.00527527	0.0518896	0
2050	0.0015107	0.261254	0
2060	-0.00356662	0.470579	0
2070	-0.00976089	0.662972	0
2080	-0.0166741	0.822532	0
2090	-0.0237307	0.935758	0
2100	-0.0301934	0.992748	0
2110	-0.0351474	0.988061	0
2120	-0.037337	0.920847	0
2130	-0.0354528	0.383169	0
2140	-0.0057426	0.196377	0
2150	0.00749279	0.0015689	0
2160	-0.0103012	-0.138655	0
2170	-0.00793178	-0.252655	0
2180	0.0012161	-0.34279	0
2190	0.0116816	-0.405392	0
2200	0.0228072	-0.437784	0
2210	0.0338462	-0.440473	0
2220	0.043901	-0.415407	0
2230	0.0518936	-0.366192	0
2240	0.0564604	-0.297616	0
2250	0.0559873	-0.214267	0
2260	-0.195789	-0.0246331	0
2270	-0.168134	0.0558439	0
2280	-0.104199	0.0786887	0
2290	0.0370125	0.132925	0
2300	0.0323214	0.200978	0
2310	0.0275369	0.256646	0
2320	0.0224288	0.298874	0
2330	0.016998	0.328051	0
2340	0.0113749	0.345839	0
2350	0.00576433	0.354881	0
2360	0.000406297	0.358416	0
2370	-0.00446741	0.359838	0
2380	-0.0086463	0.362245	0
2390	-0.011965	0.368022	0
2400	-0.0143332	0.378501	0
2410	-0.0157293	0.393746	0
2420	-0.0161924	0.412467	0
2430	-0.0158289	0.432095	0
2440	-0.0147957	0.449001	0
2450	-0.0132733	0.45885	0
2460	-0.0114491	0.457049	0
2470	-0.00955331	0.439261	0
2480	-0.00777942	0.401921	0
2490	-0.00631017	0.342717	0
2500	-0.00527805	0.260973	0
2510	-0.00478796	0.157903	0
2520	-0.00488585	0.0367009	0
2530	-0.00555408	-0.0975601	0
2540	-0.0067481	-0.238203	0
2550	-0.00837817	-0.37739	0
2560	-0.0103054	-0.506702	0
2570	-0.0123692	-0.617802	0
2580	-0.0143799	-0.703126	0
2590	-0.0161604	-0.756546	0
2600	-0.0175418	-0.773941	0
2610	-0.0183266	-0.753616	0
2620	-0.0183487	-0.696527	0
2630	-0.0174713	-0.6063	0
2640	-0.0155983	-0.489014	0
2650	-0.012745	-0.352793	0
2660	-0.00908096	-0.207243	0
2670	-0.00492678	-0.0627572	0
2680	-0.00067888	0.0702694	0
2690	0.00331546	0.182283	0
2700	0.00686569	0.265374	0
2710	0.00993258	0.313949	0
2720	0.0125702	0.325201	0
2730	0.014856	0.299345	0
2740	0.0168512	0.239616	0
2750	0.0185932	0.151999	0
2760	0.0200985	0.0447579	0
2770	0.0213557	-0.0721985	0
2780	0.022326	-0.188181	0
2790	0.0228345	-0.292635	0
2800	0.0226195	-0.376022	0
2810	0.0223249	-0.430611	0
2820	0.0208615	-0.451031	0
2830	0.0173542	-0.433504	0
2840	0.0035498	0.0372896	0
2850	-0.0175117	0.143024	0
2860	0.000648388	0.203849	0
2870	-0.00604276	0.251546	0
2880	0.00438625	-0.0940857	0
2890	-0.0583027	-0.0624102	0
2900	-0.298348	0.103268	0
2910	-0.207476	0.0340263	0
2920	-0.132334	0.0134514	0
2930	0.0184321	0.0215195	0
2940	-0.0148652	0.0327612	0
2950	-0.0183933	0.040837	0
2960	-0.0243218	0.0415787	0
2970	-0.0221394	0.0339413	0
2980	-0.0158938	0.0169343	0
2990	-0.0628063	-0.108261	0
3000	0.0290441	-0.154006	0
3010	-0.0246448	-0.173558	0
3020	-0.102005	-0.159481	0
3030	-0.130078	0.17081	0
3040	-0.322683	-0.147606	0
3050	-0.0687903	-0.222915	0
3060	-0.378092	0.0175779	0
3070	-0.289404	-0.10693	0
3080	-0.332522	-0.0442545	0
3090	-0.327936	-0.0325399	0
3100	-0.334229	-0.0150253	0
3110	-0.30796	0.00308092	0
3120	-0.255515	0.0240806	0
3130	-0.163049	0.0423334	0
3140	0.00483095	0.0355046	0
3150	0.00301127	-0.016268	0
3160	-0.00704788	-0.0728228	0
3170	-0.00825173	-0.129621	0
3180	-0.0107353	-0.182026	0
3190	-0.0119216	-0.225259	0
3200	-0.0119215	-0.255203	0
3210	-0.0110662	-0.268835	0
3220	-0.00961681	-0.26453	0
3230	-0.00778621	-0.242246	0
3240	-0.00574054	-0.203558	0
3250	-0.00361672	-0.151542	0
3260	-0.00153035	-0.0905191	0
3270	0.000435865	-0.0256759	0
3280	0.00222048	0.037405	0
3290	0.00378748	0.0932581	0
3300	0.00511906	0.137045	0
3310	0.00620731	0.165009	0
3320	0.00705828	0.174836	0
3330	0.00767557	0.165882	0
3340	0.00805685	0.139249	0
3350	0.00820548	0.0976939	0
3360	0.0081568	0.0453834	0
3370	0.007932	-0.0124877	0
3380	0.00759171	-0.0701764	0
3390	0.00722088	-0.12193	0
3400	0.00682897	-0.162534	0
3410	0.00635648	-0.1878	0
3420	0.00574822	-0.194961	0
3430	0.004957	-0.182926	0
3440	0.00396181	-0.152373	0
3450	0.00276936	-0.105679	0
3460	0.00140681	-0.046698	0
3470	-7.00024e-05	0.0196095	0
3480	-0.00158131	0.0876366	0
3490	-0.00302701	0.151653	0
3500	-0.00429441	0.206333	0
3510	-0.00526102	0.247232	0
3520	-0.00581385	0.271187	0
3530	-0.00585151	0.27658	0
3540	-0.00529523	0.263458	0
3550	-0.0041088	0.233494	0
3560	-0.00229374	0.189795	0
3570	9.01962e-05	0.136567	0
3580	0.00293001	0.0786638	0
3590	-0.0389791	-0.323964	0
3600	-0.154017	-0.303744	0
3610	-0.139971	-0.163189	0
3620	0.0615232	-0.146414	0
3630	0.0568618	-0.0794339	0
3640	-0.0742573	-0.149307	0
3650	-0.108647	-0.00922337	0
3660	-0.134448	0.00971157	0
3670	-0.0208041	0.0313494	0
3680	-0.157615	0.0556043	0
3690	-0.00571856	0.0766844	0
3700	-0.151301	0.00256537	0
3710	-0.0610966	0.126036	0
3720	-0.0595512	0.146317	0
3730	-0.106007	0.165121	0
3740	-0.129239	0.167439	0
3750	-0.0845906	0.177481	0
3760	-0.369149	0.026607	0
3770	-0.363131	0.0601972	0
3780	-0.354578	0.0439967	0
3790	-0.350633	0.0444392	0
3800	-0.348772	0.0634779	0
3810	-0.372502	0.0422775	0
3820	-0.352498	0.0646933	0
3830	-0.354806	0.0448109	0
3840	-0.342661	0.048977	0
3850	-0.364928	0.035458	0
3860	-0.353686	0.0419476	0
3870	-0.35406	0.0630694	0
3880	-0.35705	0.0511857	0
3890	-0.352175	0.0495418	0
3900	-0.370775	0.0244687	0
3910	-0.371056	0.0679548	0
3920	-0.369605	0.0103964	0
3930	-0.372034	0.0596575	0
3940	-0.400439	-0.0180217	0
3950	-0.360055	0.0492958	0
3960	-0.33816	0.0775919	0
3970	-0.383193	0.0395339	0
3980	-0.357257	0.0287761	0
3990	-0.371027	0.0412448	0
4000	-0.366127	0.045606	0
4010	-0.377274	0.0306081	0
4020	-0.377353	0.035289	0
4030	-0.365441	0.0378287	0
4040	-0.36587	0.0285518	0
4050	-0.386501	0.0397221	0
4060	-0.35791	0.0648637	0
4070	-0.371802	0.0473495	0
4080	-0.370072	0.0343603	0
4090	-0.367676	0.049356	0
4100	-0.370579	0.0376206	0
4110	-0.36716	0.0413315	0
4120	-0.283931	0.00777092	0
4130	-0.3883	0.049831	0
4140	-0.343324	0.0569124	0
4150	-0.425627	0.03278	0
4160	-0.391352	0.0451919	0
4170	-0.359714	0.0286175	0
4180	-0.388561	0.0314911	0
4190	-0.379756	0.0230053	0
4200	-0.361057	0.0420511	0
4210	-0.377723	0.0418054	0
4220	-0.389097	0.0429171	0
4230	-0.375489	0.051209	0
4240	-0.381171	0.040016	0
4250	-0.37752	0.0430794	0
4260	-0.379648	0.0465114	0
4270	-0.37886	0.0464255	0
4280	-0.378833	0.047461	0
4290	-0.378969	0.0483724	0
4300	-0.37907	0.0494218	0
4310	-0.378999	0.050259	0
4320	-0.378878	0.0506779	0
4330	-0.378999	0.050468	0
4340	-0.379301	0.0499731	0
4350	-0.395243	-0.00368374	0
4360	-0.365069	0.0847007	0
4370	-0.412165	0.0356673	0
4380	-0.415858	0.0381572	0
4390	-0.427152	0.0281949	0
4400	-0.312259	0.0259599	0
4410	-0.336613	-0.0580777	0
4420	-0.346203	-0.0794463	0
4430	-0.303264	0.0386146	0
4440	-0.411728	-0.081039	0
4450	-0.416364	-0.0142468	0
4460	-0.418912	-0.0126998	0
4470	-0.411649	-0.00150919	0
4480	-0.404248	0.00780196	0
4490	-0.397299	0.01573	0
4500	-0.390622	0.0210587	0
4510	-0.385467	0.0289013	0
4520	-0.382363	0.0322796	0
4530	-0.378358	0.0343605	0
4540	-0.345425	0.0125762	0
4550	-0.321887	0.00886459	0
4560	-0.295693	0.0116577	0
4570	-0.266241	0.0144912	0
4580	-0.233939	0.0190235	0
4590	-0.199083	0.024964	0
4600	-0.167708	0.0301551	0
4610	-0.148113	0.0319277	0
4620	-0.141942	0.0289198	0
4630	-0.146401	0.0200392	0
4640	-0.154306	0.00233892	0
4650	-0.135437	-0.0304825	0
4660	-0.193937	-0.00639925	0
4670	-0.124222	-0.030051	0
4680	-0.14045	-0.0205526	0
4690	-0.0983743	-0.031137	0
4700	-0.0555999	-0.0335912	0
4710	-0.0196732	-0.0330328	0
4720	-0.00437557	-0.0314251	0
4730	-0.0374563	-0.0303652	0
4740	-0.00811354	-0.0312994	0
4750	-0.00348124	-0.0328154	0
4760	-0.00225767	-0.0352157	0
4770	-0.00215282	-0.0377114	0
4780	0.00139737	-0.0397848	0
4790	0.00649728	-0.0417608	0
4800	0.00878741	-0.0438271	0
4810	0.0123474	-0.0456654	0
4820	0.017384	-0.0465016	0
4830	0.0228671	-0.0459477	0
4840	0.0249061	0.343428	0
4850	0.0405928	-0.0402791	0
4860	0.0393632	-0.0351174	0
4870	0.0254353	0.362468	0
4880	0.0332952	-0.0185256	0
4890	0.0280501	-0.00599037	0
4900	-0.310097	0.0667955	0
4910	-0.163089	0.0851103	0
4920	-0.151499	0.091257	0
4930	-0.124752	0.111115	0
4940	-0.116937	0.12516	0
4950	-0.111542	0.137765	0
4960	-0.107312	0.147805	0
4970	-0.103052	0.154073	0
4980	-0.0976937	0.15554	0
4990	-0.0898413	0.15122	0
5000	-0.0772295	0.140016	0
5010	-0.0548908	0.120656	0
5020	-0.0231415	0.0956587	0
5030	-0.020799	0.074586	0
5040	-0.0247017	0.0498011	0
5050	-0.0280828	0.0204783	0
5060	-0.0294064	-0.0127336	0
5070	-0.0272489	-0.0493951	0
5080	-0.0279003	-0.0882431	0
5090	-0.0273442	-0.127446	0
5100	-0.0256894	-0.165168	0
5110	-0.0231332	-0.199554	0
5120	-0.0196013	-0.228778	0
5130	-0.0152459	-0.251132	0
5140	-0.0102414	-0.265124	0
5150	-0.00473531	-0.269586	0
5160	0.0011544	-0.263756	0
5170	0.00735524	-0.247334	0
5180	0.013863	-0.220424	0
5190	-0.24249	-0.114789	0
5200	-0.0839707	-0.142054	0
5210	0.0224268	-0.114739	0
5220	0.0114429	-0.0778992	0
5230	0.0201336	-0.0430892	0
5240	0.0231856	-0.00833665	0
5250	0.0207441	0.0252607	0
5260	0.0208565	0.0572957	0
5270	0.0148285	0.0877468	0
5280	0.0131628	0.115017	0
5290	0.00719112	0.139261	0
5300	8.44725e-05	0.159183	0
5310	-0.00651437	0.173615	0
5320	-0.0102012	0.178375	0
5330	-0.00551367	0.173906	0
5340	-0.000953622	0.160057	0
5350	0.00171613	0.137179	0
5360	-0.00339205	0.106488	0
5370	-0.00696532	0.0697429	0
5380	-0.000671962	0.0290679	0
5390	-0.00924068	-0.0130042	0
5400	-0.0110577	-0.0540096	0
5410	-0.00996614	-0.0915452	0
5420	-0.013112	-0.123383	0
5430	-0.00956524	-0.147498	0
5440	-0.00505266	-0.161999	0
5450	-0.0179527	-0.166747	0
5460	-0.112934	-0.139108	0
5470	-0.137322	-0.123869	0
5480	-0.138764	-0.111927	0
5490	-0.32219	-0.0159403	0
5500	-0.326921	0.0189113	0
5510	-0.308741	0.0243685	0
5520	-0.291037	0.028151	0
5530	-0.274963	0.0299167	0
5540	-0.263441	0.0305313	0
5550	-0.218614	-0.00148354	0
5560	-0.184864	-0.0129067	0
5570	-0.210563	-0.00364439	0
5580	-0.208742	-0.00650251	0
5590	-0.22283	0.00261664	0
5600	-0.244567	0.0140759	0
5610	-0.255222	0.0262085	0
5620	-0.24378	0.0178295	0
5630	-0.236368	0.0138995	0
5640	-0.230061	-0.0121159	0
5650	-0.247374	-0.00536259	0
5660	-0.239903	0.0209988	0
5670	-0.213122	0.0153126	0
5680	-0.239017	0.00384465	0
5690	-0.290786	0.0215205	0
5700	-0.29731	0.00622061	0
5710	-0.293998	0.0136503	0
5720	-0.290026	0.0140159	0
5730	-0.292469	0.0134186	0
5740	-0.300451	0.00933912	0
5750	-0.308827	-0.0011554	0
5760	-0.304796	-0.00892886	0
5770	-0.282251	-0.018218	0
5780	-0.244286	-0.0202161	0
5790	-0.20689	-0.00699257	0
5800	-0.189947	-0.00544172	0
5810	-0.18091	-0.00869626	0
5820	-0.178315	-0.0109739	0
5830	-0.179371	-0.0127902	0
5840	-0.183477	-0.0144401	0
5850	-0.190433	-0.0152699	0
5860	-0.19779	-0.0167132	0
5870	-0.207178	-0.0178339	0
5880	-0.216739	-0.0204414	0
5890	-0.223603	-0.0273345	0
5900	-0.228797	-0.0384768	0
5910	-0.235623	-0.0530769	0
5920	-0.247715	-0.0634152	0
5930	-0.262519	-0.0753907	0
5940	-0.299865	-0.0586858	0
5950	-0.320912	-0.056486	0
5960	-0.325606	-0.0337186	0
5970	-0.315311	-0.0306794	0
5980	-0.173415	-0.0249747	0
5990	-0.0337157	-0.0556088	0
6000	0.0094566	-0.0851965	0
6010	0.0303024	-0.11188	0
6020	0.0430775	-0.132636	0
6030	0.0527576	-0.144206	0
6040	0.060977	-0.143392	0
6050	0.0837455	-0.125446	0
6060	0.0242652	-0.105871	0
6070	0.0800813	-0.066143	0
6080	0.079737	0.0375429	0
6090	0.034485	0.111477	0
6100	0.0178262	0.173748	0
6110	0.0278168	0.220579	0
6120	0.0331239	0.261858	0
6130	0.0358256	0.295619	0
6140	0.0375459	0.321964	0
6150	0.0390532	0.340302	0
6160	0.0661232	0.349917	0
6170	0.0848881	-0.0272929	0
6180	0.152337	0.362155	0
6190	0.259889	0.0774061	0
6200	0.258954	0.138437	0
6210	0.190481	0.108767	0
6220	0.095663	0.101498	0
6230	-0.034561	0.108953	0
6240	-0.0536041	0.121959	0
6250	-0.0704965	0.124601	0
6260	-0.0813912	0.115556	0
6270	-0.0886057	0.0944679	0
6280	-0.0922579	0.0618575	0
6290	-0.0873946	0.0121222	0
6300	-0.0367895	-0.115476	0
6310	-0.0315762	-0.183292	0
6320	-0.0325768	-0.23712	0
6330	-0.032013	-0.286271	0
6340	-0.030745	-0.327746	0
6350	-0.0284194	-0.357131	0
6360	-0.0259236	-0.374775	0
6370	-0.0129175	-0.380791	0
6380	0.180876	-0.092782	0
6390	0.189196	-0.107616	0
6400	0.177059	-0.0961961	0
6410	0.165941	-0.0839298	0
6420	0.151727	-0.0706339	0
6430	0.149211	-0.0628451	0
6440	0.114006	-0.0441194	0
6450	0.0317118	-0.0283369	0
6460	0.0213798	-0.0232089	0
6470	0.0285775	-0.0172227	0
6480	0.0405029	-0.0100825	0
6490	0.0320341	-0.000662537	0
6500	0.0441889	0.0108493	0
6510	0.0388207	0.0246119	0
6520	0.0365757	0.0398911	0
6530	0.0290788	0.0565952	0
6540	0.0286874	0.0744973	0
6550	0.0239632	0.0932299	0
6560	0.0173386	0.111516	0
6570	0.0167015	0.127713	0
6580	0.0994849	0.126645	0
6590	0.237784	0.0836044	0
6600	0.350152	0.0916257	0
6610	0.357707	0.09011	0
6620	0.357572	0.0912546	0
6630	0.380384	0.0533349	0
6640	0.400525	0.047904	0
6650	0.38413	0.0465687	0
6660	0.394322	0.0614591	0
6670	0.411244	0.043346	0
6680	0.420631	0.0128249	0
6690	0.411102	0.0203153	0
6700	0.418886	0.0418944	0
6710	0.368872	0.0791631	0
6720	0.41988	0.0274146	0
6730	0.376828	-0.0380882	0
6740	0.416944	-0.0145283	0
6750	0.349575	-0.110324	0
6760	0.384075	-0.0603308	0
6770	0.405479	0.0432071	0
6780	0.383889	0.00736135	0
6790	0.348815	0.0214252	0
6800	0.362597	-0.0164694	0
6810	0.337188	-0.0514163	0
6820	0.400627	-0.0108398	0
6830	0.369059	-0.00490648	0
6840	0.374031	0.00560294	0
6850	0.343183	0.00118979	0
6860	0.305208	0.000632012	0
6870	0.304926	-5.8386e-05	0
6880	0.255513	-0.00578019	0
6890	0.236431	-0.0104622	0
6900	0.201716	-0.0184329	0
6910	0.170568	-0.0266765	0
6920	0.131804	-0.0336435	0
6930	0.0896148	-0.0381726	0
6940	0.0412911	-0.0318837	0
6950	0.0389424	-0.0277803	0
6960	0.0524006	-0.0234577	0
6970	0.00874092	-0.0257262	0
6980	0.0128882	-0.0259997	0
6990	0.0100843	-0.0274068	0
7000	0.015456	-0.0291367	0
7010	0.016636	-0.0330792	0
7020	0.0248452	-0.0361602	0
7030	0.0482472	-0.0376144	0
7040	0.158948	-0.0119413	0
7050	0.180186	-0.0071231	0
7060	0.20191	-0.00087206	0
7070	0.222139	0.00589369	0
7080	0.241347	0.0138374	0
7090	0.265091	0.0212927	0
7100	0.274096	0.0285646	0
7110	0.284968	0.0357333	0
7120	0.293771	0.0427347	0
7130	0.298935	0.0492906	0
7140	0.301748	0.0548108	0
7150	0.302267	0.0620618	0
7160	0.299736	0.0722363	0
7170	0.302292	0.0654715	0
7180	0.345032	0.00827478	0
7190	0.319565	-0.0233573	0
7200	0.309049	-0.0279136	0
7210	0.291675	-0.0327075	0
7220	0.286157	-0.0334204	0
7230	0.26429	-0.0427655	0
7240	0.248503	-0.0444258	0
7250	0.211177	-0.0543499	0
7260	0.148594	-0.0687746	0
7270	0.0819515	-0.0663291	0
7280	-0.156694	-0.0537784	0
7290	0.162712	-0.0629674	0
7300	0.162526	0.0164385	0
7310	0.093906	0.0191475	0
7320	0.124043	0.0677242	0
7330	0.0912685	0.0734153	0
7340	0.104023	0.0725529	0
7350	0.0699222	0.0730605	0
7360	0.147562	0.00986617	0
7370	-0.0519181	-0.000313186	0
7380	-0.0484352	-0.010664	0
7390	0.016911	-0.0317532	0
7400	0.13049	-0.0287074	0
7410	0.0403661	-0.0875935	0
7420	0.0176583	-0.122245	0
7430	0.0505367	-0.132316	0
7440	0.0677104	-0.13864	0
7450	0.0829122	-0.139948	0
7460	0.354322	-0.031666	0
7470	0.365441	-0.0174084	0
7480	0.375545	-0.0148687	0
7490	0.369005	-0.0166442	0
7500	0.376845	-0.011641	0
7510	0.376347	-0.0121704	0
7520	0.378536	-0.0114529	0
7530	0.382442	-0.0106833	0
7540	0.373299	-0.011164	0
7550	0.381809	-0.0117948	0
7560	0.383371	-0.011725	0
7570	0.383824	-0.013193	0
7580	0.383623	-0.0146948	0
7590	0.38394	-0.0154385	0
7600	0.383819	-0.015428	0
7610	0.38392	-0.0144765	0
7620	0.384078	-0.0124597	0
7630	0.382753	-0.00992885	0
7640	0.381372	-0.012047	0
7650	0.390964	-0.0172188	0
7660	0.386084	-0.0142593	0
7670	0.379799	-0.014629	0
7680	0.38189	-0.0048714	0
7690	0.381744	-0.000199355	0
7700	0.374319	0.00362424	0
7710	0.370802	0.00865675	0
7720	0.36721	0.0118698	0
7730	0.361109	0.0136815	0
7740	0.342555	-0.0180932	0
7750	0.350492	0.0167131	0
7760	0.306887	-0.0210629	0
7770	0.36019	0.0194153	0
7780	0.332363	-0.0204897	0
7790	0.311957	-0.0108837	0
7800	0.345573	-0.0164098	0
7810	0.269935	-0.0289166	0
7820	0.230591	-0.055836	0
7830	0.152819	-0.0661419	0
7840	0.330637	-0.00961644	0
7850	0.345371	-0.0116531	0
7860	0.327267	-0.00804087	0
7870	0.335531	-0.00332507	0
7880	0.335162	-0.00185615	0
7890	0.333488	-0.00118612	0
7900	0.33327	-0.00244842	0
7910	0.333726	-0.00231309	0
7920	0.33171	-0.00182011	0
7930	0.331795	-0.00136465	0
7940	0.332974	0.00063513	0
7950	0.336418	0.00569693	0
7960	0.341184	0.0121936	0
7970	0.346134	0.0211496	0
7980	0.348441	0.0305659	0
7990	0.34807	0.0392027	0
8000	0.347231	0.0482489	0
8010	0.341036	0.0555797	0
8020	0.33338	0.0618459	0
8030	0.29067	0.0931028	0
8040	-0.287774	0.0620514	0
8050	-0.221447	0.254905	0
8060	0.197834	0.0173756	0
8070	0.192626	0.0116665	0
8080	0.190941	0.00574938	0
8090	0.199121	0.00468053	0
8100	0.18454	0.00179007	0
8110	0.179024	0.0053011	0
8120	0.190909	-0.00503943	0
8130	0.195384	-0.00700614	0
8140	0.21899	0.0034595	0
8150	0.221502	0.035973	0
8160	0.172698	-0.00600041	0
8170	0.204563	0.0195841	0
8180	0.209205	0.0505363	0
8190	0.11694	-0.0414883	0
8200	0.162859	0.0128402	0
8210	0.24023	0.069678	0
8220	0.197318	-0.00554699	0
8230	0.194691	-0.0210564	0
8240	0.226319	0.0430784	0
8250	0.053745	-0.0609635	0
8260	0.209984	-0.0299236	0
8270	0.230064	0.0100647	0
8280	0.197655	0.0413158	0
8290	0.220757	-0.0349875	0
8300	0.135317	-0.0473596	0
8310	0.193805	-0.0859233	0
8320	0.0425368	-0.0734925	0
8330	0.246611	-0.0475285	0
8340	0.0243356	-0.0847843	0
8350	0.212352	-0.0827011	0
8360	0.0152428	-0.0774315	0
8370	0.166397	-0.0979578	0
8380	0.0095603	-0.0908009	0
8390	0.198143	-0.0838629	0
8400	-0.00359661	-0.0890344	0
8410	0.174618	-0.0970596	0
8420	0.0392293	-0.0809953	0
8430	0.215287	-0.0707931	0
8440	0.0358477	-0.0857625	0
8450	0.264641	-0.0516051	0
8460	0.11367	-0.111225	0
8470	-0.248096	0.0874691	0
8480	0.0443229	-0.0514837	0
8490	0.198615	-0.0147339	0
8500	0.173082	-0.108392	0
8510	0.188172	0.0713634	0
8520	0.244372	-0.0442388	0
8530	0.134578	-0.108366	0
8540	0.188899	-0.103209	0
8550	-0.148872	-0.0108755	0
8560	0.106788	-0.0814029	0
8570	0.202564	-0.102551	0
8580	0.217775	0.0190011	0
8590	0.171574	-0.0803111	0
8600	0.410568	-0.0195242	0
8610	0.092432	-0.0816855	0
8620	0.174947	-0.0611491	0
8630	0.18422	-0.111544	0
8640	0.254525	-0.0898719	0
8650	0.171345	-0.0208002	0
8660	0.249271	0.0373817	0
8670	0.242876	0.0421768	0
8680	0.391214	0.0403866	0
8690	0.09791	-0.059895	0
8700	0.187568	-0.0406076	0
8710	0.0415245	-0.0647612	0
8720	0.27219	-0.0979654	0
8730	0.212724	-0.0743126	0
8740	0.28859	-0.076047	0
8750	0.415256	0.00876305	0
8760	0.218739	0.00116829	0
8770	0.277898	-0.0530995	0
8780	0.166258	-0.024108	0
8790	0.213254	-0.00532818	0
8800	0.226955	0.00111406	0
8810	0.198831	-0.0894175	0
8820	0.149129	-0.0251157	0
8830	0.393014	-0.0373967	0
8840	0.411241	0.00151141	0
8850	0.295687	-0.000799599	0
8860	0.369568	0.0176258	0
8870	0.375908	0.0362769	0
8880	0.329741	0.0198638	0
8890	0.345653	0.00963185	0
8900	0.363871	0.0420713	0
8910	0.371287	0.0699908	0
8920	0.394145	0.0183741	0
8930	0.370372	-0.00671462	0
8940	0.376137	0.00217579	0
8950	0.388789	0.0321147	0
8960	0.39333	-0.011131	0
8970	0.348344	0.0307676	0
8980	0.383367	0.022822	0
8990	0.397919	0.0293044	0
9000	0.40189	-0.00825096	0
9010	0.384045	0.0320442	0
9020	0.373483	0.0171887	0
9030	0.387205	0.0300605	0
9040	0.371204	0.0341745	0
9050	0.404869	0.0638342	0
9060	0.380412	0.0413831	0
9070	0.364161	0.0453061	0
9080	0.382577	0.0490987	0
9090	0.406524	0.0432786	0
9100	0.40479	0.0272013	0
9110	0.400331	0.00903406	0
9120	0.382201	-0.00217202	0
9130	0.312929	0.0384688	0
9140	0.348068	0.0376865	0
9150	0.385884	0.0248086	0
9160	0.394452	0.0128865	0
9170	0.397903	0.0120562	0
9180	0.367408	-0.0287297	0
9190	0.357904	0.0762701	0
9200	0.404489	0.0133414	0
9210	0.392234	0.0242648	0
9220	0.376469	0.019091	0
9230	0.375408	0.0273777	0
9240	0.39259	0.00535198	0
9250	0.381095	0.0375521	0
9260	0.373096	0.0385409	0
9270	0.394735	0.00622536	0
9280	0.372268	0.0441905	0
9290	0.393812	0.00996845	0
9300	0.375216	0.0412661	0
9310	0.389791	0.00287496	0
9320	0.388725	0.0154113	0
9330	0.382763	0.0268516	0
9340	0.377829	0.0323989	0
9350	0.379694	0.0324984	0
9360	0.37628	0.0390195	0
9370	0.374208	0.00775797	0
9380	0.377961	0.0366588	0
9390	0.380382	0.019327	0
9400	0.362274	0.0105236	0
9410	0.359204	0.0230263	0
9420	0.357402	0.0228591	0
9430	0.352929	0.0226418	0
9440	0.348294	0.019376	0
9450	0.343078	0.0190075	0
9460	0.338089	0.0138972	0
9470	0.332644	0.0125725	0
9480	0.329046	0.0114751	0
9490	0.321607	-0.000593118	0
9500	0.336058	-0.00940477	0
9510	0.342623	0.00885756	0
9520	0.326988	-0.0122743	0
9530	0.346145	0.0103824	0
9540	0.324589	-0.0202224	0
9550	0.330036	0.0114826	0
9560	0.323774	-0.015407	0
9570	0.310001	0.00148566	0
9580	0.295678	-0.0117312	0
9590	0.302812	0.000797923	0
9600	0.266582	-0.00957013	0
9610	0.263542	-0.00379778	0
9620	0.251985	-0.00504444	0
9630	0.245605	-0.00485919	0
9640	0.238188	-0.00672619	0
9650	0.245562	-0.000855513	0
9660	0.236981	-0.00856101	0
9670	0.23995	-0.0040387	0
9680	0.24375	-0.00332887	0
9690	0.246304	-0.00322238	0
9700	0.249552	-0.00231108	0
9710	0.252532	-0.00142794	0
9720	0.254924	-0.000772896	0
9730	0.255824	-0.00133127	0
9740	0.255611	-0.00269125	0
9750	0.253765	-0.0057665	0
9760	0.25975	-0.0166131	0
9770	0.284128	-0.045007	0
9780	0.261464	-0.0506358	0
9790	0.25022	-0.050506	0
9800	0.241954	-0.0476808	0
9810	0.235501	-0.0424744	0
9820	0.230699	-0.033667	0
9830	0.220144	-0.0195609	0
9840	0.198083	0.000918497	0
9850	0.156348	-0.00272177	0
9860	0.162842	-0.00256004	0
9870	0.172423	0.00638925	0
9880	0.165575	0.00708967	0
9890	0.163844	0.00731715	0
9900	0.172802	0.00950355	0
9910	0.186513	0.0118079	0
9920	0.202884	0.0144376	0
9930	0.221564	0.0170064	0
9940	0.241834	0.0200343	0
9950	0.257085	0.0224268	0
9960	0.269993	0.026996	0
9970	0.273239	0.0302146	0
9980	0.277972	0.0332622	0
9990	0.285879	0.0335616	0
10000	0.293702	0.0321268	0
10010	0.306543	0.0286459	0
10020	0.34686	0.0214698	0
10030	0.30645	0.0306542	0
10040	0.302785	0.033045	0
10050	0.23133	0.0411292	0
10060	0.214066	0.0630092	0
10070	0.069158	0.0400968	0
10080	-0.0484869	0.0577791	0
10090	0.179785	0.0228573	0
10100	0.0981687	-0.00755987	0
10110	0.0854187	0.0177077	0
10120	0.067447	0.0325282	0
10130	0.0189985	0.0469688	0
10140	-0.00425619	0.0524537	0
10150	-0.00625079	0.0528552	0
10160	-0.00500711	0.0532873	0
10170	-0.0120013	0.0524131	0
10180	-0.00692553	0.0468811	0
10190	-0.00996253	0.0368524	0
10200	-0.0125819	0.0215403	0
10210	-0.0148197	-0.000375718	0
10220	0.103205	-0.0693356	0
10230	0.0596182	-0.12484	0
10240	0.0634205	-0.169949	0
10250	0.0173681	-0.215261	0
10260	0.091619	-0.221959	0
10270	0.0564403	-0.25063	0
10280	0.0145424	-0.27671	0
10290	0.227145	0.0140144	0
10300	0.25758	-0.00895704	0
10310	0.252961	-0.0155662	0
10320	0.238309	-0.0249336	0
10330	0.203362	-0.0336279	0
10340	0.144866	-0.0414186	0
10350	0.0201507	-0.0670602	0
10360	0.0115403	-0.103941	0
10370	0.00558167	-0.134341	0
10380	0.00184152	-0.1529	0
10390	-0.00198134	-0.154567	0
10400	-0.00585886	-0.13581	0
10410	-0.00952359	-0.0948739	0
10420	-0.00888586	-0.0290639	0
10430	-0.0337342	0.132064	0
10440	0.0223564	0.181329	0
10450	0.0204079	0.250218	0
10460	0.025615	0.288154	0
10470	0.269357	0.0760168	0
10480	0.277507	0.0966657	0
10490	0.277155	0.110207	0
10500	0.274063	0.122293	0
10510	0.267309	0.129809	0
10520	0.256032	0.136979	0
10530	0.102298	0.0666824	0
10540	0.00962714	0.0667118	0
10550	0.00340333	0.0736772	0
10560	-0.00261686	0.0786647	0
10570	-0.00685189	0.0818616	0
10580	-0.0103434	0.0865739	0
10590	-0.0898617	0.0880907	0
10600	0.0931587	0.0583218	0
10610	0.0750331	0.0476133	0
10620	0.0749151	0.0393036	0
10630	0.0522043	0.0636391	0
10640	0.0726298	0.0191533	0
10650	0.0600299	0.0380892	0
10660	0.0444653	0.0130588	0
10670	0.0662476	-0.00885563	0
10680	0.0637386	-0.0326698	0
10690	0.0482931	-0.0571033	0
10700	0.0317716	-0.0820424	0
10710	0.029837	-0.104833	0
10720	0.0339146	-0.124539	0
10730	0.0781814	-0.143961	0
10740	0.0261153	-0.152179	0
10750	0.091796	-0.160959	0
10760	-0.0823082	-0.224128	0
10770	-0.348277	-0.141879	0
10780	-0.322811	-0.151412	0
10790	0.306259	-0.086617	0
10800	0.345451	-0.191422	0
10810	-0.0898726	-0.247785	0
10820	0.0946821	-0.247537	0
10830	0.0496472	-0.239217	0
10840	0.0636404	-0.225363	0
10850	-0.023125	-0.212882	0
10860	-0.0658318	-0.195659	0
10870	-0.0567425	-0.191645	0
10880	-0.0395766	-0.182668	0
10890	-0.291076	-0.0470699	0
10900	-0.298959	-0.0428332	0
10910	-0.301455	0.0110304	0
10920	-0.289839	-0.0115757	0
10930	0.152646	0.189991	0
10940	0.228645	0.135814	0
10950	0.267321	0.0951188	0
10960	0.312621	0.00959331	0
10970	0.318636	-0.0237503	0
10980	0.315269	-0.0294139	0
10990	0.316099	-0.0294883	0
11000	0.256288	-0.0966445	0
11010	0.301441	0.0439143	0
11020	0.286886	0.00921898	0
11030	0.281443	0.0479693	0
11040	0.284494	0.014887	0
11050	0.267897	-0.00467713	0
11060	0.262411	-0.00941258	0
11070	0.257941	-0.0104335	0
11080	0.253828	-0.00927804	0
11090	0.250665	-0.00620686	0
11100	0.249941	0.00399399	0
11110	0.253332	0.0442359	0
11120	0.249936	0.00258444	0
11130	0.225894	-0.0144625	0
11140	0.210757	-0.0184181	0
11150	0.265227	0.0100361	0
11160	0.213134	-0.00162955	0
11170	0.101721	-0.0433099	0
11180	0.160505	-0.00599206	0
11190	0.145518	-0.00342146	0
11200	0.117046	-0.00400235	0
11210	0.106276	-0.00312485	0
11220	0.060112	-0.000721837	0
11230	0.0574105	0.00160654	0
11240	0.0228699	0.00379163	0
11250	0.0369087	0.00255296	0
11260	0.0323473	-0.000398073	0
11270	0.0360864	-0.00381264	0
11280	0.00378233	-0.00372644	0
11290	0.0372719	-0.00830022	0
11300	0.0460568	-0.00946628	0
11310	0.0490358	-0.0115257	0
11320	0.0536519	-0.0132769	0
11330	0.0858524	-0.0114321	0
11340	-0.115922	0.00620405	0
11350	-0.128555	0.00187963	0
11360	-0.13183	0.00263998	0
11370	-0.124124	0.00133184	0
11380	-0.117776	0.00129879	0
11390	-0.112904	0.0019699	0
11400	-0.121952	0.00642992	0
11410	-0.151187	0.0158136	0
11420	-0.175409	0.00276333	0
11430	-0.264053	0.0298673	0
11440	-0.253146	0.0355145	0
11450	-0.179336	0.00717471	0
11460	-0.198985	0.00153122	0
11470	-0.14702	-0.00665459	0
11480	-0.099132	-0.000514041	0
11490	-0.0682415	0.0275772	0
11500	-0.100411	0.0386254	0
11510	-0.105792	0.0362859	0
11520	-0.0248234	0.0216339	0
11530	-0.0109082	0.0152306	0
11540	-0.0116359	0.0102085	0
11550	-0.083	0.0197924	0
11560	-0.127508	0.0343377	0
11570	-0.145399	0.0406432	0
11580	-0.15989	0.0450304	0
11590	-0.180695	0.0548916	0
11600	-0.203733	0.067579	0
11610	-0.222316	0.0751377	0
11620	-0.237881	0.0759622	0
11630	-0.250911	0.0689809	0
11640	-0.261094	0.0538738	0
11650	-0.267305	0.0311704	0
11660	-0.267592	0.00210034	0
11670	-0.259432	-0.0316559	0
11680	-0.240303	-0.0680125	0
11690	-0.201509	-0.104258	0
11700	-0.128086	-0.135566	0
11710	-0.0876663	-0.150201	0
11720	-0.0869623	-0.159221	0
11730	-0.0743174	-0.167903	0
11740	-0.00809648	-0.222857	0
11750	-0.221641	-0.168655	0
11760	-0.248233	-0.0244343	0
11770	-0.239548	-0.0470106	0
11780	-0.20579	-0.0355171	0
11790	-0.164934	-0.027908	0
11800	-0.107176	-0.0224069	0
11810	-0.00114573	-0.0232168	0
11820	0.0308825	-0.0406662	0
11830	0.0344029	-0.0561419	0
11840	0.0388876	-0.0684729	0
11850	0.0423826	-0.076356	0
11860	0.044328	-0.0783459	0
11870	0.0445285	-0.073166	0
11880	0.0430855	-0.0600392	0
11890	0.0402854	-0.0390588	0
11900	0.0338275	-0.00987849	0
11910	0.0237471	0.0260295	0
11920	0.00661283	0.0702817	0
11930	-0.0810977	0.118836	0
11940	0.0899908	0.177722	0
11950	-0.0355938	0.200228	0
11960	0.0080776	0.282919	0
11970	0.0936619	0.344831	0
11980	-0.319414	0.130045	0
11990	-0.338558	0.118334	0
12000	-0.0916931	0.00497261	0
12010	-0.0319056	0.00633819	0
12020	-0.0202854	0.0173102	0
12030	-0.0218232	0.0345557	0
12040	-0.0251754	0.0570446	0
12050	-0.0284878	0.0830966	0
12060	-0.0309932	0.110121	0
12070	-0.0333737	0.134444	0
12080	-0.0353222	0.150488	0
12090	-0.02789	0.152543	0
12100	-0.0167612	0.139553	0
12110	-0.0121291	0.116673	0
12120	-0.0133548	0.0884768	0
12130	-0.0167323	0.055476	0
12140	-0.0205669	0.017197	0
12150	-0.024289	-0.0261474	0
12160	-0.0276276	-0.0734923	0
12170	-0.0303627	-0.122999	0
12180	-0.0321665	-0.172216	0
12190	-0.0324458	-0.218417	0
12200	-0.0306397	-0.25898	0
12210	-0.0259768	-0.291328	0
12220	-0.0194939	-0.314518	0
12230	-0.0112562	-0.328211	0
12240	-0.229102	-0.0318382	0
12250	-0.148473	-0.0168321	0
12260	-0.173042	-0.25343	0
12270	0.0902863	-0.326368	0
12280	0.0542232	0.0224032	0
12290	0.0483737	0.0386283	0
12300	0.0617561	0.0597128	0
12310	0.14208	0.0729374	0
12320	0.313352	0.0474346	0
12330	0.340302	0.00626261	0
12340	0.354951	-0.0117353	0
12350	0.352193	-0.00388833	0
12360	0.328975	-0.0287465	0
12370	-0.420768	0.110311	0
12380	-0.39522	0.0501912	0
12390	-0.345506	0.0335139	0
12400	-0.345101	0.0514164	0
12410	-0.341693	0.0696266	0
12420	-0.328321	0.0827927	0
12430	-0.306947	0.0938388	0
12440	-0.0454077	0.0288273	0
12450	-0.0298195	0.0355759	0
12460	-0.0163967	0.0429366	0
12470	-0.0122727	0.0494795	0
12480	-0.0130375	0.0547236	0
12490	0.006604	0.0590449	0
12500	0.00942394	0.0625235	0
12510	0.00874455	0.0649308	0
12520	-0.00253849	0.0659751	0
12530	0.0140285	0.0653416	0
12540	-0.0233402	0.0630368	0
12550	-0.0348181	0.0579719	0
12560	-0.0200744	0.0515453	0
12570	-0.0286051	0.0420764	0
12580	-0.0300712	0.0300957	0
12590	-0.0295419	0.0152934	0
12600	0.0175588	-0.00746432	0
12610	-0.00379381	-0.0239474	0
12620	0.0196337	-0.0454449	0
12630	0.00502748	-0.0686428	0
12640	0.000309421	-0.0883897	0
12650	0.00518698	-0.105027	0
12660	0.00553161	-0.119566	0
12670	0.00540623	-0.126765	0
12680	0.134514	-0.0885514	0
12690	0.271563	0.000819811	0
12700	0.279668	-0.0263029	0
12710	0.275232	0.0187932	0
12720	0.277105	0.015487	0
12730	0.284901	0.0221185	0
12740	0.286975	0.0210782	0
12750	0.288712	0.0270789	0
12760	0.293091	0.0228493	0
12770	0.296618	0.0119583	0
12780	0.295966	-0.000506064	0
12790	0.2944	0.0104421	0
12800	0.294373	0.0374318	0
12810	0.304992	0.0336161	0
12820	0.37231	0.0428997	0
12830	0.333009	0.0558396	0
12840	0.220868	0.15	0
12850	0.267014	0.0413226	0
12860	0.282844	-0.0273957	0
12870	-0.200284	-0.00581524	0
12880	-0.241532	-0.00922724	0
12890	-0.205238	-0.0360525	0
12900	-0.203791	-0.00779229	0
12910	-0.198176	0.00557509	0
12920	-0.196164	0.0122669	0
12930	-0.201132	0.0141114	0
12940	-0.212053	0.0159005	0
12950	-0.221908	-0.0925925	0
12960	-0.251205	-0.0415439	0
12970	-0.282302	-0.0397017	0
12980	-0.261132	0.0838771	0
12990	-0.303975	-0.0124736	0
13000	-0.295702	-0.00963701	0
13010	-0.269697	-0.0381357	0
13020	-0.211823	-0.066972	0
13030	-0.0976768	-0.0913687	0
13040	-0.087658	-0.0977836	0
13050	-0.0902213	-0.116368	0
13060	-0.0943985	-0.163476	0
13070	0.322475	-0.102508	0
13080	0.294335	-0.0512489	0
13090	0.293497	-0.0940129	0
13100	0.14764	-0.06155	0
13110	0.0418544	-0.088127	0
13120	0.0279567	-0.131782	0
13130	0.0271734	-0.172047	0
13140	0.0280362	-0.20502	0
13150	0.0300526	-0.226694	0
13160	0.0358011	-0.234052	0
13170	0.0395795	-0.224835	0
13180	0.0554268	-0.197444	0
13190	0.0383808	-0.155364	0
13200	0.0434422	-0.0976192	0
13210	0.0478039	-0.028531	0
13220	0.0360675	0.0572101	0
13230	0.0471167	0.155121	0
13240	-0.00861197	0.25469	0
13250	-0.0104928	0.334814	0
13260	-0.022456	0.376995	0
13270	-0.0377285	0.422769	0
13280	0.0139653	0.492556	0
13290	0.0736417	0.528956	0
13300	0.00857997	0.129457	0
13310	0.0139499	0.120892	0
13320	0.0105159	0.10712	0
13330	0.0116507	0.0912555	0
13340	0.015023	0.0760614	0
13350	0.0151992	0.0639981	0
13360	0.0129155	0.0569751	0
13370	0.00872163	0.0559425	0
13380	0.00280253	0.0607264	0
13390	-0.00390711	0.0696494	0
13400	-0.0114661	0.0799159	0
13410	-0.0202735	0.0889441	0
13420	-0.0289808	0.0942302	0
13430	-0.0374463	0.0936482	0
13440	-0.0448611	0.085532	0
13450	-0.0474693	0.0687457	0
13460	-0.0220075	0.0117515	0
13470	-0.0845529	-0.0815886	0
13480	-0.0229678	-0.12425	0
13490	0.0599889	-0.215656	0
13500	-0.0282517	-0.225646	0
13510	-0.0210431	-0.263564	0
13520	-0.0173239	-0.29255	0
13530	-0.0139968	-0.309958	0
13540	-0.0119202	-0.319398	0
13550	-0.00538672	0.0204433	0
13560	-0.00565745	-0.336475	0
13570	-0.00492446	-0.34528	0
13580	-0.0140066	-0.00673464	0
13590	-0.0817653	-0.0282257	0
13600	-0.126593	-0.037203	0
13610	-0.073639	-0.0421106	0
13620	0.00791484	-0.041999	0
13630	0.0163648	-0.0432705	0
13640	0.0193819	-0.0395229	0
13650	0.0215885	-0.0306893	0
13660	0.0219698	-0.0170943	0
13670	0.0193439	0.000560855	0
13680	0.0091135	0.0244157	0
13690	0.0105163	0.0460043	0
13700	0.0958482	0.0900038	0
13710	0.0782384	0.0924673	0
13720	0.0877636	0.109665	0
13730	0.067799	0.124821	0
13740	0.0768478	0.139115	0
13750	0.214867	0.116055	0
13760	0.301227	-0.0169521	0
13770	0.238849	-0.0747898	0
13780	0.244533	0.102043	0
13790	-0.20246	-0.0976517	0
13800	-0.25767	-0.0481752	0
13810	-0.259265	-0.0241296	0
13820	-0.214859	-0.0324628	0
13830	-0.200689	-0.0109506	0
13840	-0.145691	0.000257629	0
13850	-0.0517532	0.0160908	0
13860	-0.000840517	0.0433897	0
13870	0.00235532	0.0640683	0
13880	0.00426704	0.0754936	0
13890	0.00333794	0.0770606	0
13900	-0.00320746	0.0719343	0
13910	-0.0148451	0.0651455	0
13920	-0.0256681	0.0583148	0
13930	-0.033601	0.0499605	0
13940	-0.0393887	0.0379185	0
13950	-0.0550736	0.0201084	0
13960	-0.0415968	-0.00234575	0
13970	-0.0539581	-0.030236	0
13980	-0.0582759	-0.060264	0
13990	-0.0595842	-0.0919911	0
14000	-0.0594069	-0.126084	0
14010	-0.0557891	-0.159827	0
14020	-0.052226	-0.191518	0
14030	-0.0451512	-0.218588	0
14040	-0.0357308	-0.239636	0
14050	-0.0240778	-0.253805	0
14060	-0.0302462	-0.257642	0
14070	-0.287806	-0.0403262	0
14080	-0.240452	-0.0244803	0
14090	-0.246914	-0.0783474	0
14100	-0.222832	-0.0317925	0
14110	-0.202737	-0.0193907	0
14120	-0.163255	0.0182569	0
14130	-0.162067	-0.00838713	0
14140	-0.0858694	0.0720075	0
14150	-0.0598096	0.0798546	0
14160	0.031425	0.116292	0
14170	0.043776	0.132255	0
14180	0.0879587	0.149431	0
14190	0.0936794	0.167036	0
14200	-0.0656936	-0.107219	0
14210	-0.00868841	-0.0834522	0
14220	-0.0431641	-0.0664186	0
14230	0.0993691	0.317707	0
14240	-0.230439	0.239009	0
14250	0.231048	0.156342	0
14260	0.202051	0.0380134	0
14270	0.201223	0.049576	0
14280	0.147493	0.0486554	0
14290	0.0601241	0.0466127	0
14300	-0.0102058	0.0597054	0
14310	-0.0137168	0.0778848	0
14320	-0.0179018	0.0942747	0
14330	-0.0391967	0.107785	0
14340	-0.030895	0.113972	0
14350	-0.0181678	0.111181	0
14360	-0.0454644	0.10142	0
14370	-0.0803613	0.127138	0
14380	-0.063239	0.111762	0
14390	-0.0653523	0.0915316	0
14400	-0.0705631	0.0664378	0
14410	-0.0800357	0.0368056	0
14420	-0.0923927	0.00296601	0
14430	-0.101463	-0.0329946	0
14440	-0.133093	-0.0858133	0
14450	-0.144282	-0.136007	0
14460	-0.14569	-0.176337	0
14470	-0.135985	-0.196818	0
14480	-0.102751	-0.194148	0
14490	-0.0836879	-0.197863	0
14500	-0.359861	-0.175092	0
14510	-0.0600829	-0.316469	0
14520	-0.215595	-0.139759	0
14530	-0.192315	0.0890445	0
14540	0.0937285	0.107915	0
14550	0.270243	-0.0502085	0
14560	0.228419	0.0650636	0
14570	0.0587196	0.129824	0
14580	0.298074	-0.0607635	0
14590	0.264172	0.0822271	0
14600	0.28909	0.0496042	0
14610	0.291602	0.0477941	0
14620	0.274144	0.0485992	0
14630	0.237439	0.0588545	0
14640	0.172526	0.0675816	0
14650	0.0504926	0.0666183	0
14660	0.0292025	0.046126	0
14670	0.021105	0.0273012	0
14680	0.00944076	0.0121809	0
14690	0.000125434	0.00249079	0
14700	-0.00735423	0.000512892	0
14710	-0.0126039	0.00672822	0
14720	-0.00630049	0.0214556	0
14730	-0.0155271	0.0414912	0
14740	-0.0215325	0.0623855	0
14750	-0.045855	0.0816924	0
14760	-0.0243011	0.0967316	0
14770	-0.0278363	0.10581	0
14780	-0.0232829	0.108994	0
14790	-0.022399	0.107257	0
14800	-0.105967	-0.250485	0
14810	-0.0303596	0.0879784	0
14820	-0.258888	0.0276775	0
14830	-0.0217643	0.0408855	0
14840	-0.0196081	0.0105172	0
14850	-0.0173506	-0.0214367	0
14860	-0.0119877	-0.0525493	0
14870	-0.00864977	-0.0808417	0
14880	-0.00506459	-0.104996	0
14890	-0.00840691	-0.122635	0
14900	-0.00305484	-0.133876	0
14910	0.00332375	-0.137787	0
14920	-0.0144563	-0.136956	0
14930	-0.0620171	-0.136958	0
14940	-0.0597604	-0.14523	0
14950	-0.111472	-0.13286	0
14960	-0.104261	-0.10559	0
14970	-0.114648	-0.0811565	0
14980	-0.0983109	-0.058892	0
14990	-0.0882413	-0.0241998	0
15000	-0.0777595	0.0972335	0
15010	-0.0749953	0.159402	0
15020	-0.01684	0.212364	0
15030	0.148608	0.201897	0
15040	0.0737378	0.174736	0
15050	0.0864231	0.200279	0
15060	0.0201321	0.202326	0
15070	-0.454035	0.0420276	0
15080	-0.387704	0.0259494	0
15090	-0.390838	0.0291987	0
15100	-0.381793	0.0176649	0
15110	-0.382156	0.0117813	0
15120	-0.382789	0.00984462	0
15130	-0.382543	0.00863145	0
15140	-0.382969	0.00772	0
15150	-0.383025	0.00745478	0
15160	-0.380566	0.00640255	0
15170	-0.379214	0.00537049	0
15180	-0.383967	-0.0230387	0
15190	-0.313649	-0.0443633	0
15200	-0.32988	-0.0364317	0
15210	-0.387616	0.0205839	0
15220	-0.347588	0.00690725	0
15230	-0.355042	-0.00845484	0
15240	-0.360837	0.00664766	0
15250	-0.3416	0.00500184	0
15260	-0.333704	0.00235525	0
15270	-0.320844	-0.00111759	0
15280	-0.306509	-0.00438442	0
15290	-0.291726	-0.00693366	0
15300	-0.277889	-0.00842249	0
15310	-0.267623	-0.0126479	0
15320	-0.259194	-0.0251348	0
15330	-0.262481	-0.00977635	0
15340	-0.254317	-0.0272982	0
15350	-0.25468	-0.0253738	0
15360	-0.255161	-0.0211035	0
15370	-0.253802	-0.0183119	0
15380	-0.256833	-0.0134492	0
15390	-0.25283	-0.00714429	0
15400	-0.242653	-0.00599546	0
15410	-0.231435	-0.0102778	0
15420	-0.217894	-0.011502	0
15430	-0.200847	-0.0115981	0
15440	-0.216328	0.000631755	0
15450	-0.206186	-0.00178497	0
15460	-0.219367	0.0067797	0
15470	-0.201805	0.0020177	0
15480	-0.214893	0.0154496	0
15490	-0.200275	0.0079719	0
15500	-0.194446	0.00868581	0
15510	-0.190978	0.0105338	0
15520	-0.22506	0.0161082	0
15530	-0.202188	0.0159937	0
15540	-0.202231	0.0213848	0
15550	-0.221012	0.0498364	0
15560	-0.265258	-0.00542231	0
15570	-0.223299	0.0206812	0
15580	-0.238939	0.0343914	0
15590	-0.224726	0.0396276	0
15600	-0.222565	0.0369908	0
15610	-0.171177	-0.0362911	0
15620	-0.216401	0.112943	0
15630	-0.42948	0.109649	0
15640	-0.201763	0.0188471	0
15650	-0.360231	0.0373099	0
15660	-0.265837	0.0930169	0
15670	-0.201	0.075775	0
15680	-0.288457	0.0970527	0
15690	-0.165422	-0.00459081	0
15700	-0.356022	0.0954735	0
15710	-0.168626	-0.0770229	0
15720	-0.34235	0.0245222	0
15730	-0.201844	0.0261457	0
15740	-0.390144	0.0293076	0
15750	-0.186151	-0.0163733	0
15760	-0.372943	0.0816331	0
15770	-0.202518	-0.000208902	0
15780	-0.367737	0.0904913	0
15790	-0.314842	0.0340711	0
15800	-0.172297	-0.00654554	0
15810	-0.219587	0.0239416	0
15820	-0.199839	0.0508306	0
15830	-0.363746	0.0616134	0
15840	-0.338725	0.0813901	0
15850	-0.216698	0.016039	0
15860	-0.24703	0.0441272	0
15870	-0.245019	0.0323993	0
15880	-0.25725	0.0598186	0
15890	-0.231349	0.0302596	0
15900	-0.228357	0.044499	0
15910	-0.230009	0.0473877	0
15920	-0.219027	0.0457051	0
15930	-0.208186	0.0462164	0
15940	-0.201513	0.0534411	0
15950	-0.180575	0.0509759	0
15960	-0.15393	0.0493961	0
15970	-0.111758	0.0567759	0
15980	-0.109188	0.0549056	0
15990	-0.052544	0.05988	0
16000	-0.0532527	0.0624667	0
16010	-0.0547015	0.0602768	0
16020	-0.0336074	0.0663607	0
16030	-0.0360972	0.0538848	0
16040	-0.0578544	0.0413481	0
16050	-0.0249536	0.0384047	0
16060	-0.0401851	-0.00223539	0
16070	-0.0600176	-0.011429	0
16080	-0.0549156	-0.0140774	0
16090	-0.062223	-0.0140227	0
16100	-0.0672847	-0.0177069	0
16110	-0.165847	0.00204384	0
16120	-0.213702	0.0199432	0
16130	-0.222698	0.0137146	0
16140	-0.208398	0.00722007	0
16150	-0.198918	0.00188269	0
16160	-0.205648	0.0167663	0
16170	-0.212983	0.0138014	0
16180	-0.230172	0.0255792	0
16190	-0.183048	0.00690226	0
16200	-0.239113	0.0228924	0
16210	-0.249432	0.0306592	0
16220	-0.236069	0.0282343	0
16230	-0.242678	0.0325748	0
16240	-0.233444	0.0310339	0
16250	-0.241927	0.0329236	0
16260	-0.234648	0.0305638	0
16270	-0.244666	0.0313965	0
16280	-0.240234	0.0304055	0
16290	-0.219761	0.0270983	0
16300	-0.24445	0.031683	0
16310	-0.242119	0.0338371	0
16320	-0.248346	0.0349004	0
16330	-0.247882	0.0357821	0
16340	-0.255456	0.040098	0
16350	-0.245786	0.0389604	0
16360	-0.225296	0.0159148	0
16370	-0.266551	0.039106	0
16380	-0.20848	0.0320443	0
16390	-0.252482	0.0362006	0
16400	-0.303053	0.0927154	0
16410	-0.256761	0.033636	0
16420	-0.244801	0.0341153	0
16430	-0.024901	-0.0479706	0
16440	-0.234905	0.0292476	0
16450	-0.201192	-0.0126747	0
16460	0.192136	0.0736326	0
16470	-0.0498372	-0.0598257	0
16480	0.0407785	0.356865	0
16490	-0.248634	0.195411	0
16500	0.0350661	0.349928	0
16510	-0.0394643	-0.0406908	0
16520	-0.209509	0.264692	0
16530	-0.00327213	-0.0461636	0
16540	-0.0648507	-0.0469392	0
16550	-0.0449726	-0.0344671	0
16560	-0.0648731	-0.0474837	0
16570	-0.115349	-0.00398997	0
16580	0.129904	0.0137658	0
16590	-0.0522613	-0.0348184	0
16600	-0.0989751	-0.0405993	0
16610	-0.130016	-0.0425139	0
16620	-0.300875	0.0420558	0
16630	-0.281958	0.0332355	0
16640	-0.263734	0.0251238	0
16650	-0.289173	0.0635042	0
16660	-0.250608	0.0108116	0
16670	-0.282602	0.0526047	0
16680	-0.266019	0.0272432	0
16690	-0.286853	0.0513876	0
16700	-0.269257	0.0288518	0
16710	-0.275535	0.0460221	0
16720	-0.28466	0.0338203	0
16730	-0.269684	0.0336544	0
16740	-0.284237	0.0408227	0
16750	-0.283432	0.0304095	0
16760	-0.282636	0.0435825	0
16770	-0.306302	0.0479391	0
16780	-0.302919	0.0495586	0
16790	-0.320883	0.045994	0
16800	-0.305058	0.043371	0
16810	-0.314664	0.0538662	0
16820	-0.273418	0.0297776	0
16830	-0.307241	0.0465323	0
16840	-0.367437	0.050344	0
16850	-0.304274	0.042942	0
16860	-0.300625	0.0452968	0
16870	-0.301438	0.0463844	0
16880	-0.302542	0.0455119	0
16890	-0.305697	0.045537	0
16900	-0.306389	0.0464278	0
16910	-0.312915	0.048644	0
16920	-0.304934	0.0323292	0
16930	-0.313067	0.0583254	0
16940	-0.380951	0.034002	0
16950	-0.267034	0.0224723	0
16960	-0.2725	0.0436876	0
16970	-0.357847	0.0657178	0
16980	-0.330585	0.0679576	0
16990	-0.327937	0.039621	0
17000	-0.346609	0.047309	0
17010	-0.251096	0.0433273	0
17020	-0.333783	0.0428935	0
17030	-0.299926	0.0408387	0
17040	-0.315446	0.0477592	0
17050	-0.296944	0.0423972	0
17060	-0.311795	0.046961	0
17070	-0.289247	0.0427853	0
17080	-0.315996	0.04515	0
17090	-0.282784	0.045765	0
17100	-0.320027	0.0448818	0
17110	-0.290324	0.0489453	0
17120	-0.321469	0.0430486	0
17130	-0.301833	0.045185	0
17140	-0.31268	0.0409846	0
17150	-0.303245	0.0445707	0
17160	-0.317658	0.0487168	0
17170	-0.310503	0.0483043	0
17180	-0.31555	0.0452223	0
17190	-0.316343	0.0466464	0
17200	-0.319665	0.0458196	0
17210	-0.316256	0.0454704	0
17220	-0.323609	0.0446594	0
17230	-0.318036	0.0472321	0
17240	-0.320953	0.0439741	0
17250	-0.319611	0.0441363	0
17260	-0.321919	0.044626	0
17270	-0.322739	0.0430587	0
17280	-0.324529	0.0425016	0
17290	-0.322605	0.0422766	0
17300	-0.322822	0.041848	0
17310	-0.322229	0.0410158	0
17320	-0.322059	0.0404086	0
17330	-0.323007	0.0404407	0
17340	-0.323353	0.0401256	0
17350	-0.323922	0.0401064	0
17360	-0.323967	0.0398728	0
17370	-0.324459	0.039776	0
17380	-0.325015	0.0399491	0
17390	-0.325064	0.0399773	0
17400	-0.323775	0.0388352	0
17410	-0.324543	0.0387771	0
17420	-0.323354	0.0387572	0
17430	-0.32474	0.0383908	0
17440	-0.324425	0.0389994	0
17450	-0.325352	0.0392917	0
17460	-0.323029	0.0407811	0
17470	-0.323351	0.0416888	0
17480	-0.317839	0.0414139	0
17490	-0.347404	0.0489773	0
17500	-0.342165	0.046987	0
17510	-0.3369	0.0497199	0
17520	-0.340627	0.0398608	0
17530	-0.272461	0.0277303	0
17540	-0.334635	0.0436924	0
17550	-0.321033	0.0410485	0
17560	-0.327021	0.0394816	0
17570	-0.327457	0.0409831	0
17580	-0.330804	0.0427762	0
17590	-0.33325	0.0518063	0
17600	-0.326682	0.0467199	0
17610	-0.349039	0.0398699	0
17620	-0.333617	0.0476012	0
17630	-0.336226	0.0410085	0
17640	-0.321704	0.0454593	0
17650	-0.335637	0.0372119	0
17660	-0.341942	0.0405309	0
17670	-0.336002	0.0363814	0
17680	-0.339317	0.0427133	0
17690	-0.33646	0.0409811	0
17700	-0.341366	0.0402692	0
17710	-0.336377	0.0426451	0
17720	-0.333326	0.0399643	0
17730	-0.334883	0.0402942	0
17740	-0.329772	0.0367071	0
17750	-0.327854	0.040209	0
17760	-0.323082	0.038767	0
17770	-0.359203	0.0287924	0
17780	-0.322245	0.0408403	0
17790	-0.346698	0.0396571	0
17800	-0.335719	0.0408745	0
17810	-0.333646	0.0390973	0
17820	-0.343744	0.0336296	0
17830	-0.346232	0.0438153	0
17840	-0.337568	0.0417942	0
17850	-0.34449	0.043177	0
17860	-0.355353	0.047283	0
17870	-0.346252	0.0482353	0
17880	-0.343432	0.0396357	0
17890	-0.345583	0.0381748	0
17900	-0.345007	0.0393756	0
17910	-0.347255	0.0375319	0
17920	-0.345796	0.0381405	0
17930	-0.348554	0.0368931	0
17940	-0.344375	0.0400871	0
17950	-0.355141	0.0429356	0
17960	-0.347613	0.0430197	0
17970	-0.355142	0.0406982	0
17980	-0.345567	0.0385693	0
17990	-0.350294	0.0357356	0
18000	-0.3851	0.026718	0
