0	0	0	0
10	0.000455122	-2.28255	0
20	0.000938125	-2.13538	0
30	0.00138026	-1.89872	0
40	0.00176387	-1.589	0
50	0.00207537	-1.22749	0
60	0.00230599	-0.838636	0
70	0.0024522	-0.448195	0
80	0.00251587	-0.0812385	0
90	0.00250395	0.23972	0
100	0.00242784	0.496375	0
110	0.00230238	0.675918	0
120	0.00214465	0.771853	0
130	0.00197241	0.784296	0
140	0.00180314	0.719734	0
150	0.00165231	0.590277	0
160	0.00153247	0.41248	0
170	0.00145275	0.205828	0
180	0.00141757	-0.00896315	0
190	0.00142764	-0.211703	0
200	0.00147903	-0.384377	0
210	0.00156471	-0.512571	0
220	0.0016743	-0.586536	0
230	0.00179045	-0.601831	0
240	0.00189574	-0.55949	0
250	0.00198412	-0.465712	0
260	0.00205112	-0.331118	0
270	0.00209105	-0.169644	0
280	0.00210024	0.00281732	0
290	0.00207689	0.169907	0
300	0.00202386	0.316285	0
310	0.00194464	0.428978	0
320	0.00184743	0.498483	0
330	0.00174145	0.519529	0
340	0.00163477	0.491432	0
350	0.00153976	0.418035	0
360	0.00146292	0.307247	0
370	0.00141279	0.17021	0
380	0.00139601	0.0202156	0
390	0.00141238	-0.128563	0
400	0.00146322	-0.262381	0
410	0.00154202	-0.369169	0
420	0.00164369	-0.439592	0
430	0.00176655	-0.467851	0
440	0.00190194	-0.452127	0
450	0.00204242	-0.394674	0
460	0.00217528	-0.301519	0
470	0.00229313	-0.18184	0
480	0.00239591	-0.0470513	0
490	0.00247751	0.0902831	0
500	0.00253774	0.217637	0
510	0.00257896	0.323676	0
520	0.00261561	0.399293	0
530	0.00263369	0.438413	0
540	0.00264973	0.43852	0
550	0.00266861	0.400847	0
560	0.00269412	0.330218	0
570	0.00274764	0.234572	0
580	0.00283204	0.12421	0
590	0.00292771	0.0108328	0
600	0.00304695	-0.0935227	0
610	0.00312087	-0.177574	0
620	0.00330301	-0.231794	0
630	0.00344285	-0.249233	0
640	0.00358472	-0.226101	0
650	0.00367142	-0.162058	0
660	0.0036343	-0.0601934	0
670	0.00366104	0.0733143	0
680	0.00356863	0.229792	0
690	0.00318896	0.398891	0
700	0.00271473	0.569536	0
710	0.00160861	0.730916	0
720	0.000968823	0.873441	0
730	-0.000341134	0.98955	0
740	-0.00232991	1.07435	0
750	-0.00391543	1.12565	0
760	-0.0064442	1.1451	0
770	-0.000619575	1.13575	0
780	-0.0116781	0.531625	0
790	-0.0159306	0.498172	0
800	-0.0128714	0.47486	0
810	-0.0163938	0.466364	0
820	-0.0226876	0.4749	0
830	-0.0305822	0.500383	0
840	-0.03951	0.540322	0
850	-0.0490953	0.589974	0
860	-0.0587753	0.642555	0
870	-0.0681484	0.689909	0
880	-0.076857	0.723374	0
890	-0.0845012	0.734658	0
900	-0.0907421	0.716728	0
910	-0.0954773	0.664851	0
920	-0.09746	0.577682	0
930	-0.0960603	0.45718	0
940	-0.0913306	0.306084	0
950	-0.083595	0.131367	0
960	-0.0729558	-0.0574033	0
970	-0.0597343	-0.248773	0
980	-0.0443644	-0.43028	0
990	-0.0269525	-0.589452	0
1000	-0.00791983	-0.714847	0
1010	0.0106312	-0.780995	0
1020	0.0207987	-0.792753	0
1030	0.031471	-0.755819	0
1040	0.0429651	-0.672907	0
1050	0.0550781	-0.550138	0
1060	0.0673411	-0.396629	0
1070	0.078847	-0.22332	0
1080	0.0904515	-0.0418127	0
1090	0.102549	0.135112	0
1100	0.115598	0.297033	0
1110	0.129167	0.435396	0
1120	0.142635	0.542147	0
1130	0.155687	0.610082	0
1140	0.167677	0.634743	0
1150	0.177704	0.61482	0
1160	0.184829	0.552249	0
1170	0.187779	0.452034	0
1180	0.185555	0.321821	0
1190	0.177496	0.171258	0
1200	0.16321	0.0112039	0
1210	0.142683	-0.147129	0
1220	0.116278	-0.293051	0
1230	0.0847628	-0.417207	0
1240	0.0493094	-0.512253	0
1250	0.0114371	-0.573357	0
1260	-0.0270606	-0.598476	0
1270	-0.0642054	-0.588401	0
1280	-0.0979441	-0.546576	0
1290	-0.126268	-0.47869	0
1300	-0.147398	-0.392102	0
1310	-0.159957	-0.295146	0
1320	-0.163224	-0.196406	0
1330	-0.15729	-0.104035	0
1340	-0.142969	-0.0251695	0
1350	-0.121574	0.034558	0
1360	-0.094692	0.0713915	0
1370	-0.0640474	0.0836731	0
1380	-0.0313966	0.0718621	0
1390	0.00154573	0.0383385	0
1400	0.0331251	-0.0129669	0
1410	0.0617868	-0.0770518	0
1420	0.0860722	-0.148366	0
1430	0.1047	-0.221325	0
1440	0.116586	-0.290757	0
1450	0.120912	-0.352231	0
1460	0.117164	-0.402213	0
1470	0.105098	-0.43802	0
1480	0.0847667	-0.457478	0
1490	0.0566188	-0.458237	0
1500	0.0220133	-0.437302	0
1510	-0.0148174	-0.393655	0
1520	-0.044207	-0.225403	0
1530	-0.0581602	-0.190424	0
1540	-0.0597023	-0.178009	0
1550	-0.0557467	-0.188817	0
1560	-0.0517781	-0.218239	0
1570	-0.0503083	-0.259929	0
1580	-0.0519647	-0.307224	0
1590	-0.0565421	-0.353686	0
1600	-0.0634618	-0.393521	0
1610	-0.0719678	-0.422032	0
1620	-0.0812076	-0.436034	0
1630	-0.0902545	-0.434161	0
1640	-0.0981469	-0.416983	0
1650	-0.10395	-0.386911	0
1660	-0.1068	-0.347881	0
1670	-0.105981	-0.304846	0
1680	-0.100997	-0.263147	0
1690	-0.091608	-0.227815	0
1700	-0.0778829	-0.202896	0
1710	-0.0602064	-0.190883	0
1720	-0.0392563	-0.192321	0
1730	-0.0159655	-0.205628	0
1740	0.00852905	-0.227176	0
1750	0.0329436	-0.251604	0
1760	0.0559218	-0.272367	0
1770	0.0760978	-0.282445	0
1780	0.0921543	-0.275162	0
1790	0.102943	-0.245021	0
1800	0.107577	-0.188467	0
1810	0.105514	-0.104479	0
1820	0.0966363	0.00507314	0
1830	0.0812958	0.135359	0
1840	0.0603089	0.278841	0
1850	0.0349638	0.425821	0
1860	0.00682454	0.565255	0
1870	-0.022177	0.685743	0
1880	-0.0499858	0.776628	0
1890	-0.0745283	0.829108	0
1900	-0.0938788	0.837133	0
1910	-0.106372	0.798078	0
1920	-0.110671	0.713117	0
1930	-0.106051	0.587249	0
1940	-0.0924323	0.428999	0
1950	-0.0708352	0.250038	0
1960	-0.0440284	0.0650074	0
1970	-0.0168009	-0.108928	0
1980	0.00563869	-0.254583	0
1990	0.0203269	-0.359139	0
2000	0.0274564	-0.415899	0
2010	0.0291296	-0.422374	0
2020	0.0274565	-0.37896	0
2030	0.0229989	-0.289412	0
2040	0.0152524	-0.16129	0
2050	0.0035712	-0.00563862	0
2060	-0.012129	0.16397	0
2070	-0.0312301	0.332709	0
2080	-0.0525051	0.485873	0
2090	-0.0741874	0.610233	0
2100	-0.0940145	0.695207	0
2110	-0.109188	0.733653	0
2120	-0.116066	0.721397	0
2130	-0.106322	0.512071	0
2140	-0.0184087	0.276788	0
2150	0.0224639	0.0303379	0
2160	-0.0319242	-0.0741185	0
2170	-0.0253848	-0.141212	0
2180	0.00259594	-0.187962	0
2190	0.0349339	-0.212967	0
2200	0.0694598	-0.214835	0
2210	0.103922	-0.195307	0
2220	0.135662	-0.157862	0
2230	0.161593	-0.107786	0
2240	0.177949	-0.0509712	0
2250	0.180291	0.00943205	0
2260	0.0675469	0.105611	0
2270	0.0523023	0.165859	0
2280	0.0616125	0.202778	0
2290	0.111213	0.241529	0
2300	0.0967626	0.274137	0
2310	0.0819101	0.290904	0
2320	0.0660341	0.291746	0
2330	0.0491456	0.278117	0
2340	0.0316484	0.252785	0
2350	0.014178	0.219519	0
2360	-0.00252131	0.182683	0
2370	-0.0177266	0.146788	0
2380	-0.0307813	0.116012	0
2390	-0.0411618	0.0937721	0
2400	-0.0485708	0.0823514	0
2410	-0.0529249	0.0826529	0
2420	-0.0543279	0.0940836	0
2430	-0.0530944	0.114593	0
2440	-0.0497236	0.140858	0
2450	-0.0446706	0.16861	0
2460	-0.038597	0.193056	0
2470	-0.0322064	0.20938	0
2480	-0.026104	0.213259	0
2490	-0.0208614	0.201348	0
2500	-0.0169139	0.171698	0
2510	-0.0146203	0.124043	0
2520	-0.0141516	0.0599421	0
2530	-0.015489	-0.0172558	0
2540	-0.0185545	-0.102622	0
2550	-0.0230713	-0.190016	0
2560	-0.028651	-0.272591	0
2570	-0.0348131	-0.343389	0
2580	-0.040982	-0.395979	0
2590	-0.046606	-0.42507	0
2600	-0.0511451	-0.427049	0
2610	-0.0539631	-0.400392	0
2620	-0.0545093	-0.345883	0
2630	-0.0523152	-0.26664	0
2640	-0.0470173	-0.167917	0
2650	-0.0386098	-0.0567532	0
2660	-0.027559	0.0584878	0
2670	-0.014825	0.168669	0
2680	-0.00163041	0.264559	0
2690	0.0109324	0.337639	0
2700	0.0222489	0.380912	0
2710	0.032183	0.389568	0
2720	0.040872	0.36144	0
2730	0.0485274	0.297231	0
2740	0.0553002	0.200508	0
2750	0.0612553	0.0774627	0
2760	0.0663964	-0.0635313	0
2770	0.0706366	-0.212507	0
2780	0.0738058	-0.358723	0
2790	0.0753698	-0.491546	0
2800	0.0744124	-0.601289	0
2810	0.0728559	-0.679947	0
2820	0.0674024	-0.721559	0
2830	0.0560198	-0.719025	0
2840	-0.00982427	-0.400306	0
2850	-0.0598464	-0.216463	0
2860	-0.00593239	-0.14607	0
2870	-0.02048	-0.0867253	0
2880	-0.00596819	-0.160086	0
2890	-0.0474811	-0.106944	0
2900	-0.155631	-0.00811323	0
2910	-0.127009	0.0114684	0
2920	-0.100549	0.0467467	0
2930	-0.0404162	0.0885936	0
2940	-0.0553964	0.127557	0
2950	-0.0634743	0.159945	0
2960	-0.0680677	0.182586	0
2970	-0.0645886	0.194412	0
2980	-0.0580165	0.192863	0
2990	-0.118609	-0.119982	0
3000	-0.00201903	-0.193611	0
3010	-0.0209992	-0.197105	0
3020	-0.168153	-0.11182	0
3030	-0.0976033	0.0124472	0
3040	-0.269626	-0.145839	0
3050	-0.076806	-0.223127	0
3060	-0.34716	-0.0322202	0
3070	-0.167948	-0.176596	0
3080	-0.231023	-0.12429	0
3090	-0.225141	-0.0969726	0
3100	-0.239323	-0.0478487	0
3110	-0.209731	-0.00864927	0
3120	-0.147638	0.0286097	0
3130	-0.0691217	0.0436842	0
3140	0.0129518	0.0247989	0
3150	0.000165392	-0.0209569	0
3160	-0.0213803	-0.0729213	0
3170	-0.0267385	-0.126624	0
3180	-0.0337073	-0.177703	0
3190	-0.0370366	-0.220917	0
3200	-0.0368864	-0.251664	0
3210	-0.0341351	-0.266455	0
3220	-0.0295147	-0.263223	0
3230	-0.0236503	-0.241524	0
3240	-0.0170526	-0.202602	0
3250	-0.0101528	-0.149302	0
3260	-0.00332111	-0.0858412	0
3270	0.003158	-0.0174426	0
3280	0.00906238	0.0501284	0
3290	0.0142366	0.111088	0
3300	0.018584	0.160166	0
3310	0.0220505	0.193092	0
3320	0.0246213	0.206999	0
3330	0.0262959	0.200701	0
3340	0.0270734	0.174821	0
3350	0.0269863	0.131744	0
3360	0.0261579	0.0754262	0
3370	0.0247069	0.0110412	0
3380	0.0228304	-0.0554745	0
3390	0.0208136	-0.117964	0
3400	0.0186674	-0.170621	0
3410	0.0162503	-0.208526	0
3420	0.0134212	-0.228077	0
3430	0.0100781	-0.227295	0
3440	0.00620484	-0.205981	0
3450	0.00188421	-0.165704	0
3460	-0.00272544	-0.109638	0
3470	-0.00739063	-0.0422478	0
3480	-0.0118042	0.031127	0
3490	-0.015615	0.104771	0
3500	-0.0184457	0.173105	0
3510	-0.019905	0.231173	0
3520	-0.0196435	0.275065	0
3530	-0.0173629	0.302219	0
3540	-0.0128338	0.311604	0
3550	-0.00595659	0.303733	0
3560	0.0032777	0.280543	0
3570	0.0147718	0.245122	0
3580	0.0283994	0.201272	0
3590	0.0268459	0.0376218	0
3600	-0.00964624	0.0118148	0
3610	-0.183087	-0.25157	0
3620	0.112651	-0.206991	0
3630	0.0871116	-0.0281916	0
3640	-0.182701	-0.278277	0
3650	-0.20769	0.0897246	0
3660	-0.262279	0.085689	0
3670	-0.0337618	0.0856937	0
3680	-0.308846	0.0929426	0
3690	-0.016022	0.0917422	0
3700	-0.286249	-0.190522	0
3710	-0.0395396	0.125711	0
3720	-0.219971	0.140741	0
3730	-0.201521	0.162482	0
3740	-0.236464	0.148844	0
3750	-0.157726	0.17477	0
3760	-0.381407	0.0957719	0
3770	-0.31759	0.129599	0
3780	-0.267131	0.132303	0
3790	-0.272927	0.131828	0
3800	-0.279503	0.136448	0
3810	-0.335399	0.117387	0
3820	-0.289178	0.13192	0
3830	-0.282346	0.1299	0
3840	-0.227837	0.13261	0
3850	-0.305923	0.121549	0
3860	-0.259155	0.130525	0
3870	-0.285815	0.131465	0
3880	-0.295323	0.128011	0
3890	-0.28094	0.129654	0
3900	-0.313339	0.113185	0
3910	-0.297242	0.13308	0
3920	-0.320647	0.103326	0
3930	-0.288142	0.130423	0
3940	-0.423134	0.0465862	0
3950	-0.2814	0.129544	0
3960	-0.228056	0.13901	0
3970	-0.347725	0.109036	0
3980	-0.266229	0.122317	0
3990	-0.301308	0.123526	0
4000	-0.308781	0.121195	0
4010	-0.314893	0.117295	0
4020	-0.350478	0.107075	0
4030	-0.303579	0.119978	0
4040	-0.294303	0.118391	0
4050	-0.318445	0.118243	0
4060	-0.298603	0.126673	0
4070	-0.308519	0.121281	0
4080	-0.306471	0.117704	0
4090	-0.307617	0.121298	0
4100	-0.306937	0.118448	0
4110	-0.299718	0.120892	0
4120	-0.0778127	0.0759696	0
4130	-0.353652	0.107014	0
4140	-0.293521	0.124543	0
4150	-0.407828	0.0766915	0
4160	-0.345574	0.115288	0
4170	-0.266198	0.123506	0
4180	-0.350132	0.105146	0
4190	-0.335031	0.1062	0
4200	-0.272374	0.127522	0
4210	-0.333552	0.115051	0
4220	-0.344395	0.11119	0
4230	-0.314689	0.123181	0
4240	-0.337243	0.111418	0
4250	-0.323694	0.116661	0
4260	-0.327372	0.11671	0
4270	-0.326298	0.116964	0
4280	-0.326468	0.117527	0
4290	-0.32732	0.117944	0
4300	-0.327927	0.118462	0
4310	-0.328064	0.119004	0
4320	-0.327817	0.119637	0
4330	-0.327827	0.120283	0
4340	-0.327992	0.120971	0
4350	-0.412981	0.00662081	0
4360	-0.254019	0.14786	0
4370	-0.415326	0.0713243	0
4380	-0.393621	0.0851686	0
4390	-0.406392	0.0646361	0
4400	-0.0920782	0.0872383	0
4410	-0.12781	-0.17391	0
4420	-0.20811	-0.202541	0
4430	-0.251855	-0.148648	0
4440	-0.365439	-0.130301	0
4450	-0.392215	-0.0637638	0
4460	-0.388901	-0.0456304	0
4470	-0.374175	-0.0326133	0
4480	-0.361237	-0.0245747	0
4490	-0.350772	-0.017333	0
4500	-0.342753	-0.010638	0
4510	-0.338886	-0.000141948	0
4520	-0.340806	0.0111148	0
4530	-0.34513	0.0255129	0
4540	-0.335678	0.0331518	0
4550	-0.336325	0.0613387	0
4560	-0.327586	0.0953092	0
4570	-0.31468	0.123954	0
4580	-0.29698	0.152475	0
4590	-0.271916	0.180829	0
4600	-0.245782	0.203424	0
4610	-0.230437	0.214124	0
4620	-0.230866	0.210879	0
4630	-0.244154	0.191154	0
4640	-0.256678	0.145264	0
4650	-0.21421	0.0512719	0
4660	-0.142395	0.0410977	0
4670	-0.0804662	0.0228994	0
4680	-0.0846456	0.0340692	0
4690	-0.0946758	0.0393839	0
4700	-0.0515734	0.0427763	0
4710	-0.0372256	0.0477964	0
4720	-0.00863973	0.0496536	0
4730	-0.0958412	0.0492445	0
4740	-0.0132541	0.0422111	0
4750	-0.0162383	0.0324568	0
4760	-0.00532568	0.0184057	0
4770	-0.00671393	0.00162317	0
4780	0.00205683	-0.0173908	0
4790	0.013925	-0.0388714	0
4800	0.0238447	-0.0614835	0
4810	0.0344017	-0.0845039	0
4820	0.048003	-0.105988	0
4830	0.063766	-0.125274	0
4840	0.0778033	-0.0126583	0
4850	0.0879405	-0.15588	0
4860	0.0957004	-0.16644	0
4870	0.0877811	-0.0413762	0
4880	0.0911594	-0.173458	0
4890	0.0811385	-0.167794	0
4900	-0.310157	-0.0486465	0
4910	-0.211023	0.0312078	0
4920	-0.222067	0.0207175	0
4930	-0.203448	0.0494267	0
4940	-0.201542	0.0613306	0
4950	-0.199824	0.0734294	0
4960	-0.198257	0.0849511	0
4970	-0.195413	0.0946053	0
4980	-0.189583	0.101331	0
4990	-0.178232	0.103777	0
5000	-0.15705	0.0997109	0
5010	-0.116492	0.0857112	0
5020	-0.0584797	0.069085	0
5030	-0.0578147	0.0780273	0
5040	-0.0682282	0.088727	0
5050	-0.0768745	0.0970122	0
5060	-0.0813115	0.102372	0
5070	-0.0787017	0.102966	0
5080	-0.0775792	0.0986566	0
5090	-0.0748479	0.0904928	0
5100	-0.0698484	0.0791871	0
5110	-0.0626264	0.0654372	0
5120	-0.052888	0.0500365	0
5130	-0.041064	0.0338744	0
5140	-0.0277104	0.0178904	0
5150	-0.0132852	0.00300516	0
5160	0.00175419	-0.0099422	0
5170	0.0168947	-0.020249	0
5180	0.0318019	-0.0273708	0
5190	-0.073626	-0.00896813	0
5200	0.00421535	-0.0363551	0
5210	0.0597966	-0.0452688	0
5220	0.0603826	-0.0501585	0
5230	0.0659005	-0.0541484	0
5240	0.066336	-0.0556273	0
5250	0.0615835	-0.0544935	0
5260	0.0568008	-0.0503072	0
5270	0.0461995	-0.0427941	0
5280	0.0346156	-0.0325719	0
5290	0.0186764	-0.0194719	0
5300	-0.00025243	-0.0039527	0
5310	-0.0162717	0.0136376	0
5320	-0.0277951	0.0235728	0
5330	-0.00848227	0.0283363	0
5340	0.00401416	0.0274119	0
5350	0.00171656	0.0203675	0
5360	-0.0124708	0.00790804	0
5370	-0.0236672	-0.00883482	0
5380	-0.00653107	-0.0285424	0
5390	-0.0171119	-0.049208	0
5400	-0.0250762	-0.0692028	0
5410	-0.0184398	-0.0868748	0
5420	-0.0266008	-0.100467	0
5430	-0.0205976	-0.108308	0
5440	-0.0238636	-0.108505	0
5450	-0.0256887	-0.102068	0
5460	-0.228677	-0.0204905	0
5470	-0.257658	0.0070219	0
5480	-0.247913	0.0119692	0
5490	-0.309109	0.0438677	0
5500	-0.243496	0.0301982	0
5510	-0.216981	0.0354423	0
5520	-0.191778	0.0398534	0
5530	-0.168947	0.0427359	0
5540	-0.152384	0.0442102	0
5550	-0.120792	0.0328486	0
5560	-0.0915401	0.0255254	0
5570	-0.101325	0.0244168	0
5580	-0.0967858	0.0184842	0
5590	-0.09754	0.0155038	0
5600	-0.109927	0.012757	0
5610	-0.101769	0.00982455	0
5620	-0.10124	5.22757e-05	0
5630	-0.0960741	-0.00767145	0
5640	-0.0964893	-0.0218293	0
5650	-0.107714	-0.0239906	0
5660	-0.0976264	-0.01847	0
5670	-0.0766851	-0.0224143	0
5680	-0.091496	-0.0265963	0
5690	-0.196756	-0.0101765	0
5700	-0.242611	-0.0112552	0
5710	-0.224201	-0.00981593	0
5720	-0.210974	-0.0151699	0
5730	-0.212183	-0.0225147	0
5740	-0.228632	-0.0320707	0
5750	-0.251913	-0.0473199	0
5760	-0.247719	-0.0687507	0
5770	-0.216678	-0.0835446	0
5780	-0.165647	-0.0660938	0
5790	-0.123547	0.0033994	0
5800	-0.107473	0.0331279	0
5810	-0.0894913	0.0374644	0
5820	-0.0734172	0.0371102	0
5830	-0.060665	0.0357294	0
5840	-0.0532072	0.0354915	0
5850	-0.0522517	0.038175	0
5860	-0.0572937	0.0442621	0
5870	-0.0691738	0.0544322	0
5880	-0.0868569	0.0677618	0
5890	-0.108374	0.0823578	0
5900	-0.13303	0.0966393	0
5910	-0.160765	0.108689	0
5920	-0.190501	0.119508	0
5930	-0.220208	0.125218	0
5940	-0.254202	0.133174	0
5950	-0.280742	0.124205	0
5960	-0.294645	0.102453	0
5970	-0.293992	0.0362396	0
5980	-0.218202	-0.0794716	0
5990	-0.0493103	-0.135278	0
6000	0.0510273	-0.156661	0
6010	0.0988677	-0.18419	0
6020	0.130927	-0.214402	0
6030	0.157338	-0.242946	0
6040	0.181463	-0.264952	0
6050	0.262149	-0.269668	0
6060	0.0905276	-0.30405	0
6070	0.210481	-0.305924	0
6080	0.23755	-0.139468	0
6090	0.183629	-0.0804798	0
6100	0.0715525	-0.0546819	0
6110	0.0917957	-0.061536	0
6120	0.106067	-0.0670732	0
6130	0.115055	-0.0738598	0
6140	0.119604	-0.0795193	0
6150	0.11607	-0.0827574	0
6160	0.118227	-0.0794728	0
6170	0.142869	-0.190255	0
6180	0.138942	-0.0349143	0
6190	0.172476	-0.0932773	0
6200	0.134728	-0.0246998	0
6210	0.074921	0.0229273	0
6220	-0.00430682	0.0824993	0
6230	-0.106045	0.147085	0
6240	-0.162556	0.209773	0
6250	-0.21422	0.262539	0
6260	-0.247203	0.304024	0
6270	-0.267853	0.33406	0
6280	-0.278931	0.353722	0
6290	-0.267338	0.344379	0
6300	-0.10553	0.11739	0
6310	-0.0950513	0.0686424	0
6320	-0.0995037	0.0531285	0
6330	-0.097158	0.0368197	0
6340	-0.0955536	0.0213569	0
6350	-0.0895788	0.014294	0
6360	-0.0782935	0.0118787	0
6370	-0.0593638	0.0109819	0
6380	0.0419459	0.0879277	0
6390	0.0538627	0.0676022	0
6400	0.0613798	0.0585929	0
6410	0.0703162	0.0504044	0
6420	0.0785288	0.0417754	0
6430	0.0910899	0.0296975	0
6440	0.089391	0.0196418	0
6450	0.0669146	0.00688056	0
6460	0.0705529	-0.0103582	0
6470	0.0862696	-0.0276556	0
6480	0.125664	-0.0456442	0
6490	0.0969066	-0.0614477	0
6500	0.127134	-0.0755817	0
6510	0.106466	-0.0868253	0
6520	0.103848	-0.094973	0
6530	0.0832338	-0.0989298	0
6540	0.0763046	-0.0980905	0
6550	0.063366	-0.0924316	0
6560	0.0434894	-0.0839369	0
6570	0.0326162	-0.0752434	0
6580	0.0560709	-0.0685403	0
6590	0.122866	-0.0649102	0
6600	0.292245	0.0231666	0
6610	0.313728	0.0151764	0
6620	0.317903	0.00544251	0
6630	0.333599	-0.0109664	0
6640	0.360972	0.045951	0
6650	0.331754	0.0674896	0
6660	0.35716	0.0772348	0
6670	0.383805	0.0551487	0
6680	0.393919	0.0350112	0
6690	0.381185	0.0620548	0
6700	0.398039	0.0700299	0
6710	0.300945	0.144098	0
6720	0.406167	0.0516683	0
6730	0.390938	0.0224956	0
6740	0.412473	0.0220148	0
6750	0.327873	-0.105526	0
6760	0.386921	-0.0245022	0
6770	0.381326	0.0818915	0
6780	0.376626	0.0341358	0
6790	0.335244	0.11028	0
6800	0.344273	0.05598	0
6810	0.267484	-0.0813525	0
6820	0.393777	-0.0187577	0
6830	0.377989	0.0127305	0
6840	0.375258	0.0276392	0
6850	0.356327	0.0379224	0
6860	0.334118	0.050336	0
6870	0.321341	0.0403416	0
6880	0.293687	0.0425765	0
6890	0.272428	0.0323428	0
6900	0.239712	0.0194084	0
6910	0.204958	0.00468899	0
6920	0.161599	-0.00547906	0
6930	0.103651	-0.00863039	0
6940	0.0252762	0.0152096	0
6950	0.0109069	0.0325109	0
6960	0.00384064	0.0441482	0
6970	-0.0209611	0.0513494	0
6980	-0.0218402	0.0572326	0
6990	-0.0256676	0.059609	0
7000	-0.0270118	0.0590688	0
7010	-0.0237994	0.0547728	0
7020	-0.0183557	0.0476711	0
7030	-0.00322689	0.0379096	0
7040	0.0516314	0.0340047	0
7050	0.067436	0.02009	0
7060	0.0852617	0.00409499	0
7070	0.103586	-0.0137919	0
7080	0.121422	-0.0327615	0
7090	0.151444	-0.0518871	0
7100	0.16099	-0.0696725	0
7110	0.173637	-0.0860217	0
7120	0.183676	-0.100594	0
7130	0.188783	-0.113148	0
7140	0.189459	-0.123681	0
7150	0.185486	-0.131257	0
7160	0.177098	-0.135457	0
7170	0.182119	-0.138639	0
7180	0.354826	-0.13846	0
7190	0.287829	-0.167331	0
7200	0.266544	-0.173043	0
7210	0.244084	-0.17783	0
7220	0.235331	-0.180232	0
7230	0.205512	-0.184059	0
7240	0.181576	-0.184941	0
7250	0.139981	-0.185049	0
7260	0.086107	-0.184834	0
7270	0.00304762	-0.155086	0
7280	-0.172794	-0.126254	0
7290	0.282356	-0.164254	0
7300	0.329096	0.0543151	0
7310	0.280668	0.0427608	0
7320	0.189642	0.17244	0
7330	0.160652	0.181454	0
7340	0.190289	0.179438	0
7350	0.167657	0.191918	0
7360	0.30219	0.0243066	0
7370	-0.104789	0.0240511	0
7380	-0.102493	0.0275437	0
7390	-0.0700993	0.00143814	0
7400	0.338907	0.0495487	0
7410	-0.0628642	-0.0871521	0
7420	0.0685673	-0.154863	0
7430	0.0889353	-0.157052	0
7440	0.0991191	-0.157723	0
7450	0.122241	-0.156096	0
7460	0.266709	-0.11635	0
7470	0.315255	-0.102096	0
7480	0.328305	-0.0979449	0
7490	0.311391	-0.102893	0
7500	0.329717	-0.0965522	0
7510	0.326931	-0.0973635	0
7520	0.332326	-0.0954135	0
7530	0.343484	-0.091372	0
7540	0.321183	-0.0966149	0
7550	0.343815	-0.0887739	0
7560	0.347935	-0.0843478	0
7570	0.349029	-0.081653	0
7580	0.349383	-0.0795679	0
7590	0.353434	-0.076306	0
7600	0.354764	-0.0723428	0
7610	0.35548	-0.0677289	0
7620	0.355614	-0.0624258	0
7630	0.353897	-0.0569444	0
7640	0.351254	-0.0515933	0
7650	0.403265	-0.027961	0
7660	0.388696	-0.0231669	0
7670	0.385173	-0.0172834	0
7680	0.388538	-0.000666098	0
7690	0.388366	0.0141355	0
7700	0.380451	0.0245806	0
7710	0.375409	0.0349162	0
7720	0.372276	0.0415351	0
7730	0.369263	0.046365	0
7740	0.37805	0.00725904	0
7750	0.357371	0.0469298	0
7760	0.358486	0.0140442	0
7770	0.364786	0.0433938	0
7780	0.375036	-0.000596834	0
7790	0.340813	0.0226566	0
7800	0.374329	-0.00972543	0
7810	0.277833	-0.0106669	0
7820	0.186508	-0.0748864	0
7830	0.224094	-0.0428378	0
7840	0.357835	0.0312859	0
7850	0.361661	0.000321568	0
7860	0.345356	0.00718274	0
7870	0.349483	0.0228141	0
7880	0.341594	0.0279128	0
7890	0.333002	0.0276285	0
7900	0.328048	0.0192957	0
7910	0.32682	0.0146089	0
7920	0.320876	0.0111475	0
7930	0.319718	0.00806237	0
7940	0.319746	0.00630852	0
7950	0.322108	0.00955244	0
7960	0.326009	0.0159012	0
7970	0.330629	0.027781	0
7980	0.331773	0.0416435	0
7990	0.328398	0.0538	0
8000	0.323256	0.066281	0
8010	0.312781	0.0795391	0
8020	0.301986	0.0995131	0
8030	0.215885	0.138667	0
8040	-0.113362	0.0223963	0
8050	-0.0643297	0.178417	0
8060	0.09221	0.064925	0
8070	0.0754772	0.047874	0
8080	0.0794263	0.0336635	0
8090	0.0859982	0.0296868	0
8100	0.084896	0.0384499	0
8110	0.0880427	0.0437098	0
8120	0.0831944	0.00741037	0
8130	0.0835984	-0.002262	0
8140	0.0918676	0.025309	0
8150	0.0951307	0.0696023	0
8160	0.0703321	0.0286246	0
8170	0.0726568	0.0541579	0
8180	0.0691067	0.0758897	0
8190	0.0627392	-0.00307091	0
8200	0.0760037	0.0989341	0
8210	0.103544	0.108241	0
8220	0.0746593	-0.00864402	0
8230	0.0745615	-0.0359307	0
8240	0.126982	0.0833594	0
8250	0.061126	-0.00776605	0
8260	0.0836405	-0.0311184	0
8270	0.0850611	-0.0553197	0
8280	0.102918	0.026065	0
8290	0.112018	-0.0398925	0
8300	0.0231594	-0.096214	0
8310	0.056141	-0.140547	0
8320	0.0559442	-0.0451541	0
8330	0.109893	-0.0923285	0
8340	0.000556583	-0.079036	0
8350	0.0945006	-0.123366	0
8360	0.0264841	-0.0460701	0
8370	0.0817444	-0.133546	0
8380	0.00903637	-0.0815906	0
8390	0.0701275	-0.124397	0
8400	-0.00226112	-0.0717613	0
8410	0.0693687	-0.134833	0
8420	0.0442227	-0.0547135	0
8430	0.076874	-0.108638	0
8440	0.00985998	-0.0642629	0
8450	0.146826	-0.0771841	0
8460	0.0260371	-0.146355	0
8470	-0.123925	0.170479	0
8480	0.0632797	0.0572742	0
8490	0.0911662	-0.0483206	0
8500	0.107062	-0.142214	0
8510	0.0930755	0.00249519	0
8520	0.112604	-0.0655543	0
8530	0.0512364	-0.136349	0
8540	0.0639699	-0.13624	0
8550	-0.00492388	-0.022811	0
8560	0.0494451	-0.0801389	0
8570	0.135806	-0.128747	0
8580	0.119821	-0.0164388	0
8590	0.0763891	-0.0726671	0
8600	0.412788	-0.0164408	0
8610	0.0491886	-0.0712845	0
8620	0.0738674	-0.0912052	0
8630	0.0914999	-0.143222	0
8640	0.135081	-0.1214	0
8650	0.0868919	0.0209472	0
8660	0.116829	0.0572106	0
8670	0.109553	0.128752	0
8680	0.330133	0.0748899	0
8690	0.0750069	0.0216128	0
8700	0.0956984	0.029311	0
8710	0.023512	0.0248981	0
8720	0.168652	-0.13058	0
8730	0.0874542	-0.0869456	0
8740	0.224765	-0.0897357	0
8750	0.387051	0.0375029	0
8760	0.142474	0.04029	0
8770	0.233345	-0.0785171	0
8780	0.109434	0.0197973	0
8790	0.112155	0.0495891	0
8800	0.0922918	0.0234782	0
8810	0.0810195	-0.0864783	0
8820	0.096062	0.0316325	0
8830	0.348772	-0.0342217	0
8840	0.38142	0.0106297	0
8850	0.209043	0.0542812	0
8860	0.341556	0.0404583	0
8870	0.312058	0.0850909	0
8880	0.276775	0.0820438	0
8890	0.302037	0.0624884	0
8900	0.321471	0.0744805	0
8910	0.318057	0.0957104	0
8920	0.364597	0.0264453	0
8930	0.349276	0.00909828	0
8940	0.373682	0.0513043	0
8950	0.351089	0.0915636	0
8960	0.370857	0.024238	0
8970	0.31351	0.0970311	0
8980	0.35902	0.079266	0
8990	0.373262	0.0908109	0
9000	0.38615	0.0328146	0
9010	0.349943	0.102213	0
9020	0.347807	0.0826601	0
9030	0.351794	0.102851	0
9040	0.321095	0.110412	0
9050	0.37333	0.096678	0
9060	0.341994	0.100424	0
9070	0.314075	0.114112	0
9080	0.336034	0.105092	0
9090	0.367388	0.0878311	0
9100	0.377875	0.0781451	0
9110	0.380667	0.0568798	0
9120	0.350086	0.0596157	0
9130	0.25004	0.134495	0
9140	0.287378	0.123734	0
9150	0.349449	0.100512	0
9160	0.375205	0.0749893	0
9170	0.380125	0.0656964	0
9180	0.353775	0.0158408	0
9190	0.296129	0.127822	0
9200	0.374448	0.0435568	0
9210	0.357879	0.0704931	0
9220	0.3416	0.0694426	0
9230	0.33216	0.0787929	0
9240	0.373936	0.0370982	0
9250	0.342798	0.0878594	0
9260	0.330936	0.0969788	0
9270	0.372547	0.0453379	0
9280	0.324684	0.0985414	0
9290	0.369941	0.0483051	0
9300	0.331501	0.0925771	0
9310	0.366252	0.0394392	0
9320	0.357762	0.0517839	0
9330	0.34529	0.0678541	0
9340	0.338263	0.0701379	0
9350	0.340071	0.0635804	0
9360	0.339304	0.0654404	0
9370	0.344977	0.0375091	0
9380	0.340555	0.0697705	0
9390	0.351076	0.0534917	0
9400	0.336162	0.0556915	0
9410	0.333928	0.0771438	0
9420	0.335853	0.0803199	0
9430	0.334858	0.0844841	0
9440	0.334518	0.0833237	0
9450	0.33237	0.086086	0
9460	0.329343	0.080266	0
9470	0.326788	0.079755	0
9480	0.322851	0.0782076	0
9490	0.316119	0.0589319	0
9500	0.319192	0.0158245	0
9510	0.318452	0.0111644	0
9520	0.295655	-0.0200924	0
9530	0.314315	-0.00412267	0
9540	0.28264	-0.0308866	0
9550	0.293033	-0.00633219	0
9560	0.277476	-0.0231928	0
9570	0.251215	-0.0167521	0
9580	0.229766	-0.0223686	0
9590	0.216411	-0.0163902	0
9600	0.174715	-0.0180352	0
9610	0.156775	-0.012583	0
9620	0.137516	-0.00920823	0
9630	0.125228	-0.00620028	0
9640	0.115418	-0.00519444	0
9650	0.11565	-0.00347756	0
9660	0.108627	-0.00719723	0
9670	0.103399	-0.008283	0
9680	0.107572	-0.0115549	0
9690	0.110329	-0.0154151	0
9700	0.113517	-0.0190468	0
9710	0.117236	-0.0221897	0
9720	0.121441	-0.0243432	0
9730	0.126088	-0.025273	0
9740	0.131165	-0.0245443	0
9750	0.137807	-0.0229899	0
9760	0.168495	-0.0359765	0
9770	0.232636	-0.0705036	0
9780	0.208244	-0.0693496	0
9790	0.198343	-0.0659685	0
9800	0.1908	-0.0609711	0
9810	0.182678	-0.054228	0
9820	0.170533	-0.0449379	0
9830	0.13702	-0.0292043	0
9840	0.0792307	0.000709349	0
9850	0.063277	0.0147485	0
9860	0.0716363	0.0171253	0
9870	0.0776794	0.0216799	0
9880	0.0735655	0.0220724	0
9890	0.0739663	0.0195037	0
9900	0.0880342	0.0146702	0
9910	0.097419	0.00745731	0
9920	0.112024	-0.002982	0
9930	0.128469	-0.0163424	0
9940	0.148211	-0.0321543	0
9950	0.162751	-0.0498676	0
9960	0.165542	-0.0671746	0
9970	0.155676	-0.0837933	0
9980	0.157327	-0.0986534	0
9990	0.167982	-0.112054	0
10000	0.184379	-0.123632	0
10010	0.210297	-0.136227	0
10020	0.404745	-0.00160163	0
10030	0.350602	0.0303695	0
10040	0.349142	0.0299127	0
10050	0.285296	0.0712626	0
10060	0.224521	0.122232	0
10070	0.10864	0.0940721	0
10080	-0.0249161	0.141353	0
10090	0.268342	0.0220498	0
10100	0.161183	-0.0722226	0
10110	0.142973	-0.000631548	0
10120	0.111842	0.041954	0
10130	0.0228116	0.0869648	0
10140	-0.0310384	0.109116	0
10150	-0.0360341	0.119848	0
10160	-0.0325974	0.135697	0
10170	-0.0500333	0.155672	0
10180	-0.0334421	0.172426	0
10190	-0.0398685	0.187929	0
10200	-0.0444594	0.2004	0
10210	-0.0472546	0.205964	0
10220	0.181467	0.0825418	0
10230	0.121453	0.00841661	0
10240	0.102261	-0.0301068	0
10250	0.0383711	-0.0694701	0
10260	0.168655	-0.00263352	0
10270	0.123278	-0.0250259	0
10280	0.0394873	-0.0671289	0
10290	0.137139	0.0347858	0
10300	0.16697	0.0320275	0
10310	0.172103	0.0248392	0
10320	0.168437	0.00421097	0
10330	0.149914	-0.0295779	0
10340	0.154116	-0.0737327	0
10350	0.0623194	-0.129241	0
10360	0.0407085	-0.191934	0
10370	0.0231719	-0.252676	0
10380	0.00866649	-0.305861	0
10390	-0.0035285	-0.345784	0
10400	-0.0162668	-0.367693	0
10410	-0.0299153	-0.367211	0
10420	-0.0431193	-0.332294	0
10430	-0.0973401	-0.0306944	0
10440	0.0423057	-0.0506555	0
10450	0.0255948	0.0142886	0
10460	0.0332303	0.0190403	0
10470	0.118626	-0.0213678	0
10480	0.124063	-0.0105904	0
10490	0.129582	-0.00166692	0
10500	0.136048	0.00936958	0
10510	0.143265	0.0222904	0
10520	0.128042	0.0389811	0
10530	0.093419	0.0284257	0
10540	0.0325394	0.0374647	0
10550	0.0131663	0.045871	0
10560	-0.00338773	0.0501568	0
10570	-0.00468858	0.0518535	0
10580	-0.0259564	0.0619935	0
10590	-0.0590959	0.0673349	0
10600	0.208028	-0.0107946	0
10610	0.211742	-0.025044	0
10620	0.22323	-0.0237763	0
10630	0.173099	0.0841024	0
10640	0.247271	-0.00599617	0
10650	0.192247	0.101989	0
10660	0.173586	0.0848184	0
10670	0.173522	0.0823522	0
10680	0.152138	0.0776939	0
10690	0.119464	0.0725068	0
10700	0.094707	0.0646792	0
10710	0.0818704	0.0595819	0
10720	0.0841185	0.0573878	0
10730	0.17911	0.0469668	0
10740	0.0578802	0.0594519	0
10750	0.180505	0.0585826	0
10760	-0.148415	-0.117782	0
10770	-0.281108	-0.110005	0
10780	-0.21026	-0.165329	0
10790	0.13667	-0.182233	0
10800	0.202683	-0.219823	0
10810	-0.0189565	-0.206709	0
10820	0.123544	-0.212429	0
10830	0.0913433	-0.19142	0
10840	0.0866056	-0.165921	0
10850	0.0461417	-0.14519	0
10860	0.0127298	-0.126521	0
10870	0.0195541	-0.123533	0
10880	-0.00381507	-0.0992813	0
10890	-0.166682	0.0221246	0
10900	-0.149167	0.00688545	0
10910	-0.146439	0.0146996	0
10920	-0.131059	-0.00763901	0
10930	0.0642841	0.0434188	0
10940	0.103159	0.00879706	0
10950	0.127859	-0.0215229	0
10960	0.185609	-0.0802038	0
10970	0.18864	-0.0982209	0
10980	0.182055	-0.100085	0
10990	0.183555	-0.100669	0
11000	0.145862	-0.101853	0
11010	0.155879	-0.0338178	0
11020	0.143575	-0.0335873	0
11030	0.132208	-0.0113062	0
11040	0.131706	-0.0159499	0
11050	0.116246	-0.0121475	0
11060	0.109495	-0.00379173	0
11070	0.102297	0.00209456	0
11080	0.0948659	0.00670097	0
11090	0.0884611	0.0107729	0
11100	0.0851041	0.0168543	0
11110	0.0790109	0.0318256	0
11120	0.0819073	0.0169694	0
11130	0.0722757	0.0102574	0
11140	0.066565	0.00648174	0
11150	0.0926377	0.0115604	0
11160	0.0708504	0.00324711	0
11170	-0.0344022	-0.0123938	0
11180	0.0225972	0.000270625	0
11190	0.0230472	0.00787933	0
11200	0.0246596	0.0111133	0
11210	0.0571623	0.0115717	0
11220	-0.00330673	0.0126971	0
11230	0.0412085	0.0107644	0
11240	-0.0137376	0.00960712	0
11250	0.0347598	0.00254575	0
11260	0.0481071	-0.00365776	0
11270	0.0442068	-0.00641627	0
11280	0.0132627	0.000979513	0
11290	0.04028	-0.00684871	0
11300	0.0473293	-0.00490139	0
11310	0.0490333	-0.00695943	0
11320	0.0459526	-0.0103808	0
11330	0.0655079	-0.0155473	0
11340	-0.0138339	-0.0165171	0
11350	-0.0653731	-0.0201961	0
11360	-0.0531462	-0.0273898	0
11370	-0.0433101	-0.0326064	0
11380	-0.0317208	-0.0383334	0
11390	-0.018491	-0.0444906	0
11400	-0.0162234	-0.0520926	0
11410	-0.0307853	-0.0607942	0
11420	-0.0614175	-0.0761891	0
11430	-0.274001	-0.0210054	0
11440	-0.302763	-0.0081511	0
11450	-0.266106	-0.0704578	0
11460	-0.257257	-0.10675	0
11470	-0.182185	-0.129996	0
11480	-0.115797	-0.110966	0
11490	-0.0685547	-0.0289698	0
11500	-0.0642922	-0.0147565	0
11510	-0.0419206	-0.0230395	0
11520	0.023538	-0.0337536	0
11530	0.0564439	-0.0426245	0
11540	0.0803758	-0.0504188	0
11550	0.0694575	-0.0513528	0
11560	0.0635676	-0.048447	0
11570	0.0630658	-0.0447054	0
11580	0.0565289	-0.0376057	0
11590	0.0400113	-0.0245682	0
11600	0.0152733	-0.00679095	0
11610	-0.0142169	0.0125024	0
11620	-0.048236	0.032169	0
11630	-0.0859207	0.0513025	0
11640	-0.1259	0.0693625	0
11650	-0.166264	0.0862357	0
11660	-0.204568	0.102174	0
11670	-0.239116	0.117649	0
11680	-0.270866	0.13318	0
11690	-0.283272	0.149335	0
11700	-0.271592	0.167806	0
11710	-0.265818	0.193251	0
11720	-0.265345	0.223757	0
11730	-0.234191	0.248498	0
11740	-0.0901654	0.128548	0
11750	-0.117798	0.0797913	0
11760	-0.110987	0.0924453	0
11770	-0.0958184	0.0641366	0
11780	-0.0724195	0.0498951	0
11790	-0.0440395	0.0341007	0
11800	-0.0073309	0.016291	0
11810	0.0513329	-0.00550358	0
11820	0.0830542	-0.0344407	0
11830	0.0891982	-0.0647012	0
11840	0.10536	-0.0963959	0
11850	0.118279	-0.128685	0
11860	0.124179	-0.159757	0
11870	0.126077	-0.187645	0
11880	0.127826	-0.211076	0
11890	0.126594	-0.231576	0
11900	0.115493	-0.246331	0
11910	0.0949705	-0.254283	0
11920	0.0597712	-0.247158	0
11930	-0.165224	-0.231548	0
11940	0.187262	-0.177866	0
11950	-0.0931875	-0.220471	0
11960	0.062892	-0.063123	0
11970	0.171806	0.0582344	0
11980	-0.242947	0.0394619	0
11990	-0.254647	0.0251894	0
12000	-0.0788377	-0.012149	0
12010	-0.0495263	-0.0155006	0
12020	-0.0524434	-0.00955598	0
12030	-0.0631525	0.00631872	0
12040	-0.0734784	0.0321592	0
12050	-0.0816662	0.0667855	0
12060	-0.0871967	0.107586	0
12070	-0.0939066	0.149492	0
12080	-0.0992338	0.181612	0
12090	-0.0773139	0.191265	0
12100	-0.0478384	0.177378	0
12110	-0.0308262	0.155501	0
12120	-0.0293577	0.138363	0
12130	-0.0369241	0.125906	0
12140	-0.0482082	0.114415	0
12150	-0.0604757	0.101307	0
12160	-0.0722202	0.085495	0
12170	-0.0825098	0.0671253	0
12180	-0.0905003	0.0472689	0
12190	-0.0945463	0.0273282	0
12200	-0.0926136	0.00849919	0
12210	-0.0832936	-0.00722912	0
12220	-0.0674558	-0.0202884	0
12230	-0.046922	-0.0336142	0
12240	-0.123735	0.0499839	0
12250	-0.0708734	0.0345188	0
12260	-0.038363	-0.0656081	0
12270	0.0856404	-0.110829	0
12280	0.102427	-0.0139479	0
12290	0.125084	-0.0256865	0
12300	0.1571	-0.0328663	0
12310	0.210403	-0.0394054	0
12320	0.310537	-0.0550214	0
12330	0.329162	-0.0729168	0
12340	0.338158	-0.0817419	0
12350	0.335097	-0.0854685	0
12360	0.315506	-0.124523	0
12370	-0.403032	0.190613	0
12380	-0.332853	-0.0729101	0
12390	-0.305702	-0.0735642	0
12400	-0.315747	-0.0560996	0
12410	-0.3127	-0.0423942	0
12420	-0.290112	-0.0350471	0
12430	-0.247759	-0.029874	0
12440	-0.0711258	-0.0449478	0
12450	-0.0598382	-0.0414373	0
12460	-0.050517	-0.0383365	0
12470	-0.0456587	-0.0363706	0
12480	-0.0509171	-0.0350149	0
12490	0.0226123	-0.0332549	0
12500	0.00722535	-0.030504	0
12510	0.0101384	-0.0265103	0
12520	-0.00467385	-0.0214246	0
12530	0.0352387	-0.0155123	0
12540	-0.0537892	-0.0082613	0
12550	-0.065409	-0.0023204	0
12560	-0.0559057	0.00640656	0
12570	-0.0661395	0.0133223	0
12580	-0.0678353	0.0197136	0
12590	-0.0670504	0.0240402	0
12600	0.0354899	0.0101031	0
12610	-0.024902	0.0200281	0
12620	-0.00212247	0.0174679	0
12630	0.00424753	0.00897798	0
12640	-0.00699374	0.00490544	0
12650	0.000168217	0.00150995	0
12660	0.00183709	-0.0064657	0
12670	-0.00197592	-0.00604059	0
12680	0.0589072	0.00187981	0
12690	0.132478	0.0185697	0
12700	0.139643	-0.000858284	0
12710	0.125468	0.00962261	0
12720	0.130506	0.00140299	0
12730	0.14015	-0.00362094	0
12740	0.1447	-0.0117717	0
12750	0.148821	-0.018768	0
12760	0.155058	-0.0303518	0
12770	0.159853	-0.0455741	0
12780	0.161918	-0.0628478	0
12790	0.162103	-0.0733482	0
12800	0.162363	-0.0781579	0
12810	0.170251	-0.0842111	0
12820	0.293091	0.0460135	0
12830	0.220311	0.0735176	0
12840	0.108555	0.0826833	0
12850	0.109038	-0.00334666	0
12860	0.1424	-0.0360494	0
12870	-0.035733	-0.0397865	0
12880	-0.0189377	-0.0545321	0
12890	0.025178	-0.0774281	0
12900	0.0453786	-0.079381	0
12910	0.0589386	-0.0818265	0
12920	0.0605188	-0.0799067	0
12930	0.048122	-0.0713809	0
12940	0.0223074	-0.0536053	0
12950	-0.0140925	-0.0630334	0
12960	-0.0629512	-0.00970439	0
12970	-0.122174	0.0353229	0
12980	-0.154991	0.12746	0
12990	-0.225368	0.149823	0
13000	-0.260312	0.206158	0
13010	-0.288009	0.24936	0
13020	-0.294389	0.286356	0
13030	-0.268599	0.314876	0
13040	-0.277559	0.334641	0
13050	-0.284684	0.329375	0
13060	-0.287865	0.251552	0
13070	0.114162	0.0352667	0
13080	0.156224	0.0367109	0
13090	0.160711	0.00586161	0
13100	0.0853676	0.00210727	0
13110	0.0296653	-0.0203652	0
13120	0.0395287	-0.0527049	0
13130	0.0594509	-0.0853436	0
13140	0.080611	-0.117427	0
13150	0.0999385	-0.14619	0
13160	0.118192	-0.169977	0
13170	0.131498	-0.187446	0
13180	0.1955	-0.19648	0
13190	0.163305	-0.20643	0
13200	0.159735	-0.211581	0
13210	0.151424	-0.218378	0
13220	0.0996098	-0.199277	0
13230	0.10808	-0.150109	0
13240	0.0212467	-0.0855246	0
13250	-0.0151994	-0.0550633	0
13260	-0.0497019	-0.104221	0
13270	-0.0677482	-0.102574	0
13280	0.0437186	0.0182895	0
13290	0.115025	0.0944275	0
13300	0.0195065	-0.0260631	0
13310	0.0256286	-0.0359398	0
13320	0.0342001	-0.0521959	0
13330	0.0501115	-0.0683958	0
13340	0.0560134	-0.0799623	0
13350	0.0531614	-0.0831041	0
13360	0.0432097	-0.0749514	0
13370	0.0261082	-0.0541751	0
13380	0.00243393	-0.0207837	0
13390	-0.0238471	0.0234925	0
13400	-0.0536088	0.0739318	0
13410	-0.0897431	0.126494	0
13420	-0.126594	0.177605	0
13430	-0.154055	0.22459	0
13440	-0.169622	0.265494	0
13450	-0.174325	0.299031	0
13460	-0.155098	0.231635	0
13470	-0.152981	0.0705616	0
13480	-0.0989443	0.0672905	0
13490	0.143486	-0.0809764	0
13500	-0.0613248	0.0100017	0
13510	-0.0629104	0.00361568	0
13520	-0.0697124	0.00303776	0
13530	-0.0664405	0.00933305	0
13540	-0.0554671	0.00958668	0
13550	-0.0501766	0.107439	0
13560	-0.049956	-0.0293726	0
13570	-0.0421493	-0.0507352	0
13580	-0.0253792	0.0415176	0
13590	-0.0607456	0.00879636	0
13600	-0.0750932	-0.0213705	0
13610	-0.00720433	-0.0512204	0
13620	0.0547785	-0.0780106	0
13630	0.0769831	-0.102385	0
13640	0.0904184	-0.121591	0
13650	0.101037	-0.135622	0
13660	0.106503	-0.144835	0
13670	0.104546	-0.149838	0
13680	0.0832546	-0.141643	0
13690	0.0843824	-0.142615	0
13700	0.284381	-0.0743627	0
13710	0.203076	-0.123297	0
13720	0.219844	-0.118402	0
13730	0.170841	-0.107901	0
13740	0.130244	-0.0730733	0
13750	0.174452	-0.0357381	0
13760	0.193319	-0.0605141	0
13770	0.148917	-0.0565459	0
13780	0.126842	0.0222553	0
13790	-0.0811729	-0.0388047	0
13800	-0.120062	-0.0121647	0
13810	-0.129622	0.00821487	0
13820	-0.119342	0.0200704	0
13830	-0.11647	0.044191	0
13840	-0.0940753	0.0661598	0
13850	-0.0520277	0.089145	0
13860	-0.025887	0.111543	0
13870	-0.020756	0.122865	0
13880	-0.0175441	0.119259	0
13890	-0.0197056	0.10084	0
13900	-0.0322082	0.0773504	0
13910	-0.0543293	0.0635616	0
13920	-0.0768477	0.0642613	0
13930	-0.0953204	0.0751945	0
13940	-0.110889	0.0899824	0
13950	-0.129399	0.101706	0
13960	-0.134531	0.111853	0
13970	-0.154376	0.115192	0
13980	-0.168461	0.118278	0
13990	-0.1753	0.119789	0
14000	-0.178563	0.113536	0
14010	-0.175965	0.103157	0
14020	-0.169259	0.0889388	0
14030	-0.154903	0.0718606	0
14040	-0.133437	0.0522306	0
14050	-0.105122	0.0302116	0
14060	-0.0768292	0.00716654	0
14070	-0.157286	0.0503106	0
14080	-0.101814	0.0212716	0
14090	-0.0669159	-0.0348876	0
14100	-0.0199895	-0.0604057	0
14110	0.0275105	-0.0990211	0
14120	0.0891537	-0.129359	0
14130	0.113045	-0.178848	0
14140	0.162474	-0.190052	0
14150	0.199228	-0.222157	0
14160	0.252849	-0.24043	0
14170	0.262416	-0.260994	0
14180	0.274693	-0.277634	0
14190	0.259166	-0.281715	0
14200	0.0639622	-0.175053	0
14210	0.0688928	-0.130559	0
14220	0.0424369	-0.117557	0
14230	0.0883664	0.0251992	0
14240	-0.0496369	0.00732705	0
14250	0.1148	-0.00815485	0
14260	0.106344	-0.0370185	0
14270	0.10121	-0.021259	0
14280	0.0685268	-0.00867731	0
14290	0.0190443	0.00250132	0
14300	-0.0235335	0.0178224	0
14310	-0.037205	0.0349555	0
14320	-0.0527663	0.0527959	0
14330	-0.110196	0.0718848	0
14340	-0.0982998	0.0819855	0
14350	-0.0512281	0.0800784	0
14360	-0.122452	0.072798	0
14370	-0.203965	0.187375	0
14380	-0.160982	0.193707	0
14390	-0.158704	0.199627	0
14400	-0.164795	0.203619	0
14410	-0.178277	0.204267	0
14420	-0.20073	0.199677	0
14430	-0.198405	0.193313	0
14440	-0.283139	0.13839	0
14450	-0.298621	0.0872787	0
14460	-0.297025	0.0551029	0
14470	-0.280082	0.0658998	0
14480	-0.207752	0.125084	0
14490	-0.17194	0.141491	0
14500	-0.414965	-0.0111186	0
14510	-0.118055	-0.216186	0
14520	-0.151371	-0.138535	0
14530	-0.117029	0.116871	0
14540	0.0177295	0.08206	0
14550	0.099425	0.00522085	0
14560	0.110889	0.0443327	0
14570	0.0582275	0.0654986	0
14580	0.181118	-0.00471694	0
14590	0.196084	0.0371672	0
14600	0.222745	0.0173913	0
14610	0.236631	0.0063123	0
14620	0.235361	-0.00544477	0
14630	0.221144	-0.0150684	0
14640	0.188272	-0.0257318	0
14650	0.125079	-0.0393973	0
14660	0.0999616	-0.0578291	0
14670	0.0770602	-0.0727028	0
14680	0.0496845	-0.0832687	0
14690	0.022669	-0.0883667	0
14700	-0.00181089	-0.084353	0
14710	-0.021141	-0.0711106	0
14720	-0.00339893	-0.0469697	0
14730	-0.0295168	-0.0177464	0
14740	-0.0544675	0.0101311	0
14750	-0.107884	0.0368515	0
14760	-0.0566524	0.0606366	0
14770	-0.0560007	0.0812055	0
14780	-0.0738681	0.0994479	0
14790	-0.059479	0.113532	0
14800	-0.138482	0.00718569	0
14810	-0.0924492	0.128901	0
14820	-0.188558	0.11238	0
14830	-0.0766365	0.115072	0
14840	-0.0705374	0.100642	0
14850	-0.0624519	0.0836789	0
14860	-0.0501868	0.0660467	0
14870	-0.0386644	0.049259	0
14880	-0.0238058	0.0344487	0
14890	-0.0183616	0.0258524	0
14900	-0.0134019	0.0211433	0
14910	-0.00622481	0.0212971	0
14920	-0.0383414	0.0184675	0
14930	-0.138757	-0.00468963	0
14940	-0.157636	-0.0714189	0
14950	-0.248378	-0.0959476	0
14960	-0.212687	-0.0972453	0
14970	-0.218884	-0.126289	0
14980	-0.178294	-0.177637	0
14990	-0.1399	-0.201678	0
15000	-0.138979	0.0312781	0
15010	-0.113259	0.0894067	0
15020	0.0296761	0.13146	0
15030	0.264477	0.00101096	0
15040	0.10712	-0.159144	0
15050	0.156255	-0.136776	0
15060	0.0809006	-0.158827	0
15070	-0.361449	0.0390503	0
15080	-0.339189	0.0332577	0
15090	-0.345671	0.0354531	0
15100	-0.347946	0.0226125	0
15110	-0.347511	0.0142234	0
15120	-0.346321	0.00940319	0
15130	-0.345142	0.00509475	0
15140	-0.344503	0.000799859	0
15150	-0.341787	-0.00257345	0
15160	-0.337699	-0.00600116	0
15170	-0.33469	-0.0091684	0
15180	-0.370014	-0.0858022	0
15190	-0.310523	-0.0981256	0
15200	-0.310169	-0.0880108	0
15210	-0.291955	0.0202885	0
15220	-0.263001	0.0301425	0
15230	-0.291673	-0.0139213	0
15240	-0.303005	-0.0126455	0
15250	-0.26581	-0.000541994	0
15260	-0.251908	0.00066139	0
15270	-0.230578	0.00390421	0
15280	-0.206751	0.00733466	0
15290	-0.180979	0.0111761	0
15300	-0.157902	0.0142626	0
15310	-0.144189	0.0142772	0
15320	-0.139659	0.00978977	0
15330	-0.13783	0.0153691	0
15340	-0.138066	0.010067	0
15350	-0.139721	0.0126643	0
15360	-0.14241	0.0176326	0
15370	-0.145115	0.0237077	0
15380	-0.150668	0.0317118	0
15390	-0.151032	0.0411323	0
15400	-0.147984	0.0488906	0
15410	-0.144825	0.0537376	0
15420	-0.139013	0.0572844	0
15430	-0.129882	0.0574138	0
15440	-0.136957	0.0566026	0
15450	-0.130897	0.0464153	0
15460	-0.138166	0.0377926	0
15470	-0.128326	0.0256962	0
15480	-0.131105	0.0214201	0
15490	-0.118935	0.0102188	0
15500	-0.104682	0.00925238	0
15510	-0.0775975	0.00325819	0
15520	-0.135564	-0.000950219	0
15530	-0.0780226	-0.0130346	0
15540	-0.0495888	-0.0252473	0
15550	-0.0524074	-0.0312323	0
15560	-0.0808755	-0.0635049	0
15570	-0.070722	-0.0553784	0
15580	-0.0507859	-0.0447002	0
15590	-0.0376531	-0.0346484	0
15600	-0.0290566	-0.0283697	0
15610	-0.00580632	-0.0528397	0
15620	-0.137906	0.133243	0
15630	-0.329681	0.0829005	0
15640	-0.10459	0.000383161	0
15650	-0.314945	0.0378636	0
15660	-0.123558	0.0330567	0
15670	-0.0375551	0.1373	0
15680	-0.196273	0.110417	0
15690	-0.0841375	0.0723067	0
15700	-0.276299	0.0996434	0
15710	-0.0637878	-0.120459	0
15720	-0.293994	0.0456611	0
15730	-0.0806296	0.0856124	0
15740	-0.350516	0.0380071	0
15750	-0.112129	0.00541436	0
15760	-0.297107	0.0953585	0
15770	-0.129287	0.0184294	0
15780	-0.28913	0.106409	0
15790	-0.252047	0.0831758	0
15800	-0.0888454	0.0244732	0
15810	-0.117821	0.079817	0
15820	-0.036549	0.152131	0
15830	-0.315055	0.0914189	0
15840	-0.248343	0.11534	0
15850	-0.111739	0.0489348	0
15860	-0.132391	0.110046	0
15870	-0.158167	0.0905949	0
15880	-0.143007	0.0987036	0
15890	-0.127708	0.0714194	0
15900	-0.115078	0.0753617	0
15910	-0.125168	0.0746505	0
15920	-0.120942	0.0712276	0
15930	-0.119882	0.0806804	0
15940	-0.120806	0.093656	0
15950	-0.115563	0.103708	0
15960	-0.107156	0.118929	0
15970	-0.09698	0.15536	0
15980	-0.114535	0.158508	0
15990	-0.0624596	0.180787	0
16000	-0.0781096	0.18448	0
16010	-0.0986641	0.178482	0
16020	-0.0678396	0.201984	0
16030	-0.0849711	0.174429	0
16040	-0.116548	0.151139	0
16050	-0.0625868	0.159943	0
16060	-0.112561	0.0574308	0
16070	-0.0709285	0.048355	0
16080	-0.0698669	0.0557616	0
16090	-0.0769355	0.0669048	0
16100	-0.0766639	0.0598757	0
16110	-0.118789	0.0618013	0
16120	-0.140228	0.0555379	0
16130	-0.141178	0.0443307	0
16140	-0.130126	0.0221222	0
16150	-0.104167	0.00630085	0
16160	-0.128579	0.0507379	0
16170	-0.127695	0.0543667	0
16180	-0.111801	0.0626043	0
16190	-0.117843	0.0673156	0
16200	-0.154583	0.0657122	0
16210	-0.166408	0.075724	0
16220	-0.160328	0.0770403	0
16230	-0.166062	0.0804734	0
16240	-0.164304	0.0845825	0
16250	-0.164843	0.0828	0
16260	-0.160195	0.0844176	0
16270	-0.163162	0.0806355	0
16280	-0.165943	0.0840068	0
16290	-0.138643	0.0925184	0
16300	-0.163231	0.0887422	0
16310	-0.168213	0.0923808	0
16320	-0.166097	0.0926188	0
16330	-0.166766	0.0947088	0
16340	-0.178201	0.102819	0
16350	-0.169326	0.110359	0
16360	-0.115963	0.0535673	0
16370	-0.206099	0.0916135	0
16380	-0.0893297	0.106995	0
16390	-0.180069	0.109934	0
16400	-0.239531	0.132878	0
16410	-0.183864	0.104658	0
16420	-0.186632	0.0993597	0
16430	-0.113019	0.0223171	0
16440	-0.18866	0.106013	0
16450	-0.215464	0.0690202	0
16460	0.0105351	0.103216	0
16470	-0.108862	-0.0137019	0
16480	-0.0610387	0.242633	0
16490	-0.152021	0.153285	0
16500	-0.0268255	0.225796	0
16510	-0.120622	0.0568238	0
16520	-0.130897	0.192759	0
16530	-0.0711194	0.0401776	0
16540	-0.0775162	0.0262982	0
16550	-0.140829	0.0772512	0
16560	-0.127831	0.0417706	0
16570	-0.1098	0.124326	0
16580	-0.00534624	0.122524	0
16590	-0.145827	0.0856589	0
16600	-0.129358	0.0509946	0
16610	-0.163756	0.0514696	0
16620	-0.228915	0.100361	0
16630	-0.188864	0.100982	0
16640	-0.189107	0.10253	0
16650	-0.195182	0.12335	0
16660	-0.18734	0.0994685	0
16670	-0.183901	0.12547	0
16680	-0.187119	0.111083	0
16690	-0.192411	0.122723	0
16700	-0.187971	0.115857	0
16710	-0.180194	0.125239	0
16720	-0.20768	0.109454	0
16730	-0.190493	0.120678	0
16740	-0.207288	0.122419	0
16750	-0.207948	0.112697	0
16760	-0.201523	0.130138	0
16770	-0.233688	0.132375	0
16780	-0.226475	0.129641	0
16790	-0.269097	0.114451	0
16800	-0.24215	0.114077	0
16810	-0.228995	0.126625	0
16820	-0.199041	0.102485	0
16830	-0.234799	0.116203	0
16840	-0.302225	0.105137	0
16850	-0.226356	0.109094	0
16860	-0.218606	0.114626	0
16870	-0.219456	0.118695	0
16880	-0.223421	0.116419	0
16890	-0.229372	0.120196	0
16900	-0.233379	0.12265	0
16910	-0.244163	0.127905	0
16920	-0.254707	0.118276	0
16930	-0.228185	0.139504	0
16940	-0.360262	0.0893556	0
16950	-0.197571	0.0821058	0
16960	-0.212927	0.148807	0
16970	-0.299223	0.132034	0
16980	-0.262073	0.139931	0
16990	-0.259663	0.113111	0
17000	-0.295157	0.11004	0
17010	-0.142368	0.133813	0
17020	-0.279306	0.115626	0
17030	-0.215989	0.114997	0
17040	-0.243809	0.126591	0
17050	-0.210969	0.134981	0
17060	-0.237359	0.131934	0
17070	-0.19977	0.145759	0
17080	-0.246171	0.135078	0
17090	-0.188886	0.153534	0
17100	-0.251829	0.128963	0
17110	-0.191084	0.141697	0
17120	-0.25317	0.122994	0
17130	-0.211079	0.132603	0
17140	-0.238556	0.125068	0
17150	-0.212244	0.130062	0
17160	-0.239695	0.128971	0
17170	-0.227781	0.13163	0
17180	-0.237796	0.126441	0
17190	-0.23804	0.128266	0
17200	-0.245304	0.125671	0
17210	-0.237717	0.128555	0
17220	-0.25332	0.12104	0
17230	-0.240748	0.133717	0
17240	-0.248516	0.123335	0
17250	-0.243512	0.126499	0
17260	-0.245573	0.123485	0
17270	-0.246471	0.121733	0
17280	-0.248824	0.119499	0
17290	-0.245247	0.119077	0
17300	-0.245296	0.117667	0
17310	-0.242988	0.116443	0
17320	-0.242186	0.116485	0
17330	-0.243033	0.11525	0
17340	-0.244012	0.114827	0
17350	-0.244892	0.11452	0
17360	-0.245678	0.114775	0
17370	-0.2465	0.115144	0
17380	-0.247077	0.115444	0
17390	-0.246097	0.115628	0
17400	-0.243365	0.113982	0
17410	-0.243862	0.113331	0
17420	-0.24043	0.113298	0
17430	-0.242352	0.112995	0
17440	-0.241142	0.113449	0
17450	-0.243938	0.113383	0
17460	-0.239585	0.115759	0
17470	-0.242643	0.11711	0
17480	-0.234712	0.119792	0
17490	-0.281058	0.129849	0
17500	-0.277906	0.12855	0
17510	-0.267125	0.13789	0
17520	-0.27876	0.116105	0
17530	-0.168092	0.0984021	0
17540	-0.256735	0.122331	0
17550	-0.237842	0.11792	0
17560	-0.247607	0.111554	0
17570	-0.245319	0.110972	0
17580	-0.24817	0.113142	0
17590	-0.254383	0.127938	0
17600	-0.256713	0.130426	0
17610	-0.299852	0.119623	0
17620	-0.260449	0.129263	0
17630	-0.27007	0.123117	0
17640	-0.230259	0.126363	0
17650	-0.267488	0.115463	0
17660	-0.267465	0.119198	0
17670	-0.266459	0.117476	0
17680	-0.268362	0.12354	0
17690	-0.260766	0.12346	0
17700	-0.27169	0.122712	0
17710	-0.264741	0.125158	0
17720	-0.257071	0.123326	0
17730	-0.254897	0.121805	0
17740	-0.254937	0.119744	0
17750	-0.243625	0.120929	0
17760	-0.236944	0.116293	0
17770	-0.306323	0.0988888	0
17780	-0.238156	0.117423	0
17790	-0.276859	0.101293	0
17800	-0.256441	0.109795	0
17810	-0.25785	0.111586	0
17820	-0.275636	0.105828	0
17830	-0.269882	0.111843	0
17840	-0.260401	0.122572	0
17850	-0.268449	0.114224	0
17860	-0.281411	0.115868	0
17870	-0.271199	0.122329	0
17880	-0.270666	0.11795	0
17890	-0.281852	0.112443	0
17900	-0.27532	0.11742	0
17910	-0.285785	0.110827	0
17920	-0.275504	0.118299	0
17930	-0.287446	0.112941	0
17940	-0.273818	0.122017	0
17950	-0.293429	0.115371	0
17960	-0.273461	0.124224	0
17970	-0.294679	0.114791	0
17980	-0.27628	0.123574	0
17990	-0.293762	0.112796	0
18000	-0.354014	0.0881918	0
