0	0	0	0
10	-8.79454e-14	-3.43367e-06	6.76658e-13
20	-5.59947e-13	-1.42919e-05	1.54448e-12
30	-1.00813e-12	-3.2171e-05	2.38946e-12
40	-1.31239e-12	-5.64258e-05	3.22012e-12
50	-1.39784e-12	-8.62066e-05	4.0317e-12
60	-1.23176e-12	-0.000120513	4.81934e-12
70	-8.07948e-13	-0.000158255	5.57676e-12
80	-1.37358e-13	-0.000198321	6.29507e-12
90	7.57452e-13	-0.000239638	6.96262e-12
100	1.84968e-12	-0.000281236	7.56504e-12
110	3.10466e-12	-0.000322296	8.08781e-12
120	4.48095e-12	-0.000362185	8.51787e-12
130	5.94036e-12	-0.00040048	8.84398e-12
140	7.45176e-12	-0.000436975	9.05776e-12
150	8.97644e-12	-0.000471667	9.15894e-12
160	1.05005e-11	-0.000504738	9.15042e-12
170	1.20084e-11	-0.000536511	9.04666e-12
180	1.3489e-11	-0.000567415	8.87591e-12
190	1.49579e-11	-0.000597928	8.67948e-12
200	1.64259e-11	-0.000628534	8.52976e-12
210	1.79171e-11	-0.000659674	8.53281e-12
220	1.95005e-11	-0.000691709	8.84731e-12
230	2.16438e-11	-0.000724889	9.64275e-12
240	2.59689e-11	-0.000759341	1.09571e-11
250	3.39074e-11	-0.000795059	1.3036e-11
260	4.60571e-11	-0.000831915	1.65456e-11
270	6.26176e-11	-0.000869675	2.25566e-11
280	8.37026e-11	-0.000908031	3.25634e-11
290	1.09578e-10	-0.000946626	4.85182e-11
300	1.40589e-10	-0.000985099	7.29239e-11
310	1.77317e-10	-0.00102311	1.08847e-10
320	2.20518e-10	-0.00106038	1.59913e-10
330	2.70916e-10	-0.00109671	2.30287e-10
340	3.29468e-10	-0.00113199	3.24426e-10
350	3.96767e-10	-0.00116623	4.46864e-10
360	4.73113e-10	-0.00119953	6.01679e-10
370	5.58123e-10	-0.00123207	7.91762e-10
380	6.50033e-10	-0.00126411	1.01787e-09
390	7.45402e-10	-0.00129595	1.27722e-09
400	8.38451e-10	-0.0013279	1.5618e-09
410	9.20186e-10	-0.00136024	1.85638e-09
420	9.7785e-10	-0.00139322	2.13609e-09
430	9.9279e-10	-0.00142701	2.36405e-09
440	9.39668e-10	-0.00146173	2.48862e-09
450	7.85685e-10	-0.00149736	2.44056e-09
460	4.89343e-10	-0.00153384	2.13051e-09
470	-5.96715e-15	-0.001571	1.44671e-09
480	-7.44706e-10	-0.00160863	2.53911e-10
490	-1.8185e-09	-0.00164646	-1.60751e-09
500	-3.30751e-09	-0.00168421	-4.32062e-09
510	-5.31056e-09	-0.00172161	-8.08989e-09
520	-7.93969e-09	-0.00175843	-1.31372e-08
530	-1.13192e-08	-0.00179449	-1.96964e-08
540	-1.55831e-08	-0.00182968	-2.80063e-08
550	-2.08758e-08	-0.00186394	-3.83007e-08
560	-2.73497e-08	-0.00189732	-5.07956e-08
570	-3.51621e-08	-0.00192992	-6.56746e-08
580	-4.44721e-08	-0.00196189	-8.30728e-08
590	-5.54323e-08	-0.00199341	-1.03058e-07
600	-6.81821e-08	-0.00202468	-1.25612e-07
610	-8.28388e-08	-0.00205588	-1.5061e-07
620	-9.94977e-08	-0.00208714	-1.77794e-07
630	-1.18218e-07	-0.00211854	-2.06759e-07
640	-1.38992e-07	-0.00215008	-2.36928e-07
650	-1.61746e-07	-0.00218167	-2.67534e-07
660	-1.86315e-07	-0.00221314	-2.97599e-07
670	-2.12469e-07	-0.00224421	-3.25926e-07
680	-2.39861e-07	-0.00227456	-3.51137e-07
690	-2.67969e-07	-0.00230379	-3.71532e-07
700	-2.96141e-07	-0.00233146	-3.85161e-07
710	-3.23539e-07	-0.00235712	-3.8989e-07
720	-3.49153e-07	-0.00238032	-3.83316e-07
730	-3.71788e-07	-0.00240065	-3.6289e-07
740	-3.90107e-07	-0.00241775	-3.2603e-07
750	-4.02596e-07	-0.00243128	-2.70385e-07
760	-4.07743e-07	-0.00244102	-1.94262e-07
770	-4.05526e-07	-0.00244676	-9.79046e-08
780	-4.03725e-07	-0.00244841	1.74706e-09
790	-3.89188e-07	-0.00244689	9.35344e-08
800	-3.60452e-07	-0.00244308	2.09853e-07
810	-3.12929e-07	-0.00243697	3.50391e-07
820	-2.39711e-07	-0.00242851	5.18164e-07
830	-1.33226e-07	-0.00241763	7.17185e-07
840	1.47955e-08	-0.00240427	9.52445e-07
850	2.13186e-07	-0.00238833	1.22995e-06
860	4.71022e-07	-0.00236977	1.55671e-06
870	7.97331e-07	-0.00234852	1.94056e-06
880	1.20078e-06	-0.0023246	2.39003e-06
890	1.68929e-06	-0.00229806	2.91397e-06
900	2.26954e-06	-0.00226904	3.52119e-06
910	2.94638e-06	-0.00223776	4.21986e-06
920	3.72231e-06	-0.00220452	5.01709e-06
930	4.59689e-06	-0.00216971	5.91826e-06
940	5.56653e-06	-0.00213379	6.92655e-06
950	6.62467e-06	-0.00209729	8.04245e-06
960	7.7618e-06	-0.00206078	9.26347e-06
970	8.96564e-06	-0.00202483	1.05838e-05
980	1.02214e-05	-0.00199	1.19944e-05
990	1.15122e-05	-0.0019568	1.3483e-05
1000	1.28199e-05	-0.00192564	1.50341e-05
1010	1.41264e-05	-0.00189683	1.66297e-05
1020	1.54193e-05	-0.00187051	1.825e-05
1030	1.66848e-05	-0.00184668	1.98743e-05
1040	1.79073e-05	-0.00182518	2.1479e-05
1050	1.90696e-05	-0.00180575	2.30385e-05
1060	2.01536e-05	-0.00178798	2.45254e-05
1070	2.1141e-05	-0.00177141	2.59123e-05
1080	2.20136e-05	-0.0017555	2.71718e-05
1090	2.27538e-05	-0.00173969	2.82784e-05
1100	2.33452e-05	-0.00172346	2.92087e-05
1110	2.37729e-05	-0.0017063	2.99427e-05
1120	2.40249e-05	-0.00168778	3.04642e-05
1130	2.40918e-05	-0.00166756	3.0761e-05
1140	2.39675e-05	-0.00164543	3.08253e-05
1150	2.36498e-05	-0.00162127	3.06535e-05
1160	2.31409e-05	-0.00159512	3.02472e-05
1170	2.24479e-05	-0.00156714	2.96131e-05
1180	2.15832e-05	-0.00153759	2.87633e-05
1190	2.05647e-05	-0.00150685	2.77159e-05
1200	1.94157e-05	-0.00147533	2.64943e-05
1210	1.8164e-05	-0.00144352	2.5127e-05
1220	1.68414e-05	-0.0014119	2.36469e-05
1230	1.54826e-05	-0.00138093	2.20901e-05
1240	1.41235e-05	-0.00135104	2.04948e-05
1250	1.28001e-05	-0.00132256	1.88997e-05
1260	1.15462e-05	-0.00129576	1.73422e-05
1270	1.03921e-05	-0.00127079	1.58568e-05
1280	9.36267e-06	-0.00124771	1.44733e-05
1290	8.47603e-06	-0.00122647	1.32151e-05
1300	7.74215e-06	-0.00120695	1.2098e-05
1310	7.16224e-06	-0.00118895	1.1129e-05
1320	6.72848e-06	-0.00117223	1.0306e-05
1330	6.42457e-06	-0.00115651	9.61782e-06
1340	6.22676e-06	-0.00114151	9.04529e-06
1350	6.10553e-06	-0.00112698	8.56229e-06
1360	6.02746e-06	-0.00111268	8.13784e-06
1370	5.9573e-06	-0.00109846	7.73804e-06
1380	5.85986e-06	-0.00108421	7.32818e-06
1390	5.70181e-06	-0.00106989	6.87465e-06
1400	5.45328e-06	-0.00105553	6.34681e-06
1410	5.08923e-06	-0.00104123	5.71851e-06
1420	4.59066e-06	-0.00102716	4.96954e-06
1430	3.94552e-06	-0.0010135	4.08669e-06
1440	3.14942e-06	-0.0010005	3.06464e-06
1450	2.20605e-06	-0.000988406	1.90657e-06
1460	1.12723e-06	-0.000977476	6.2446e-07
1470	-6.72655e-08	-0.000967957	-7.6084e-07
1480	-1.35028e-06	-0.000960075	-2.21991e-06
1490	-2.68822e-06	-0.000954022	-3.71516e-06
1500	-4.0427e-06	-0.000949947	-5.20152e-06
1510	-5.3739e-06	-0.000947939	-6.62801e-06
1520	-6.64699e-06	-0.000947962	-7.9547e-06
1530	-7.84032e-06	-0.00094946	-9.2463e-06
1540	-8.94779e-06	-0.00095225	-1.05059e-05
1550	-9.97065e-06	-0.000956337	-1.17185e-05
1560	-1.09088e-05	-0.000961757	-1.28728e-05
1570	-1.17595e-05	-0.000968567	-1.39568e-05
1580	-1.25186e-05	-0.00097683	-1.49566e-05
1590	-1.31803e-05	-0.000986599	-1.58561e-05
1600	-1.37386e-05	-0.000997915	-1.66376e-05
1610	-1.41873e-05	-0.00101079	-1.72823e-05
1620	-1.45205e-05	-0.00102521	-1.77713e-05
1630	-1.47335e-05	-0.00104112	-1.80869e-05
1640	-1.48229e-05	-0.00105843	-1.82139e-05
1650	-1.47879e-05	-0.00107703	-1.81413e-05
1660	-1.46298e-05	-0.00109679	-1.7863e-05
1670	-1.43537e-05	-0.00111755	-1.73799e-05
1680	-1.39676e-05	-0.00113918	-1.66999e-05
1690	-1.34831e-05	-0.00116153	-1.58394e-05
1700	-1.29153e-05	-0.00118451	-1.48223e-05
1710	-1.2282e-05	-0.00120804	-1.36806e-05
1720	-1.16035e-05	-0.00123209	-1.24528e-05
1730	-1.09016e-05	-0.00125665	-1.11825e-05
1740	-1.01986e-05	-0.00128176	-9.9168e-06
1750	-9.51632e-06	-0.00130747	-8.7042e-06
1760	-8.87506e-06	-0.00133384	-7.59192e-06
1770	-8.29259e-06	-0.0013609	-6.62372e-06
1780	-7.7831e-06	-0.00138869	-5.83738e-06
1790	-7.35638e-06	-0.00141716	-5.26241e-06
1800	-7.01714e-06	-0.00144624	-4.91806e-06
1810	-6.76457e-06	-0.00147575	-4.81168e-06
1820	-6.59224e-06	-0.00150548	-4.93773e-06
1830	-6.48833e-06	-0.00153513	-5.27747e-06
1840	-6.43624e-06	-0.00156435	-5.79938e-06
1850	-6.4156e-06	-0.00159274	-6.46043e-06
1860	-6.40352e-06	-0.00161993	-7.20812e-06
1870	-6.37619e-06	-0.00164551	-7.98323e-06
1880	-6.31053e-06	-0.00166916	-8.72303e-06
1890	-6.18597e-06	-0.00169061	-9.36496e-06
1900	-5.98607e-06	-0.00170968	-9.8504e-06
1910	-5.69999e-06	-0.00172634	-1.01284e-05
1920	-5.32368e-06	-0.00174063	-1.0159e-05
1930	-4.86058e-06	-0.00175275	-9.91637e-06
1940	-4.32193e-06	-0.001763	-9.39088e-06
1950	-3.72605e-06	-0.00177176	-8.5903e-06
1960	-3.09669e-06	-0.0017795	-7.53951e-06
1970	-2.45972e-06	-0.00178668	-6.27805e-06
1980	-1.83939e-06	-0.00179379	-4.85546e-06
1990	-1.2555e-06	-0.00180123	-3.32571e-06
2000	-7.22608e-07	-0.00180933	-1.74303e-06
2010	-2.50612e-07	-0.00181828	-1.6016e-07
2020	1.54463e-07	-0.00182819	1.372e-06
2030	4.90177e-07	-0.00183897	2.80474e-06
2040	7.578e-07	-0.00185046	4.09306e-06
2050	9.62528e-07	-0.00186234	5.198e-06
2060	1.11354e-06	-0.00187423	6.08926e-06
2070	1.22374e-06	-0.00188567	6.74731e-06
2080	1.3091e-06	-0.00189617	7.1647e-06
2090	1.38765e-06	-0.00190529	7.34654e-06
2100	1.47798e-06	-0.0019126	7.30989e-06
2110	1.59731e-06	-0.00191778	7.08234e-06
2120	1.75867e-06	-0.00192062	6.69911e-06
2130	1.96453e-06	-0.00192114	6.22149e-06
2140	2.19385e-06	-0.00191996	5.78097e-06
2150	2.42086e-06	-0.0019175	5.34884e-06
2160	2.68666e-06	-0.00191418	4.91553e-06
2170	3.00413e-06	-0.00191047	4.53178e-06
2180	3.3551e-06	-0.00190676	4.21847e-06
2190	3.71514e-06	-0.00190323	3.97762e-06
2200	4.06444e-06	-0.00190007	3.81597e-06
2210	4.38545e-06	-0.00189736	3.73916e-06
2220	4.66307e-06	-0.00189518	3.75053e-06
2230	4.88598e-06	-0.00189354	3.85143e-06
2240	5.04838e-06	-0.00189244	4.04204e-06
2250	5.15166e-06	-0.0018918	4.32334e-06
2260	5.20221e-06	-0.0018915	4.69306e-06
2270	5.22357e-06	-0.00189118	5.10062e-06
2280	5.22535e-06	-0.00189076	5.55295e-06
2290	5.2138e-06	-0.00189023	6.08249e-06
2300	5.19505e-06	-0.00188947	6.69525e-06
2310	5.17554e-06	-0.00188833	7.38036e-06
2320	5.16142e-06	-0.00188662	8.12297e-06
2330	5.15866e-06	-0.00188421	8.90554e-06
2340	5.17269e-06	-0.00188096	9.70834e-06
2350	5.2078e-06	-0.00187675	1.05098e-05
2360	5.2666e-06	-0.00187148	1.12867e-05
2370	5.34958e-06	-0.00186509	1.20148e-05
2380	5.4548e-06	-0.00185751	1.26689e-05
2390	5.5778e-06	-0.00184869	1.32241e-05
2400	5.71169e-06	-0.00183862	1.36558e-05
2410	5.84747e-06	-0.00182726	1.39414e-05
2420	5.9745e-06	-0.00181463	1.40604e-05
2430	6.08108e-06	-0.00180074	1.39964e-05
2440	6.15517e-06	-0.00178561	1.37371e-05
2450	6.18512e-06	-0.0017693	1.32759e-05
2460	6.16036e-06	-0.00175188	1.26123e-05
2470	6.07212e-06	-0.00173346	1.17524e-05
2480	5.91395e-06	-0.00171418	1.07089e-05
2490	5.6822e-06	-0.00169419	9.50128e-06
2500	5.37629e-06	-0.0016737	8.15517e-06
2510	4.99885e-06	-0.00165293	6.70153e-06
2520	4.5557e-06	-0.00163213	5.1757e-06
2530	4.05562e-06	-0.00161157	3.6161e-06
2540	3.51002e-06	-0.00159151	2.06276e-06
2550	2.93246e-06	-0.00157223	5.5581e-07
2560	2.33798e-06	-0.00155397	-8.66161e-07
2570	1.74247e-06	-0.00153693	-2.16757e-06
2580	1.16194e-06	-0.00152128	-3.31727e-06
2590	6.11771e-07	-0.00150714	-4.28966e-06
2600	1.06032e-07	-0.00149453	-5.06566e-06
2610	-3.4317e-07	-0.00148345	-5.63326e-06
2620	-7.26281e-07	-0.00147381	-5.98781e-06
2630	-1.03676e-06	-0.00146544	-6.13201e-06
2640	-1.27142e-06	-0.00145816	-6.07549e-06
2650	-1.43048e-06	-0.00145172	-5.83411e-06
2660	-1.51739e-06	-0.00144584	-5.42888e-06
2670	-1.53825e-06	-0.00144027	-4.88449e-06
2680	-1.50102e-06	-0.00143474	-4.22761e-06
2690	-1.41473e-06	-0.00142904	-3.48524e-06
2700	-1.28883e-06	-0.00142298	-2.68319e-06
2710	-1.13275e-06	-0.00141645	-1.8452e-06
2720	-9.55665e-07	-0.00140941	-9.92394e-07
2730	-7.66501e-07	-0.00140189	-1.4324e-07
2740	-5.73918e-07	-0.00139399	6.86208e-07
2750	-3.86376e-07	-0.00138588	1.48195e-06
2760	-2.1215e-07	-0.00137778	2.23156e-06
2770	-5.92876e-08	-0.00136994	2.92375e-06
2780	6.45441e-08	-0.00136264	3.54788e-06
2790	1.52313e-07	-0.00135612	4.09374e-06
2800	1.98195e-07	-0.00135063	4.5514e-06
2810	1.97625e-07	-0.00134635	4.91146e-06
2820	1.49006e-07	-0.00134342	5.16557e-06
2830	5.66064e-08	-0.00134191	5.30818e-06
2840	-5.06007e-08	-0.00134171	5.33024e-06
2850	-1.39588e-07	-0.00134204	5.20244e-06
2860	-2.42746e-07	-0.0013425	4.96062e-06
2870	-3.57764e-07	-0.00134296	4.59679e-06
2880	-4.84669e-07	-0.00134336	4.11301e-06
2890	-6.219e-07	-0.00134378	3.55263e-06
2900	-7.57322e-07	-0.00134423	2.96648e-06
2910	-8.80518e-07	-0.00134467	2.37335e-06
2920	-9.88905e-07	-0.00134511	1.7943e-06
2930	-1.08062e-06	-0.00134552	1.24784e-06
2940	-1.15198e-06	-0.00134588	7.51669e-07
2950	-1.20109e-06	-0.00134614	3.14289e-07
2960	-1.22756e-06	-0.00134626	-5.73495e-08
2970	-1.23227e-06	-0.00134621	-3.59075e-07
2980	-1.22018e-06	-0.00134598	-5.90301e-07
2990	-1.20945e-06	-0.00134558	-7.56469e-07
3000	-1.20922e-06	-0.00134518	-8.87055e-07
3010	-1.20612e-06	-0.0013449	-9.76435e-07
3020	-1.20497e-06	-0.00134475	-1.02329e-06
3030	-1.19767e-06	-0.00134473	-1.02586e-06
3040	-1.19614e-06	-0.00134471	-1.02667e-06
3050	-1.19624e-06	-0.00134471	-1.01544e-06
3060	-1.19211e-06	-0.0013447	-1.00778e-06
3070	-1.18572e-06	-0.0013447	-1.00647e-06
3080	-1.18204e-06	-0.0013447	-1.00473e-06
3090	-1.17933e-06	-0.0013447	-1.0019e-06
3100	-1.17819e-06	-0.00134471	-9.98321e-07
3110	-1.17717e-06	-0.00134472	-9.94311e-07
3120	-1.17534e-06	-0.00134474	-9.91186e-07
3130	-1.1701e-06	-0.00134476	-9.90155e-07
3140	-1.15626e-06	-0.0013448	-9.94732e-07
3150	-1.12969e-06	-0.00134491	-1.00239e-06
3160	-1.08676e-06	-0.00134521	-1.00108e-06
3170	-1.02658e-06	-0.00134582	-9.8404e-07
3180	-9.49857e-07	-0.00134686	-9.49964e-07
3190	-8.58525e-07	-0.00134846	-9.00195e-07
3200	-7.55567e-07	-0.0013507	-8.38113e-07
3210	-6.4458e-07	-0.00135365	-7.68562e-07
3220	-5.29501e-07	-0.00135732	-6.97094e-07
3230	-4.1433e-07	-0.00136169	-6.29212e-07
3240	-3.02872e-07	-0.0013667	-5.6967e-07
3250	-1.98527e-07	-0.00137227	-5.21902e-07
3260	-1.04137e-07	-0.00137825	-4.87606e-07
3270	-2.19025e-08	-0.00138452	-4.6654e-07
3280	4.6633e-08	-0.00139091	-4.56519e-07
3290	1.00539e-07	-0.00139729	-4.53636e-07
3300	1.39412e-07	-0.00140352	-4.52658e-07
3310	1.63252e-07	-0.0014095	-4.4759e-07
3320	1.7234e-07	-0.00141515	-4.32325e-07
3330	1.67111e-07	-0.00142046	-4.01345e-07
3340	1.48057e-07	-0.00142542	-3.50388e-07
3350	1.15653e-07	-0.0014301	-2.77033e-07
3360	7.03006e-08	-0.00143458	-1.81146e-07
3370	1.22646e-08	-0.00143896	-6.51902e-08
3380	-5.83769e-08	-0.00144337	6.56219e-08
3390	-1.41776e-07	-0.00144794	2.03387e-07
3400	-2.38243e-07	-0.00145277	3.37815e-07
3410	-3.4806e-07	-0.00145796	4.56823e-07
3420	-4.71222e-07	-0.00146356	5.47396e-07
3430	-6.07161e-07	-0.0014696	5.96621e-07
3440	-7.54507e-07	-0.00147605	5.92771e-07
3450	-9.10958e-07	-0.00148285	5.26329e-07
3460	-1.07325e-06	-0.00148989	3.90861e-07
3470	-1.23727e-06	-0.00149705	1.8368e-07
3480	-1.39823e-06	-0.00150416	-9.37574e-08
3490	-1.55103e-06	-0.00151107	-4.35736e-07
3500	-1.69055e-06	-0.00151761	-8.32474e-07
3510	-1.81211e-06	-0.00152364	-1.2706e-06
3520	-1.91191e-06	-0.00152903	-1.73393e-06
3530	-1.98743e-06	-0.00153369	-2.20438e-06
3540	-2.03782e-06	-0.00153757	-2.66316e-06
3550	-2.06426e-06	-0.00154065	-3.09187e-06
3560	-2.07014e-06	-0.00154294	-3.47375e-06
3570	-2.06132e-06	-0.0015445	-3.79467e-06
3580	-2.04623e-06	-0.00154541	-4.04398e-06
3590	-2.03678e-06	-0.00154576	-4.21474e-06
3600	-2.04421e-06	-0.00154584	-4.27345e-06
3610	-2.06072e-06	-0.00154587	-4.25491e-06
3620	-2.0659e-06	-0.00154601	-4.20742e-06
3630	-2.06548e-06	-0.00154627	-4.1239e-06
3640	-2.06268e-06	-0.00154666	-4.00139e-06
3650	-2.05987e-06	-0.00154715	-3.84128e-06
3660	-2.06508e-06	-0.00154772	-3.65013e-06
3670	-2.0704e-06	-0.00154835	-3.43842e-06
3680	-2.07334e-06	-0.00154901	-3.2146e-06
3690	-2.07684e-06	-0.00154967	-2.99095e-06
3700	-2.07704e-06	-0.00155031	-2.77443e-06
3710	-2.08e-06	-0.00155089	-2.57982e-06
3720	-2.08223e-06	-0.00155138	-2.41422e-06
3730	-2.08745e-06	-0.00155176	-2.28769e-06
3740	-2.09105e-06	-0.00155199	-2.2056e-06
3750	-2.09455e-06	-0.00155208	-2.17571e-06
3760	-2.10047e-06	-0.00155209	-2.17681e-06
3770	-2.10567e-06	-0.0015521	-2.18099e-06
3780	-2.11307e-06	-0.0015521	-2.18362e-06
3790	-2.11955e-06	-0.00155211	-2.18517e-06
3800	-2.12619e-06	-0.00155211	-2.1864e-06
3810	-2.13309e-06	-0.00155212	-2.18748e-06
3820	-2.14e-06	-0.00155212	-2.18821e-06
3830	-2.14722e-06	-0.00155213	-2.18974e-06
3840	-2.15468e-06	-0.00155213	-2.19117e-06
3850	-2.16085e-06	-0.00155214	-2.19134e-06
3860	-2.16784e-06	-0.00155214	-2.19317e-06
3870	-2.17341e-06	-0.00155215	-2.19478e-06
3880	-2.17934e-06	-0.00155216	-2.19744e-06
3890	-2.18437e-06	-0.00155216	-2.20032e-06
3900	-2.18869e-06	-0.00155217	-2.20337e-06
3910	-2.19313e-06	-0.00155218	-2.20691e-06
3920	-2.19852e-06	-0.00155218	-2.20567e-06
3930	-2.20435e-06	-0.00155219	-2.20662e-06
3940	-2.20967e-06	-0.0015522	-2.20904e-06
3950	-2.2136e-06	-0.0015522	-2.21363e-06
3960	-2.21738e-06	-0.00155221	-2.21797e-06
3970	-2.22162e-06	-0.00155222	-2.22051e-06
3980	-2.22729e-06	-0.00155222	-2.2257e-06
3990	-2.23184e-06	-0.00155223	-2.23028e-06
4000	-2.23679e-06	-0.00155224	-2.23313e-06
4010	-2.24218e-06	-0.00155224	-2.23738e-06
4020	-2.24645e-06	-0.00155225	-2.24063e-06
4030	-2.25264e-06	-0.00155225	-2.24473e-06
4040	-2.25852e-06	-0.00155226	-2.24795e-06
4050	-2.26363e-06	-0.00155227	-2.25134e-06
4060	-2.26905e-06	-0.00155227	-2.25375e-06
4070	-2.27477e-06	-0.00155228	-2.25725e-06
4080	-2.2802e-06	-0.00155229	-2.26071e-06
4090	-2.28542e-06	-0.00155229	-2.26405e-06
4100	-2.29075e-06	-0.0015523	-2.26785e-06
4110	-2.29585e-06	-0.00155231	-2.27203e-06
4120	-2.3019e-06	-0.00155231	-2.27896e-06
4130	-2.30462e-06	-0.00155232	-2.28646e-06
4140	-2.31161e-06	-0.00155233	-2.29243e-06
4150	-2.3183e-06	-0.00155233	-2.29811e-06
4160	-2.3246e-06	-0.00155234	-2.30174e-06
4170	-2.33344e-06	-0.00155234	-2.30218e-06
4180	-2.33917e-06	-0.00155235	-2.30298e-06
4190	-2.34531e-06	-0.00155235	-2.305e-06
4200	-2.35135e-06	-0.00155236	-2.3081e-06
4210	-2.35586e-06	-0.00155236	-2.31159e-06
4220	-2.36181e-06	-0.00155237	-2.31558e-06
4230	-2.36762e-06	-0.00155237	-2.31928e-06
4240	-2.37317e-06	-0.00155238	-2.32262e-06
4250	-2.37903e-06	-0.00155238	-2.32626e-06
4260	-2.3848e-06	-0.00155239	-2.32995e-06
4270	-2.39062e-06	-0.00155239	-2.33363e-06
4280	-2.39639e-06	-0.0015524	-2.33727e-06
4290	-2.40212e-06	-0.0015524	-2.34086e-06
4300	-2.40785e-06	-0.00155241	-2.34436e-06
4310	-2.41358e-06	-0.00155241	-2.34773e-06
4320	-2.41921e-06	-0.00155241	-2.351e-06
4330	-2.42453e-06	-0.00155242	-2.35434e-06
4340	-2.42936e-06	-0.00155242	-2.35787e-06
4350	-2.4334e-06	-0.00155243	-2.36112e-06
4360	-2.43958e-06	-0.00155243	-2.3655e-06
4370	-2.44409e-06	-0.00155244	-2.36889e-06
4380	-2.44947e-06	-0.00155244	-2.37287e-06
4390	-2.45345e-06	-0.00155244	-2.37505e-06
4400	-2.46349e-06	-0.00155244	-2.3768e-06
4410	-2.46802e-06	-0.00155245	-2.37746e-06
4420	-2.47241e-06	-0.00155245	-2.38022e-06
4430	-2.47669e-06	-0.00155245	-2.38744e-06
4440	-2.48213e-06	-0.00155245	-2.39696e-06
4450	-2.48628e-06	-0.00155244	-2.39956e-06
4460	-2.4886e-06	-0.00155244	-2.39982e-06
4470	-2.4912e-06	-0.00155243	-2.39784e-06
4480	-2.49405e-06	-0.00155242	-2.39478e-06
4490	-2.49675e-06	-0.00155241	-2.39125e-06
4500	-2.49902e-06	-0.0015524	-2.38776e-06
4510	-2.50071e-06	-0.00155239	-2.3846e-06
4520	-2.50168e-06	-0.00155238	-2.38219e-06
4530	-2.50192e-06	-0.00155236	-2.38073e-06
4540	-2.50135e-06	-0.00155234	-2.38083e-06
4550	-2.49994e-06	-0.00155231	-2.38443e-06
4560	-2.49779e-06	-0.00155228	-2.39027e-06
4570	-2.4947e-06	-0.00155224	-2.3988e-06
4580	-2.49014e-06	-0.0015522	-2.41056e-06
4590	-2.4841e-06	-0.00155215	-2.42619e-06
4600	-2.47687e-06	-0.00155208	-2.44649e-06
4610	-2.46865e-06	-0.00155201	-2.47202e-06
4620	-2.45937e-06	-0.00155191	-2.50259e-06
4630	-2.44887e-06	-0.00155181	-2.53685e-06
4640	-2.4372e-06	-0.0015517	-2.57144e-06
4650	-2.42434e-06	-0.00155161	-2.59783e-06
4660	-2.40975e-06	-0.00155156	-2.59985e-06
4670	-2.3942e-06	-0.00155153	-2.58035e-06
4680	-2.36879e-06	-0.00155148	-2.53801e-06
4690	-2.32823e-06	-0.00155142	-2.46408e-06
4700	-2.26954e-06	-0.00155133	-2.34853e-06
4710	-2.18916e-06	-0.0015512	-2.18368e-06
4720	-2.08512e-06	-0.00155104	-1.96366e-06
4730	-1.95703e-06	-0.00155082	-1.68668e-06
4740	-1.80594e-06	-0.00155055	-1.35193e-06
4750	-1.6346e-06	-0.00155023	-9.62732e-07
4760	-1.45265e-06	-0.00154987	-5.31473e-07
4770	-1.26377e-06	-0.0015495	-6.87399e-08
4780	-1.07366e-06	-0.00154915	4.20654e-07
4790	-8.87772e-07	-0.0015488	9.25252e-07
4800	-7.09831e-07	-0.00154846	1.42889e-06
4810	-5.42695e-07	-0.00154811	1.92222e-06
4820	-3.88321e-07	-0.00154778	2.39684e-06
4830	-2.50104e-07	-0.00154748	2.84233e-06
4840	-1.31971e-07	-0.00154721	3.24787e-06
4850	-3.73588e-08	-0.00154697	3.59852e-06
4860	3.28334e-08	-0.00154676	3.88742e-06
4870	7.7182e-08	-0.0015466	4.10788e-06
4880	9.73906e-08	-0.00154648	4.25578e-06
4890	9.52177e-08	-0.00154642	4.33232e-06
4900	7.89607e-08	-0.00154638	4.33997e-06
4910	6.88424e-08	-0.00154634	4.33069e-06
4920	6.24908e-08	-0.00154626	4.31079e-06
4930	5.90549e-08	-0.00154611	4.26585e-06
4940	5.84026e-08	-0.00154587	4.18684e-06
4950	6.10045e-08	-0.00154552	4.0667e-06
4960	6.70812e-08	-0.00154502	3.89887e-06
4970	7.66594e-08	-0.00154438	3.6779e-06
4980	8.95817e-08	-0.00154357	3.39995e-06
4990	1.05524e-07	-0.00154259	3.06326e-06
5000	1.2402e-07	-0.00154144	2.6685e-06
5010	1.44539e-07	-0.00154012	2.21912e-06
5020	1.67174e-07	-0.00153866	1.72191e-06
5030	1.95385e-07	-0.00153706	1.18943e-06
5040	2.34263e-07	-0.00153532	6.39455e-07
5050	2.88774e-07	-0.00153346	9.19682e-08
5060	3.64303e-07	-0.00153148	-4.31092e-07
5070	4.66062e-07	-0.00152941	-9.06513e-07
5080	5.98152e-07	-0.00152727	-1.31121e-06
5090	7.63016e-07	-0.00152508	-1.62274e-06
5100	9.6206e-07	-0.0015229	-1.82012e-06
5110	1.19529e-06	-0.00152076	-1.88536e-06
5120	1.46115e-06	-0.0015187	-1.8045e-06
5130	1.75653e-06	-0.00151676	-1.56851e-06
5140	2.07692e-06	-0.00151498	-1.17402e-06
5150	2.41659e-06	-0.0015134	-6.23738e-07
5160	2.76878e-06	-0.00151204	7.32923e-08
5170	3.12614e-06	-0.00151093	9.01634e-07
5180	3.48134e-06	-0.00151006	1.83929e-06
5190	3.8256e-06	-0.00150939	2.84695e-06
5200	4.1524e-06	-0.00150871	3.86284e-06
5210	4.45432e-06	-0.00150803	4.86137e-06
5220	4.72548e-06	-0.00150735	5.81946e-06
5230	4.96164e-06	-0.00150669	6.71559e-06
5240	5.1597e-06	-0.00150608	7.53162e-06
5250	5.31814e-06	-0.00150552	8.25104e-06
5260	5.43704e-06	-0.00150502	8.86042e-06
5270	5.51872e-06	-0.0015046	9.35577e-06
5280	5.56704e-06	-0.00150421	9.72617e-06
5290	5.58849e-06	-0.00150387	9.9777e-06
5300	5.59141e-06	-0.00150353	1.0111e-05
5310	5.58518e-06	-0.00150313	1.01326e-05
5320	5.5862e-06	-0.0015026	1.00754e-05
5330	5.59233e-06	-0.00150189	9.97511e-06
5340	5.60117e-06	-0.00150096	9.82927e-06
5350	5.61319e-06	-0.00149983	9.63822e-06
5360	5.62816e-06	-0.0014985	9.40619e-06
5370	5.64586e-06	-0.001497	9.13977e-06
5380	5.66517e-06	-0.00149537	8.8467e-06
5390	5.6859e-06	-0.00149367	8.53668e-06
5400	5.707e-06	-0.00149195	8.21929e-06
5410	5.72705e-06	-0.00149029	7.90361e-06
5420	5.74502e-06	-0.00148875	7.59858e-06
5430	5.75876e-06	-0.00148738	7.31326e-06
5440	5.76676e-06	-0.00148624	7.05254e-06
5450	5.76764e-06	-0.00148535	6.82242e-06
5460	5.76587e-06	-0.00148474	6.63262e-06
5470	5.76546e-06	-0.00148433	6.5042e-06
5480	5.76525e-06	-0.00148409	6.4309e-06
5490	5.76508e-06	-0.00148401	6.41035e-06
5500	5.76546e-06	-0.00148399	6.41474e-06
5510	5.76566e-06	-0.00148397	6.42046e-06
5520	5.76575e-06	-0.00148395	6.42715e-06
5530	5.7656e-06	-0.00148393	6.43555e-06
5540	5.76495e-06	-0.00148391	6.44674e-06
5550	5.76356e-06	-0.00148387	6.46038e-06
5560	5.76113e-06	-0.00148383	6.48004e-06
5570	5.75921e-06	-0.00148378	6.51475e-06
5580	5.75738e-06	-0.00148371	6.56587e-06
5590	5.75476e-06	-0.00148362	6.63004e-06
5600	5.75212e-06	-0.00148353	6.70446e-06
5610	5.74788e-06	-0.00148344	6.78527e-06
5620	5.744e-06	-0.00148334	6.86599e-06
5630	5.74001e-06	-0.00148325	6.94327e-06
5640	5.73583e-06	-0.00148316	7.01294e-06
5650	5.73124e-06	-0.00148309	7.07299e-06
5660	5.72812e-06	-0.00148302	7.11952e-06
5670	5.72506e-06	-0.00148298	7.15183e-06
5680	5.72241e-06	-0.00148294	7.17208e-06
5690	5.72055e-06	-0.00148292	7.1831e-06
5700	5.71703e-06	-0.00148289	7.18832e-06
5710	5.71287e-06	-0.00148287	7.19523e-06
5720	5.70694e-06	-0.00148285	7.20258e-06
5730	5.69988e-06	-0.00148282	7.20961e-06
5740	5.69239e-06	-0.0014828	7.21529e-06
5750	5.68512e-06	-0.00148278	7.21735e-06
5760	5.67865e-06	-0.00148276	7.21615e-06
5770	5.67459e-06	-0.00148274	7.21094e-06
5780	5.67443e-06	-0.00148272	7.20163e-06
5790	5.6776e-06	-0.0014827	7.18845e-06
5800	5.67321e-06	-0.00148268	7.16698e-06
5810	5.6404e-06	-0.00148266	7.12072e-06
5820	5.56079e-06	-0.00148265	7.0267e-06
5830	5.41896e-06	-0.00148266	6.86117e-06
5840	5.20343e-06	-0.00148269	6.60292e-06
5850	4.90769e-06	-0.00148276	6.23604e-06
5860	4.53079e-06	-0.00148286	5.75198e-06
5870	4.0775e-06	-0.001483	5.1509e-06
5880	3.55813e-06	-0.00148318	4.4423e-06
5890	2.98808e-06	-0.00148339	3.6449e-06
5900	2.38681e-06	-0.00148362	2.78604e-06
5910	1.77674e-06	-0.00148386	1.90013e-06
5920	1.18218e-06	-0.00148409	1.02676e-06
5930	6.28388e-07	-0.0014843	2.07977e-07
5940	1.3969e-07	-0.00148446	-5.13869e-07
5950	-2.6114e-07	-0.00148458	-1.10075e-06
5960	-5.54131e-07	-0.00148463	-1.52045e-06
5970	-7.27897e-07	-0.00148462	-1.75173e-06
5980	-7.86035e-07	-0.00148457	-1.79799e-06
5990	-7.83187e-07	-0.00148453	-1.71455e-06
6000	-7.68824e-07	-0.00148458	-1.54509e-06
6010	-7.49097e-07	-0.00148476	-1.29627e-06
6020	-7.26395e-07	-0.00148511	-9.64603e-07
6030	-7.04193e-07	-0.00148568	-5.48375e-07
6040	-6.87029e-07	-0.00148651	-5.30159e-08
6050	-6.88527e-07	-0.00148763	4.9429e-07
6060	-7.39334e-07	-0.00148903	1.02226e-06
6070	-7.8041e-07	-0.00149057	1.53833e-06
6080	-8.16627e-07	-0.00149218	2.07685e-06
6090	-8.55518e-07	-0.0014938	2.61786e-06
6100	-8.89409e-07	-0.00149537	3.13096e-06
6110	-9.34351e-07	-0.00149684	3.59524e-06
6120	-1.00348e-06	-0.00149818	3.97302e-06
6130	-1.10603e-06	-0.00149935	4.22756e-06
6140	-1.249e-06	-0.00150029	4.31185e-06
6150	-1.43664e-06	-0.00150095	4.19411e-06
6160	-1.66863e-06	-0.00150128	3.84586e-06
6170	-1.95069e-06	-0.00150156	3.31685e-06
6180	-2.2773e-06	-0.00150193	2.63947e-06
6190	-2.64509e-06	-0.0015024	1.82113e-06
6200	-3.04098e-06	-0.00150295	8.80891e-07
6210	-3.45214e-06	-0.00150355	-1.54481e-07
6220	-3.86709e-06	-0.0015042	-1.26098e-06
6230	-4.27465e-06	-0.00150487	-2.40135e-06
6240	-4.65342e-06	-0.00150546	-3.52778e-06
6250	-4.97634e-06	-0.00150588	-4.59173e-06
6260	-5.21618e-06	-0.00150604	-5.55085e-06
6270	-5.35467e-06	-0.00150587	-6.37809e-06
6280	-5.38517e-06	-0.00150534	-7.05716e-06
6290	-5.32156e-06	-0.00150443	-7.58295e-06
6300	-5.23702e-06	-0.0015032	-7.99546e-06
6310	-5.15627e-06	-0.00150192	-8.36294e-06
6320	-5.05762e-06	-0.00150071	-8.68295e-06
6330	-4.93452e-06	-0.00149962	-8.93666e-06
6340	-4.77966e-06	-0.00149867	-9.10248e-06
6350	-4.5937e-06	-0.00149788	-9.17288e-06
6360	-4.38122e-06	-0.0014973	-9.13953e-06
6370	-4.14794e-06	-0.00149705	-8.96175e-06
6380	-3.89865e-06	-0.001497	-8.66836e-06
6390	-3.63813e-06	-0.00149691	-8.31887e-06
6400	-3.37096e-06	-0.00149679	-7.92167e-06
6410	-3.10211e-06	-0.00149664	-7.48435e-06
6420	-2.8367e-06	-0.00149646	-7.0136e-06
6430	-2.5793e-06	-0.00149625	-6.51539e-06
6440	-2.33441e-06	-0.00149601	-5.9948e-06
6450	-2.10597e-06	-0.00149575	-5.45909e-06
6460	-1.89669e-06	-0.00149547	-4.91519e-06
6470	-1.70836e-06	-0.0014952	-4.36877e-06
6480	-1.55408e-06	-0.00149496	-3.84188e-06
6490	-1.43522e-06	-0.00149477	-3.35389e-06
6500	-1.35397e-06	-0.00149466	-2.91102e-06
6510	-1.30806e-06	-0.00149461	-2.51683e-06
6520	-1.29316e-06	-0.00149464	-2.17587e-06
6530	-1.30277e-06	-0.00149473	-1.88908e-06
6540	-1.32876e-06	-0.00149486	-1.65516e-06
6550	-1.36268e-06	-0.00149501	-1.47154e-06
6560	-1.39717e-06	-0.00149513	-1.33653e-06
6570	-1.42771e-06	-0.00149521	-1.24713e-06
6580	-1.45207e-06	-0.00149521	-1.20315e-06
6590	-1.46571e-06	-0.0014952	-1.19002e-06
6600	-1.47064e-06	-0.0014952	-1.18481e-06
6610	-1.47937e-06	-0.00149521	-1.18038e-06
6620	-1.48954e-06	-0.00149521	-1.17461e-06
6630	-1.50007e-06	-0.00149522	-1.16795e-06
6640	-1.51144e-06	-0.00149522	-1.16642e-06
6650	-1.52151e-06	-0.00149522	-1.16842e-06
6660	-1.53233e-06	-0.00149521	-1.1706e-06
6670	-1.54279e-06	-0.00149521	-1.17315e-06
6680	-1.55238e-06	-0.00149521	-1.17699e-06
6690	-1.56183e-06	-0.00149521	-1.18203e-06
6700	-1.57104e-06	-0.00149521	-1.18827e-06
6710	-1.57918e-06	-0.00149521	-1.19678e-06
6720	-1.58622e-06	-0.0014952	-1.20435e-06
6730	-1.59178e-06	-0.0014952	-1.21227e-06
6740	-1.59483e-06	-0.00149519	-1.22009e-06
6750	-1.60189e-06	-0.00149518	-1.22712e-06
6760	-1.60421e-06	-0.00149517	-1.23099e-06
6770	-1.60164e-06	-0.00149516	-1.24103e-06
6780	-1.59637e-06	-0.00149515	-1.25459e-06
6790	-1.59215e-06	-0.00149514	-1.26947e-06
6800	-1.58634e-06	-0.00149512	-1.28045e-06
6810	-1.57718e-06	-0.00149511	-1.28761e-06
6820	-1.5718e-06	-0.00149509	-1.28689e-06
6830	-1.57036e-06	-0.00149507	-1.29317e-06
6840	-1.56827e-06	-0.00149505	-1.30131e-06
6850	-1.56477e-06	-0.00149503	-1.31018e-06
6860	-1.55922e-06	-0.001495	-1.32005e-06
6870	-1.5514e-06	-0.00149497	-1.33036e-06
6880	-1.54223e-06	-0.00149494	-1.34105e-06
6890	-1.53124e-06	-0.0014949	-1.35194e-06
6900	-1.51911e-06	-0.00149486	-1.36341e-06
6910	-1.50634e-06	-0.00149481	-1.37525e-06
6920	-1.49371e-06	-0.00149476	-1.38729e-06
6930	-1.48171e-06	-0.00149471	-1.39852e-06
6940	-1.4698e-06	-0.00149464	-1.40336e-06
6950	-1.45394e-06	-0.00149457	-1.39185e-06
6960	-1.42613e-06	-0.0014945	-1.35278e-06
6970	-1.38235e-06	-0.0014944	-1.27984e-06
6980	-1.31764e-06	-0.00149428	-1.16357e-06
6990	-1.22792e-06	-0.00149412	-9.9763e-07
7000	-1.10911e-06	-0.00149393	-7.72774e-07
7010	-9.59949e-07	-0.0014937	-4.85318e-07
7020	-7.79525e-07	-0.00149344	-1.31359e-07
7030	-5.70785e-07	-0.00149316	2.87812e-07
7040	-3.37705e-07	-0.00149287	7.70157e-07
7050	-8.59713e-08	-0.00149256	1.30597e-06
7060	1.77788e-07	-0.00149222	1.88357e-06
7070	4.45838e-07	-0.00149187	2.49043e-06
7080	7.0999e-07	-0.0014915	3.11149e-06
7090	9.61318e-07	-0.00149113	3.72866e-06
7100	1.19196e-06	-0.00149078	4.3167e-06
7110	1.39541e-06	-0.00149046	4.85676e-06
7120	1.56548e-06	-0.00149016	5.33371e-06
7130	1.69878e-06	-0.00148991	5.73591e-06
7140	1.79468e-06	-0.00148971	6.05564e-06
7150	1.85534e-06	-0.00148955	6.28931e-06
7160	1.88573e-06	-0.00148944	6.43766e-06
7170	1.89362e-06	-0.00148939	6.50956e-06
7180	1.88537e-06	-0.00148936	6.52203e-06
7190	1.8831e-06	-0.00148935	6.51921e-06
7200	1.88224e-06	-0.00148933	6.51727e-06
7210	1.88088e-06	-0.00148931	6.51532e-06
7220	1.87835e-06	-0.0014893	6.51376e-06
7230	1.87503e-06	-0.00148929	6.51231e-06
7240	1.87143e-06	-0.00148927	6.5105e-06
7250	1.86794e-06	-0.00148926	6.5081e-06
7260	1.86489e-06	-0.00148924	6.50491e-06
7270	1.86316e-06	-0.00148923	6.50106e-06
7280	1.86281e-06	-0.00148921	6.49401e-06
7290	1.86492e-06	-0.00148916	6.4804e-06
7300	1.87006e-06	-0.00148908	6.45111e-06
7310	1.87685e-06	-0.00148892	6.39417e-06
7320	1.88647e-06	-0.00148866	6.30558e-06
7330	1.89768e-06	-0.00148829	6.17837e-06
7340	1.90893e-06	-0.00148779	6.01186e-06
7350	1.92037e-06	-0.00148717	5.80461e-06
7360	1.93137e-06	-0.00148644	5.56188e-06
7370	1.93998e-06	-0.00148564	5.30671e-06
7380	1.9428e-06	-0.00148484	5.05381e-06
7390	1.94442e-06	-0.00148407	4.81227e-06
7400	1.94528e-06	-0.00148336	4.58371e-06
7410	1.95172e-06	-0.00148272	4.38181e-06
7420	1.9544e-06	-0.00148219	4.21289e-06
7430	1.95886e-06	-0.00148177	4.08175e-06
7440	1.96346e-06	-0.0014815	3.99389e-06
7450	1.96834e-06	-0.00148137	3.95308e-06
7460	1.975e-06	-0.00148136	3.95096e-06
7470	1.98021e-06	-0.00148135	3.95331e-06
7480	1.98456e-06	-0.00148133	3.9558e-06
7490	1.988e-06	-0.00148132	3.95953e-06
7500	1.99056e-06	-0.00148131	3.96397e-06
7510	1.99252e-06	-0.0014813	3.96886e-06
7520	1.99386e-06	-0.00148129	3.97394e-06
7530	1.9947e-06	-0.00148127	3.97895e-06
7540	1.99533e-06	-0.00148126	3.9838e-06
7550	1.99563e-06	-0.00148125	3.98837e-06
7560	1.99621e-06	-0.00148123	3.99263e-06
7570	1.99738e-06	-0.00148122	3.99663e-06
7580	1.99902e-06	-0.00148121	4.00029e-06
7590	2.00052e-06	-0.00148119	4.00358e-06
7600	2.00209e-06	-0.00148118	4.00637e-06
7610	2.00369e-06	-0.00148116	4.00867e-06
7620	2.00532e-06	-0.00148115	4.01056e-06
7630	2.00694e-06	-0.00148113	4.01202e-06
7640	2.00884e-06	-0.00148112	4.01271e-06
7650	2.01032e-06	-0.0014811	4.01192e-06
7660	2.01208e-06	-0.00148108	4.00933e-06
7670	2.01353e-06	-0.00148106	4.00652e-06
7680	2.0151e-06	-0.00148104	4.00281e-06
7690	2.01609e-06	-0.00148102	3.99851e-06
7700	2.0177e-06	-0.00148101	3.99346e-06
7710	2.0195e-06	-0.00148099	3.98798e-06
7720	2.0214e-06	-0.00148097	3.98201e-06
7730	2.02317e-06	-0.00148094	3.97496e-06
7740	2.02364e-06	-0.00148092	3.96721e-06
7750	2.02443e-06	-0.0014809	3.96055e-06
7760	2.02259e-06	-0.00148087	3.95263e-06
7770	2.0209e-06	-0.00148084	3.9444e-06
7780	2.01885e-06	-0.00148081	3.93467e-06
7790	2.01719e-06	-0.00148078	3.92551e-06
7800	2.01499e-06	-0.00148075	3.91901e-06
7810	2.01358e-06	-0.00148072	3.91294e-06
7820	2.01496e-06	-0.00148069	3.90814e-06
7830	2.01466e-06	-0.00148067	3.90623e-06
7840	2.01725e-06	-0.00148064	3.90566e-06
7850	2.01941e-06	-0.00148062	3.90388e-06
7860	2.01987e-06	-0.00148059	3.90139e-06
7870	2.02042e-06	-0.00148057	3.89941e-06
7880	2.02193e-06	-0.00148054	3.89731e-06
7890	2.02413e-06	-0.00148052	3.89483e-06
7900	2.02631e-06	-0.00148049	3.89225e-06
7910	2.02751e-06	-0.00148047	3.88978e-06
7920	2.02816e-06	-0.00148045	3.88719e-06
7930	2.0281e-06	-0.00148043	3.88484e-06
7940	2.02675e-06	-0.00148041	3.88284e-06
7950	2.02393e-06	-0.00148039	3.88104e-06
7960	2.0195e-06	-0.00148037	3.87936e-06
7970	2.01334e-06	-0.00148035	3.87763e-06
7980	2.00539e-06	-0.00148033	3.87561e-06
7990	1.99567e-06	-0.00148031	3.87333e-06
8000	1.98428e-06	-0.00148029	3.87092e-06
8010	1.97131e-06	-0.00148028	3.86797e-06
8020	1.95691e-06	-0.00148026	3.86455e-06
8030	1.94057e-06	-0.00148025	3.85908e-06
8040	1.93429e-06	-0.00148024	3.84974e-06
8050	1.93298e-06	-0.00148023	3.84117e-06
8060	1.92782e-06	-0.0014802	3.82307e-06
8070	1.9202e-06	-0.00148019	3.80563e-06
8080	1.91037e-06	-0.00148017	3.78551e-06
8090	1.89933e-06	-0.00148015	3.7633e-06
8100	1.88718e-06	-0.00148013	3.74023e-06
8110	1.87304e-06	-0.00148012	3.7154e-06
8120	1.86164e-06	-0.0014801	3.69023e-06
8130	1.85604e-06	-0.00148008	3.67271e-06
8140	1.85615e-06	-0.00148007	3.65985e-06
8150	1.85052e-06	-0.00148005	3.6442e-06
8160	1.84645e-06	-0.00148003	3.62852e-06
8170	1.84212e-06	-0.00148002	3.61224e-06
8180	1.84146e-06	-0.00148	3.59762e-06
8190	1.82946e-06	-0.00147998	3.585e-06
8200	1.82299e-06	-0.00147997	3.57772e-06
8210	1.815e-06	-0.00147996	3.57102e-06
8220	1.80863e-06	-0.00147994	3.5637e-06
8230	1.80682e-06	-0.00147992	3.55654e-06
8240	1.80041e-06	-0.00147991	3.54923e-06
8250	1.79047e-06	-0.00147989	3.5417e-06
8260	1.78788e-06	-0.00147988	3.5355e-06
8270	1.78824e-06	-0.00147986	3.52337e-06
8280	1.78016e-06	-0.00147984	3.51195e-06
8290	1.7705e-06	-0.00147983	3.507e-06
8300	1.77101e-06	-0.00147981	3.49575e-06
8310	1.76438e-06	-0.00147979	3.48473e-06
8320	1.75658e-06	-0.00147977	3.47343e-06
8330	1.75053e-06	-0.00147975	3.45832e-06
8340	1.74325e-06	-0.00147973	3.44258e-06
8350	1.73895e-06	-0.0014797	3.42514e-06
8360	1.73191e-06	-0.00147968	3.40786e-06
8370	1.72794e-06	-0.00147966	3.39449e-06
8380	1.72122e-06	-0.00147964	3.37796e-06
8390	1.71665e-06	-0.00147961	3.36057e-06
8400	1.71026e-06	-0.00147959	3.34277e-06
8410	1.7047e-06	-0.00147956	3.32652e-06
8420	1.69824e-06	-0.00147954	3.30904e-06
8430	1.69275e-06	-0.00147952	3.2937e-06
8440	1.68679e-06	-0.0014795	3.28018e-06
8450	1.67943e-06	-0.00147948	3.27108e-06
8460	1.67513e-06	-0.00147946	3.25792e-06
8470	1.67202e-06	-0.00147944	3.24563e-06
8480	1.66292e-06	-0.00147943	3.23461e-06
8490	1.65488e-06	-0.00147941	3.22902e-06
8500	1.64958e-06	-0.00147939	3.22178e-06
8510	1.64471e-06	-0.00147938	3.20885e-06
8520	1.63077e-06	-0.00147936	3.19927e-06
8530	1.6257e-06	-0.00147934	3.18799e-06
8540	1.61928e-06	-0.00147932	3.17929e-06
8550	1.61248e-06	-0.0014793	3.16931e-06
8560	1.60728e-06	-0.00147929	3.16039e-06
8570	1.59828e-06	-0.00147927	3.14945e-06
8580	1.58984e-06	-0.00147925	3.13838e-06
8590	1.58667e-06	-0.00147923	3.12574e-06
8600	1.57977e-06	-0.00147922	3.10868e-06
8610	1.57304e-06	-0.0014792	3.09299e-06
8620	1.5668e-06	-0.00147918	3.08184e-06
8630	1.56247e-06	-0.00147916	3.06967e-06
8640	1.55677e-06	-0.00147914	3.05694e-06
8650	1.55127e-06	-0.00147913	3.04319e-06
8660	1.54834e-06	-0.0014791	3.02685e-06
8670	1.54544e-06	-0.00147909	3.01221e-06
8680	1.53826e-06	-0.00147908	2.998e-06
8690	1.53226e-06	-0.00147906	2.98076e-06
8700	1.52799e-06	-0.00147905	2.96578e-06
8710	1.52167e-06	-0.00147903	2.94736e-06
8720	1.51653e-06	-0.00147901	2.93329e-06
8730	1.50724e-06	-0.00147899	2.91602e-06
8740	1.50603e-06	-0.00147897	2.90064e-06
8750	1.50061e-06	-0.00147896	2.88656e-06
8760	1.49298e-06	-0.00147894	2.86979e-06
8770	1.49382e-06	-0.00147892	2.85584e-06
8780	1.48694e-06	-0.00147891	2.84017e-06
8790	1.48326e-06	-0.00147889	2.82495e-06
8800	1.47969e-06	-0.00147888	2.81318e-06
8810	1.474e-06	-0.00147886	2.80377e-06
8820	1.46909e-06	-0.00147885	2.7865e-06
8830	1.46374e-06	-0.00147883	2.7718e-06
8840	1.45686e-06	-0.00147882	2.75769e-06
8850	1.44989e-06	-0.0014788	2.74175e-06
8860	1.44644e-06	-0.00147879	2.72985e-06
8870	1.44053e-06	-0.00147877	2.72462e-06
8880	1.43418e-06	-0.00147876	2.72289e-06
8890	1.42699e-06	-0.00147874	2.72227e-06
8900	1.41872e-06	-0.00147873	2.72186e-06
8910	1.41004e-06	-0.00147872	2.72057e-06
8920	1.40095e-06	-0.0014787	2.72287e-06
8930	1.3911e-06	-0.00147869	2.72542e-06
8940	1.37971e-06	-0.00147867	2.72762e-06
8950	1.36893e-06	-0.00147866	2.72432e-06
8960	1.35852e-06	-0.00147864	2.72058e-06
8970	1.35146e-06	-0.00147863	2.71624e-06
8980	1.34276e-06	-0.00147861	2.71085e-06
8990	1.33336e-06	-0.0014786	2.7042e-06
9000	1.32423e-06	-0.00147859	2.69815e-06
9010	1.3151e-06	-0.00147857	2.69247e-06
9020	1.30533e-06	-0.00147856	2.68514e-06
9030	1.29663e-06	-0.00147855	2.67829e-06
9040	1.28806e-06	-0.00147853	2.67145e-06
9050	1.28247e-06	-0.00147852	2.66674e-06
9060	1.27454e-06	-0.00147851	2.65956e-06
9070	1.26804e-06	-0.00147849	2.65349e-06
9080	1.26203e-06	-0.00147848	2.64734e-06
9090	1.25644e-06	-0.00147846	2.64097e-06
9100	1.24991e-06	-0.00147845	2.63243e-06
9110	1.24461e-06	-0.00147844	2.62514e-06
9120	1.23864e-06	-0.00147842	2.61775e-06
9130	1.2328e-06	-0.00147841	2.60881e-06
9140	1.22725e-06	-0.0014784	2.60061e-06
9150	1.22059e-06	-0.00147838	2.59244e-06
9160	1.21377e-06	-0.00147837	2.58505e-06
9170	1.20614e-06	-0.00147836	2.57835e-06
9180	1.19996e-06	-0.00147834	2.57282e-06
9190	1.19452e-06	-0.00147833	2.56513e-06
9200	1.1898e-06	-0.00147832	2.56062e-06
9210	1.18306e-06	-0.0014783	2.55377e-06
9220	1.17706e-06	-0.00147829	2.54712e-06
9230	1.17153e-06	-0.00147828	2.541e-06
9240	1.16552e-06	-0.00147826	2.53455e-06
9250	1.15974e-06	-0.00147825	2.52651e-06
9260	1.15322e-06	-0.00147824	2.51887e-06
9270	1.14752e-06	-0.00147823	2.51216e-06
9280	1.14223e-06	-0.00147821	2.50533e-06
9290	1.13678e-06	-0.0014782	2.49898e-06
9300	1.13161e-06	-0.00147819	2.49253e-06
9310	1.12644e-06	-0.00147817	2.48693e-06
9320	1.12199e-06	-0.00147816	2.4811e-06
9330	1.11779e-06	-0.00147815	2.47617e-06
9340	1.11406e-06	-0.00147813	2.47189e-06
9350	1.11064e-06	-0.00147812	2.46852e-06
9360	1.10726e-06	-0.00147811	2.4653e-06
9370	1.10386e-06	-0.00147809	2.46253e-06
9380	1.10118e-06	-0.00147808	2.45853e-06
9390	1.09871e-06	-0.00147806	2.45413e-06
9400	1.09705e-06	-0.00147804	2.44892e-06
9410	1.09573e-06	-0.00147803	2.44219e-06
9420	1.09446e-06	-0.00147801	2.43519e-06
9430	1.09346e-06	-0.00147799	2.42777e-06
9440	1.09292e-06	-0.00147797	2.41988e-06
9450	1.09293e-06	-0.00147794	2.4117e-06
9460	1.09375e-06	-0.00147792	2.40331e-06
9470	1.09534e-06	-0.0014779	2.39479e-06
9480	1.09771e-06	-0.00147787	2.38634e-06
9490	1.10101e-06	-0.00147784	2.37795e-06
9500	1.10447e-06	-0.00147781	2.37033e-06
9510	1.10659e-06	-0.00147779	2.36757e-06
9520	1.10783e-06	-0.00147776	2.36865e-06
9530	1.10871e-06	-0.00147773	2.37064e-06
9540	1.11007e-06	-0.00147771	2.375e-06
9550	1.11051e-06	-0.00147768	2.37928e-06
9560	1.11231e-06	-0.00147765	2.38456e-06
9570	1.11468e-06	-0.00147762	2.39038e-06
9580	1.1175e-06	-0.0014776	2.39825e-06
9590	1.12111e-06	-0.00147757	2.40739e-06
9600	1.12533e-06	-0.00147754	2.41925e-06
9610	1.13057e-06	-0.00147751	2.4353e-06
9620	1.13753e-06	-0.00147748	2.45782e-06
9630	1.14711e-06	-0.00147743	2.48936e-06
9640	1.16008e-06	-0.00147739	2.53234e-06
9650	1.17713e-06	-0.00147733	2.58822e-06
9660	1.19847e-06	-0.00147726	2.65774e-06
9670	1.22453e-06	-0.00147719	2.73983e-06
9680	1.2546e-06	-0.00147711	2.83261e-06
9690	1.28764e-06	-0.00147702	2.93301e-06
9700	1.32261e-06	-0.00147694	3.0369e-06
9710	1.35804e-06	-0.00147686	3.13946e-06
9720	1.39207e-06	-0.00147679	3.23548e-06
9730	1.42244e-06	-0.00147673	3.31971e-06
9740	1.44671e-06	-0.00147668	3.3873e-06
9750	1.46219e-06	-0.00147664	3.43408e-06
9760	1.46657e-06	-0.00147662	3.45734e-06
9770	1.46739e-06	-0.00147661	3.46251e-06
9780	1.47188e-06	-0.00147659	3.46524e-06
9790	1.47678e-06	-0.00147657	3.46701e-06
9800	1.48233e-06	-0.00147655	3.46828e-06
9810	1.48866e-06	-0.00147653	3.46937e-06
9820	1.49598e-06	-0.00147651	3.47076e-06
9830	1.5048e-06	-0.00147649	3.47362e-06
9840	1.51909e-06	-0.00147647	3.48377e-06
9850	1.54228e-06	-0.00147643	3.51772e-06
9860	1.57887e-06	-0.00147637	3.585e-06
9870	1.63308e-06	-0.0014763	3.6928e-06
9880	1.70742e-06	-0.00147619	3.84742e-06
9890	1.80267e-06	-0.00147605	4.05369e-06
9900	1.91759e-06	-0.00147588	4.31366e-06
9910	2.04703e-06	-0.00147569	4.61436e-06
9920	2.18869e-06	-0.00147548	4.9474e-06
9930	2.33786e-06	-0.00147526	5.30757e-06
9940	2.48957e-06	-0.00147503	5.68683e-06
9950	2.63813e-06	-0.00147479	6.07426e-06
9960	2.77746e-06	-0.00147455	6.45625e-06
9970	2.90129e-06	-0.00147433	6.81651e-06
9980	3.00349e-06	-0.00147412	7.13821e-06
9990	3.07871e-06	-0.00147395	7.40458e-06
10000	3.12246e-06	-0.00147382	7.5997e-06
10010	3.13332e-06	-0.00147375	7.70979e-06
10020	3.12236e-06	-0.00147372	7.73255e-06
10030	3.11842e-06	-0.00147369	7.72495e-06
10040	3.11506e-06	-0.00147366	7.71404e-06
10050	3.11305e-06	-0.00147363	7.70069e-06
10060	3.1121e-06	-0.0014736	7.68318e-06
10070	3.11299e-06	-0.00147355	7.66652e-06
10080	3.11348e-06	-0.0014735	7.64424e-06
10090	3.11723e-06	-0.00147342	7.61255e-06
10100	3.12446e-06	-0.0014733	7.56418e-06
10110	3.13392e-06	-0.00147312	7.4922e-06
10120	3.14535e-06	-0.00147286	7.38974e-06
10130	3.15911e-06	-0.0014725	7.24948e-06
10140	3.17298e-06	-0.00147204	7.06727e-06
10150	3.18317e-06	-0.00147148	6.83242e-06
10160	3.18738e-06	-0.00147083	6.53143e-06
10170	3.18606e-06	-0.00147009	6.14948e-06
10180	3.18216e-06	-0.00146923	5.71859e-06
10190	3.17956e-06	-0.00146824	5.25506e-06
10200	3.18042e-06	-0.00146712	4.76802e-06
10210	3.18724e-06	-0.00146588	4.27041e-06
10220	3.20334e-06	-0.00146453	3.78005e-06
10230	3.21915e-06	-0.00146315	3.28669e-06
10240	3.23125e-06	-0.00146181	2.8034e-06
10250	3.23832e-06	-0.00146059	2.36782e-06
10260	3.24145e-06	-0.00145955	2.00598e-06
10270	3.23542e-06	-0.00145882	1.75723e-06
10280	3.22259e-06	-0.00145845	1.64149e-06
10290	3.20106e-06	-0.00145838	1.65612e-06
10300	3.15883e-06	-0.00145829	1.74392e-06
10310	3.09841e-06	-0.0014581	1.91037e-06
10320	3.02359e-06	-0.00145781	2.16819e-06
10330	2.93928e-06	-0.00145742	2.52335e-06
10340	2.84743e-06	-0.00145694	2.95613e-06
10350	2.7396e-06	-0.00145644	3.3936e-06
10360	2.62109e-06	-0.00145598	3.82696e-06
10370	2.49567e-06	-0.00145563	4.26048e-06
10380	2.37166e-06	-0.00145546	4.69935e-06
10390	2.25658e-06	-0.00145553	5.14052e-06
10400	2.15674e-06	-0.00145588	5.57426e-06
10410	2.07877e-06	-0.00145652	5.98628e-06
10420	2.03241e-06	-0.0014574	6.36159e-06
10430	2.03282e-06	-0.00145842	6.68772e-06
10440	2.04018e-06	-0.00145929	6.96179e-06
10450	2.04669e-06	-0.00145988	7.1546e-06
10460	2.05234e-06	-0.00146015	7.23645e-06
10470	2.05419e-06	-0.00146017	7.21474e-06
10480	2.03684e-06	-0.00146022	7.1465e-06
10490	2.0037e-06	-0.0014603	7.02538e-06
10500	1.95362e-06	-0.00146043	6.84825e-06
10510	1.88687e-06	-0.0014606	6.61688e-06
10520	1.80944e-06	-0.0014608	6.3404e-06
10530	1.72656e-06	-0.001461	6.0528e-06
10540	1.63584e-06	-0.00146114	5.77606e-06
10550	1.54624e-06	-0.00146122	5.51914e-06
10560	1.46502e-06	-0.00146124	5.29173e-06
10570	1.40068e-06	-0.00146119	5.1015e-06
10580	1.36276e-06	-0.00146108	4.94908e-06
10590	1.35202e-06	-0.00146091	4.83425e-06
10600	1.35635e-06	-0.0014607	4.76242e-06
10610	1.35411e-06	-0.00146047	4.68694e-06
10620	1.35102e-06	-0.00146023	4.60291e-06
10630	1.34841e-06	-0.00145997	4.50867e-06
10640	1.34422e-06	-0.00145968	4.40496e-06
10650	1.34171e-06	-0.00145936	4.28962e-06
10660	1.33895e-06	-0.00145901	4.16428e-06
10670	1.33697e-06	-0.00145862	4.02854e-06
10680	1.33587e-06	-0.00145821	3.8841e-06
10690	1.3359e-06	-0.00145777	3.73232e-06
10700	1.3372e-06	-0.00145731	3.57464e-06
10710	1.33927e-06	-0.00145684	3.41286e-06
10720	1.34043e-06	-0.00145635	3.2506e-06
10730	1.33822e-06	-0.00145586	3.09309e-06
10740	1.33479e-06	-0.00145541	2.94606e-06
10750	1.33341e-06	-0.00145509	2.83935e-06
10760	1.33244e-06	-0.00145493	2.77945e-06
10770	1.33015e-06	-0.0014549	2.76875e-06
10780	1.32538e-06	-0.0014549	2.77237e-06
10790	1.3204e-06	-0.00145489	2.78461e-06
10800	1.32415e-06	-0.00145489	2.78552e-06
10810	1.32763e-06	-0.00145487	2.78198e-06
10820	1.33089e-06	-0.00145486	2.78334e-06
10830	1.33703e-06	-0.00145484	2.78263e-06
10840	1.34372e-06	-0.00145483	2.78659e-06
10850	1.34733e-06	-0.00145483	2.79809e-06
10860	1.35331e-06	-0.00145482	2.81093e-06
10870	1.36124e-06	-0.00145482	2.82215e-06
10880	1.36984e-06	-0.00145482	2.83091e-06
10890	1.37945e-06	-0.00145481	2.84868e-06
10900	1.39038e-06	-0.00145479	2.87978e-06
10910	1.40334e-06	-0.00145478	2.92433e-06
10920	1.41848e-06	-0.00145476	2.97633e-06
10930	1.43714e-06	-0.00145475	3.0212e-06
10940	1.45091e-06	-0.00145474	3.05141e-06
10950	1.45796e-06	-0.00145472	3.07758e-06
10960	1.46032e-06	-0.00145471	3.09975e-06
10970	1.46384e-06	-0.0014547	3.12307e-06
10980	1.46945e-06	-0.0014547	3.14812e-06
10990	1.47647e-06	-0.00145469	3.172e-06
11000	1.48611e-06	-0.00145469	3.19503e-06
11010	1.50039e-06	-0.00145468	3.21805e-06
11020	1.51596e-06	-0.00145466	3.24641e-06
11030	1.53897e-06	-0.00145465	3.28219e-06
11040	1.56785e-06	-0.00145463	3.32952e-06
11050	1.60655e-06	-0.0014546	3.38503e-06
11060	1.65512e-06	-0.00145458	3.44799e-06
11070	1.71453e-06	-0.00145455	3.51895e-06
11080	1.78714e-06	-0.00145452	3.60168e-06
11090	1.87504e-06	-0.00145449	3.69969e-06
11100	1.97919e-06	-0.00145446	3.81467e-06
11110	2.10019e-06	-0.00145442	3.95027e-06
11120	2.23635e-06	-0.00145437	4.10636e-06
11130	2.38505e-06	-0.00145432	4.28281e-06
11140	2.5436e-06	-0.00145426	4.47907e-06
11150	2.70901e-06	-0.00145418	4.69464e-06
11160	2.8759e-06	-0.00145409	4.92616e-06
11170	3.0428e-06	-0.00145398	5.1741e-06
11180	3.21446e-06	-0.00145386	5.43466e-06
11190	3.38435e-06	-0.00145373	5.70104e-06
11200	3.54868e-06	-0.00145361	5.96354e-06
11210	3.70037e-06	-0.00145348	6.21579e-06
11220	3.83856e-06	-0.00145334	6.45208e-06
11230	3.958e-06	-0.00145321	6.66548e-06
11240	4.05943e-06	-0.00145307	6.85044e-06
11250	4.14044e-06	-0.00145293	7.00307e-06
11260	4.20444e-06	-0.0014528	7.12254e-06
11270	4.25475e-06	-0.00145267	7.21328e-06
11280	4.30388e-06	-0.00145255	7.29901e-06
11290	4.35478e-06	-0.00145244	7.38907e-06
11300	4.40901e-06	-0.00145233	7.48903e-06
11310	4.46773e-06	-0.00145222	7.60166e-06
11320	4.53065e-06	-0.00145212	7.72797e-06
11330	4.59659e-06	-0.00145202	7.86722e-06
11340	4.6631e-06	-0.00145192	8.01636e-06
11350	4.72861e-06	-0.00145182	8.16503e-06
11360	4.78849e-06	-0.00145173	8.30686e-06
11370	4.84277e-06	-0.00145163	8.43921e-06
11380	4.8886e-06	-0.00145155	8.55902e-06
11390	4.92497e-06	-0.00145147	8.66366e-06
11400	4.95026e-06	-0.0014514	8.75066e-06
11410	4.96358e-06	-0.00145135	8.81606e-06
11420	4.96607e-06	-0.0014513	8.85169e-06
11430	4.96192e-06	-0.00145126	8.85594e-06
11440	4.96409e-06	-0.00145122	8.84914e-06
11450	4.96681e-06	-0.00145118	8.84011e-06
11460	4.96911e-06	-0.00145114	8.82823e-06
11470	4.97217e-06	-0.0014511	8.8143e-06
11480	4.97675e-06	-0.00145107	8.79961e-06
11490	4.98184e-06	-0.00145105	8.78501e-06
11500	4.97458e-06	-0.00145103	8.76536e-06
11510	4.93066e-06	-0.00145101	8.72102e-06
11520	4.82947e-06	-0.00145097	8.62413e-06
11530	4.65277e-06	-0.00145093	8.45294e-06
11540	4.38611e-06	-0.0014509	8.18854e-06
11550	4.019e-06	-0.00145092	7.81371e-06
11560	3.54635e-06	-0.00145097	7.31393e-06
11570	2.96873e-06	-0.00145107	6.67801e-06
11580	2.29154e-06	-0.0014512	5.90277e-06
11590	1.52522e-06	-0.00145139	4.99153e-06
11600	6.84682e-07	-0.00145162	3.95388e-06
11610	-2.1134e-07	-0.0014519	2.80499e-06
11620	-1.14114e-06	-0.00145222	1.56532e-06
11630	-2.0809e-06	-0.00145259	2.59865e-07
11640	-3.0056e-06	-0.00145299	-1.08271e-06
11650	-3.89005e-06	-0.00145342	-2.43089e-06
11660	-4.7098e-06	-0.00145387	-3.75113e-06
11670	-5.44208e-06	-0.00145432	-5.00863e-06
11680	-6.06635e-06	-0.00145477	-6.16804e-06
11690	-6.56665e-06	-0.00145519	-7.19445e-06
11700	-6.93263e-06	-0.00145556	-8.05536e-06
11710	-7.15891e-06	-0.00145587	-8.72447e-06
11720	-7.24911e-06	-0.00145607	-9.18767e-06
11730	-7.22311e-06	-0.00145613	-9.44088e-06
11740	-7.14142e-06	-0.00145605	-9.50382e-06
11750	-7.05281e-06	-0.001456	-9.44901e-06
11760	-6.94556e-06	-0.00145599	-9.33409e-06
11770	-6.81693e-06	-0.00145595	-9.16274e-06
11780	-6.66274e-06	-0.0014559	-8.9333e-06
11790	-6.48447e-06	-0.00145581	-8.64543e-06
11800	-6.28454e-06	-0.0014557	-8.29769e-06
11810	-6.06656e-06	-0.00145555	-7.88995e-06
11820	-5.83607e-06	-0.00145539	-7.42217e-06
11830	-5.59837e-06	-0.00145524	-6.89387e-06
11840	-5.36261e-06	-0.00145515	-6.30917e-06
11850	-5.14029e-06	-0.00145517	-5.68021e-06
11860	-4.94243e-06	-0.00145533	-5.0278e-06
11870	-4.7775e-06	-0.00145567	-4.37645e-06
11880	-4.65062e-06	-0.00145621	-3.7476e-06
11890	-4.56379e-06	-0.00145694	-3.15338e-06
11900	-4.51782e-06	-0.00145785	-2.60879e-06
11910	-4.50531e-06	-0.0014589	-2.12737e-06
11920	-4.51064e-06	-0.00146006	-1.71313e-06
11930	-4.50731e-06	-0.00146125	-1.3445e-06
11940	-4.50461e-06	-0.00146232	-1.01038e-06
11950	-4.49984e-06	-0.00146319	-7.31057e-07
11960	-4.4973e-06	-0.00146382	-5.22856e-07
11970	-4.49194e-06	-0.00146418	-4.01956e-07
11980	-4.48099e-06	-0.00146424	-3.78938e-07
11990	-4.47057e-06	-0.00146424	-3.90097e-07
12000	-4.45804e-06	-0.00146423	-4.13078e-07
12010	-4.44229e-06	-0.00146422	-4.49936e-07
12020	-4.41793e-06	-0.00146423	-5.09199e-07
12030	-4.38208e-06	-0.00146426	-5.98788e-07
12040	-4.33275e-06	-0.0014643	-7.23649e-07
12050	-4.26909e-06	-0.0014643	-8.86112e-07
12060	-4.19156e-06	-0.00146424	-1.08515e-06
12070	-4.10182e-06	-0.00146406	-1.31353e-06
12080	-4.00048e-06	-0.00146371	-1.55248e-06
12090	-3.89038e-06	-0.00146315	-1.7819e-06
12100	-3.77665e-06	-0.00146238	-1.99946e-06
12110	-3.659e-06	-0.00146144	-2.21403e-06
12120	-3.53026e-06	-0.00146036	-2.42831e-06
12130	-3.38027e-06	-0.00145917	-2.63326e-06
12140	-3.19888e-06	-0.0014579	-2.81236e-06
12150	-2.97711e-06	-0.00145657	-2.94608e-06
12160	-2.70756e-06	-0.00145519	-3.01468e-06
12170	-2.38459e-06	-0.00145379	-2.99986e-06
12180	-2.00393e-06	-0.00145238	-2.88563e-06
12190	-1.56242e-06	-0.00145101	-2.65834e-06
12200	-1.0585e-06	-0.00144969	-2.3064e-06
12210	-4.93724e-07	-0.00144849	-1.81518e-06
12220	1.27394e-07	-0.00144758	-1.1494e-06
12230	7.97872e-07	-0.00144701	-3.00816e-07
12240	1.50509e-06	-0.00144671	7.02069e-07
12250	2.24064e-06	-0.00144638	1.77999e-06
12260	2.98558e-06	-0.00144603	2.90105e-06
12270	3.72408e-06	-0.00144566	4.04122e-06
12280	4.43497e-06	-0.0014453	5.17141e-06
12290	5.10052e-06	-0.00144495	6.25706e-06
12300	5.70168e-06	-0.00144461	7.26841e-06
12310	6.22218e-06	-0.00144431	8.17683e-06
12320	6.64851e-06	-0.00144404	8.95862e-06
12330	6.9717e-06	-0.00144381	9.59286e-06
12340	7.18605e-06	-0.00144364	1.00693e-05
12350	7.2916e-06	-0.00144351	1.03791e-05
12360	7.30063e-06	-0.00144344	1.05213e-05
12370	7.272e-06	-0.00144343	1.05311e-05
12380	7.27212e-06	-0.00144341	1.05236e-05
12390	7.27568e-06	-0.0014434	1.05147e-05
12400	7.28239e-06	-0.00144339	1.0506e-05
12410	7.29179e-06	-0.00144337	1.04983e-05
12420	7.30351e-06	-0.00144335	1.04918e-05
12430	7.31666e-06	-0.00144333	1.04874e-05
12440	7.33051e-06	-0.00144329	1.04797e-05
12450	7.34311e-06	-0.00144323	1.04715e-05
12460	7.35367e-06	-0.00144314	1.04683e-05
12470	7.36269e-06	-0.00144301	1.04754e-05
12480	7.37416e-06	-0.00144284	1.04986e-05
12490	7.3816e-06	-0.00144263	1.052e-05
12500	7.39205e-06	-0.00144239	1.05227e-05
12510	7.40435e-06	-0.00144212	1.04992e-05
12520	7.4183e-06	-0.00144183	1.04481e-05
12530	7.43366e-06	-0.0014415	1.03691e-05
12540	7.45332e-06	-0.00144114	1.0264e-05
12550	7.47174e-06	-0.00144074	1.0132e-05
12560	7.49283e-06	-0.0014403	9.97626e-06
12570	7.51276e-06	-0.00143981	9.80015e-06
12580	7.53172e-06	-0.00143928	9.60849e-06
12590	7.54987e-06	-0.00143872	9.40571e-06
12600	7.56743e-06	-0.00143812	9.19473e-06
12610	7.58507e-06	-0.00143749	8.97776e-06
12620	7.6019e-06	-0.00143686	8.7625e-06
12630	7.62173e-06	-0.00143622	8.5609e-06
12640	7.64824e-06	-0.00143559	8.38845e-06
12650	7.68155e-06	-0.00143501	8.25884e-06
12660	7.71844e-06	-0.00143455	8.18937e-06
12670	7.75887e-06	-0.00143424	8.18417e-06
12680	7.7991e-06	-0.00143409	8.24454e-06
12690	7.84132e-06	-0.00143402	8.34642e-06
12700	7.88509e-06	-0.00143394	8.46401e-06
12710	7.9324e-06	-0.00143386	8.58745e-06
12720	7.98064e-06	-0.00143377	8.71533e-06
12730	8.02847e-06	-0.00143369	8.84864e-06
12740	8.0758e-06	-0.0014336	8.98532e-06
12750	8.12209e-06	-0.00143351	9.12134e-06
12760	8.16572e-06	-0.00143342	9.25422e-06
12770	8.20447e-06	-0.00143333	9.37932e-06
12780	8.23512e-06	-0.00143325	9.49138e-06
12790	8.25365e-06	-0.00143318	9.58595e-06
12800	8.25916e-06	-0.00143312	9.65742e-06
12810	8.25674e-06	-0.00143309	9.69625e-06
12820	8.25639e-06	-0.00143308	9.70137e-06
12830	8.25796e-06	-0.00143308	9.6953e-06
12840	8.25968e-06	-0.00143308	9.68245e-06
12850	8.24807e-06	-0.00143308	9.66775e-06
12860	8.19758e-06	-0.00143307	9.63809e-06
12870	8.08184e-06	-0.00143307	9.56093e-06
12880	7.87748e-06	-0.00143308	9.38948e-06
12890	7.56337e-06	-0.00143311	9.1077e-06
12900	7.13063e-06	-0.00143317	8.68312e-06
12910	6.57491e-06	-0.00143328	8.09817e-06
12920	5.90132e-06	-0.00143344	7.34423e-06
12930	5.12317e-06	-0.00143366	6.42274e-06
12940	4.26104e-06	-0.00143395	5.34635e-06
12950	3.34559e-06	-0.0014343	4.12793e-06
12960	2.40309e-06	-0.0014347	2.8027e-06
12970	1.46463e-06	-0.00143515	1.4164e-06
12980	5.60801e-07	-0.00143564	1.85201e-08
12990	-2.72659e-07	-0.00143614	-1.35781e-06
13000	-1.01639e-06	-0.00143663	-2.66517e-06
13010	-1.64861e-06	-0.00143711	-3.85998e-06
13020	-2.15536e-06	-0.00143754	-4.90248e-06
13030	-2.52971e-06	-0.00143789	-5.75831e-06
13040	-2.77574e-06	-0.00143814	-6.40481e-06
13050	-2.90207e-06	-0.00143825	-6.83337e-06
13060	-2.91254e-06	-0.00143823	-7.03826e-06
13070	-2.85464e-06	-0.00143821	-7.05004e-06
13080	-2.83374e-06	-0.00143821	-7.03399e-06
13090	-2.81931e-06	-0.0014382	-7.01872e-06
13100	-2.81128e-06	-0.00143821	-7.00474e-06
13110	-2.81076e-06	-0.00143825	-6.9647e-06
13120	-2.81432e-06	-0.00143837	-6.87575e-06
13130	-2.82099e-06	-0.00143863	-6.70636e-06
13140	-2.82803e-06	-0.00143911	-6.42304e-06
13150	-2.83188e-06	-0.00143984	-5.99759e-06
13160	-2.82844e-06	-0.00144087	-5.41201e-06
13170	-2.81448e-06	-0.00144222	-4.66178e-06
13180	-2.79938e-06	-0.00144387	-3.78529e-06
13190	-2.80396e-06	-0.0014458	-2.8785e-06
13200	-2.8272e-06	-0.00144798	-1.96466e-06
13210	-2.86714e-06	-0.00145033	-1.07121e-06
13220	-2.90623e-06	-0.00145278	-2.09784e-07
13230	-2.93286e-06	-0.0014552	6.26828e-07
13240	-2.94874e-06	-0.00145748	1.40099e-06
13250	-2.95379e-06	-0.00145955	2.091e-06
13260	-2.95789e-06	-0.00146131	2.67815e-06
13270	-2.9651e-06	-0.0014627	3.13955e-06
13280	-2.97146e-06	-0.00146363	3.44646e-06
13290	-2.97918e-06	-0.00146401	3.56465e-06
13300	-2.99066e-06	-0.00146397	3.54109e-06
13310	-3.01075e-06	-0.00146384	3.47264e-06
13320	-3.04728e-06	-0.00146365	3.34708e-06
13330	-3.10753e-06	-0.00146342	3.1526e-06
13340	-3.1952e-06	-0.00146319	2.881e-06
13350	-3.31115e-06	-0.00146298	2.52717e-06
13360	-3.45507e-06	-0.00146282	2.08946e-06
13370	-3.6244e-06	-0.00146272	1.56979e-06
13380	-3.81601e-06	-0.00146268	9.69942e-07
13390	-4.02362e-06	-0.00146269	2.90794e-07
13400	-4.23561e-06	-0.0014627	-4.50519e-07
13410	-4.43874e-06	-0.00146265	-1.22439e-06
13420	-4.61544e-06	-0.00146249	-1.9913e-06
13430	-4.74642e-06	-0.00146214	-2.7104e-06
13440	-4.81741e-06	-0.00146156	-3.35086e-06
13450	-4.82324e-06	-0.0014607	-3.89409e-06
13460	-4.78084e-06	-0.00145954	-4.34286e-06
13470	-4.75887e-06	-0.00145818	-4.79712e-06
13480	-4.73462e-06	-0.00145681	-5.25308e-06
13490	-4.71394e-06	-0.00145549	-5.69751e-06
13500	-4.68164e-06	-0.00145425	-6.10949e-06
13510	-4.62922e-06	-0.00145311	-6.42854e-06
13520	-4.5425e-06	-0.00145211	-6.64731e-06
13530	-4.41924e-06	-0.00145139	-6.71827e-06
13540	-4.26126e-06	-0.00145102	-6.59875e-06
13550	-4.06428e-06	-0.0014509	-6.31317e-06
13560	-3.82755e-06	-0.00145074	-5.92532e-06
13570	-3.55246e-06	-0.00145054	-5.44334e-06
13580	-3.24921e-06	-0.0014503	-4.88205e-06
13590	-2.94098e-06	-0.00145004	-4.28664e-06
13600	-2.63831e-06	-0.00144976	-3.68192e-06
13610	-2.35442e-06	-0.00144949	-3.08752e-06
13620	-2.10086e-06	-0.00144923	-2.52167e-06
13630	-1.88766e-06	-0.00144901	-2.00251e-06
13640	-1.72066e-06	-0.00144886	-1.54086e-06
13650	-1.60183e-06	-0.0014488	-1.1425e-06
13660	-1.52903e-06	-0.00144882	-8.10387e-07
13670	-1.49701e-06	-0.00144894	-5.45546e-07
13680	-1.49633e-06	-0.00144916	-3.45014e-07
13690	-1.51672e-06	-0.00144946	-2.02545e-07
13700	-1.53975e-06	-0.00144977	-9.00949e-08
13710	-1.55882e-06	-0.00145005	1.51604e-08
13720	-1.57781e-06	-0.00145027	1.01703e-07
13730	-1.59618e-06	-0.00145042	1.6128e-07
13740	-1.61513e-06	-0.00145047	1.89621e-07
13750	-1.63244e-06	-0.00145048	2.05023e-07
13760	-1.64128e-06	-0.00145048	2.26436e-07
13770	-1.63303e-06	-0.00145048	2.54915e-07
13780	-1.59367e-06	-0.00145048	3.01233e-07
13790	-1.52177e-06	-0.00145047	3.70463e-07
13800	-1.41086e-06	-0.00145047	4.6605e-07
13810	-1.26333e-06	-0.00145047	5.90174e-07
13820	-1.08392e-06	-0.00145047	7.37285e-07
13830	-8.81115e-07	-0.00145048	8.99777e-07
13840	-6.65268e-07	-0.00145049	1.06913e-06
13850	-4.4874e-07	-0.0014505	1.23706e-06
13860	-2.43956e-07	-0.0014505	1.39475e-06
13870	-6.20031e-08	-0.00145045	1.52954e-06
13880	8.8503e-08	-0.00145033	1.62985e-06
13890	2.04065e-07	-0.00145013	1.68659e-06
13900	2.8887e-07	-0.00144986	1.69341e-06
13910	3.53468e-07	-0.00144954	1.64922e-06
13920	4.08469e-07	-0.00144916	1.55886e-06
13930	4.60506e-07	-0.00144871	1.42836e-06
13940	5.1438e-07	-0.00144815	1.26313e-06
13950	5.77563e-07	-0.00144747	1.07256e-06
13960	6.63215e-07	-0.00144662	8.75209e-07
13970	7.82406e-07	-0.0014456	6.92784e-07
13980	9.48329e-07	-0.0014444	5.49042e-07
13990	1.17101e-06	-0.00144314	4.91325e-07
14000	1.4591e-06	-0.00144186	5.59685e-07
14010	1.8201e-06	-0.00144062	7.85395e-07
14020	2.25855e-06	-0.00143944	1.18575e-06
14030	2.77449e-06	-0.00143837	1.77222e-06
14040	3.36354e-06	-0.00143743	2.54615e-06
14050	4.01672e-06	-0.00143666	3.50206e-06
14060	4.72092e-06	-0.00143607	4.62644e-06
14070	5.45415e-06	-0.00143555	5.87399e-06
14080	6.19892e-06	-0.00143497	7.20381e-06
14090	6.93449e-06	-0.00143436	8.57523e-06
14100	7.63947e-06	-0.00143373	9.95245e-06
14110	8.29045e-06	-0.00143309	1.12998e-05
14120	8.86834e-06	-0.00143246	1.25795e-05
14130	9.37196e-06	-0.00143187	1.3772e-05
14140	9.79639e-06	-0.00143132	1.48513e-05
14150	1.01287e-05	-0.00143084	1.57895e-05
14160	1.03619e-05	-0.00143044	1.65595e-05
14170	1.04916e-05	-0.00143012	1.71402e-05
14180	1.05209e-05	-0.00142992	1.75184e-05
14190	1.04664e-05	-0.00142985	1.76872e-05
14200	1.03931e-05	-0.00142985	1.76813e-05
14210	1.03338e-05	-0.00142988	1.76355e-05
14220	1.02726e-05	-0.00142991	1.75752e-05
14230	1.02122e-05	-0.00142994	1.75072e-05
14240	1.01544e-05	-0.00142997	1.7431e-05
14250	1.01043e-05	-0.00142999	1.73502e-05
14260	1.00591e-05	-0.00143002	1.72764e-05
14270	1.00189e-05	-0.00143004	1.71984e-05
14280	9.98018e-06	-0.00143007	1.71128e-05
14290	9.93979e-06	-0.0014301	1.70141e-05
14300	9.89462e-06	-0.00143013	1.68949e-05
14310	9.84286e-06	-0.00143014	1.67447e-05
14320	9.78438e-06	-0.00143009	1.65531e-05
14330	9.7236e-06	-0.00142994	1.63147e-05
14340	9.68254e-06	-0.00142965	1.60628e-05
14350	9.66224e-06	-0.00142919	1.58066e-05
14360	9.6671e-06	-0.00142857	1.55512e-05
14370	9.68529e-06	-0.0014278	1.52898e-05
14380	9.70219e-06	-0.00142689	1.49867e-05
14390	9.71843e-06	-0.00142585	1.46363e-05
14400	9.73448e-06	-0.00142469	1.42445e-05
14410	9.74964e-06	-0.00142343	1.38185e-05
14420	9.76307e-06	-0.00142209	1.33669e-05
14430	9.77327e-06	-0.00142072	1.29083e-05
14440	9.78016e-06	-0.00141941	1.24753e-05
14450	9.78343e-06	-0.00141821	1.20816e-05
14460	9.78414e-06	-0.00141717	1.17422e-05
14470	9.78322e-06	-0.00141633	1.14705e-05
14480	9.78155e-06	-0.00141573	1.12766e-05
14490	9.782e-06	-0.00141539	1.11668e-05
14500	9.78438e-06	-0.0014153	1.11397e-05
14510	9.78898e-06	-0.0014153	1.11375e-05
14520	9.7942e-06	-0.00141531	1.1139e-05
14530	9.80343e-06	-0.00141532	1.11282e-05
14540	9.80618e-06	-0.00141532	1.11194e-05
14550	9.7925e-06	-0.00141532	1.1096e-05
14560	9.73498e-06	-0.00141531	1.10569e-05
14570	9.62419e-06	-0.0014153	1.09764e-05
14580	9.44543e-06	-0.00141529	1.08336e-05
14590	9.18036e-06	-0.00141527	1.06281e-05
14600	8.8302e-06	-0.00141526	1.03422e-05
14610	8.39158e-06	-0.00141525	9.97447e-06
14620	7.87014e-06	-0.00141524	9.52463e-06
14630	7.27681e-06	-0.00141524	8.99865e-06
14640	6.62775e-06	-0.00141525	8.40722e-06
14650	5.94307e-06	-0.00141528	7.76568e-06
14660	5.24629e-06	-0.00141535	7.09683e-06
14670	4.56202e-06	-0.0014155	6.43133e-06
14680	3.91473e-06	-0.00141579	5.79889e-06
14690	3.32683e-06	-0.00141614	5.20725e-06
14700	2.81652e-06	-0.00141656	4.67191e-06
14710	2.39581e-06	-0.00141705	4.2083e-06
14720	2.05625e-06	-0.00141759	3.81129e-06
14730	1.77676e-06	-0.00141818	3.43576e-06
14740	1.54163e-06	-0.00141876	3.06697e-06
14750	1.33658e-06	-0.00141929	2.69131e-06
14760	1.15432e-06	-0.00141975	2.30303e-06
14770	9.93468e-07	-0.00142011	1.90557e-06
14780	8.54446e-07	-0.00142037	1.50875e-06
14790	7.40271e-07	-0.00142061	1.13021e-06
14800	6.50555e-07	-0.00142085	7.76021e-07
14810	5.8995e-07	-0.00142108	4.6015e-07
14820	5.50019e-07	-0.0014213	1.869e-07
14830	5.3132e-07	-0.00142149	-4.4274e-08
14840	5.27424e-07	-0.00142167	-2.37537e-07
14850	5.3562e-07	-0.00142183	-3.93305e-07
14860	5.52269e-07	-0.00142197	-5.12979e-07
14870	5.7351e-07	-0.00142209	-5.99393e-07
14880	5.95129e-07	-0.00142218	-6.59326e-07
14890	6.14118e-07	-0.00142226	-7.01581e-07
14900	6.26492e-07	-0.00142235	-7.20632e-07
14910	6.33587e-07	-0.00142245	-7.13204e-07
14920	6.3707e-07	-0.00142266	-6.53431e-07
14930	6.38155e-07	-0.00142306	-5.27032e-07
14940	6.37888e-07	-0.00142365	-3.34925e-07
14950	6.34509e-07	-0.00142445	-7.23463e-08
14960	6.30056e-07	-0.00142546	2.62078e-07
14970	6.26551e-07	-0.00142667	6.57818e-07
14980	6.23919e-07	-0.00142804	1.1088e-06
14990	6.16206e-07	-0.00142954	1.59902e-06
15000	6.12526e-07	-0.00143108	2.09674e-06
15010	6.07473e-07	-0.0014326	2.58405e-06
15020	6.02892e-07	-0.00143399	3.01935e-06
15030	6.1038e-07	-0.00143518	3.38725e-06
15040	6.16797e-07	-0.00143615	3.67475e-06
15050	6.2179e-07	-0.00143684	3.87505e-06
15060	6.24635e-07	-0.00143724	3.9837e-06
15070	6.186e-07	-0.00143734	4.00304e-06
15080	6.08607e-07	-0.00143733	3.99362e-06
15090	6.00225e-07	-0.00143732	3.98511e-06
15100	5.94127e-07	-0.00143731	3.97649e-06
15110	5.88355e-07	-0.0014373	3.96753e-06
15120	5.82385e-07	-0.00143729	3.95876e-06
15130	5.76432e-07	-0.00143728	3.95033e-06
15140	5.70531e-07	-0.00143727	3.94229e-06
15150	5.64647e-07	-0.00143726	3.93456e-06
15160	5.58794e-07	-0.00143726	3.92711e-06
15170	5.52838e-07	-0.00143725	3.9198e-06
15180	5.48048e-07	-0.00143724	3.9126e-06
15190	5.44937e-07	-0.00143724	3.90653e-06
15200	5.41576e-07	-0.00143723	3.89882e-06
15210	5.35948e-07	-0.00143723	3.89074e-06
15220	5.34595e-07	-0.00143722	3.88317e-06
15230	5.36708e-07	-0.00143722	3.87704e-06
15240	5.36077e-07	-0.00143722	3.87118e-06
15250	5.36584e-07	-0.00143721	3.8653e-06
15260	5.38098e-07	-0.00143721	3.85881e-06
15270	5.40471e-07	-0.00143721	3.85143e-06
15280	5.43839e-07	-0.00143721	3.84293e-06
15290	5.48475e-07	-0.00143721	3.83288e-06
15300	5.54999e-07	-0.00143722	3.82055e-06
15310	5.64435e-07	-0.00143723	3.80482e-06
15320	5.78299e-07	-0.00143724	3.78506e-06
15330	5.98372e-07	-0.00143727	3.76098e-06
15340	6.25656e-07	-0.0014373	3.73281e-06
15350	6.61784e-07	-0.00143735	3.70287e-06
15360	7.09085e-07	-0.0014374	3.67309e-06
15370	7.69599e-07	-0.00143746	3.64605e-06
15380	8.44837e-07	-0.00143752	3.62503e-06
15390	9.3557e-07	-0.00143759	3.61368e-06
15400	1.042e-06	-0.00143767	3.61593e-06
15410	1.16332e-06	-0.00143773	3.6356e-06
15420	1.29794e-06	-0.00143779	3.67658e-06
15430	1.44388e-06	-0.00143783	3.74242e-06
15440	1.59923e-06	-0.00143786	3.83647e-06
15450	1.76312e-06	-0.00143786	3.96111e-06
15460	1.93713e-06	-0.00143785	4.12075e-06
15470	2.12392e-06	-0.0014378	4.31819e-06
15480	2.32633e-06	-0.00143773	4.55728e-06
15490	2.54425e-06	-0.00143764	4.83768e-06
15500	2.77497e-06	-0.00143753	5.14728e-06
15510	3.00972e-06	-0.00143741	5.47548e-06
15520	3.24145e-06	-0.00143729	5.81036e-06
15530	3.45994e-06	-0.00143717	6.14026e-06
15540	3.65824e-06	-0.00143704	6.45465e-06
15550	3.83072e-06	-0.00143692	6.74531e-06
15560	3.97471e-06	-0.00143681	7.00009e-06
15570	4.09599e-06	-0.00143671	7.22478e-06
15580	4.18827e-06	-0.00143664	7.40435e-06
15590	4.25285e-06	-0.00143659	7.54067e-06
15600	4.28565e-06	-0.00143656	7.62884e-06
15610	4.28541e-06	-0.00143653	7.66916e-06
15620	4.26717e-06	-0.00143652	7.68048e-06
15630	4.26772e-06	-0.0014365	7.68597e-06
15640	4.2663e-06	-0.00143648	7.69914e-06
15650	4.26417e-06	-0.00143647	7.70668e-06
15660	4.26203e-06	-0.00143645	7.7142e-06
15670	4.25804e-06	-0.00143643	7.71586e-06
15680	4.25844e-06	-0.00143642	7.71914e-06
15690	4.25594e-06	-0.0014364	7.7174e-06
15700	4.25477e-06	-0.00143639	7.71685e-06
15710	4.25604e-06	-0.00143637	7.71385e-06
15720	4.25538e-06	-0.00143635	7.71551e-06
15730	4.25682e-06	-0.00143634	7.71442e-06
15740	4.26032e-06	-0.00143632	7.71413e-06
15750	4.2668e-06	-0.0014363	7.7189e-06
15760	4.26712e-06	-0.00143629	7.71685e-06
15770	4.27406e-06	-0.00143628	7.71914e-06
15780	4.27809e-06	-0.00143626	7.71976e-06
15790	4.28497e-06	-0.00143625	7.72294e-06
15800	4.28955e-06	-0.00143623	7.72478e-06
15810	4.29448e-06	-0.00143622	7.72586e-06
15820	4.30032e-06	-0.0014362	7.72812e-06
15830	4.30673e-06	-0.00143619	7.7326e-06
15840	4.31317e-06	-0.00143617	7.73277e-06
15850	4.31795e-06	-0.00143616	7.73918e-06
15860	4.31964e-06	-0.00143614	7.74037e-06
15870	4.32112e-06	-0.00143613	7.74163e-06
15880	4.32142e-06	-0.00143611	7.74602e-06
15890	4.3205e-06	-0.00143609	7.75032e-06
15900	4.31911e-06	-0.00143608	7.75552e-06
15910	4.31874e-06	-0.00143606	7.76147e-06
15920	4.31925e-06	-0.00143604	7.76747e-06
15930	4.32018e-06	-0.00143602	7.7729e-06
15940	4.32166e-06	-0.001436	7.77742e-06
15950	4.32428e-06	-0.00143598	7.78058e-06
15960	4.32822e-06	-0.00143595	7.78217e-06
15970	4.33425e-06	-0.00143592	7.78083e-06
15980	4.34344e-06	-0.00143589	7.77548e-06
15990	4.35322e-06	-0.00143583	7.76478e-06
16000	4.36419e-06	-0.00143576	7.74708e-06
16010	4.37681e-06	-0.00143566	7.72058e-06
16020	4.39063e-06	-0.00143553	7.68323e-06
16030	4.40621e-06	-0.00143536	7.63486e-06
16040	4.42104e-06	-0.00143516	7.57587e-06
16050	4.43608e-06	-0.00143494	7.50481e-06
16060	4.45754e-06	-0.0014347	7.42928e-06
16070	4.47031e-06	-0.00143448	7.3556e-06
16080	4.47857e-06	-0.00143429	7.29797e-06
16090	4.48691e-06	-0.00143415	7.25908e-06
16100	4.49628e-06	-0.00143406	7.24034e-06
16110	4.50662e-06	-0.00143401	7.2395e-06
16120	4.51945e-06	-0.00143399	7.24835e-06
16130	4.5325e-06	-0.00143396	7.25865e-06
16140	4.54513e-06	-0.00143394	7.2696e-06
16150	4.5583e-06	-0.00143391	7.28099e-06
16160	4.57201e-06	-0.00143389	7.29219e-06
16170	4.58481e-06	-0.00143387	7.30375e-06
16180	4.59669e-06	-0.00143384	7.31459e-06
16190	4.61169e-06	-0.00143382	7.32346e-06
16200	4.62305e-06	-0.0014338	7.33031e-06
16210	4.63313e-06	-0.00143378	7.33632e-06
16220	4.64502e-06	-0.00143375	7.34291e-06
16230	4.65628e-06	-0.00143373	7.34964e-06
16240	4.66764e-06	-0.00143371	7.35643e-06
16250	4.67917e-06	-0.00143369	7.36319e-06
16260	4.69031e-06	-0.00143367	7.37007e-06
16270	4.70062e-06	-0.00143365	7.37748e-06
16280	4.71092e-06	-0.00143362	7.38421e-06
16290	4.72061e-06	-0.0014336	7.39031e-06
16300	4.7306e-06	-0.00143358	7.39688e-06
16310	4.74052e-06	-0.00143356	7.40301e-06
16320	4.74994e-06	-0.00143354	7.40955e-06
16330	4.75928e-06	-0.00143352	7.41594e-06
16340	4.76788e-06	-0.0014335	7.42189e-06
16350	4.77703e-06	-0.00143348	7.42749e-06
16360	4.78489e-06	-0.00143346	7.43232e-06
16370	4.79388e-06	-0.00143344	7.43595e-06
16380	4.80184e-06	-0.00143342	7.44065e-06
16390	4.81328e-06	-0.0014334	7.44467e-06
16400	4.82215e-06	-0.00143338	7.44959e-06
16410	4.83451e-06	-0.00143336	7.4524e-06
16420	4.84559e-06	-0.00143334	7.45628e-06
16430	4.85921e-06	-0.00143331	7.45407e-06
16440	4.86802e-06	-0.00143329	7.45157e-06
16450	4.8792e-06	-0.00143327	7.45053e-06
16460	4.89126e-06	-0.00143324	7.45092e-06
16470	4.89279e-06	-0.00143322	7.46461e-06
16480	4.89781e-06	-0.00143319	7.47393e-06
16490	4.9072e-06	-0.00143317	7.47898e-06
16500	4.91789e-06	-0.00143314	7.48102e-06
16510	4.92399e-06	-0.00143312	7.48751e-06
16520	4.93384e-06	-0.0014331	7.48976e-06
16530	4.94512e-06	-0.00143306	7.48602e-06
16540	4.94771e-06	-0.00143304	7.48879e-06
16550	4.95923e-06	-0.00143301	7.48807e-06
16560	4.96701e-06	-0.00143298	7.48762e-06
16570	4.97622e-06	-0.00143296	7.48654e-06
16580	4.9862e-06	-0.00143293	7.48405e-06
16590	4.99526e-06	-0.0014329	7.4822e-06
16600	4.99959e-06	-0.00143287	7.48432e-06
16610	5.01031e-06	-0.00143285	7.48352e-06
16620	5.01908e-06	-0.00143283	7.48478e-06
16630	5.02755e-06	-0.00143281	7.48734e-06
16640	5.0334e-06	-0.00143279	7.492e-06
16650	5.03969e-06	-0.00143277	7.49739e-06
16660	5.04625e-06	-0.00143276	7.50191e-06
16670	5.05167e-06	-0.00143274	7.50666e-06
16680	5.05755e-06	-0.00143272	7.51095e-06
16690	5.06308e-06	-0.0014327	7.51516e-06
16700	5.06889e-06	-0.00143269	7.51884e-06
16710	5.07439e-06	-0.00143267	7.52218e-06
16720	5.08053e-06	-0.00143265	7.52535e-06
16730	5.08645e-06	-0.00143263	7.52901e-06
16740	5.09291e-06	-0.00143262	7.53229e-06
16750	5.09992e-06	-0.0014326	7.53532e-06
16760	5.10616e-06	-0.00143258	7.53837e-06
16770	5.1134e-06	-0.00143257	7.54098e-06
16780	5.11997e-06	-0.00143255	7.54258e-06
16790	5.12764e-06	-0.00143253	7.54503e-06
16800	5.13597e-06	-0.00143252	7.54887e-06
16810	5.14309e-06	-0.0014325	7.55266e-06
16820	5.14953e-06	-0.00143248	7.55642e-06
16830	5.15569e-06	-0.00143247	7.56204e-06
16840	5.16107e-06	-0.00143245	7.5662e-06
16850	5.16729e-06	-0.00143243	7.57202e-06
16860	5.17281e-06	-0.00143242	7.57726e-06
16870	5.17817e-06	-0.0014324	7.5825e-06
16880	5.18373e-06	-0.00143238	7.58758e-06
16890	5.18929e-06	-0.00143237	7.5924e-06
16900	5.19523e-06	-0.00143235	7.59676e-06
16910	5.20169e-06	-0.00143234	7.60055e-06
16920	5.20946e-06	-0.00143232	7.60363e-06
16930	5.2171e-06	-0.00143231	7.60518e-06
16940	5.22502e-06	-0.00143229	7.60724e-06
16950	5.23267e-06	-0.00143227	7.61206e-06
16960	5.24049e-06	-0.00143226	7.61581e-06
16970	5.24829e-06	-0.00143224	7.61895e-06
16980	5.25514e-06	-0.00143223	7.62206e-06
16990	5.26293e-06	-0.00143221	7.62397e-06
17000	5.2696e-06	-0.00143219	7.62669e-06
17010	5.27648e-06	-0.00143218	7.62961e-06
17020	5.28305e-06	-0.00143216	7.63248e-06
17030	5.28856e-06	-0.00143215	7.63537e-06
17040	5.29466e-06	-0.00143213	7.6381e-06
17050	5.29993e-06	-0.00143211	7.64047e-06
17060	5.30565e-06	-0.0014321	7.64268e-06
17070	5.31078e-06	-0.00143208	7.64437e-06
17080	5.31643e-06	-0.00143207	7.64584e-06
17090	5.32135e-06	-0.00143205	7.64715e-06
17100	5.32702e-06	-0.00143204	7.649e-06
17110	5.33142e-06	-0.00143202	7.6518e-06
17120	5.3364e-06	-0.00143201	7.65481e-06
17130	5.34078e-06	-0.00143199	7.65787e-06
17140	5.34548e-06	-0.00143198	7.66093e-06
17150	5.34968e-06	-0.00143196	7.66404e-06
17160	5.35417e-06	-0.00143194	7.66709e-06
17170	5.35879e-06	-0.00143193	7.67013e-06
17180	5.36372e-06	-0.00143191	7.67311e-06
17190	5.3688e-06	-0.0014319	7.6761e-06
17200	5.37425e-06	-0.00143188	7.67895e-06
17210	5.37967e-06	-0.00143187	7.68179e-06
17220	5.38548e-06	-0.00143185	7.6845e-06
17230	5.39107e-06	-0.00143184	7.68722e-06
17240	5.397e-06	-0.00143182	7.69e-06
17250	5.40281e-06	-0.00143181	7.69276e-06
17260	5.40852e-06	-0.00143179	7.69555e-06
17270	5.41435e-06	-0.00143178	7.69838e-06
17280	5.4202e-06	-0.00143176	7.70123e-06
17290	5.426e-06	-0.00143175	7.70429e-06
17300	5.43179e-06	-0.00143173	7.7076e-06
17310	5.43748e-06	-0.00143172	7.71108e-06
17320	5.44316e-06	-0.0014317	7.71473e-06
17330	5.44877e-06	-0.00143169	7.71837e-06
17340	5.45449e-06	-0.00143167	7.72216e-06
17350	5.46034e-06	-0.00143166	7.72599e-06
17360	5.46634e-06	-0.00143164	7.72987e-06
17370	5.4725e-06	-0.00143163	7.7337e-06
17380	5.47872e-06	-0.00143161	7.73746e-06
17390	5.48493e-06	-0.0014316	7.74129e-06
17400	5.491e-06	-0.00143158	7.74531e-06
17410	5.49688e-06	-0.00143157	7.74952e-06
17420	5.50254e-06	-0.00143155	7.75397e-06
17430	5.50802e-06	-0.00143154	7.75868e-06
17440	5.51329e-06	-0.00143152	7.76361e-06
17450	5.51853e-06	-0.00143151	7.76891e-06
17460	5.52375e-06	-0.0014315	7.77472e-06
17470	5.52896e-06	-0.00143148	7.78072e-06
17480	5.53434e-06	-0.00143147	7.78707e-06
17490	5.53959e-06	-0.00143145	7.79289e-06
17500	5.545e-06	-0.00143144	7.79876e-06
17510	5.55027e-06	-0.00143143	7.80408e-06
17520	5.55577e-06	-0.00143141	7.80929e-06
17530	5.56067e-06	-0.0014314	7.81493e-06
17540	5.56579e-06	-0.00143138	7.82135e-06
17550	5.5707e-06	-0.00143137	7.82735e-06
17560	5.5758e-06	-0.00143136	7.83319e-06
17570	5.58088e-06	-0.00143134	7.83921e-06
17580	5.58604e-06	-0.00143133	7.84507e-06
17590	5.59084e-06	-0.00143131	7.85042e-06
17600	5.59795e-06	-0.0014313	7.85425e-06
17610	5.60477e-06	-0.00143129	7.8575e-06
17620	5.61028e-06	-0.00143127	7.86109e-06
17630	5.61724e-06	-0.00143126	7.86397e-06
17640	5.62358e-06	-0.00143125	7.86734e-06
17650	5.6306e-06	-0.00143123	7.87063e-06
17660	5.63707e-06	-0.00143122	7.874e-06
17670	5.6435e-06	-0.0014312	7.87765e-06
17680	5.64996e-06	-0.00143119	7.88085e-06
17690	5.6561e-06	-0.00143118	7.88409e-06
17700	5.66278e-06	-0.00143116	7.88726e-06
17710	5.66917e-06	-0.00143115	7.89057e-06
17720	5.67549e-06	-0.00143114	7.89379e-06
17730	5.68194e-06	-0.00143112	7.89725e-06
17740	5.68813e-06	-0.00143111	7.90088e-06
17750	5.69378e-06	-0.0014311	7.9048e-06
17760	5.69939e-06	-0.00143108	7.90912e-06
17770	5.70529e-06	-0.00143107	7.91378e-06
17780	5.71044e-06	-0.00143106	7.91916e-06
17790	5.71582e-06	-0.00143104	7.92451e-06
17800	5.7217e-06	-0.00143103	7.92989e-06
17810	5.72705e-06	-0.00143102	7.93506e-06
17820	5.73254e-06	-0.001431	7.94001e-06
17830	5.73766e-06	-0.00143099	7.94515e-06
17840	5.74297e-06	-0.00143098	7.95009e-06
17850	5.74812e-06	-0.00143097	7.95501e-06
17860	5.75306e-06	-0.00143095	7.9596e-06
17870	5.75854e-06	-0.00143094	7.96429e-06
17880	5.76408e-06	-0.00143093	7.96882e-06
17890	5.7698e-06	-0.00143091	7.97329e-06
17900	5.7756e-06	-0.0014309	7.97739e-06
17910	5.78135e-06	-0.00143089	7.98158e-06
17920	5.78723e-06	-0.00143087	7.98554e-06
17930	5.79305e-06	-0.00143086	7.98958e-06
17940	5.79887e-06	-0.00143085	7.99356e-06
17950	5.80489e-06	-0.00143084	7.99749e-06
17960	5.81071e-06	-0.00143082	8.0012e-06
17970	5.81684e-06	-0.00143081	8.00498e-06
17980	5.82268e-06	-0.0014308	8.00861e-06
17990	5.82905e-06	-0.00143079	8.01248e-06
18000	5.83491e-06	-0.00143077	8.0162e-06
