0	0	0	0
10	-1.21027	-3.35223	0
20	-5.01526	-13.8914	0
30	-11.2727	-31.2234	0
40	-19.7568	-54.7229	0
50	-30.1704	-83.5668	0
60	-42.1638	-116.786	0
70	-55.356	-153.327	0
80	-69.3584	-192.111	0
90	-83.7965	-232.102	0
100	-98.3315	-272.361	0
110	-112.677	-312.096	0
120	-126.613	-350.696	0
130	-139.992	-387.752	0
140	-152.741	-423.065	0
150	-164.86	-456.634	0
160	-176.413	-488.635	0
170	-187.514	-519.381	0
180	-198.311	-549.288	0
190	-208.973	-578.819	0
200	-219.668	-608.442	0
210	-230.55	-638.583	0
220	-241.745	-669.591	0
230	-253.341	-701.71	0
240	-265.381	-735.058	0
250	-277.863	-769.632	0
260	-290.743	-805.307	0
270	-303.938	-841.856	0
280	-317.341	-878.979	0
290	-330.827	-916.333	0
300	-344.269	-953.566	0
310	-357.55	-990.352	0
320	-370.571	-1026.42	0
330	-383.263	-1061.57	0
340	-395.59	-1095.72	0
350	-407.553	-1128.85	0
360	-419.186	-1161.07	0
370	-430.556	-1192.57	0
380	-441.753	-1223.58	0
390	-452.878	-1254.39	0
400	-464.041	-1285.31	0
410	-475.342	-1316.61	0
420	-486.866	-1348.53	0
430	-498.677	-1381.25	0
440	-510.807	-1414.85	0
450	-523.26	-1449.34	0
460	-536.007	-1484.65	0
470	-548.994	-1520.62	0
480	-562.142	-1557.04	0
490	-575.36	-1593.65	0
500	-588.551	-1630.18	0
510	-601.621	-1666.39	0
520	-614.488	-1702.02	0
530	-627.088	-1736.92	0
540	-639.381	-1770.97	0
550	-651.354	-1804.14	0
560	-663.019	-1836.45	0
570	-674.411	-1868	0
580	-685.583	-1898.95	0
590	-696.601	-1929.46	0
600	-707.532	-1959.74	0
610	-718.438	-1989.95	0
620	-729.367	-2020.22	0
630	-740.346	-2050.63	0
640	-751.374	-2081.18	0
650	-762.421	-2111.77	0
660	-773.424	-2142.25	0
670	-784.291	-2172.35	0
680	-794.904	-2201.75	0
690	-805.124	-2230.05	0
700	-814.799	-2256.85	0
710	-823.771	-2281.7	0
720	-831.883	-2304.17	0
730	-838.992	-2323.86	0
740	-844.965	-2340.41	0
750	-849.694	-2353.51	0
760	-853.091	-2362.91	0
770	-855.091	-2368.45	0
780	-855.662	-2370.03	0
790	-855.223	-2368.34	0
800	-854.134	-2364.1	0
810	-852.383	-2357.3	0
820	-849.951	-2347.87	0
830	-846.812	-2335.76	0
840	-842.934	-2320.87	0
850	-838.288	-2303.11	0
860	-832.844	-2282.41	0
870	-826.58	-2258.71	0
880	-819.487	-2232.02	0
890	-811.573	-2202.4	0
900	-802.867	-2169.99	0
910	-793.426	-2135.05	0
920	-783.33	-2097.9	0
930	-772.688	-2058.97	0
940	-761.633	-2018.8	0
950	-750.32	-1977.95	0
960	-738.915	-1937.07	0
970	-727.591	-1896.79	0
980	-716.521	-1857.74	0
990	-705.863	-1820.49	0
1000	-695.754	-1785.5	0
1010	-686.299	-1753.12	0
1020	-677.552	-1723.52	0
1030	-669.526	-1696.69	0
1040	-662.197	-1672.47	0
1050	-655.507	-1650.55	0
1060	-649.368	-1630.51	0
1070	-643.667	-1611.82	0
1080	-638.278	-1593.9	0
1090	-633.066	-1576.14	0
1100	-627.899	-1557.94	0
1110	-622.656	-1538.75	0
1120	-617.232	-1518.1	0
1130	-611.542	-1495.62	0
1140	-605.531	-1471.06	0
1150	-599.174	-1444.31	0
1160	-592.477	-1415.4	0
1170	-585.474	-1384.5	0
1180	-578.227	-1351.91	0
1190	-570.817	-1318.02	0
1200	-563.339	-1283.32	0
1210	-555.894	-1248.33	0
1220	-548.58	-1213.56	0
1230	-541.489	-1179.53	0
1240	-534.695	-1146.7	0
1250	-528.256	-1115.42	0
1260	-522.204	-1085.99	0
1270	-516.549	-1058.57	0
1280	-511.281	-1033.2	0
1290	-506.367	-1009.85	0
1300	-501.76	-988.367	0
1310	-497.405	-968.531	0
1320	-493.242	-950.071	0
1330	-489.212	-932.687	0
1340	-485.266	-916.078	0
1350	-481.364	-899.963	0
1360	-477.48	-884.104	0
1370	-473.608	-868.324	0
1380	-469.757	-852.515	0
1390	-465.955	-836.645	0
1400	-462.242	-820.76	0
1410	-458.676	-804.978	0
1420	-455.32	-789.476	0
1430	-452.243	-774.481	0
1440	-449.516	-760.257	0
1450	-447.205	-747.081	0
1460	-445.368	-735.235	0
1470	-444.051	-724.99	0
1480	-443.287	-716.589	0
1490	-443.092	-710.236	0
1500	-443.465	-706.084	0
1510	-444.386	-704.223	0
1520	-445.807	-704.601	0
1530	-447.549	-706.598	0
1540	-449.555	-710.006	0
1550	-451.827	-714.83	0
1560	-454.375	-721.113	0
1570	-457.212	-728.917	0
1580	-460.35	-738.308	0
1590	-463.799	-749.347	0
1600	-467.563	-762.075	0
1610	-471.638	-776.506	0
1620	-476.013	-792.619	0
1630	-480.669	-810.355	0
1640	-485.578	-829.617	0
1650	-490.706	-850.277	0
1660	-496.018	-872.184	0
1670	-501.479	-895.177	0
1680	-507.057	-919.097	0
1690	-512.728	-943.801	0
1700	-518.48	-969.176	0
1710	-524.313	-995.146	0
1720	-530.239	-1021.68	0
1730	-536.282	-1048.77	0
1740	-542.476	-1076.48	0
1750	-548.859	-1104.86	0
1760	-555.471	-1133.97	0
1770	-562.342	-1163.88	0
1780	-569.494	-1194.61	0
1790	-576.929	-1226.13	0
1800	-584.628	-1258.34	0
1810	-592.546	-1291.07	0
1820	-600.613	-1324.05	0
1830	-608.733	-1356.97	0
1840	-616.791	-1389.41	0
1850	-624.657	-1420.96	0
1860	-632.194	-1451.16	0
1870	-639.27	-1479.58	0
1880	-645.766	-1505.84	0
1890	-651.585	-1529.64	0
1900	-656.663	-1550.78	0
1910	-660.97	-1569.2	0
1920	-664.522	-1584.97	0
1930	-667.374	-1598.31	0
1940	-669.622	-1609.55	0
1950	-671.395	-1619.12	0
1960	-672.844	-1627.54	0
1970	-674.133	-1635.35	0
1980	-675.417	-1643.07	0
1990	-676.835	-1651.18	0
2000	-678.492	-1660.03	0
2010	-680.457	-1669.85	0
2020	-682.757	-1680.74	0
2030	-685.38	-1692.63	0
2040	-688.273	-1705.32	0
2050	-691.347	-1718.47	0
2060	-694.481	-1731.63	0
2070	-697.536	-1744.31	0
2080	-700.36	-1755.96	0
2090	-702.804	-1766.07	0
2100	-704.734	-1774.16	0
2110	-706.041	-1779.89	0
2120	-706.65	-1783	0
2130	-706.567	-1783.52	0
2140	-705.985	-1782.15	0
2150	-705.048	-1779.35	0
2160	-703.83	-1775.58	0
2170	-702.448	-1771.38	0
2180	-701.025	-1767.15	0
2190	-699.647	-1763.14	0
2200	-698.379	-1759.52	0
2210	-697.27	-1756.42	0
2220	-696.356	-1753.92	0
2230	-695.654	-1752.04	0
2240	-695.167	-1750.77	0
2250	-694.876	-1750.04	0
2260	-694.736	-1749.69	0
2270	-694.622	-1749.32	0
2280	-694.505	-1748.86	0
2290	-694.37	-1748.27	0
2300	-694.181	-1747.44	0
2310	-693.884	-1746.17	0
2320	-693.426	-1744.28	0
2330	-692.759	-1741.6	0
2340	-691.84	-1737.98	0
2350	-690.631	-1733.29	0
2360	-689.104	-1727.43	0
2370	-687.236	-1720.3	0
2380	-685.013	-1711.85	0
2390	-682.427	-1702.02	0
2400	-679.479	-1690.78	0
2410	-676.175	-1678.13	0
2420	-672.525	-1664.06	0
2430	-668.546	-1648.59	0
2440	-664.262	-1631.76	0
2450	-659.698	-1613.63	0
2460	-654.887	-1594.29	0
2470	-649.869	-1573.85	0
2480	-644.688	-1552.46	0
2490	-639.393	-1530.32	0
2500	-634.041	-1507.63	0
2510	-628.691	-1484.66	0
2520	-623.406	-1461.67	0
2530	-618.25	-1438.97	0
2540	-613.286	-1416.84	0
2550	-608.572	-1395.58	0
2560	-604.159	-1375.45	0
2570	-600.088	-1356.68	0
2580	-596.387	-1339.46	0
2590	-593.068	-1323.89	0
2600	-590.129	-1310.03	0
2610	-587.551	-1297.84	0
2620	-585.297	-1287.23	0
2630	-583.319	-1278.02	0
2640	-581.557	-1270	0
2650	-579.943	-1262.88	0
2660	-578.408	-1256.38	0
2670	-576.883	-1250.19	0
2680	-575.307	-1244.04	0
2690	-573.626	-1237.68	0
2700	-571.803	-1230.91	0
2710	-569.816	-1223.61	0
2720	-567.663	-1215.74	0
2730	-565.364	-1207.33	0
2740	-562.956	-1198.5	0
2750	-560.496	-1189.44	0
2760	-558.052	-1180.39	0
2770	-555.705	-1171.64	0
2780	-553.537	-1163.49	0
2790	-551.629	-1156.22	0
2800	-550.052	-1150.1	0
2810	-548.866	-1145.35	0
2820	-548.107	-1142.12	0
2830	-547.788	-1140.46	0
2840	-547.851	-1140.26	0
2850	-548.044	-1140.66	0
2860	-548.286	-1141.2	0
2870	-548.541	-1141.74	0
2880	-548.794	-1142.22	0
2890	-549.063	-1142.73	0
2900	-549.338	-1143.26	0
2910	-549.597	-1143.79	0
2920	-549.839	-1144.3	0
2930	-550.055	-1144.79	0
2940	-550.234	-1145.2	0
2950	-550.361	-1145.51	0
2960	-550.424	-1145.65	0
2970	-550.416	-1145.6	0
2980	-550.338	-1145.34	0
2990	-550.215	-1144.89	0
3000	-550.103	-1144.44	0
3010	-550.021	-1144.13	0
3020	-549.98	-1143.97	0
3030	-549.965	-1143.94	0
3040	-549.96	-1143.92	0
3050	-549.957	-1143.91	0
3060	-549.952	-1143.91	0
3070	-549.944	-1143.9	0
3080	-549.94	-1143.9	0
3090	-549.938	-1143.91	0
3100	-549.938	-1143.91	0
3110	-549.94	-1143.92	0
3120	-549.943	-1143.94	0
3130	-549.943	-1143.97	0
3140	-549.939	-1144.01	0
3150	-549.941	-1144.13	0
3160	-549.975	-1144.44	0
3170	-550.077	-1145.1	0
3180	-550.283	-1146.24	0
3190	-550.626	-1147.99	0
3200	-551.134	-1150.46	0
3210	-551.829	-1153.7	0
3220	-552.72	-1157.74	0
3230	-553.806	-1162.57	0
3240	-555.075	-1168.11	0
3250	-556.504	-1174.26	0
3260	-558.063	-1180.88	0
3270	-559.712	-1187.83	0
3280	-561.412	-1194.91	0
3290	-563.124	-1201.98	0
3300	-564.811	-1208.89	0
3310	-566.445	-1215.53	0
3320	-568.005	-1221.81	0
3330	-569.485	-1227.7	0
3340	-570.885	-1233.23	0
3350	-572.221	-1238.43	0
3360	-573.515	-1243.42	0
3370	-574.797	-1248.31	0
3380	-576.101	-1253.23	0
3390	-577.462	-1258.32	0
3400	-578.911	-1263.72	0
3410	-580.475	-1269.52	0
3420	-582.168	-1275.78	0
3430	-583.997	-1282.53	0
3440	-585.952	-1289.73	0
3450	-588.014	-1297.33	0
3460	-590.15	-1305.2	0
3470	-592.32	-1313.19	0
3480	-594.474	-1321.14	0
3490	-596.563	-1328.86	0
3500	-598.535	-1336.17	0
3510	-600.345	-1342.9	0
3520	-601.954	-1348.92	0
3530	-603.333	-1354.12	0
3540	-604.467	-1358.44	0
3550	-605.351	-1361.87	0
3560	-605.994	-1364.42	0
3570	-606.418	-1366.15	0
3580	-606.653	-1367.16	0
3590	-606.74	-1367.54	0
3600	-606.769	-1367.63	0
3610	-606.798	-1367.67	0
3620	-606.842	-1367.83	0
3630	-606.914	-1368.12	0
3640	-607.018	-1368.55	0
3650	-607.151	-1369.09	0
3660	-607.315	-1369.72	0
3670	-607.496	-1370.42	0
3680	-607.683	-1371.16	0
3690	-607.871	-1371.9	0
3700	-608.048	-1372.61	0
3710	-608.213	-1373.25	0
3720	-608.351	-1373.8	0
3730	-608.462	-1374.22	0
3740	-608.531	-1374.48	0
3750	-608.561	-1374.58	0
3760	-608.569	-1374.59	0
3770	-608.577	-1374.6	0
3780	-608.587	-1374.61	0
3790	-608.595	-1374.62	0
3800	-608.604	-1374.62	0
3810	-608.613	-1374.63	0
3820	-608.622	-1374.64	0
3830	-608.631	-1374.65	0
3840	-608.641	-1374.65	0
3850	-608.649	-1374.66	0
3860	-608.659	-1374.67	0
3870	-608.666	-1374.68	0
3880	-608.675	-1374.69	0
3890	-608.682	-1374.7	0
3900	-608.689	-1374.7	0
3910	-608.696	-1374.71	0
3920	-608.704	-1374.72	0
3930	-608.712	-1374.73	0
3940	-608.72	-1374.74	0
3950	-608.726	-1374.75	0
3960	-608.732	-1374.76	0
3970	-608.739	-1374.77	0
3980	-608.747	-1374.77	0
3990	-608.753	-1374.78	0
4000	-608.761	-1374.79	0
4010	-608.769	-1374.8	0
4020	-608.775	-1374.81	0
4030	-608.784	-1374.82	0
4040	-608.792	-1374.83	0
4050	-608.799	-1374.83	0
4060	-608.807	-1374.84	0
4070	-608.815	-1374.85	0
4080	-608.823	-1374.86	0
4090	-608.831	-1374.87	0
4100	-608.838	-1374.88	0
4110	-608.846	-1374.89	0
4120	-608.855	-1374.9	0
4130	-608.86	-1374.9	0
4140	-608.869	-1374.91	0
4150	-608.878	-1374.92	0
4160	-608.886	-1374.93	0
4170	-608.898	-1374.94	0
4180	-608.906	-1374.94	0
4190	-608.914	-1374.95	0
4200	-608.922	-1374.96	0
4210	-608.928	-1374.97	0
4220	-608.936	-1374.97	0
4230	-608.944	-1374.98	0
4240	-608.952	-1374.99	0
4250	-608.959	-1374.99	0
4260	-608.967	-1375	0
4270	-608.975	-1375.01	0
4280	-608.983	-1375.01	0
4290	-608.991	-1375.02	0
4300	-608.998	-1375.03	0
4310	-609.006	-1375.04	0
4320	-609.013	-1375.04	0
4330	-609.02	-1375.05	0
4340	-609.027	-1375.05	0
4350	-609.033	-1375.06	0
4360	-609.041	-1375.07	0
4370	-609.047	-1375.07	0
4380	-609.054	-1375.08	0
4390	-609.059	-1375.08	0
4400	-609.071	-1375.09	0
4410	-609.076	-1375.09	0
4420	-609.081	-1375.09	0
4430	-609.087	-1375.1	0
4440	-609.092	-1375.09	0
4450	-609.096	-1375.09	0
4460	-609.097	-1375.09	0
4470	-609.098	-1375.08	0
4480	-609.099	-1375.07	0
4490	-609.099	-1375.06	0
4500	-609.098	-1375.05	0
4510	-609.097	-1375.04	0
4520	-609.094	-1375.02	0
4530	-609.09	-1375	0
4540	-609.084	-1374.98	0
4550	-609.075	-1374.95	0
4560	-609.063	-1374.91	0
4570	-609.05	-1374.87	0
4580	-609.032	-1374.82	0
4590	-609.011	-1374.76	0
4600	-608.985	-1374.69	0
4610	-608.955	-1374.6	0
4620	-608.919	-1374.5	0
4630	-608.878	-1374.38	0
4640	-608.835	-1374.25	0
4650	-608.795	-1374.15	0
4660	-608.766	-1374.09	0
4670	-608.739	-1374.05	0
4680	-608.698	-1373.99	0
4690	-608.635	-1373.91	0
4700	-608.545	-1373.79	0
4710	-608.421	-1373.63	0
4720	-608.26	-1373.42	0
4730	-608.057	-1373.14	0
4740	-607.813	-1372.8	0
4750	-607.533	-1372.39	0
4760	-607.233	-1371.95	0
4770	-606.921	-1371.49	0
4780	-606.611	-1371.04	0
4790	-606.309	-1370.6	0
4800	-606.014	-1370.17	0
4810	-605.734	-1369.74	0
4820	-605.47	-1369.33	0
4830	-605.231	-1368.95	0
4840	-605.026	-1368.62	0
4850	-604.853	-1368.33	0
4860	-604.719	-1368.08	0
4870	-604.625	-1367.89	0
4880	-604.57	-1367.75	0
4890	-604.554	-1367.68	0
4900	-604.562	-1367.64	0
4910	-604.56	-1367.6	0
4920	-604.546	-1367.51	0
4930	-604.51	-1367.35	0
4940	-604.443	-1367.09	0
4950	-604.341	-1366.69	0
4960	-604.197	-1366.14	0
4970	-604.008	-1365.42	0
4980	-603.769	-1364.52	0
4990	-603.479	-1363.42	0
5000	-603.139	-1362.14	0
5010	-602.751	-1360.67	0
5020	-602.319	-1359.04	0
5030	-601.842	-1357.25	0
5040	-601.316	-1355.31	0
5050	-600.738	-1353.22	0
5060	-600.105	-1351.01	0
5070	-599.416	-1348.68	0
5080	-598.675	-1346.26	0
5090	-597.886	-1343.79	0
5100	-597.058	-1341.31	0
5110	-596.204	-1338.86	0
5120	-595.336	-1336.5	0
5130	-594.469	-1334.26	0
5140	-593.619	-1332.2	0
5150	-592.803	-1330.35	0
5160	-592.034	-1328.74	0
5170	-591.328	-1327.41	0
5180	-590.693	-1326.35	0
5190	-590.124	-1325.5	0
5200	-589.572	-1324.66	0
5210	-589.046	-1323.81	0
5220	-588.557	-1322.99	0
5230	-588.112	-1322.19	0
5240	-587.721	-1321.45	0
5250	-587.39	-1320.79	0
5260	-587.118	-1320.2	0
5270	-586.91	-1319.7	0
5280	-586.75	-1319.26	0
5290	-586.632	-1318.88	0
5300	-586.534	-1318.5	0
5310	-586.43	-1318.06	0
5320	-586.281	-1317.47	0
5330	-586.076	-1316.67	0
5340	-585.81	-1315.65	0
5350	-585.482	-1314.38	0
5360	-585.095	-1312.9	0
5370	-584.658	-1311.23	0
5380	-584.184	-1309.41	0
5390	-583.688	-1307.51	0
5400	-583.189	-1305.6	0
5410	-582.705	-1303.75	0
5420	-582.256	-1302.03	0
5430	-581.861	-1300.51	0
5440	-581.535	-1299.23	0
5450	-581.288	-1298.25	0
5460	-581.12	-1297.57	0
5470	-581.007	-1297.12	0
5480	-580.94	-1296.85	0
5490	-580.918	-1296.76	0
5500	-580.912	-1296.74	0
5510	-580.907	-1296.72	0
5520	-580.902	-1296.7	0
5530	-580.896	-1296.67	0
5540	-580.889	-1296.65	0
5550	-580.882	-1296.61	0
5560	-580.873	-1296.56	0
5570	-580.86	-1296.5	0
5580	-580.843	-1296.43	0
5590	-580.823	-1296.34	0
5600	-580.801	-1296.24	0
5610	-580.778	-1296.13	0
5620	-580.756	-1296.02	0
5630	-580.734	-1295.92	0
5640	-580.715	-1295.83	0
5650	-580.699	-1295.75	0
5660	-580.686	-1295.68	0
5670	-580.676	-1295.63	0
5680	-580.669	-1295.59	0
5690	-580.664	-1295.56	0
5700	-580.662	-1295.54	0
5710	-580.66	-1295.51	0
5720	-580.66	-1295.49	0
5730	-580.661	-1295.46	0
5740	-580.663	-1295.44	0
5750	-580.665	-1295.42	0
5760	-580.666	-1295.39	0
5770	-580.665	-1295.37	0
5780	-580.66	-1295.35	0
5790	-580.651	-1295.33	0
5800	-580.651	-1295.31	0
5810	-580.683	-1295.3	0
5820	-580.768	-1295.31	0
5830	-580.928	-1295.36	0
5840	-581.176	-1295.45	0
5850	-581.523	-1295.61	0
5860	-581.97	-1295.83	0
5870	-582.513	-1296.11	0
5880	-583.14	-1296.46	0
5890	-583.832	-1296.85	0
5900	-584.564	-1297.27	0
5910	-585.308	-1297.7	0
5920	-586.033	-1298.13	0
5930	-586.705	-1298.51	0
5940	-587.295	-1298.83	0
5950	-587.772	-1299.07	0
5960	-588.112	-1299.21	0
5970	-588.302	-1299.24	0
5980	-588.352	-1299.2	0
5990	-588.338	-1299.16	0
6000	-588.336	-1299.21	0
6010	-588.363	-1299.4	0
6020	-588.436	-1299.79	0
6030	-588.57	-1300.42	0
6040	-588.783	-1301.34	0
6050	-589.094	-1302.58	0
6060	-589.539	-1304.14	0
6070	-590.014	-1305.87	0
6080	-590.501	-1307.67	0
6090	-590.993	-1309.48	0
6100	-591.467	-1311.23	0
6110	-591.926	-1312.88	0
6120	-592.375	-1314.39	0
6130	-592.815	-1315.72	0
6140	-593.233	-1316.8	0
6150	-593.625	-1317.58	0
6160	-593.975	-1318.01	0
6170	-594.365	-1318.4	0
6180	-594.833	-1318.91	0
6190	-595.371	-1319.53	0
6200	-595.963	-1320.25	0
6210	-596.588	-1321.04	0
6220	-597.23	-1321.88	0
6230	-597.867	-1322.73	0
6240	-598.453	-1323.49	0
6250	-598.928	-1324.05	0
6260	-599.238	-1324.29	0
6270	-599.346	-1324.14	0
6280	-599.233	-1323.56	0
6290	-598.909	-1322.53	0
6300	-598.473	-1321.14	0
6310	-598.028	-1319.7	0
6320	-597.583	-1318.33	0
6330	-597.144	-1317.08	0
6340	-596.706	-1315.98	0
6350	-596.28	-1315.05	0
6360	-595.883	-1314.34	0
6370	-595.555	-1314.01	0
6380	-595.264	-1313.88	0
6390	-594.95	-1313.71	0
6400	-594.619	-1313.5	0
6410	-594.278	-1313.26	0
6420	-593.933	-1312.98	0
6430	-593.59	-1312.68	0
6440	-593.252	-1312.35	0
6450	-592.926	-1312	0
6460	-592.615	-1311.63	0
6470	-592.33	-1311.27	0
6480	-592.091	-1310.96	0
6490	-591.908	-1310.72	0
6500	-591.786	-1310.57	0
6510	-591.723	-1310.51	0
6520	-591.715	-1310.54	0
6530	-591.75	-1310.64	0
6540	-591.815	-1310.79	0
6550	-591.892	-1310.96	0
6560	-591.966	-1311.11	0
6570	-592.02	-1311.2	0
6580	-592.049	-1311.21	0
6590	-592.06	-1311.2	0
6600	-592.066	-1311.21	0
6610	-592.078	-1311.21	0
6620	-592.09	-1311.22	0
6630	-592.103	-1311.23	0
6640	-592.116	-1311.24	0
6650	-592.127	-1311.24	0
6660	-592.139	-1311.24	0
6670	-592.15	-1311.24	0
6680	-592.16	-1311.24	0
6690	-592.17	-1311.24	0
6700	-592.18	-1311.24	0
6710	-592.188	-1311.24	0
6720	-592.195	-1311.24	0
6730	-592.2	-1311.23	0
6740	-592.201	-1311.23	0
6750	-592.207	-1311.22	0
6760	-592.207	-1311.21	0
6770	-592.202	-1311.2	0
6780	-592.192	-1311.18	0
6790	-592.183	-1311.17	0
6800	-592.173	-1311.15	0
6810	-592.159	-1311.13	0
6820	-592.149	-1311.11	0
6830	-592.142	-1311.09	0
6840	-592.134	-1311.07	0
6850	-592.123	-1311.04	0
6860	-592.109	-1311.01	0
6870	-592.093	-1310.97	0
6880	-592.073	-1310.94	0
6890	-592.051	-1310.89	0
6900	-592.026	-1310.84	0
6910	-591.999	-1310.79	0
6920	-591.971	-1310.73	0
6930	-591.942	-1310.66	0
6940	-591.91	-1310.59	0
6950	-591.873	-1310.5	0
6960	-591.821	-1310.41	0
6970	-591.746	-1310.29	0
6980	-591.64	-1310.14	0
6990	-591.497	-1309.94	0
7000	-591.312	-1309.69	0
7010	-591.082	-1309.4	0
7020	-590.81	-1309.06	0
7030	-590.501	-1308.69	0
7040	-590.161	-1308.3	0
7050	-589.794	-1307.89	0
7060	-589.408	-1307.44	0
7070	-589.011	-1306.97	0
7080	-588.616	-1306.49	0
7090	-588.235	-1306.01	0
7100	-587.881	-1305.56	0
7110	-587.564	-1305.14	0
7120	-587.294	-1304.77	0
7130	-587.076	-1304.45	0
7140	-586.912	-1304.2	0
7150	-586.801	-1304	0
7160	-586.738	-1303.88	0
7170	-586.714	-1303.81	0
7180	-586.717	-1303.79	0
7190	-586.714	-1303.77	0
7200	-586.711	-1303.75	0
7210	-586.708	-1303.74	0
7220	-586.706	-1303.72	0
7230	-586.706	-1303.71	0
7240	-586.706	-1303.69	0
7250	-586.706	-1303.68	0
7260	-586.706	-1303.66	0
7270	-586.704	-1303.65	0
7280	-586.697	-1303.62	0
7290	-586.683	-1303.57	0
7300	-586.654	-1303.48	0
7310	-586.602	-1303.3	0
7320	-586.52	-1303.01	0
7330	-586.404	-1302.59	0
7340	-586.254	-1302.04	0
7350	-586.069	-1301.35	0
7360	-585.853	-1300.53	0
7370	-585.621	-1299.64	0
7380	-585.397	-1298.75	0
7390	-585.181	-1297.89	0
7400	-584.982	-1297.1	0
7410	-584.797	-1296.39	0
7420	-584.646	-1295.79	0
7430	-584.526	-1295.33	0
7440	-584.445	-1295.03	0
7450	-584.404	-1294.89	0
7460	-584.392	-1294.87	0
7470	-584.384	-1294.85	0
7480	-584.376	-1294.84	0
7490	-584.369	-1294.83	0
7500	-584.362	-1294.81	0
7510	-584.357	-1294.8	0
7520	-584.352	-1294.78	0
7530	-584.348	-1294.77	0
7540	-584.343	-1294.76	0
7550	-584.339	-1294.74	0
7560	-584.335	-1294.73	0
7570	-584.33	-1294.71	0
7580	-584.324	-1294.69	0
7590	-584.318	-1294.68	0
7600	-584.312	-1294.66	0
7610	-584.307	-1294.64	0
7620	-584.301	-1294.63	0
7630	-584.295	-1294.61	0
7640	-584.288	-1294.59	0
7650	-584.282	-1294.57	0
7660	-584.275	-1294.55	0
7670	-584.268	-1294.53	0
7680	-584.261	-1294.51	0
7690	-584.255	-1294.49	0
7700	-584.247	-1294.47	0
7710	-584.24	-1294.44	0
7720	-584.232	-1294.42	0
7730	-584.224	-1294.4	0
7740	-584.217	-1294.37	0
7750	-584.21	-1294.34	0
7760	-584.205	-1294.31	0
7770	-584.199	-1294.28	0
7780	-584.193	-1294.25	0
7790	-584.186	-1294.22	0
7800	-584.18	-1294.18	0
7810	-584.173	-1294.15	0
7820	-584.163	-1294.12	0
7830	-584.156	-1294.09	0
7840	-584.147	-1294.06	0
7850	-584.137	-1294.03	0
7860	-584.13	-1294	0
7870	-584.122	-1293.98	0
7880	-584.114	-1293.95	0
7890	-584.105	-1293.92	0
7900	-584.096	-1293.9	0
7910	-584.088	-1293.87	0
7920	-584.082	-1293.85	0
7930	-584.076	-1293.82	0
7940	-584.071	-1293.8	0
7950	-584.068	-1293.77	0
7960	-584.068	-1293.75	0
7970	-584.069	-1293.73	0
7980	-584.073	-1293.72	0
7990	-584.079	-1293.7	0
8000	-584.087	-1293.68	0
8010	-584.097	-1293.67	0
8020	-584.109	-1293.66	0
8030	-584.123	-1293.65	0
8040	-584.127	-1293.63	0
8050	-584.125	-1293.62	0
8060	-584.124	-1293.6	0
8070	-584.128	-1293.58	0
8080	-584.134	-1293.56	0
8090	-584.142	-1293.55	0
8100	-584.151	-1293.53	0
8110	-584.162	-1293.52	0
8120	-584.17	-1293.5	0
8130	-584.171	-1293.49	0
8140	-584.166	-1293.47	0
8150	-584.168	-1293.45	0
8160	-584.168	-1293.43	0
8170	-584.168	-1293.42	0
8180	-584.164	-1293.4	0
8190	-584.173	-1293.38	0
8200	-584.176	-1293.37	0
8210	-584.181	-1293.35	0
8220	-584.184	-1293.34	0
8230	-584.181	-1293.32	0
8240	-584.184	-1293.31	0
8250	-584.191	-1293.29	0
8260	-584.19	-1293.28	0
8270	-584.185	-1293.26	0
8280	-584.189	-1293.24	0
8290	-584.195	-1293.23	0
8300	-584.19	-1293.21	0
8310	-584.192	-1293.19	0
8320	-584.195	-1293.17	0
8330	-584.195	-1293.14	0
8340	-584.197	-1293.12	0
8350	-584.195	-1293.09	0
8360	-584.196	-1293.07	0
8370	-584.196	-1293.05	0
8380	-584.197	-1293.03	0
8390	-584.195	-1293	0
8400	-584.195	-1292.98	0
8410	-584.195	-1292.95	0
8420	-584.195	-1292.92	0
8430	-584.195	-1292.9	0
8440	-584.196	-1292.88	0
8450	-584.199	-1292.86	0
8460	-584.199	-1292.84	0
8470	-584.198	-1292.83	0
8480	-584.203	-1292.81	0
8490	-584.208	-1292.79	0
8500	-584.208	-1292.78	0
8510	-584.209	-1292.76	0
8520	-584.221	-1292.75	0
8530	-584.221	-1292.72	0
8540	-584.222	-1292.71	0
8550	-584.225	-1292.69	0
8560	-584.226	-1292.67	0
8570	-584.23	-1292.65	0
8580	-584.235	-1292.63	0
8590	-584.233	-1292.61	0
8600	-584.237	-1292.6	0
8610	-584.24	-1292.58	0
8620	-584.243	-1292.57	0
8630	-584.242	-1292.54	0
8640	-584.242	-1292.52	0
8650	-584.243	-1292.51	0
8660	-584.241	-1292.48	0
8670	-584.241	-1292.47	0
8680	-584.245	-1292.46	0
8690	-584.246	-1292.44	0
8700	-584.247	-1292.42	0
8710	-584.249	-1292.41	0
8720	-584.25	-1292.39	0
8730	-584.255	-1292.37	0
8740	-584.251	-1292.35	0
8750	-584.253	-1292.33	0
8760	-584.257	-1292.32	0
8770	-584.251	-1292.3	0
8780	-584.255	-1292.28	0
8790	-584.254	-1292.27	0
8800	-584.254	-1292.25	0
8810	-584.257	-1292.24	0
8820	-584.258	-1292.22	0
8830	-584.26	-1292.21	0
8840	-584.263	-1292.19	0
8850	-584.267	-1292.18	0
8860	-584.266	-1292.16	0
8870	-584.269	-1292.15	0
8880	-584.272	-1292.13	0
8890	-584.276	-1292.12	0
8900	-584.281	-1292.1	0
8910	-584.287	-1292.09	0
8920	-584.292	-1292.08	0
8930	-584.299	-1292.06	0
8940	-584.308	-1292.05	0
8950	-584.316	-1292.04	0
8960	-584.323	-1292.02	0
8970	-584.327	-1292.01	0
8980	-584.333	-1291.99	0
8990	-584.339	-1291.98	0
9000	-584.346	-1291.97	0
9010	-584.352	-1291.96	0
9020	-584.359	-1291.95	0
9030	-584.366	-1291.93	0
9040	-584.372	-1291.92	0
9050	-584.374	-1291.91	0
9060	-584.379	-1291.89	0
9070	-584.382	-1291.88	0
9080	-584.385	-1291.87	0
9090	-584.387	-1291.85	0
9100	-584.391	-1291.84	0
9110	-584.393	-1291.83	0
9120	-584.396	-1291.81	0
9130	-584.398	-1291.8	0
9140	-584.401	-1291.79	0
9150	-584.405	-1291.77	0
9160	-584.408	-1291.76	0
9170	-584.413	-1291.75	0
9180	-584.416	-1291.73	0
9190	-584.419	-1291.72	0
9200	-584.42	-1291.71	0
9210	-584.424	-1291.69	0
9220	-584.427	-1291.68	0
9230	-584.43	-1291.67	0
9240	-584.433	-1291.66	0
9250	-584.436	-1291.64	0
9260	-584.44	-1291.63	0
9270	-584.442	-1291.62	0
9280	-584.445	-1291.61	0
9290	-584.447	-1291.59	0
9300	-584.449	-1291.58	0
9310	-584.451	-1291.57	0
9320	-584.453	-1291.55	0
9330	-584.454	-1291.54	0
9340	-584.454	-1291.53	0
9350	-584.454	-1291.51	0
9360	-584.454	-1291.5	0
9370	-584.454	-1291.48	0
9380	-584.453	-1291.47	0
9390	-584.451	-1291.45	0
9400	-584.448	-1291.43	0
9410	-584.445	-1291.41	0
9420	-584.441	-1291.39	0
9430	-584.436	-1291.37	0
9440	-584.431	-1291.35	0
9450	-584.425	-1291.32	0
9460	-584.417	-1291.29	0
9470	-584.409	-1291.27	0
9480	-584.399	-1291.24	0
9490	-584.388	-1291.21	0
9500	-584.376	-1291.17	0
9510	-584.366	-1291.14	0
9520	-584.357	-1291.11	0
9530	-584.348	-1291.08	0
9540	-584.339	-1291.05	0
9550	-584.332	-1291.02	0
9560	-584.322	-1290.99	0
9570	-584.312	-1290.96	0
9580	-584.301	-1290.93	0
9590	-584.289	-1290.9	0
9600	-584.277	-1290.86	0
9610	-584.262	-1290.83	0
9620	-584.245	-1290.79	0
9630	-584.223	-1290.74	0
9640	-584.195	-1290.68	0
9650	-584.16	-1290.61	0
9660	-584.118	-1290.53	0
9670	-584.068	-1290.44	0
9680	-584.013	-1290.35	0
9690	-583.953	-1290.25	0
9700	-583.891	-1290.14	0
9710	-583.83	-1290.05	0
9720	-583.772	-1289.96	0
9730	-583.721	-1289.88	0
9740	-583.68	-1289.82	0
9750	-583.653	-1289.77	0
9760	-583.642	-1289.75	0
9770	-583.637	-1289.73	0
9780	-583.627	-1289.71	0
9790	-583.616	-1289.69	0
9800	-583.605	-1289.66	0
9810	-583.592	-1289.64	0
9820	-583.578	-1289.62	0
9830	-583.563	-1289.59	0
9840	-583.541	-1289.56	0
9850	-583.505	-1289.51	0
9860	-583.449	-1289.44	0
9870	-583.367	-1289.34	0
9880	-583.254	-1289.2	0
9890	-583.111	-1289.02	0
9900	-582.936	-1288.8	0
9910	-582.739	-1288.56	0
9920	-582.524	-1288.28	0
9930	-582.296	-1287.99	0
9940	-582.063	-1287.69	0
9950	-581.831	-1287.38	0
9960	-581.61	-1287.08	0
9970	-581.41	-1286.8	0
9980	-581.24	-1286.54	0
9990	-581.11	-1286.33	0
10000	-581.025	-1286.18	0
10010	-580.992	-1286.09	0
10020	-580.997	-1286.06	0
10030	-580.993	-1286.03	0
10040	-580.988	-1286	0
10050	-580.982	-1285.97	0
10060	-580.973	-1285.93	0
10070	-580.961	-1285.88	0
10080	-580.945	-1285.82	0
10090	-580.919	-1285.73	0
10100	-580.877	-1285.6	0
10110	-580.817	-1285.39	0
10120	-580.732	-1285.1	0
10130	-580.618	-1284.7	0
10140	-580.474	-1284.18	0
10150	-580.307	-1283.56	0
10160	-580.121	-1282.83	0
10170	-579.918	-1282.01	0
10180	-579.684	-1281.06	0
10190	-579.411	-1279.96	0
10200	-579.099	-1278.71	0
10210	-578.745	-1277.33	0
10220	-578.353	-1275.83	0
10230	-577.952	-1274.29	0
10240	-577.567	-1272.8	0
10250	-577.219	-1271.44	0
10260	-576.929	-1270.29	0
10270	-576.732	-1269.48	0
10280	-576.642	-1269.07	0
10290	-576.648	-1269	0
10300	-576.669	-1268.91	0
10310	-576.684	-1268.72	0
10320	-576.687	-1268.41	0
10330	-576.671	-1268	0
10340	-576.64	-1267.49	0
10350	-576.623	-1266.97	0
10360	-576.626	-1266.49	0
10370	-576.668	-1266.14	0
10380	-576.758	-1265.98	0
10390	-576.906	-1266.09	0
10400	-577.115	-1266.51	0
10410	-577.377	-1267.24	0
10420	-577.673	-1268.23	0
10430	-577.957	-1269.37	0
10440	-578.19	-1270.33	0
10450	-578.347	-1270.98	0
10460	-578.416	-1271.29	0
10470	-578.421	-1271.31	0
10480	-578.452	-1271.36	0
10490	-578.513	-1271.47	0
10500	-578.604	-1271.62	0
10510	-578.724	-1271.83	0
10520	-578.865	-1272.07	0
10530	-579.014	-1272.32	0
10540	-579.154	-1272.5	0
10550	-579.277	-1272.62	0
10560	-579.371	-1272.66	0
10570	-579.428	-1272.62	0
10580	-579.44	-1272.51	0
10590	-579.405	-1272.32	0
10600	-579.342	-1272.09	0
10610	-579.282	-1271.84	0
10620	-579.218	-1271.57	0
10630	-579.149	-1271.28	0
10640	-579.072	-1270.96	0
10650	-578.986	-1270.6	0
10660	-578.891	-1270.21	0
10670	-578.787	-1269.79	0
10680	-578.673	-1269.33	0
10690	-578.551	-1268.84	0
10700	-578.422	-1268.33	0
10710	-578.287	-1267.8	0
10720	-578.151	-1267.26	0
10730	-578.019	-1266.72	0
10740	-577.897	-1266.22	0
10750	-577.81	-1265.86	0
10760	-577.766	-1265.68	0
10770	-577.761	-1265.66	0
10780	-577.765	-1265.65	0
10790	-577.769	-1265.65	0
10800	-577.763	-1265.64	0
10810	-577.755	-1265.62	0
10820	-577.748	-1265.61	0
10830	-577.736	-1265.58	0
10840	-577.726	-1265.57	0
10850	-577.72	-1265.56	0
10860	-577.713	-1265.56	0
10870	-577.704	-1265.56	0
10880	-577.693	-1265.55	0
10890	-577.68	-1265.53	0
10900	-577.664	-1265.52	0
10910	-577.645	-1265.5	0
10920	-577.624	-1265.47	0
10930	-577.6	-1265.45	0
10940	-577.58	-1265.43	0
10950	-577.568	-1265.41	0
10960	-577.562	-1265.4	0
10970	-577.557	-1265.39	0
10980	-577.549	-1265.39	0
10990	-577.54	-1265.38	0
11000	-577.527	-1265.37	0
11010	-577.509	-1265.35	0
11020	-577.487	-1265.33	0
11030	-577.457	-1265.31	0
11040	-577.42	-1265.28	0
11050	-577.37	-1265.24	0
11060	-577.309	-1265.2	0
11070	-577.236	-1265.16	0
11080	-577.148	-1265.11	0
11090	-577.042	-1265.05	0
11100	-576.917	-1264.98	0
11110	-576.771	-1264.9	0
11120	-576.607	-1264.82	0
11130	-576.427	-1264.71	0
11140	-576.233	-1264.6	0
11150	-576.027	-1264.47	0
11160	-575.816	-1264.32	0
11170	-575.601	-1264.15	0
11180	-575.377	-1263.97	0
11190	-575.153	-1263.78	0
11200	-574.935	-1263.6	0
11210	-574.731	-1263.41	0
11220	-574.541	-1263.22	0
11230	-574.37	-1263.04	0
11240	-574.219	-1262.86	0
11250	-574.091	-1262.68	0
11260	-573.983	-1262.52	0
11270	-573.892	-1262.36	0
11280	-573.804	-1262.22	0
11290	-573.716	-1262.08	0
11300	-573.625	-1261.94	0
11310	-573.53	-1261.8	0
11320	-573.431	-1261.67	0
11330	-573.331	-1261.55	0
11340	-573.23	-1261.42	0
11350	-573.129	-1261.29	0
11360	-573.036	-1261.16	0
11370	-572.95	-1261.05	0
11380	-572.875	-1260.94	0
11390	-572.813	-1260.84	0
11400	-572.766	-1260.76	0
11410	-572.735	-1260.69	0
11420	-572.719	-1260.64	0
11430	-572.714	-1260.6	0
11440	-572.701	-1260.55	0
11450	-572.686	-1260.51	0
11460	-572.672	-1260.46	0
11470	-572.658	-1260.42	0
11480	-572.645	-1260.38	0
11490	-572.633	-1260.36	0
11500	-572.636	-1260.34	0
11510	-572.679	-1260.33	0
11520	-572.78	-1260.31	0
11530	-572.964	-1260.31	0
11540	-573.254	-1260.36	0
11550	-573.666	-1260.48	0
11560	-574.207	-1260.67	0
11570	-574.875	-1260.94	0
11580	-575.665	-1261.28	0
11590	-576.567	-1261.69	0
11600	-577.566	-1262.18	0
11610	-578.639	-1262.74	0
11620	-579.762	-1263.36	0
11630	-580.908	-1264.03	0
11640	-582.047	-1264.73	0
11650	-583.149	-1265.46	0
11660	-584.185	-1266.18	0
11670	-585.124	-1266.89	0
11680	-585.942	-1267.56	0
11690	-586.614	-1268.16	0
11700	-587.125	-1268.68	0
11710	-587.462	-1269.09	0
11720	-587.619	-1269.34	0
11730	-587.606	-1269.4	0
11740	-587.493	-1269.28	0
11750	-587.38	-1269.2	0
11760	-587.257	-1269.16	0
11770	-587.105	-1269.08	0
11780	-586.918	-1268.98	0
11790	-586.697	-1268.84	0
11800	-586.443	-1268.66	0
11810	-586.16	-1268.43	0
11820	-585.858	-1268.18	0
11830	-585.552	-1267.95	0
11840	-585.266	-1267.79	0
11850	-585.024	-1267.75	0
11860	-584.849	-1267.87	0
11870	-584.761	-1268.21	0
11880	-584.769	-1268.77	0
11890	-584.876	-1269.56	0
11900	-585.076	-1270.55	0
11910	-585.355	-1271.71	0
11920	-585.683	-1273.01	0
11930	-586.011	-1274.33	0
11940	-586.304	-1275.51	0
11950	-586.541	-1276.48	0
11960	-586.714	-1277.18	0
11970	-586.807	-1277.58	0
11980	-586.812	-1277.65	0
11990	-586.8	-1277.64	0
12000	-586.783	-1277.63	0
12010	-586.763	-1277.61	0
12020	-586.74	-1277.62	0
12030	-586.708	-1277.64	0
12040	-586.662	-1277.66	0
12050	-586.593	-1277.65	0
12060	-586.49	-1277.56	0
12070	-586.341	-1277.34	0
12080	-586.13	-1276.92	0
12090	-585.852	-1276.27	0
12100	-585.512	-1275.38	0
12110	-585.12	-1274.3	0
12120	-584.677	-1273.07	0
12130	-584.181	-1271.71	0
12140	-583.626	-1270.24	0
12150	-583.009	-1268.7	0
12160	-582.327	-1267.1	0
12170	-581.579	-1265.45	0
12180	-580.766	-1263.78	0
12190	-579.893	-1262.13	0
12200	-578.967	-1260.53	0
12210	-578.006	-1259.03	0
12220	-577.062	-1257.85	0
12230	-576.16	-1257.03	0
12240	-575.291	-1256.5	0
12250	-574.383	-1255.94	0
12260	-573.456	-1255.33	0
12270	-572.534	-1254.72	0
12280	-571.643	-1254.12	0
12290	-570.805	-1253.54	0
12300	-570.045	-1253.01	0
12310	-569.382	-1252.52	0
12320	-568.833	-1252.1	0
12330	-568.411	-1251.76	0
12340	-568.124	-1251.51	0
12350	-567.973	-1251.34	0
12360	-567.944	-1251.26	0
12370	-567.971	-1251.25	0
12380	-567.967	-1251.24	0
12390	-567.96	-1251.22	0
12400	-567.948	-1251.2	0
12410	-567.933	-1251.18	0
12420	-567.915	-1251.16	0
12430	-567.895	-1251.14	0
12440	-567.868	-1251.09	0
12450	-567.837	-1251.01	0
12460	-567.801	-1250.91	0
12470	-567.755	-1250.77	0
12480	-567.694	-1250.57	0
12490	-567.627	-1250.33	0
12500	-567.549	-1250.06	0
12510	-567.461	-1249.77	0
12520	-567.364	-1249.44	0
12530	-567.257	-1249.07	0
12540	-567.135	-1248.66	0
12550	-567.003	-1248.21	0
12560	-566.856	-1247.71	0
12570	-566.699	-1247.17	0
12580	-566.531	-1246.58	0
12590	-566.354	-1245.94	0
12600	-566.168	-1245.27	0
12610	-565.975	-1244.57	0
12620	-565.78	-1243.86	0
12630	-565.581	-1243.15	0
12640	-565.375	-1242.43	0
12650	-565.177	-1241.78	0
12660	-565.009	-1241.26	0
12670	-564.878	-1240.91	0
12680	-564.792	-1240.73	0
12690	-564.726	-1240.65	0
12700	-564.655	-1240.54	0
12710	-564.579	-1240.44	0
12720	-564.502	-1240.33	0
12730	-564.424	-1240.22	0
12740	-564.347	-1240.11	0
12750	-564.271	-1239.99	0
12760	-564.198	-1239.88	0
12770	-564.131	-1239.78	0
12780	-564.074	-1239.68	0
12790	-564.033	-1239.59	0
12800	-564.012	-1239.53	0
12810	-564.006	-1239.49	0
12820	-564.004	-1239.48	0
12830	-564.001	-1239.48	0
12840	-563.999	-1239.48	0
12850	-564.011	-1239.48	0
12860	-564.066	-1239.49	0
12870	-564.194	-1239.52	0
12880	-564.424	-1239.59	0
12890	-564.781	-1239.71	0
12900	-565.279	-1239.9	0
12910	-565.927	-1240.17	0
12920	-566.72	-1240.54	0
12930	-567.646	-1241	0
12940	-568.683	-1241.56	0
12950	-569.797	-1242.2	0
12960	-570.957	-1242.91	0
12970	-572.125	-1243.67	0
12980	-573.264	-1244.46	0
12990	-574.329	-1245.25	0
13000	-575.293	-1246.01	0
13010	-576.127	-1246.71	0
13020	-576.809	-1247.32	0
13030	-577.325	-1247.83	0
13040	-577.668	-1248.17	0
13050	-577.837	-1248.33	0
13060	-577.843	-1248.3	0
13070	-577.774	-1248.27	0
13080	-577.749	-1248.26	0
13090	-577.732	-1248.25	0
13100	-577.725	-1248.25	0
13110	-577.736	-1248.3	0
13120	-577.773	-1248.43	0
13130	-577.854	-1248.73	0
13140	-577.993	-1249.26	0
13150	-578.201	-1250.07	0
13160	-578.484	-1251.22	0
13170	-578.842	-1252.71	0
13180	-579.284	-1254.54	0
13190	-579.827	-1256.69	0
13200	-580.457	-1259.12	0
13210	-581.155	-1261.74	0
13220	-581.879	-1264.47	0
13230	-582.579	-1267.17	0
13240	-583.232	-1269.71	0
13250	-583.812	-1272.01	0
13260	-584.306	-1273.97	0
13270	-584.698	-1275.51	0
13280	-584.966	-1276.55	0
13290	-585.078	-1276.97	0
13300	-585.08	-1276.93	0
13310	-585.067	-1276.79	0
13320	-585.055	-1276.59	0
13330	-585.058	-1276.35	0
13340	-585.09	-1276.12	0
13350	-585.161	-1275.92	0
13360	-585.277	-1275.78	0
13370	-585.438	-1275.72	0
13380	-585.64	-1275.73	0
13390	-585.871	-1275.79	0
13400	-586.11	-1275.86	0
13410	-586.323	-1275.87	0
13420	-586.474	-1275.73	0
13430	-586.523	-1275.39	0
13440	-586.441	-1274.76	0
13450	-586.208	-1273.81	0
13460	-585.839	-1272.5	0
13470	-585.437	-1270.99	0
13480	-585.029	-1269.46	0
13490	-584.639	-1267.98	0
13500	-584.259	-1266.6	0
13510	-583.885	-1265.32	0
13520	-583.511	-1264.18	0
13530	-583.172	-1263.34	0
13540	-582.894	-1262.89	0
13550	-582.643	-1262.71	0
13560	-582.336	-1262.46	0
13570	-581.973	-1262.16	0
13580	-581.571	-1261.81	0
13590	-581.155	-1261.44	0
13600	-580.742	-1261.04	0
13610	-580.35	-1260.66	0
13620	-579.997	-1260.3	0
13630	-579.699	-1260	0
13640	-579.472	-1259.79	0
13650	-579.322	-1259.68	0
13660	-579.248	-1259.69	0
13670	-579.246	-1259.82	0
13680	-579.306	-1260.06	0
13690	-579.411	-1260.39	0
13700	-579.525	-1260.75	0
13710	-579.623	-1261.07	0
13720	-579.705	-1261.32	0
13730	-579.766	-1261.48	0
13740	-579.802	-1261.55	0
13750	-579.823	-1261.56	0
13760	-579.834	-1261.56	0
13770	-579.824	-1261.56	0
13780	-579.779	-1261.55	0
13790	-579.699	-1261.52	0
13800	-579.575	-1261.49	0
13810	-579.411	-1261.45	0
13820	-579.212	-1261.4	0
13830	-578.989	-1261.35	0
13840	-578.753	-1261.31	0
13850	-578.515	-1261.26	0
13860	-578.287	-1261.2	0
13870	-578.071	-1261.09	0
13880	-577.87	-1260.92	0
13890	-577.685	-1260.66	0
13900	-577.517	-1260.34	0
13910	-577.355	-1259.96	0
13920	-577.19	-1259.53	0
13930	-577.006	-1259.01	0
13940	-576.792	-1258.38	0
13950	-576.531	-1257.6	0
13960	-576.2	-1256.63	0
13970	-575.784	-1255.46	0
13980	-575.268	-1254.09	0
13990	-574.67	-1252.63	0
14000	-573.995	-1251.13	0
14010	-573.249	-1249.65	0
14020	-572.434	-1248.22	0
14030	-571.563	-1246.88	0
14040	-570.648	-1245.68	0
14050	-569.708	-1244.64	0
14060	-568.763	-1243.79	0
14070	-567.802	-1243	0
14080	-566.815	-1242.16	0
14090	-565.828	-1241.27	0
14100	-564.868	-1240.37	0
14110	-563.967	-1239.48	0
14120	-563.151	-1238.62	0
14130	-562.427	-1237.82	0
14140	-561.803	-1237.1	0
14150	-561.3	-1236.47	0
14160	-560.929	-1235.96	0
14170	-560.698	-1235.58	0
14180	-560.61	-1235.35	0
14190	-560.65	-1235.28	0
14200	-560.732	-1235.3	0
14210	-560.805	-1235.35	0
14220	-560.881	-1235.4	0
14230	-560.958	-1235.45	0
14240	-561.031	-1235.5	0
14250	-561.092	-1235.54	0
14260	-561.149	-1235.58	0
14270	-561.2	-1235.62	0
14280	-561.251	-1235.66	0
14290	-561.305	-1235.7	0
14300	-561.364	-1235.75	0
14310	-561.423	-1235.77	0
14320	-561.474	-1235.73	0
14330	-561.501	-1235.59	0
14340	-561.466	-1235.27	0
14350	-561.362	-1234.77	0
14360	-561.184	-1234.08	0
14370	-560.949	-1233.22	0
14380	-560.678	-1232.21	0
14390	-560.371	-1231.05	0
14400	-560.031	-1229.75	0
14410	-559.664	-1228.35	0
14420	-559.276	-1226.85	0
14430	-558.883	-1225.32	0
14440	-558.512	-1223.87	0
14450	-558.175	-1222.53	0
14460	-557.886	-1221.38	0
14470	-557.655	-1220.45	0
14480	-557.49	-1219.78	0
14490	-557.393	-1219.4	0
14500	-557.366	-1219.3	0
14510	-557.361	-1219.3	0
14520	-557.359	-1219.31	0
14530	-557.35	-1219.32	0
14540	-557.348	-1219.32	0
14550	-557.363	-1219.32	0
14560	-557.425	-1219.33	0
14570	-557.544	-1219.34	0
14580	-557.74	-1219.38	0
14590	-558.03	-1219.44	0
14600	-558.415	-1219.52	0
14610	-558.899	-1219.63	0
14620	-559.477	-1219.77	0
14630	-560.136	-1219.93	0
14640	-560.861	-1220.13	0
14650	-561.629	-1220.35	0
14660	-562.422	-1220.62	0
14670	-563.226	-1220.98	0
14680	-564.023	-1221.47	0
14690	-564.775	-1222.03	0
14700	-565.458	-1222.64	0
14710	-566.061	-1223.3	0
14720	-566.59	-1224	0
14730	-567.064	-1224.73	0
14740	-567.486	-1225.43	0
14750	-567.861	-1226.08	0
14760	-568.191	-1226.64	0
14770	-568.47	-1227.09	0
14780	-568.697	-1227.42	0
14790	-568.892	-1227.72	0
14800	-569.057	-1228.01	0
14810	-569.189	-1228.28	0
14820	-569.292	-1228.53	0
14830	-569.368	-1228.75	0
14840	-569.422	-1228.95	0
14850	-569.457	-1229.13	0
14860	-569.476	-1229.28	0
14870	-569.486	-1229.4	0
14880	-569.488	-1229.5	0
14890	-569.49	-1229.59	0
14900	-569.5	-1229.68	0
14910	-569.519	-1229.78	0
14920	-569.576	-1230.03	0
14930	-569.685	-1230.47	0
14940	-569.849	-1231.12	0
14950	-570.073	-1232.01	0
14960	-570.36	-1233.13	0
14970	-570.7	-1234.48	0
14980	-571.085	-1236.01	0
14990	-571.508	-1237.67	0
15000	-571.941	-1239.38	0
15010	-572.368	-1241.07	0
15020	-572.759	-1242.62	0
15030	-573.082	-1243.94	0
15040	-573.343	-1245.01	0
15050	-573.53	-1245.78	0
15060	-573.637	-1246.22	0
15070	-573.672	-1246.33	0
15080	-573.68	-1246.32	0
15090	-573.687	-1246.32	0
15100	-573.691	-1246.31	0
15110	-573.695	-1246.3	0
15120	-573.699	-1246.29	0
15130	-573.703	-1246.28	0
15140	-573.707	-1246.27	0
15150	-573.712	-1246.27	0
15160	-573.716	-1246.26	0
15170	-573.721	-1246.25	0
15180	-573.724	-1246.25	0
15190	-573.726	-1246.24	0
15200	-573.728	-1246.24	0
15210	-573.733	-1246.24	0
15220	-573.734	-1246.23	0
15230	-573.73	-1246.23	0
15240	-573.73	-1246.22	0
15250	-573.729	-1246.22	0
15260	-573.727	-1246.22	0
15270	-573.724	-1246.22	0
15280	-573.72	-1246.21	0
15290	-573.715	-1246.21	0
15300	-573.709	-1246.22	0
15310	-573.701	-1246.23	0
15320	-573.691	-1246.24	0
15330	-573.675	-1246.26	0
15340	-573.655	-1246.29	0
15350	-573.626	-1246.33	0
15360	-573.588	-1246.38	0
15370	-573.538	-1246.43	0
15380	-573.473	-1246.48	0
15390	-573.391	-1246.53	0
15400	-573.293	-1246.58	0
15410	-573.176	-1246.62	0
15420	-573.043	-1246.65	0
15430	-572.893	-1246.65	0
15440	-572.727	-1246.64	0
15450	-572.546	-1246.6	0
15460	-572.348	-1246.53	0
15470	-572.128	-1246.43	0
15480	-571.884	-1246.3	0
15490	-571.616	-1246.13	0
15500	-571.33	-1245.95	0
15510	-571.036	-1245.75	0
15520	-570.745	-1245.55	0
15530	-570.467	-1245.35	0
15540	-570.212	-1245.16	0
15550	-569.988	-1244.98	0
15560	-569.797	-1244.82	0
15570	-569.635	-1244.67	0
15580	-569.512	-1244.57	0
15590	-569.426	-1244.49	0
15600	-569.38	-1244.45	0
15610	-569.375	-1244.42	0
15620	-569.39	-1244.41	0
15630	-569.385	-1244.39	0
15640	-569.382	-1244.37	0
15650	-569.379	-1244.35	0
15660	-569.377	-1244.33	0
15670	-569.377	-1244.32	0
15680	-569.372	-1244.3	0
15690	-569.37	-1244.28	0
15700	-569.368	-1244.27	0
15710	-569.361	-1244.25	0
15720	-569.358	-1244.23	0
15730	-569.352	-1244.21	0
15740	-569.343	-1244.19	0
15750	-569.332	-1244.17	0
15760	-569.327	-1244.16	0
15770	-569.315	-1244.14	0
15780	-569.307	-1244.12	0
15790	-569.295	-1244.1	0
15800	-569.286	-1244.09	0
15810	-569.276	-1244.07	0
15820	-569.266	-1244.05	0
15830	-569.255	-1244.03	0
15840	-569.244	-1244.02	0
15850	-569.234	-1243.99	0
15860	-569.228	-1243.98	0
15870	-569.222	-1243.96	0
15880	-569.217	-1243.94	0
15890	-569.214	-1243.92	0
15900	-569.21	-1243.91	0
15910	-569.206	-1243.89	0
15920	-569.2	-1243.87	0
15930	-569.194	-1243.85	0
15940	-569.187	-1243.82	0
15950	-569.178	-1243.8	0
15960	-569.166	-1243.77	0
15970	-569.151	-1243.73	0
15980	-569.13	-1243.69	0
15990	-569.105	-1243.63	0
16000	-569.072	-1243.54	0
16010	-569.03	-1243.43	0
16020	-568.978	-1243.27	0
16030	-568.914	-1243.08	0
16040	-568.842	-1242.86	0
16050	-568.763	-1242.6	0
16060	-568.674	-1242.34	0
16070	-568.599	-1242.09	0
16080	-568.538	-1241.88	0
16090	-568.489	-1241.72	0
16100	-568.452	-1241.61	0
16110	-568.428	-1241.56	0
16120	-568.407	-1241.53	0
16130	-568.386	-1241.5	0
16140	-568.365	-1241.47	0
16150	-568.344	-1241.44	0
16160	-568.322	-1241.41	0
16170	-568.301	-1241.38	0
16180	-568.282	-1241.35	0
16190	-568.258	-1241.32	0
16200	-568.239	-1241.29	0
16210	-568.222	-1241.26	0
16220	-568.203	-1241.23	0
16230	-568.184	-1241.21	0
16240	-568.166	-1241.18	0
16250	-568.147	-1241.15	0
16260	-568.129	-1241.13	0
16270	-568.111	-1241.1	0
16280	-568.094	-1241.07	0
16290	-568.077	-1241.05	0
16300	-568.06	-1241.02	0
16310	-568.043	-1240.99	0
16320	-568.027	-1240.97	0
16330	-568.011	-1240.94	0
16340	-567.995	-1240.92	0
16350	-567.98	-1240.89	0
16360	-567.965	-1240.87	0
16370	-567.949	-1240.84	0
16380	-567.935	-1240.82	0
16390	-567.917	-1240.79	0
16400	-567.901	-1240.77	0
16410	-567.882	-1240.74	0
16420	-567.864	-1240.72	0
16430	-567.842	-1240.68	0
16440	-567.825	-1240.65	0
16450	-567.807	-1240.63	0
16460	-567.787	-1240.59	0
16470	-567.778	-1240.57	0
16480	-567.767	-1240.54	0
16490	-567.749	-1240.51	0
16500	-567.73	-1240.48	0
16510	-567.716	-1240.45	0
16520	-567.7	-1240.42	0
16530	-567.678	-1240.39	0
16540	-567.668	-1240.36	0
16550	-567.648	-1240.32	0
16560	-567.631	-1240.29	0
16570	-567.614	-1240.26	0
16580	-567.595	-1240.22	0
16590	-567.576	-1240.19	0
16600	-567.564	-1240.15	0
16610	-567.545	-1240.12	0
16620	-567.53	-1240.1	0
16630	-567.515	-1240.08	0
16640	-567.504	-1240.06	0
16650	-567.492	-1240.04	0
16660	-567.48	-1240.01	0
16670	-567.469	-1239.99	0
16680	-567.457	-1239.97	0
16690	-567.446	-1239.95	0
16700	-567.435	-1239.93	0
16710	-567.424	-1239.91	0
16720	-567.412	-1239.89	0
16730	-567.401	-1239.87	0
16740	-567.389	-1239.85	0
16750	-567.377	-1239.82	0
16760	-567.365	-1239.8	0
16770	-567.353	-1239.78	0
16780	-567.34	-1239.76	0
16790	-567.327	-1239.74	0
16800	-567.313	-1239.72	0
16810	-567.301	-1239.7	0
16820	-567.289	-1239.68	0
16830	-567.278	-1239.66	0
16840	-567.267	-1239.64	0
16850	-567.256	-1239.62	0
16860	-567.245	-1239.6	0
16870	-567.235	-1239.58	0
16880	-567.224	-1239.56	0
16890	-567.213	-1239.54	0
16900	-567.202	-1239.52	0
16910	-567.191	-1239.51	0
16920	-567.178	-1239.49	0
16930	-567.165	-1239.47	0
16940	-567.152	-1239.45	0
16950	-567.139	-1239.43	0
16960	-567.126	-1239.41	0
16970	-567.113	-1239.39	0
16980	-567.101	-1239.37	0
16990	-567.087	-1239.35	0
17000	-567.076	-1239.33	0
17010	-567.063	-1239.31	0
17020	-567.052	-1239.29	0
17030	-567.041	-1239.27	0
17040	-567.03	-1239.25	0
17050	-567.019	-1239.23	0
17060	-567.009	-1239.21	0
17070	-566.999	-1239.19	0
17080	-566.988	-1239.17	0
17090	-566.979	-1239.15	0
17100	-566.968	-1239.14	0
17110	-566.959	-1239.12	0
17120	-566.949	-1239.1	0
17130	-566.94	-1239.08	0
17140	-566.93	-1239.06	0
17150	-566.922	-1239.05	0
17160	-566.912	-1239.03	0
17170	-566.903	-1239.01	0
17180	-566.893	-1238.99	0
17190	-566.883	-1238.97	0
17200	-566.873	-1238.95	0
17210	-566.863	-1238.94	0
17220	-566.852	-1238.92	0
17230	-566.842	-1238.9	0
17240	-566.831	-1238.88	0
17250	-566.821	-1238.86	0
17260	-566.81	-1238.84	0
17270	-566.8	-1238.83	0
17280	-566.789	-1238.81	0
17290	-566.778	-1238.79	0
17300	-566.768	-1238.77	0
17310	-566.757	-1238.75	0
17320	-566.746	-1238.73	0
17330	-566.736	-1238.72	0
17340	-566.725	-1238.7	0
17350	-566.715	-1238.68	0
17360	-566.704	-1238.66	0
17370	-566.693	-1238.64	0
17380	-566.682	-1238.62	0
17390	-566.671	-1238.61	0
17400	-566.66	-1238.59	0
17410	-566.649	-1238.57	0
17420	-566.639	-1238.55	0
17430	-566.629	-1238.53	0
17440	-566.619	-1238.52	0
17450	-566.609	-1238.5	0
17460	-566.599	-1238.48	0
17470	-566.589	-1238.46	0
17480	-566.58	-1238.45	0
17490	-566.57	-1238.43	0
17500	-566.56	-1238.41	0
17510	-566.55	-1238.4	0
17520	-566.54	-1238.38	0
17530	-566.531	-1238.36	0
17540	-566.521	-1238.34	0
17550	-566.512	-1238.33	0
17560	-566.502	-1238.31	0
17570	-566.493	-1238.29	0
17580	-566.483	-1238.28	0
17590	-566.474	-1238.26	0
17600	-566.462	-1238.24	0
17610	-566.451	-1238.23	0
17620	-566.441	-1238.21	0
17630	-566.43	-1238.19	0
17640	-566.419	-1238.17	0
17650	-566.407	-1238.16	0
17660	-566.396	-1238.14	0
17670	-566.385	-1238.12	0
17680	-566.374	-1238.11	0
17690	-566.364	-1238.09	0
17700	-566.353	-1238.07	0
17710	-566.342	-1238.06	0
17720	-566.331	-1238.04	0
17730	-566.32	-1238.02	0
17740	-566.31	-1238.01	0
17750	-566.3	-1237.99	0
17760	-566.29	-1237.97	0
17770	-566.279	-1237.96	0
17780	-566.27	-1237.94	0
17790	-566.26	-1237.92	0
17800	-566.25	-1237.91	0
17810	-566.24	-1237.89	0
17820	-566.231	-1237.88	0
17830	-566.221	-1237.86	0
17840	-566.212	-1237.84	0
17850	-566.202	-1237.83	0
17860	-566.193	-1237.81	0
17870	-566.184	-1237.8	0
17880	-566.174	-1237.78	0
17890	-566.164	-1237.77	0
17900	-566.154	-1237.75	0
17910	-566.144	-1237.73	0
17920	-566.134	-1237.72	0
17930	-566.124	-1237.7	0
17940	-566.114	-1237.69	0
17950	-566.104	-1237.67	0
17960	-566.094	-1237.65	0
17970	-566.083	-1237.64	0
17980	-566.073	-1237.62	0
17990	-566.063	-1237.61	0
18000	-566.053	-1237.59	0
