0	0	0	0
10	-1.21027	-3.35223	0
20	-5.01526	-13.8914	0
30	-11.2727	-31.2234	0
40	-19.7568	-54.7229	0
50	-30.1704	-83.5668	0
60	-42.1638	-116.786	0
70	-55.356	-153.327	0
80	-69.3584	-192.111	0
90	-83.7965	-232.102	0
100	-98.3315	-272.361	0
110	-112.677	-312.096	0
120	-126.613	-350.696	0
130	-139.992	-387.752	0
140	-152.741	-423.065	0
150	-164.86	-456.634	0
160	-176.413	-488.635	0
170	-187.514	-519.381	0
180	-198.311	-549.288	0
190	-208.973	-578.819	0
200	-219.668	-608.442	0
210	-230.55	-638.583	0
220	-241.745	-669.591	0
230	-253.341	-701.709	0
240	-265.381	-735.058	0
250	-277.863	-769.632	0
260	-290.743	-805.307	0
270	-303.938	-841.856	0
280	-317.341	-878.979	0
290	-330.827	-916.333	0
300	-344.269	-953.566	0
310	-357.55	-990.352	0
320	-370.571	-1026.42	0
330	-383.263	-1061.57	0
340	-395.59	-1095.72	0
350	-407.552	-1128.85	0
360	-419.186	-1161.07	0
370	-430.556	-1192.57	0
380	-441.752	-1223.58	0
390	-452.878	-1254.39	0
400	-464.04	-1285.31	0
410	-475.341	-1316.61	0
420	-486.865	-1348.53	0
430	-498.675	-1381.24	0
440	-510.806	-1414.84	0
450	-523.259	-1449.34	0
460	-536.006	-1484.64	0
470	-548.993	-1520.61	0
480	-562.141	-1557.03	0
490	-575.36	-1593.65	0
500	-588.552	-1630.19	0
510	-601.623	-1666.39	0
520	-614.492	-1702.04	0
530	-627.094	-1736.94	0
540	-639.391	-1771	0
550	-651.368	-1804.17	0
560	-663.037	-1836.5	0
570	-674.434	-1868.06	0
580	-685.612	-1899.03	0
590	-696.637	-1929.56	0
600	-707.576	-1959.86	0
610	-718.489	-1990.09	0
620	-729.426	-2020.38	0
630	-740.413	-2050.81	0
640	-751.448	-2081.38	0
650	-762.5	-2111.99	0
660	-773.508	-2142.48	0
670	-784.377	-2172.59	0
680	-794.989	-2201.98	0
690	-805.204	-2230.28	0
700	-814.869	-2257.05	0
710	-823.825	-2281.85	0
720	-831.915	-2304.26	0
730	-838.992	-2323.86	0
740	-844.927	-2340.3	0
750	-849.607	-2353.26	0
760	-852.945	-2362.51	0
770	-854.878	-2367.86	0
780	-855.382	-2369.25	0
790	-854.898	-2367.37	0
800	-853.757	-2362.93	0
810	-851.951	-2355.9	0
820	-849.462	-2346.25	0
830	-846.264	-2333.9	0
840	-842.33	-2318.78	0
850	-837.629	-2300.81	0
860	-832.134	-2279.9	0
870	-825.823	-2256.02	0
880	-818.689	-2229.16	0
890	-810.737	-2199.39	0
900	-801.998	-2166.85	0
910	-792.525	-2131.78	0
920	-782.397	-2094.5	0
930	-771.72	-2055.44	0
940	-760.626	-2015.1	0
950	-749.264	-1974.06	0
960	-737.797	-1932.93	0
970	-726.397	-1892.35	0
980	-715.232	-1852.92	0
990	-704.46	-1815.21	0
1000	-694.214	-1779.68	0
1010	-684.601	-1746.67	0
1020	-675.676	-1716.36	0
1030	-667.457	-1688.75	0
1040	-659.925	-1663.72	0
1050	-653.025	-1640.96	0
1060	-646.675	-1620.08	0
1070	-640.767	-1600.56	0
1080	-635.181	-1581.85	0
1090	-629.786	-1563.35	0
1100	-624.454	-1544.49	0
1110	-619.068	-1524.73	0
1120	-613.524	-1503.6	0
1130	-607.74	-1480.74	0
1140	-601.661	-1455.91	0
1150	-595.262	-1428.99	0
1160	-588.549	-1400.02	0
1170	-581.556	-1369.16	0
1180	-574.344	-1336.71	0
1190	-566.991	-1303.06	0
1200	-559.592	-1268.67	0
1210	-552.245	-1234.07	0
1220	-545.048	-1199.77	0
1230	-538.088	-1166.27	0
1240	-531.439	-1134.01	0
1250	-525.154	-1103.35	0
1260	-519.266	-1074.58	0
1270	-513.782	-1047.83	0
1280	-508.687	-1023.16	0
1290	-503.95	-1000.52	0
1300	-499.521	-979.744	0
1310	-495.343	-960.616	0
1320	-491.355	-942.86	0
1330	-487.5	-926.171	0
1340	-483.725	-910.249	0
1350	-479.992	-894.812	0
1360	-476.276	-879.623	0
1370	-472.57	-864.505	0
1380	-468.884	-849.353	0
1390	-465.244	-834.137	0
1400	-461.695	-818.904	0
1410	-458.29	-803.769	0
1420	-455.095	-788.91	0
1430	-452.177	-774.552	0
1440	-449.607	-760.952	0
1450	-447.447	-748.382	0
1460	-445.754	-737.116	0
1470	-444.572	-727.412	0
1480	-443.931	-719.5	0
1490	-443.841	-713.568	0
1500	-444.297	-709.747	0
1510	-445.272	-708.098	0
1520	-446.714	-708.564	0
1530	-448.498	-710.727	0
1540	-450.573	-714.413	0
1550	-452.935	-719.598	0
1560	-455.587	-726.297	0
1570	-458.537	-734.552	0
1580	-461.791	-744.406	0
1590	-465.352	-755.893	0
1600	-469.217	-769.027	0
1610	-473.376	-783.795	0
1620	-477.811	-800.145	0
1630	-482.494	-817.992	0
1640	-487.393	-837.213	0
1650	-492.468	-857.661	0
1660	-497.682	-879.172	0
1670	-502.996	-901.579	0
1680	-508.381	-924.727	0
1690	-513.816	-948.489	0
1700	-519.297	-972.776	0
1710	-524.83	-997.546	0
1720	-530.439	-1022.81	0
1730	-536.161	-1048.62	0
1740	-542.044	-1075.08	0
1750	-548.14	-1102.31	0
1760	-554.504	-1130.44	0
1770	-561.181	-1159.57	0
1780	-568.203	-1189.79	0
1790	-575.584	-1221.09	0
1800	-583.31	-1253.4	0
1810	-591.339	-1286.57	0
1820	-599.6	-1320.33	0
1830	-607.992	-1354.34	0
1840	-616.39	-1388.15	0
1850	-624.651	-1421.27	0
1860	-632.62	-1453.2	0
1870	-640.147	-1483.42	0
1880	-647.088	-1511.46	0
1890	-653.326	-1536.93	0
1900	-658.772	-1559.55	0
1910	-663.378	-1579.17	0
1920	-667.14	-1595.78	0
1930	-670.1	-1609.55	0
1940	-672.344	-1620.77	0
1950	-673.995	-1629.86	0
1960	-675.209	-1637.34	0
1970	-676.156	-1643.78	0
1980	-677.006	-1649.76	0
1990	-677.913	-1655.83	0
2000	-679.004	-1662.41	0
2010	-680.37	-1669.84	0
2020	-682.062	-1678.3	0
2030	-684.094	-1687.82	0
2040	-686.436	-1698.3	0
2050	-689.023	-1709.5	0
2060	-691.755	-1721.06	0
2070	-694.51	-1732.54	0
2080	-697.148	-1743.45	0
2090	-699.527	-1753.29	0
2100	-701.514	-1761.62	0
2110	-702.994	-1768.03	0
2120	-703.881	-1772.26	0
2130	-704.154	-1774.21	0
2140	-703.932	-1774.27	0
2150	-703.358	-1772.92	0
2160	-702.518	-1770.67	0
2170	-701.513	-1767.97	0
2180	-700.452	-1765.19	0
2190	-699.406	-1762.51	0
2200	-698.425	-1760.04	0
2210	-697.549	-1757.87	0
2220	-696.8	-1756.03	0
2230	-696.19	-1754.52	0
2240	-695.715	-1753.3	0
2250	-695.357	-1752.3	0
2260	-695.079	-1751.39	0
2270	-694.787	-1750.32	0
2280	-694.448	-1748.97	0
2290	-694.036	-1747.27	0
2300	-693.517	-1745.12	0
2310	-692.846	-1742.35	0
2320	-691.982	-1738.84	0
2330	-690.888	-1734.45	0
2340	-689.535	-1729.1	0
2350	-687.901	-1722.71	0
2360	-685.97	-1715.23	0
2370	-683.735	-1706.63	0
2380	-681.194	-1696.91	0
2390	-678.352	-1686.05	0
2400	-675.22	-1674.08	0
2410	-671.811	-1661.01	0
2420	-668.144	-1646.87	0
2430	-664.239	-1631.7	0
2440	-660.118	-1615.52	0
2450	-655.807	-1598.4	0
2460	-651.333	-1580.4	0
2470	-646.728	-1561.61	0
2480	-642.024	-1542.14	0
2490	-637.26	-1522.12	0
2500	-632.477	-1501.71	0
2510	-627.718	-1481.1	0
2520	-623.029	-1460.5	0
2530	-618.459	-1440.14	0
2540	-614.053	-1420.24	0
2550	-609.855	-1401.04	0
2560	-605.901	-1382.75	0
2570	-602.221	-1365.55	0
2580	-598.834	-1349.58	0
2590	-595.748	-1334.95	0
2600	-592.956	-1321.67	0
2610	-590.439	-1309.73	0
2620	-588.164	-1299.03	0
2630	-586.086	-1289.43	0
2640	-584.154	-1280.72	0
2650	-582.31	-1272.68	0
2660	-580.493	-1265.05	0
2670	-578.647	-1257.58	0
2680	-576.719	-1250.02	0
2690	-574.667	-1242.18	0
2700	-572.463	-1233.89	0
2710	-570.094	-1225.06	0
2720	-567.564	-1215.68	0
2730	-564.898	-1205.8	0
2740	-562.138	-1195.56	0
2750	-559.343	-1185.17	0
2760	-556.587	-1174.87	0
2770	-553.95	-1164.95	0
2780	-551.516	-1155.74	0
2790	-549.369	-1147.51	0
2800	-547.581	-1140.55	0
2810	-546.214	-1135.08	0
2820	-545.307	-1131.25	0
2830	-544.876	-1129.14	0
2840	-544.872	-1128.68	0
2850	-545.077	-1129.13	0
2860	-545.394	-1129.97	0
2870	-545.788	-1131.07	0
2880	-546.238	-1132.34	0
2890	-546.741	-1133.77	0
2900	-547.262	-1135.3	0
2910	-547.777	-1136.84	0
2920	-548.272	-1138.37	0
2930	-548.732	-1139.83	0
2940	-549.136	-1141.15	0
2950	-549.468	-1142.27	0
2960	-549.712	-1143.13	0
2970	-549.857	-1143.7	0
2980	-549.906	-1143.94	0
2990	-549.878	-1143.88	0
3000	-549.839	-1143.72	0
3010	-549.809	-1143.61	0
3020	-549.796	-1143.57	0
3030	-549.785	-1143.55	0
3040	-549.781	-1143.54	0
3050	-549.779	-1143.53	0
3060	-549.774	-1143.53	0
3070	-549.766	-1143.53	0
3080	-549.762	-1143.53	0
3090	-549.76	-1143.53	0
3100	-549.762	-1143.54	0
3110	-549.765	-1143.56	0
3120	-549.77	-1143.58	0
3130	-549.774	-1143.63	0
3140	-549.78	-1143.71	0
3150	-549.799	-1143.89	0
3160	-549.852	-1144.28	0
3170	-549.972	-1145.01	0
3180	-550.194	-1146.22	0
3190	-550.551	-1148.03	0
3200	-551.074	-1150.55	0
3210	-551.785	-1153.86	0
3220	-552.694	-1157.97	0
3230	-553.803	-1162.89	0
3240	-555.1	-1168.54	0
3250	-556.562	-1174.82	0
3260	-558.157	-1181.6	0
3270	-559.848	-1188.7	0
3280	-561.59	-1195.96	0
3290	-563.343	-1203.19	0
3300	-565.067	-1210.25	0
3310	-566.729	-1217	0
3320	-568.306	-1223.34	0
3330	-569.786	-1229.24	0
3340	-571.17	-1234.7	0
3350	-572.47	-1239.77	0
3360	-573.708	-1244.53	0
3370	-574.915	-1249.12	0
3380	-576.128	-1253.67	0
3390	-577.385	-1258.35	0
3400	-578.724	-1263.3	0
3410	-580.174	-1268.65	0
3420	-581.76	-1274.48	0
3430	-583.493	-1280.84	0
3440	-585.371	-1287.74	0
3450	-587.381	-1295.13	0
3460	-589.495	-1302.91	0
3470	-591.676	-1310.95	0
3480	-593.878	-1319.09	0
3490	-596.048	-1327.13	0
3500	-598.136	-1334.9	0
3510	-600.091	-1342.22	0
3520	-601.867	-1348.91	0
3530	-603.431	-1354.85	0
3540	-604.757	-1359.94	0
3550	-605.832	-1364.13	0
3560	-606.657	-1367.41	0
3570	-607.244	-1369.79	0
3580	-607.616	-1371.34	0
3590	-607.808	-1372.15	0
3600	-607.884	-1372.42	0
3610	-607.906	-1372.44	0
3620	-607.926	-1372.5	0
3630	-607.952	-1372.61	0
3640	-607.987	-1372.76	0
3650	-608.031	-1372.95	0
3660	-608.09	-1373.16	0
3670	-608.154	-1373.39	0
3680	-608.219	-1373.64	0
3690	-608.284	-1373.88	0
3700	-608.341	-1374.11	0
3710	-608.398	-1374.33	0
3720	-608.445	-1374.51	0
3730	-608.485	-1374.64	0
3740	-608.509	-1374.73	0
3750	-608.52	-1374.76	0
3760	-608.526	-1374.76	0
3770	-608.532	-1374.76	0
3780	-608.54	-1374.76	0
3790	-608.546	-1374.76	0
3800	-608.552	-1374.75	0
3810	-608.559	-1374.75	0
3820	-608.565	-1374.75	0
3830	-608.572	-1374.74	0
3840	-608.579	-1374.74	0
3850	-608.586	-1374.74	0
3860	-608.593	-1374.74	0
3870	-608.599	-1374.74	0
3880	-608.606	-1374.75	0
3890	-608.612	-1374.75	0
3900	-608.619	-1374.76	0
3910	-608.625	-1374.77	0
3920	-608.634	-1374.78	0
3930	-608.642	-1374.79	0
3940	-608.65	-1374.8	0
3950	-608.656	-1374.8	0
3960	-608.661	-1374.81	0
3970	-608.668	-1374.82	0
3980	-608.675	-1374.82	0
3990	-608.681	-1374.83	0
4000	-608.688	-1374.83	0
4010	-608.694	-1374.84	0
4020	-608.701	-1374.85	0
4030	-608.708	-1374.85	0
4040	-608.716	-1374.86	0
4050	-608.722	-1374.86	0
4060	-608.729	-1374.86	0
4070	-608.736	-1374.87	0
4080	-608.743	-1374.88	0
4090	-608.75	-1374.88	0
4100	-608.757	-1374.89	0
4110	-608.763	-1374.89	0
4120	-608.772	-1374.9	0
4130	-608.776	-1374.91	0
4140	-608.785	-1374.91	0
4150	-608.792	-1374.91	0
4160	-608.799	-1374.91	0
4170	-608.809	-1374.92	0
4180	-608.816	-1374.92	0
4190	-608.823	-1374.92	0
4200	-608.83	-1374.92	0
4210	-608.835	-1374.93	0
4220	-608.842	-1374.93	0
4230	-608.848	-1374.93	0
4240	-608.854	-1374.93	0
4250	-608.861	-1374.93	0
4260	-608.867	-1374.93	0
4270	-608.873	-1374.94	0
4280	-608.879	-1374.94	0
4290	-608.885	-1374.94	0
4300	-608.891	-1374.94	0
4310	-608.897	-1374.93	0
4320	-608.903	-1374.93	0
4330	-608.908	-1374.93	0
4340	-608.913	-1374.93	0
4350	-608.917	-1374.93	0
4360	-608.924	-1374.93	0
4370	-608.929	-1374.93	0
4380	-608.934	-1374.93	0
4390	-608.938	-1374.93	0
4400	-608.949	-1374.93	0
4410	-608.954	-1374.93	0
4420	-608.959	-1374.94	0
4430	-608.965	-1374.94	0
4440	-608.971	-1374.94	0
4450	-608.975	-1374.94	0
4460	-608.975	-1374.94	0
4470	-608.976	-1374.93	0
4480	-608.975	-1374.91	0
4490	-608.974	-1374.9	0
4500	-608.973	-1374.88	0
4510	-608.97	-1374.86	0
4520	-608.967	-1374.85	0
4530	-608.962	-1374.83	0
4540	-608.957	-1374.81	0
4550	-608.95	-1374.79	0
4560	-608.943	-1374.77	0
4570	-608.935	-1374.75	0
4580	-608.925	-1374.73	0
4590	-608.913	-1374.7	0
4600	-608.899	-1374.68	0
4610	-608.883	-1374.65	0
4620	-608.864	-1374.61	0
4630	-608.842	-1374.57	0
4640	-608.818	-1374.52	0
4650	-608.792	-1374.47	0
4660	-608.766	-1374.42	0
4670	-608.734	-1374.36	0
4680	-608.679	-1374.25	0
4690	-608.592	-1374.07	0
4700	-608.464	-1373.8	0
4710	-608.286	-1373.42	0
4720	-608.052	-1372.92	0
4730	-607.758	-1372.28	0
4740	-607.405	-1371.5	0
4750	-606.998	-1370.58	0
4760	-606.556	-1369.57	0
4770	-606.089	-1368.5	0
4780	-605.613	-1367.38	0
4790	-605.136	-1366.25	0
4800	-604.666	-1365.11	0
4810	-604.212	-1363.99	0
4820	-603.782	-1362.91	0
4830	-603.386	-1361.91	0
4840	-603.038	-1361	0
4850	-602.741	-1360.21	0
4860	-602.505	-1359.56	0
4870	-602.333	-1359.06	0
4880	-602.226	-1358.71	0
4890	-602.185	-1358.54	0
4900	-602.193	-1358.5	0
4910	-602.199	-1358.48	0
4920	-602.197	-1358.45	0
4930	-602.186	-1358.39	0
4940	-602.163	-1358.3	0
4950	-602.125	-1358.16	0
4960	-602.071	-1357.97	0
4970	-601.998	-1357.71	0
4980	-601.906	-1357.4	0
4990	-601.795	-1357.02	0
5000	-601.665	-1356.58	0
5010	-601.517	-1356.08	0
5020	-601.352	-1355.51	0
5030	-601.164	-1354.87	0
5040	-600.942	-1354.15	0
5050	-600.675	-1353.31	0
5060	-600.352	-1352.33	0
5070	-599.965	-1351.2	0
5080	-599.504	-1349.91	0
5090	-598.965	-1348.44	0
5100	-598.347	-1346.8	0
5110	-597.65	-1344.98	0
5120	-596.881	-1343.01	0
5130	-596.047	-1340.91	0
5140	-595.16	-1338.7	0
5150	-594.234	-1336.41	0
5160	-593.285	-1334.08	0
5170	-592.33	-1331.75	0
5180	-591.384	-1329.44	0
5190	-590.457	-1327.17	0
5200	-589.534	-1324.84	0
5210	-588.633	-1322.5	0
5220	-587.775	-1320.19	0
5230	-586.978	-1317.99	0
5240	-586.258	-1315.93	0
5250	-585.628	-1314.07	0
5260	-585.096	-1312.44	0
5270	-584.669	-1311.07	0
5280	-584.337	-1309.95	0
5290	-584.097	-1309.08	0
5300	-583.927	-1308.41	0
5310	-583.804	-1307.89	0
5320	-583.678	-1307.39	0
5330	-583.526	-1306.81	0
5340	-583.344	-1306.12	0
5350	-583.128	-1305.3	0
5360	-582.879	-1304.37	0
5370	-582.602	-1303.34	0
5380	-582.304	-1302.23	0
5390	-581.995	-1301.08	0
5400	-581.688	-1299.93	0
5410	-581.395	-1298.85	0
5420	-581.13	-1297.86	0
5430	-580.905	-1297.02	0
5440	-580.733	-1296.36	0
5450	-580.619	-1295.91	0
5460	-580.559	-1295.66	0
5470	-580.518	-1295.5	0
5480	-580.493	-1295.4	0
5490	-580.483	-1295.36	0
5500	-580.475	-1295.33	0
5510	-580.466	-1295.29	0
5520	-580.456	-1295.25	0
5530	-580.445	-1295.21	0
5540	-580.433	-1295.16	0
5550	-580.419	-1295.09	0
5560	-580.4	-1295.01	0
5570	-580.369	-1294.88	0
5580	-580.324	-1294.69	0
5590	-580.268	-1294.45	0
5600	-580.204	-1294.19	0
5610	-580.136	-1293.9	0
5620	-580.067	-1293.6	0
5630	-580	-1293.32	0
5640	-579.94	-1293.06	0
5650	-579.89	-1292.84	0
5660	-579.849	-1292.67	0
5670	-579.82	-1292.54	0
5680	-579.801	-1292.45	0
5690	-579.79	-1292.4	0
5700	-579.784	-1292.36	0
5710	-579.779	-1292.32	0
5720	-579.777	-1292.29	0
5730	-579.776	-1292.26	0
5740	-579.777	-1292.23	0
5750	-579.778	-1292.2	0
5760	-579.779	-1292.18	0
5770	-579.779	-1292.16	0
5780	-579.775	-1292.15	0
5790	-579.769	-1292.14	0
5800	-579.771	-1292.13	0
5810	-579.806	-1292.13	0
5820	-579.9	-1292.17	0
5830	-580.076	-1292.29	0
5840	-580.354	-1292.5	0
5850	-580.748	-1292.84	0
5860	-581.261	-1293.33	0
5870	-581.892	-1293.96	0
5880	-582.627	-1294.73	0
5890	-583.443	-1295.62	0
5900	-584.31	-1296.59	0
5910	-585.194	-1297.58	0
5920	-586.054	-1298.54	0
5930	-586.848	-1299.41	0
5940	-587.536	-1300.13	0
5950	-588.081	-1300.64	0
5960	-588.451	-1300.9	0
5970	-588.632	-1300.9	0
5980	-588.641	-1300.69	0
5990	-588.57	-1300.42	0
6000	-588.49	-1300.16	0
6010	-588.411	-1299.93	0
6020	-588.339	-1299.73	0
6030	-588.287	-1299.62	0
6040	-588.272	-1299.63	0
6050	-588.325	-1299.83	0
6060	-588.497	-1300.31	0
6070	-588.687	-1300.9	0
6080	-588.876	-1301.5	0
6090	-589.07	-1302.12	0
6100	-589.259	-1302.73	0
6110	-589.456	-1303.33	0
6120	-589.682	-1303.95	0
6130	-589.952	-1304.6	0
6140	-590.274	-1305.29	0
6150	-590.655	-1306.04	0
6160	-591.094	-1306.83	0
6170	-591.646	-1307.86	0
6180	-592.327	-1309.22	0
6190	-593.129	-1310.9	0
6200	-594.029	-1312.85	0
6210	-595	-1315.02	0
6220	-596.015	-1317.35	0
6230	-597.037	-1319.74	0
6240	-598.005	-1322.03	0
6250	-598.849	-1324.06	0
6260	-599.507	-1325.7	0
6270	-599.94	-1326.85	0
6280	-600.128	-1327.48	0
6290	-600.076	-1327.53	0
6300	-599.884	-1327.12	0
6310	-599.667	-1326.59	0
6320	-599.435	-1326.07	0
6330	-599.185	-1325.58	0
6340	-598.907	-1325.12	0
6350	-598.606	-1324.69	0
6360	-598.294	-1324.32	0
6370	-597.984	-1324.06	0
6380	-597.658	-1323.79	0
6390	-597.288	-1323.39	0
6400	-596.881	-1322.88	0
6410	-596.447	-1322.26	0
6420	-595.991	-1321.55	0
6430	-595.52	-1320.74	0
6440	-595.04	-1319.84	0
6450	-594.555	-1318.85	0
6460	-594.075	-1317.8	0
6470	-593.607	-1316.71	0
6480	-593.183	-1315.66	0
6490	-592.815	-1314.68	0
6500	-592.514	-1313.82	0
6510	-592.278	-1313.07	0
6520	-592.108	-1312.45	0
6530	-591.996	-1311.96	0
6540	-591.93	-1311.58	0
6550	-591.896	-1311.31	0
6560	-591.881	-1311.1	0
6570	-591.871	-1310.94	0
6580	-591.863	-1310.8	0
6590	-591.856	-1310.72	0
6600	-591.856	-1310.7	0
6610	-591.864	-1310.69	0
6620	-591.872	-1310.68	0
6630	-591.88	-1310.67	0
6640	-591.891	-1310.67	0
6650	-591.9	-1310.66	0
6660	-591.911	-1310.66	0
6670	-591.922	-1310.66	0
6680	-591.932	-1310.66	0
6690	-591.942	-1310.66	0
6700	-591.952	-1310.66	0
6710	-591.961	-1310.67	0
6720	-591.969	-1310.67	0
6730	-591.975	-1310.67	0
6740	-591.978	-1310.67	0
6750	-591.985	-1310.67	0
6760	-591.988	-1310.67	0
6770	-591.984	-1310.66	0
6780	-591.975	-1310.65	0
6790	-591.97	-1310.65	0
6800	-591.962	-1310.64	0
6810	-591.949	-1310.63	0
6820	-591.94	-1310.62	0
6830	-591.935	-1310.6	0
6840	-591.929	-1310.58	0
6850	-591.921	-1310.57	0
6860	-591.91	-1310.55	0
6870	-591.897	-1310.53	0
6880	-591.881	-1310.5	0
6890	-591.863	-1310.48	0
6900	-591.843	-1310.45	0
6910	-591.822	-1310.41	0
6920	-591.8	-1310.38	0
6930	-591.777	-1310.34	0
6940	-591.751	-1310.28	0
6950	-591.713	-1310.2	0
6960	-591.65	-1310.06	0
6970	-591.553	-1309.86	0
6980	-591.412	-1309.56	0
6990	-591.219	-1309.16	0
7000	-590.967	-1308.65	0
7010	-590.653	-1308.02	0
7020	-590.278	-1307.27	0
7030	-589.845	-1306.41	0
7040	-589.362	-1305.45	0
7050	-588.836	-1304.39	0
7060	-588.274	-1303.24	0
7070	-587.692	-1302.03	0
7080	-587.103	-1300.77	0
7090	-586.527	-1299.51	0
7100	-585.985	-1298.31	0
7110	-585.494	-1297.19	0
7120	-585.067	-1296.19	0
7130	-584.714	-1295.34	0
7140	-584.44	-1294.64	0
7150	-584.245	-1294.12	0
7160	-584.126	-1293.77	0
7170	-584.074	-1293.59	0
7180	-584.074	-1293.56	0
7190	-584.075	-1293.55	0
7200	-584.075	-1293.55	0
7210	-584.076	-1293.54	0
7220	-584.078	-1293.54	0
7230	-584.082	-1293.54	0
7240	-584.086	-1293.54	0
7250	-584.089	-1293.54	0
7260	-584.093	-1293.54	0
7270	-584.095	-1293.55	0
7280	-584.093	-1293.54	0
7290	-584.087	-1293.52	0
7300	-584.075	-1293.5	0
7310	-584.055	-1293.44	0
7320	-584.022	-1293.35	0
7330	-583.976	-1293.22	0
7340	-583.919	-1293.03	0
7350	-583.85	-1292.81	0
7360	-583.771	-1292.53	0
7370	-583.688	-1292.24	0
7380	-583.611	-1291.94	0
7390	-583.537	-1291.65	0
7400	-583.47	-1291.39	0
7410	-583.404	-1291.15	0
7420	-583.352	-1290.96	0
7430	-583.312	-1290.81	0
7440	-583.283	-1290.72	0
7450	-583.268	-1290.68	0
7460	-583.26	-1290.67	0
7470	-583.253	-1290.67	0
7480	-583.247	-1290.66	0
7490	-583.241	-1290.65	0
7500	-583.235	-1290.64	0
7510	-583.23	-1290.63	0
7520	-583.226	-1290.61	0
7530	-583.222	-1290.6	0
7540	-583.217	-1290.59	0
7550	-583.214	-1290.57	0
7560	-583.209	-1290.56	0
7570	-583.204	-1290.54	0
7580	-583.198	-1290.52	0
7590	-583.192	-1290.51	0
7600	-583.187	-1290.49	0
7610	-583.181	-1290.48	0
7620	-583.175	-1290.46	0
7630	-583.169	-1290.44	0
7640	-583.162	-1290.42	0
7650	-583.156	-1290.4	0
7660	-583.15	-1290.39	0
7670	-583.144	-1290.37	0
7680	-583.138	-1290.35	0
7690	-583.132	-1290.33	0
7700	-583.126	-1290.31	0
7710	-583.12	-1290.3	0
7720	-583.113	-1290.28	0
7730	-583.107	-1290.26	0
7740	-583.102	-1290.24	0
7750	-583.097	-1290.22	0
7760	-583.094	-1290.21	0
7770	-583.091	-1290.19	0
7780	-583.088	-1290.17	0
7790	-583.085	-1290.15	0
7800	-583.082	-1290.13	0
7810	-583.078	-1290.11	0
7820	-583.071	-1290.08	0
7830	-583.067	-1290.06	0
7840	-583.059	-1290.04	0
7850	-583.052	-1290.02	0
7860	-583.047	-1290.01	0
7870	-583.041	-1289.99	0
7880	-583.035	-1289.97	0
7890	-583.028	-1289.95	0
7900	-583.021	-1289.93	0
7910	-583.014	-1289.91	0
7920	-583.009	-1289.89	0
7930	-583.004	-1289.87	0
7940	-583	-1289.85	0
7950	-582.998	-1289.83	0
7960	-582.998	-1289.81	0
7970	-583	-1289.79	0
7980	-583.004	-1289.78	0
7990	-583.011	-1289.76	0
8000	-583.02	-1289.75	0
8010	-583.031	-1289.74	0
8020	-583.044	-1289.73	0
8030	-583.06	-1289.73	0
8040	-583.065	-1289.72	0
8050	-583.065	-1289.72	0
8060	-583.068	-1289.71	0
8070	-583.074	-1289.7	0
8080	-583.083	-1289.7	0
8090	-583.093	-1289.69	0
8100	-583.106	-1289.69	0
8110	-583.121	-1289.69	0
8120	-583.132	-1289.69	0
8130	-583.137	-1289.68	0
8140	-583.134	-1289.67	0
8150	-583.14	-1289.67	0
8160	-583.143	-1289.67	0
8170	-583.146	-1289.66	0
8180	-583.145	-1289.65	0
8190	-583.157	-1289.65	0
8200	-583.163	-1289.65	0
8210	-583.171	-1289.65	0
8220	-583.176	-1289.64	0
8230	-583.175	-1289.63	0
8240	-583.18	-1289.62	0
8250	-583.19	-1289.62	0
8260	-583.191	-1289.61	0
8270	-583.187	-1289.6	0
8280	-583.192	-1289.59	0
8290	-583.201	-1289.58	0
8300	-583.197	-1289.57	0
8310	-583.199	-1289.55	0
8320	-583.203	-1289.53	0
8330	-583.204	-1289.51	0
8340	-583.208	-1289.5	0
8350	-583.208	-1289.48	0
8360	-583.211	-1289.46	0
8370	-583.211	-1289.45	0
8380	-583.214	-1289.43	0
8390	-583.214	-1289.41	0
8400	-583.216	-1289.39	0
8410	-583.217	-1289.37	0
8420	-583.219	-1289.36	0
8430	-583.221	-1289.34	0
8440	-583.223	-1289.33	0
8450	-583.228	-1289.31	0
8460	-583.228	-1289.29	0
8470	-583.228	-1289.28	0
8480	-583.236	-1289.27	0
8490	-583.241	-1289.26	0
8500	-583.242	-1289.24	0
8510	-583.243	-1289.23	0
8520	-583.255	-1289.22	0
8530	-583.255	-1289.2	0
8540	-583.257	-1289.18	0
8550	-583.26	-1289.16	0
8560	-583.262	-1289.15	0
8570	-583.266	-1289.13	0
8580	-583.271	-1289.11	0
8590	-583.27	-1289.09	0
8600	-583.276	-1289.09	0
8610	-583.28	-1289.08	0
8620	-583.283	-1289.06	0
8630	-583.283	-1289.04	0
8640	-583.284	-1289.03	0
8650	-583.286	-1289.01	0
8660	-583.287	-1289	0
8670	-583.29	-1289	0
8680	-583.297	-1289	0
8690	-583.3	-1288.99	0
8700	-583.303	-1288.98	0
8710	-583.306	-1288.97	0
8720	-583.308	-1288.95	0
8730	-583.315	-1288.94	0
8740	-583.313	-1288.93	0
8750	-583.316	-1288.92	0
8760	-583.322	-1288.91	0
8770	-583.317	-1288.9	0
8780	-583.323	-1288.89	0
8790	-583.324	-1288.88	0
8800	-583.326	-1288.87	0
8810	-583.33	-1288.87	0
8820	-583.333	-1288.86	0
8830	-583.336	-1288.85	0
8840	-583.341	-1288.84	0
8850	-583.346	-1288.83	0
8860	-583.346	-1288.82	0
8870	-583.35	-1288.8	0
8880	-583.353	-1288.79	0
8890	-583.356	-1288.77	0
8900	-583.361	-1288.76	0
8910	-583.366	-1288.74	0
8920	-583.37	-1288.72	0
8930	-583.376	-1288.7	0
8940	-583.385	-1288.69	0
8950	-583.394	-1288.68	0
8960	-583.401	-1288.67	0
8970	-583.406	-1288.66	0
8980	-583.413	-1288.65	0
8990	-583.422	-1288.65	0
9000	-583.43	-1288.64	0
9010	-583.438	-1288.64	0
9020	-583.448	-1288.63	0
9030	-583.456	-1288.63	0
9040	-583.464	-1288.63	0
9050	-583.468	-1288.62	0
9060	-583.475	-1288.61	0
9070	-583.48	-1288.61	0
9080	-583.484	-1288.6	0
9090	-583.488	-1288.59	0
9100	-583.493	-1288.58	0
9110	-583.497	-1288.58	0
9120	-583.502	-1288.57	0
9130	-583.507	-1288.57	0
9140	-583.512	-1288.56	0
9150	-583.518	-1288.56	0
9160	-583.524	-1288.56	0
9170	-583.531	-1288.55	0
9180	-583.535	-1288.54	0
9190	-583.54	-1288.54	0
9200	-583.542	-1288.53	0
9210	-583.547	-1288.52	0
9220	-583.552	-1288.51	0
9230	-583.555	-1288.5	0
9240	-583.559	-1288.5	0
9250	-583.563	-1288.49	0
9260	-583.569	-1288.48	0
9270	-583.573	-1288.47	0
9280	-583.576	-1288.47	0
9290	-583.58	-1288.46	0
9300	-583.583	-1288.45	0
9310	-583.586	-1288.44	0
9320	-583.589	-1288.43	0
9330	-583.59	-1288.42	0
9340	-583.591	-1288.41	0
9350	-583.592	-1288.4	0
9360	-583.592	-1288.39	0
9370	-583.592	-1288.37	0
9380	-583.592	-1288.36	0
9390	-583.591	-1288.34	0
9400	-583.589	-1288.33	0
9410	-583.587	-1288.32	0
9420	-583.585	-1288.3	0
9430	-583.583	-1288.29	0
9440	-583.58	-1288.28	0
9450	-583.576	-1288.26	0
9460	-583.571	-1288.25	0
9470	-583.565	-1288.23	0
9480	-583.558	-1288.21	0
9490	-583.549	-1288.19	0
9500	-583.54	-1288.17	0
9510	-583.531	-1288.14	0
9520	-583.521	-1288.1	0
9530	-583.511	-1288.07	0
9540	-583.5	-1288.03	0
9550	-583.49	-1287.99	0
9560	-583.479	-1287.95	0
9570	-583.466	-1287.91	0
9580	-583.452	-1287.87	0
9590	-583.436	-1287.82	0
9600	-583.419	-1287.77	0
9610	-583.398	-1287.7	0
9620	-583.371	-1287.63	0
9630	-583.336	-1287.53	0
9640	-583.291	-1287.4	0
9650	-583.234	-1287.24	0
9660	-583.164	-1287.05	0
9670	-583.082	-1286.83	0
9680	-582.991	-1286.59	0
9690	-582.893	-1286.34	0
9700	-582.793	-1286.09	0
9710	-582.695	-1285.84	0
9720	-582.605	-1285.62	0
9730	-582.526	-1285.44	0
9740	-582.465	-1285.29	0
9750	-582.425	-1285.2	0
9760	-582.409	-1285.15	0
9770	-582.403	-1285.13	0
9780	-582.395	-1285.11	0
9790	-582.385	-1285.1	0
9800	-582.375	-1285.08	0
9810	-582.364	-1285.06	0
9820	-582.351	-1285.04	0
9830	-582.336	-1285.02	0
9840	-582.31	-1284.97	0
9850	-582.264	-1284.88	0
9860	-582.187	-1284.73	0
9870	-582.071	-1284.49	0
9880	-581.909	-1284.15	0
9890	-581.7	-1283.71	0
9900	-581.442	-1283.16	0
9910	-581.148	-1282.53	0
9920	-580.827	-1281.83	0
9930	-580.484	-1281.08	0
9940	-580.128	-1280.29	0
9950	-579.771	-1279.48	0
9960	-579.426	-1278.68	0
9970	-579.107	-1277.92	0
9980	-578.83	-1277.24	0
9990	-578.609	-1276.67	0
10000	-578.459	-1276.25	0
10010	-578.388	-1276.01	0
10020	-578.387	-1275.96	0
10030	-578.388	-1275.95	0
10040	-578.389	-1275.94	0
10050	-578.388	-1275.93	0
10060	-578.387	-1275.92	0
10070	-578.383	-1275.9	0
10080	-578.377	-1275.88	0
10090	-578.366	-1275.85	0
10100	-578.347	-1275.81	0
10110	-578.322	-1275.75	0
10120	-578.288	-1275.66	0
10130	-578.244	-1275.54	0
10140	-578.192	-1275.39	0
10150	-578.144	-1275.24	0
10160	-578.11	-1275.13	0
10170	-578.099	-1275.07	0
10180	-578.082	-1274.99	0
10190	-578.042	-1274.82	0
10200	-577.976	-1274.56	0
10210	-577.877	-1274.19	0
10220	-577.741	-1273.71	0
10230	-577.597	-1273.21	0
10240	-577.461	-1272.71	0
10250	-577.339	-1272.25	0
10260	-577.239	-1271.86	0
10270	-577.175	-1271.58	0
10280	-577.148	-1271.42	0
10290	-577.144	-1271.32	0
10300	-577.107	-1270.99	0
10310	-577.013	-1270.37	0
10320	-576.848	-1269.39	0
10330	-576.605	-1268.07	0
10340	-576.3	-1266.47	0
10350	-575.994	-1264.79	0
10360	-575.7	-1263.13	0
10370	-575.439	-1261.56	0
10380	-575.222	-1260.17	0
10390	-575.066	-1259.07	0
10400	-574.981	-1258.31	0
10410	-574.971	-1257.95	0
10420	-575.028	-1257.98	0
10430	-575.118	-1258.35	0
10440	-575.198	-1258.7	0
10450	-575.25	-1258.93	0
10460	-575.272	-1259.04	0
10470	-575.284	-1259.1	0
10480	-575.345	-1259.27	0
10490	-575.457	-1259.58	0
10500	-575.622	-1260.03	0
10510	-575.841	-1260.63	0
10520	-576.1	-1261.34	0
10530	-576.369	-1262.08	0
10540	-576.621	-1262.7	0
10550	-576.838	-1263.2	0
10560	-577.011	-1263.55	0
10570	-577.132	-1263.77	0
10580	-577.197	-1263.87	0
10590	-577.209	-1263.87	0
10600	-577.187	-1263.8	0
10610	-577.17	-1263.72	0
10620	-577.153	-1263.64	0
10630	-577.134	-1263.56	0
10640	-577.114	-1263.46	0
10650	-577.091	-1263.36	0
10660	-577.065	-1263.24	0
10670	-577.035	-1263.11	0
10680	-577.002	-1262.98	0
10690	-576.965	-1262.83	0
10700	-576.924	-1262.67	0
10710	-576.881	-1262.51	0
10720	-576.838	-1262.34	0
10730	-576.8	-1262.18	0
10740	-576.766	-1262.03	0
10750	-576.743	-1261.93	0
10760	-576.732	-1261.88	0
10770	-576.734	-1261.88	0
10780	-576.74	-1261.89	0
10790	-576.745	-1261.89	0
10800	-576.742	-1261.89	0
10810	-576.736	-1261.88	0
10820	-576.73	-1261.87	0
10830	-576.719	-1261.85	0
10840	-576.709	-1261.84	0
10850	-576.701	-1261.82	0
10860	-576.69	-1261.8	0
10870	-576.678	-1261.79	0
10880	-576.665	-1261.77	0
10890	-576.65	-1261.75	0
10900	-576.631	-1261.72	0
10910	-576.606	-1261.67	0
10920	-576.577	-1261.62	0
10930	-576.545	-1261.57	0
10940	-576.519	-1261.52	0
10950	-576.502	-1261.49	0
10960	-576.493	-1261.46	0
10970	-576.485	-1261.44	0
10980	-576.473	-1261.42	0
10990	-576.46	-1261.4	0
11000	-576.445	-1261.37	0
11010	-576.421	-1261.34	0
11020	-576.395	-1261.3	0
11030	-576.357	-1261.25	0
11040	-576.312	-1261.18	0
11050	-576.254	-1261.11	0
11060	-576.185	-1261.04	0
11070	-576.103	-1260.96	0
11080	-576.006	-1260.87	0
11090	-575.889	-1260.77	0
11100	-575.751	-1260.66	0
11110	-575.592	-1260.52	0
11120	-575.41	-1260.36	0
11130	-575.207	-1260.17	0
11140	-574.986	-1259.94	0
11150	-574.746	-1259.68	0
11160	-574.493	-1259.36	0
11170	-574.228	-1258.99	0
11180	-573.949	-1258.59	0
11190	-573.67	-1258.18	0
11200	-573.397	-1257.78	0
11210	-573.139	-1257.38	0
11220	-572.896	-1256.98	0
11230	-572.678	-1256.6	0
11240	-572.484	-1256.25	0
11250	-572.319	-1255.93	0
11260	-572.183	-1255.65	0
11270	-572.071	-1255.42	0
11280	-571.964	-1255.19	0
11290	-571.855	-1254.97	0
11300	-571.74	-1254.73	0
11310	-571.616	-1254.48	0
11320	-571.485	-1254.22	0
11330	-571.347	-1253.94	0
11340	-571.203	-1253.65	0
11350	-571.061	-1253.35	0
11360	-570.928	-1253.07	0
11370	-570.806	-1252.8	0
11380	-570.698	-1252.56	0
11390	-570.607	-1252.35	0
11400	-570.536	-1252.17	0
11410	-570.487	-1252.03	0
11420	-570.46	-1251.93	0
11430	-570.455	-1251.9	0
11440	-570.445	-1251.87	0
11450	-570.435	-1251.84	0
11460	-570.427	-1251.81	0
11470	-570.418	-1251.79	0
11480	-570.409	-1251.78	0
11490	-570.401	-1251.76	0
11500	-570.406	-1251.75	0
11510	-570.45	-1251.75	0
11520	-570.558	-1251.76	0
11530	-570.756	-1251.81	0
11540	-571.067	-1251.94	0
11550	-571.51	-1252.19	0
11560	-572.097	-1252.57	0
11570	-572.83	-1253.09	0
11580	-573.707	-1253.78	0
11590	-574.72	-1254.64	0
11600	-575.854	-1255.67	0
11610	-577.088	-1256.88	0
11620	-578.398	-1258.24	0
11630	-579.753	-1259.74	0
11640	-581.12	-1261.36	0
11650	-582.467	-1263.06	0
11660	-583.758	-1264.81	0
11670	-584.958	-1266.56	0
11680	-586.031	-1268.25	0
11690	-586.947	-1269.83	0
11700	-587.678	-1271.23	0
11710	-588.203	-1272.39	0
11720	-588.51	-1273.24	0
11730	-588.606	-1273.73	0
11740	-588.553	-1273.86	0
11750	-588.457	-1273.84	0
11760	-588.325	-1273.76	0
11770	-588.15	-1273.6	0
11780	-587.925	-1273.34	0
11790	-587.651	-1272.99	0
11800	-587.325	-1272.52	0
11810	-586.95	-1271.92	0
11820	-586.531	-1271.21	0
11830	-586.08	-1270.4	0
11840	-585.617	-1269.53	0
11850	-585.165	-1268.64	0
11860	-584.751	-1267.81	0
11870	-584.403	-1267.11	0
11880	-584.138	-1266.58	0
11890	-583.964	-1266.24	0
11900	-583.882	-1266.11	0
11910	-583.887	-1266.18	0
11920	-583.963	-1266.46	0
11930	-584.065	-1266.88	0
11940	-584.158	-1267.27	0
11950	-584.231	-1267.58	0
11960	-584.285	-1267.8	0
11970	-584.313	-1267.94	0
11980	-584.309	-1267.97	0
11990	-584.302	-1267.98	0
12000	-584.296	-1268.01	0
12010	-584.297	-1268.08	0
12020	-584.309	-1268.23	0
12030	-584.336	-1268.49	0
12040	-584.374	-1268.84	0
12050	-584.418	-1269.29	0
12060	-584.457	-1269.77	0
12070	-584.476	-1270.22	0
12080	-584.451	-1270.54	0
12090	-584.366	-1270.66	0
12100	-584.224	-1270.56	0
12110	-584.033	-1270.29	0
12120	-583.796	-1269.88	0
12130	-583.509	-1269.36	0
12140	-583.163	-1268.73	0
12150	-582.747	-1267.99	0
12160	-582.25	-1267.12	0
12170	-581.667	-1266.13	0
12180	-580.992	-1265.02	0
12190	-580.224	-1263.79	0
12200	-579.368	-1262.46	0
12210	-578.433	-1261.08	0
12220	-577.453	-1259.74	0
12230	-576.443	-1258.5	0
12240	-575.406	-1257.3	0
12250	-574.31	-1255.98	0
12260	-573.181	-1254.57	0
12270	-572.048	-1253.11	0
12280	-570.945	-1251.66	0
12290	-569.901	-1250.26	0
12300	-568.946	-1248.94	0
12310	-568.106	-1247.75	0
12320	-567.404	-1246.72	0
12330	-566.855	-1245.87	0
12340	-566.469	-1245.22	0
12350	-566.249	-1244.78	0
12360	-566.183	-1244.55	0
12370	-566.207	-1244.53	0
12380	-566.204	-1244.52	0
12390	-566.198	-1244.51	0
12400	-566.188	-1244.5	0
12410	-566.173	-1244.48	0
12420	-566.154	-1244.45	0
12430	-566.132	-1244.42	0
12440	-566.104	-1244.36	0
12450	-566.07	-1244.28	0
12460	-566.027	-1244.15	0
12470	-565.968	-1243.95	0
12480	-565.886	-1243.67	0
12490	-565.799	-1243.36	0
12500	-565.71	-1243.04	0
12510	-565.624	-1242.75	0
12520	-565.542	-1242.48	0
12530	-565.463	-1242.23	0
12540	-565.383	-1241.99	0
12550	-565.307	-1241.76	0
12560	-565.229	-1241.54	0
12570	-565.152	-1241.31	0
12580	-565.074	-1241.08	0
12590	-564.994	-1240.84	0
12600	-564.913	-1240.59	0
12610	-564.829	-1240.32	0
12620	-564.743	-1240.05	0
12630	-564.65	-1239.76	0
12640	-564.54	-1239.43	0
12650	-564.42	-1239.09	0
12660	-564.301	-1238.77	0
12670	-564.189	-1238.49	0
12680	-564.089	-1238.26	0
12690	-563.989	-1238.03	0
12700	-563.878	-1237.77	0
12710	-563.759	-1237.49	0
12720	-563.638	-1237.21	0
12730	-563.514	-1236.91	0
12740	-563.39	-1236.61	0
12750	-563.266	-1236.31	0
12760	-563.144	-1236	0
12770	-563.029	-1235.7	0
12780	-562.927	-1235.42	0
12790	-562.846	-1235.18	0
12800	-562.792	-1234.98	0
12810	-562.764	-1234.86	0
12820	-562.755	-1234.83	0
12830	-562.751	-1234.82	0
12840	-562.748	-1234.81	0
12850	-562.758	-1234.8	0
12860	-562.81	-1234.8	0
12870	-562.938	-1234.83	0
12880	-563.172	-1234.91	0
12890	-563.545	-1235.1	0
12900	-564.076	-1235.42	0
12910	-564.779	-1235.92	0
12920	-565.657	-1236.62	0
12930	-566.702	-1237.56	0
12940	-567.892	-1238.73	0
12950	-569.195	-1240.12	0
12960	-570.577	-1241.72	0
12970	-571.994	-1243.48	0
12980	-573.402	-1245.35	0
12990	-574.747	-1247.25	0
13000	-575.991	-1249.13	0
13010	-577.095	-1250.91	0
13020	-578.025	-1252.52	0
13030	-578.752	-1253.87	0
13040	-579.258	-1254.87	0
13050	-579.537	-1255.46	0
13060	-579.591	-1255.63	0
13070	-579.522	-1255.6	0
13080	-579.493	-1255.57	0
13090	-579.471	-1255.54	0
13100	-579.455	-1255.51	0
13110	-579.448	-1255.48	0
13120	-579.446	-1255.46	0
13130	-579.452	-1255.46	0
13140	-579.467	-1255.49	0
13150	-579.491	-1255.57	0
13160	-579.521	-1255.7	0
13170	-579.556	-1255.9	0
13180	-579.619	-1256.22	0
13190	-579.747	-1256.71	0
13200	-579.933	-1257.35	0
13210	-580.173	-1258.15	0
13220	-580.438	-1259.04	0
13230	-580.687	-1259.93	0
13240	-580.913	-1260.77	0
13250	-581.108	-1261.53	0
13260	-581.274	-1262.17	0
13270	-581.407	-1262.68	0
13280	-581.499	-1263.02	0
13290	-581.542	-1263.16	0
13300	-581.554	-1263.16	0
13310	-581.572	-1263.15	0
13320	-581.614	-1263.16	0
13330	-581.698	-1263.25	0
13340	-581.841	-1263.45	0
13350	-582.051	-1263.81	0
13360	-582.337	-1264.36	0
13370	-582.698	-1265.09	0
13380	-583.128	-1266.02	0
13390	-583.62	-1267.12	0
13400	-584.147	-1268.34	0
13410	-584.669	-1269.58	0
13420	-585.134	-1270.71	0
13430	-585.494	-1271.6	0
13440	-585.711	-1272.17	0
13450	-585.761	-1272.35	0
13460	-585.65	-1272.08	0
13470	-585.499	-1271.57	0
13480	-585.344	-1271.05	0
13490	-585.198	-1270.55	0
13500	-585.043	-1270.07	0
13510	-584.865	-1269.57	0
13520	-584.647	-1269.06	0
13530	-584.4	-1268.59	0
13540	-584.133	-1268.18	0
13550	-583.821	-1267.75	0
13560	-583.419	-1267.13	0
13570	-582.932	-1266.33	0
13580	-582.382	-1265.39	0
13590	-581.809	-1264.38	0
13600	-581.232	-1263.34	0
13610	-580.676	-1262.3	0
13620	-580.163	-1261.3	0
13630	-579.713	-1260.39	0
13640	-579.343	-1259.61	0
13650	-579.06	-1258.97	0
13660	-578.865	-1258.49	0
13670	-578.755	-1258.18	0
13680	-578.723	-1258.06	0
13690	-578.753	-1258.1	0
13700	-578.806	-1258.21	0
13710	-578.851	-1258.31	0
13720	-578.89	-1258.39	0
13730	-578.922	-1258.44	0
13740	-578.946	-1258.46	0
13750	-578.964	-1258.46	0
13760	-578.972	-1258.45	0
13770	-578.959	-1258.44	0
13780	-578.912	-1258.41	0
13790	-578.83	-1258.38	0
13800	-578.707	-1258.35	0
13810	-578.547	-1258.33	0
13820	-578.357	-1258.32	0
13830	-578.147	-1258.32	0
13840	-577.926	-1258.34	0
13850	-577.706	-1258.36	0
13860	-577.496	-1258.37	0
13870	-577.298	-1258.34	0
13880	-577.116	-1258.24	0
13890	-576.953	-1258.07	0
13900	-576.811	-1257.85	0
13910	-576.687	-1257.62	0
13920	-576.572	-1257.39	0
13930	-576.457	-1257.15	0
13940	-576.332	-1256.88	0
13950	-576.181	-1256.53	0
13960	-575.978	-1256.08	0
13970	-575.702	-1255.47	0
13980	-575.332	-1254.68	0
13990	-574.865	-1253.74	0
14000	-574.29	-1252.64	0
14010	-573.599	-1251.38	0
14020	-572.789	-1249.97	0
14030	-571.865	-1248.42	0
14040	-570.835	-1246.76	0
14050	-569.715	-1245	0
14060	-568.524	-1243.17	0
14070	-567.271	-1241.21	0
14080	-565.964	-1239.09	0
14090	-564.635	-1236.84	0
14100	-563.32	-1234.52	0
14110	-562.061	-1232.19	0
14120	-560.893	-1229.92	0
14130	-559.831	-1227.78	0
14140	-558.896	-1225.8	0
14150	-558.113	-1224.06	0
14160	-557.504	-1222.6	0
14170	-557.086	-1221.46	0
14180	-556.865	-1220.7	0
14190	-556.832	-1220.34	0
14200	-556.904	-1220.32	0
14210	-556.985	-1220.4	0
14220	-557.074	-1220.5	0
14230	-557.164	-1220.61	0
14240	-557.253	-1220.73	0
14250	-557.334	-1220.84	0
14260	-557.412	-1220.96	0
14270	-557.487	-1221.09	0
14280	-557.563	-1221.24	0
14290	-557.646	-1221.4	0
14300	-557.741	-1221.59	0
14310	-557.846	-1221.8	0
14320	-557.958	-1222	0
14330	-558.066	-1222.18	0
14340	-558.126	-1222.25	0
14350	-558.13	-1222.18	0
14360	-558.076	-1221.99	0
14370	-557.987	-1221.71	0
14380	-557.885	-1221.37	0
14390	-557.771	-1220.98	0
14400	-557.647	-1220.55	0
14410	-557.514	-1220.08	0
14420	-557.375	-1219.58	0
14430	-557.238	-1219.08	0
14440	-557.11	-1218.59	0
14450	-556.996	-1218.15	0
14460	-556.9	-1217.77	0
14470	-556.824	-1217.46	0
14480	-556.77	-1217.24	0
14490	-556.737	-1217.11	0
14500	-556.726	-1217.08	0
14510	-556.72	-1217.07	0
14520	-556.714	-1217.07	0
14530	-556.704	-1217.07	0
14540	-556.7	-1217.06	0
14550	-556.712	-1217.05	0
14560	-556.77	-1217.05	0
14570	-556.883	-1217.04	0
14580	-557.071	-1217.04	0
14590	-557.351	-1217.06	0
14600	-557.726	-1217.1	0
14610	-558.199	-1217.16	0
14620	-558.768	-1217.27	0
14630	-559.421	-1217.41	0
14640	-560.143	-1217.59	0
14650	-560.914	-1217.82	0
14660	-561.714	-1218.12	0
14670	-562.524	-1218.51	0
14680	-563.325	-1219.01	0
14690	-564.081	-1219.59	0
14700	-564.774	-1220.23	0
14710	-565.387	-1220.94	0
14720	-565.93	-1221.69	0
14730	-566.431	-1222.53	0
14740	-566.896	-1223.41	0
14750	-567.332	-1224.3	0
14760	-567.742	-1225.18	0
14770	-568.122	-1226.03	0
14780	-568.468	-1226.84	0
14790	-568.788	-1227.64	0
14800	-569.079	-1228.43	0
14810	-569.331	-1229.18	0
14820	-569.546	-1229.88	0
14830	-569.722	-1230.51	0
14840	-569.865	-1231.06	0
14850	-569.976	-1231.54	0
14860	-570.06	-1231.94	0
14870	-570.12	-1232.27	0
14880	-570.162	-1232.53	0
14890	-570.192	-1232.73	0
14900	-570.218	-1232.88	0
14910	-570.236	-1232.99	0
14920	-570.261	-1233.1	0
14930	-570.3	-1233.26	0
14940	-570.358	-1233.49	0
14950	-570.437	-1233.8	0
14960	-570.538	-1234.18	0
14970	-570.655	-1234.63	0
14980	-570.785	-1235.14	0
14990	-570.929	-1235.69	0
15000	-571.078	-1236.27	0
15010	-571.224	-1236.83	0
15020	-571.357	-1237.34	0
15030	-571.457	-1237.77	0
15040	-571.539	-1238.13	0
15050	-571.597	-1238.38	0
15060	-571.63	-1238.52	0
15070	-571.645	-1238.56	0
15080	-571.655	-1238.56	0
15090	-571.664	-1238.56	0
15100	-571.672	-1238.57	0
15110	-571.68	-1238.58	0
15120	-571.689	-1238.58	0
15130	-571.697	-1238.59	0
15140	-571.706	-1238.6	0
15150	-571.714	-1238.61	0
15160	-571.723	-1238.62	0
15170	-571.732	-1238.64	0
15180	-571.74	-1238.65	0
15190	-571.746	-1238.66	0
15200	-571.753	-1238.67	0
15210	-571.763	-1238.69	0
15220	-571.767	-1238.7	0
15230	-571.769	-1238.72	0
15240	-571.774	-1238.73	0
15250	-571.778	-1238.75	0
15260	-571.782	-1238.77	0
15270	-571.785	-1238.8	0
15280	-571.788	-1238.82	0
15290	-571.791	-1238.85	0
15300	-571.794	-1238.89	0
15310	-571.797	-1238.94	0
15320	-571.802	-1239.02	0
15330	-571.807	-1239.12	0
15340	-571.811	-1239.25	0
15350	-571.813	-1239.41	0
15360	-571.81	-1239.6	0
15370	-571.8	-1239.81	0
15380	-571.779	-1240.04	0
15390	-571.745	-1240.28	0
15400	-571.694	-1240.52	0
15410	-571.623	-1240.74	0
15420	-571.531	-1240.93	0
15430	-571.415	-1241.08	0
15440	-571.275	-1241.17	0
15450	-571.107	-1241.18	0
15460	-570.908	-1241.11	0
15470	-570.674	-1240.95	0
15480	-570.402	-1240.71	0
15490	-570.093	-1240.37	0
15500	-569.757	-1239.99	0
15510	-569.41	-1239.58	0
15520	-569.061	-1239.15	0
15530	-568.724	-1238.72	0
15540	-568.411	-1238.29	0
15550	-568.128	-1237.88	0
15560	-567.883	-1237.5	0
15570	-567.673	-1237.16	0
15580	-567.517	-1236.92	0
15590	-567.411	-1236.77	0
15600	-567.356	-1236.68	0
15610	-567.347	-1236.65	0
15620	-567.364	-1236.64	0
15630	-567.362	-1236.63	0
15640	-567.361	-1236.63	0
15650	-567.362	-1236.62	0
15660	-567.362	-1236.61	0
15670	-567.366	-1236.61	0
15680	-567.363	-1236.6	0
15690	-567.366	-1236.6	0
15700	-567.367	-1236.6	0
15710	-567.365	-1236.6	0
15720	-567.364	-1236.59	0
15730	-567.361	-1236.58	0
15740	-567.355	-1236.57	0
15750	-567.347	-1236.57	0
15760	-567.346	-1236.57	0
15770	-567.337	-1236.56	0
15780	-567.333	-1236.56	0
15790	-567.323	-1236.55	0
15800	-567.317	-1236.54	0
15810	-567.31	-1236.54	0
15820	-567.303	-1236.53	0
15830	-567.295	-1236.53	0
15840	-567.287	-1236.52	0
15850	-567.278	-1236.51	0
15860	-567.276	-1236.5	0
15870	-567.273	-1236.5	0
15880	-567.271	-1236.49	0
15890	-567.269	-1236.48	0
15900	-567.269	-1236.47	0
15910	-567.266	-1236.46	0
15920	-567.263	-1236.45	0
15930	-567.259	-1236.44	0
15940	-567.255	-1236.43	0
15950	-567.249	-1236.42	0
15960	-567.241	-1236.4	0
15970	-567.232	-1236.39	0
15980	-567.218	-1236.37	0
15990	-567.202	-1236.35	0
16000	-567.183	-1236.32	0
16010	-567.16	-1236.28	0
16020	-567.133	-1236.23	0
16030	-567.101	-1236.16	0
16040	-567.066	-1236.09	0
16050	-567.029	-1236	0
16060	-566.982	-1235.91	0
16070	-566.946	-1235.81	0
16080	-566.918	-1235.74	0
16090	-566.894	-1235.68	0
16100	-566.874	-1235.63	0
16110	-566.856	-1235.61	0
16120	-566.838	-1235.58	0
16130	-566.818	-1235.56	0
16140	-566.798	-1235.53	0
16150	-566.778	-1235.51	0
16160	-566.757	-1235.48	0
16170	-566.737	-1235.45	0
16180	-566.718	-1235.43	0
16190	-566.696	-1235.4	0
16200	-566.678	-1235.38	0
16210	-566.663	-1235.36	0
16220	-566.646	-1235.34	0
16230	-566.63	-1235.32	0
16240	-566.613	-1235.3	0
16250	-566.596	-1235.29	0
16260	-566.58	-1235.27	0
16270	-566.565	-1235.25	0
16280	-566.55	-1235.23	0
16290	-566.535	-1235.21	0
16300	-566.52	-1235.2	0
16310	-566.506	-1235.18	0
16320	-566.492	-1235.16	0
16330	-566.478	-1235.14	0
16340	-566.465	-1235.13	0
16350	-566.452	-1235.11	0
16360	-566.439	-1235.1	0
16370	-566.426	-1235.08	0
16380	-566.414	-1235.07	0
16390	-566.398	-1235.05	0
16400	-566.385	-1235.04	0
16410	-566.368	-1235.02	0
16420	-566.352	-1235	0
16430	-566.332	-1234.98	0
16440	-566.317	-1234.96	0
16450	-566.3	-1234.94	0
16460	-566.282	-1234.91	0
16470	-566.274	-1234.89	0
16480	-566.265	-1234.87	0
16490	-566.249	-1234.85	0
16500	-566.232	-1234.82	0
16510	-566.22	-1234.8	0
16520	-566.205	-1234.78	0
16530	-566.187	-1234.75	0
16540	-566.179	-1234.74	0
16550	-566.162	-1234.72	0
16560	-566.148	-1234.69	0
16570	-566.135	-1234.68	0
16580	-566.119	-1234.66	0
16590	-566.105	-1234.64	0
16600	-566.095	-1234.62	0
16610	-566.079	-1234.6	0
16620	-566.067	-1234.58	0
16630	-566.055	-1234.57	0
16640	-566.046	-1234.56	0
16650	-566.036	-1234.55	0
16660	-566.026	-1234.54	0
16670	-566.018	-1234.52	0
16680	-566.009	-1234.51	0
16690	-566.001	-1234.5	0
16700	-565.992	-1234.49	0
16710	-565.984	-1234.48	0
16720	-565.975	-1234.47	0
16730	-565.966	-1234.46	0
16740	-565.957	-1234.45	0
16750	-565.947	-1234.44	0
16760	-565.938	-1234.43	0
16770	-565.929	-1234.42	0
16780	-565.919	-1234.41	0
16790	-565.908	-1234.4	0
16800	-565.897	-1234.39	0
16810	-565.887	-1234.38	0
16820	-565.877	-1234.37	0
16830	-565.868	-1234.36	0
16840	-565.86	-1234.35	0
16850	-565.85	-1234.34	0
16860	-565.842	-1234.32	0
16870	-565.834	-1234.31	0
16880	-565.825	-1234.3	0
16890	-565.817	-1234.29	0
16900	-565.809	-1234.28	0
16910	-565.8	-1234.28	0
16920	-565.789	-1234.27	0
16930	-565.78	-1234.26	0
16940	-565.769	-1234.25	0
16950	-565.759	-1234.24	0
16960	-565.748	-1234.23	0
16970	-565.737	-1234.22	0
16980	-565.727	-1234.21	0
16990	-565.716	-1234.2	0
17000	-565.706	-1234.18	0
17010	-565.695	-1234.17	0
17020	-565.685	-1234.16	0
17030	-565.676	-1234.14	0
17040	-565.666	-1234.13	0
17050	-565.658	-1234.12	0
17060	-565.65	-1234.11	0
17070	-565.642	-1234.1	0
17080	-565.634	-1234.09	0
17090	-565.627	-1234.08	0
17100	-565.619	-1234.08	0
17110	-565.612	-1234.07	0
17120	-565.604	-1234.06	0
17130	-565.597	-1234.04	0
17140	-565.589	-1234.03	0
17150	-565.582	-1234.02	0
17160	-565.575	-1234.01	0
17170	-565.568	-1234	0
17180	-565.56	-1233.99	0
17190	-565.552	-1233.98	0
17200	-565.543	-1233.97	0
17210	-565.535	-1233.96	0
17220	-565.526	-1233.95	0
17230	-565.517	-1233.94	0
17240	-565.508	-1233.92	0
17250	-565.499	-1233.91	0
17260	-565.49	-1233.9	0
17270	-565.481	-1233.89	0
17280	-565.472	-1233.87	0
17290	-565.462	-1233.86	0
17300	-565.453	-1233.85	0
17310	-565.443	-1233.83	0
17320	-565.434	-1233.82	0
17330	-565.425	-1233.81	0
17340	-565.415	-1233.79	0
17350	-565.406	-1233.78	0
17360	-565.396	-1233.76	0
17370	-565.386	-1233.75	0
17380	-565.376	-1233.73	0
17390	-565.366	-1233.72	0
17400	-565.356	-1233.7	0
17410	-565.346	-1233.69	0
17420	-565.336	-1233.68	0
17430	-565.327	-1233.66	0
17440	-565.318	-1233.65	0
17450	-565.309	-1233.63	0
17460	-565.3	-1233.62	0
17470	-565.291	-1233.61	0
17480	-565.282	-1233.59	0
17490	-565.274	-1233.58	0
17500	-565.265	-1233.57	0
17510	-565.257	-1233.56	0
17520	-565.248	-1233.54	0
17530	-565.24	-1233.53	0
17540	-565.232	-1233.52	0
17550	-565.223	-1233.51	0
17560	-565.215	-1233.49	0
17570	-565.206	-1233.48	0
17580	-565.197	-1233.47	0
17590	-565.189	-1233.45	0
17600	-565.178	-1233.44	0
17610	-565.168	-1233.43	0
17620	-565.159	-1233.42	0
17630	-565.149	-1233.41	0
17640	-565.14	-1233.39	0
17650	-565.129	-1233.38	0
17660	-565.119	-1233.37	0
17670	-565.11	-1233.36	0
17680	-565.1	-1233.34	0
17690	-565.091	-1233.33	0
17700	-565.081	-1233.32	0
17710	-565.071	-1233.31	0
17720	-565.062	-1233.3	0
17730	-565.052	-1233.29	0
17740	-565.043	-1233.27	0
17750	-565.034	-1233.26	0
17760	-565.025	-1233.25	0
17770	-565.015	-1233.24	0
17780	-565.006	-1233.22	0
17790	-564.997	-1233.21	0
17800	-564.987	-1233.19	0
17810	-564.978	-1233.18	0
17820	-564.969	-1233.16	0
17830	-564.96	-1233.15	0
17840	-564.951	-1233.14	0
17850	-564.943	-1233.13	0
17860	-564.935	-1233.11	0
17870	-564.926	-1233.1	0
17880	-564.917	-1233.09	0
17890	-564.908	-1233.07	0
17900	-564.899	-1233.06	0
17910	-564.889	-1233.05	0
17920	-564.88	-1233.04	0
17930	-564.871	-1233.03	0
17940	-564.862	-1233.01	0
17950	-564.853	-1233	0
17960	-564.844	-1232.99	0
17970	-564.834	-1232.98	0
17980	-564.826	-1232.97	0
17990	-564.816	-1232.95	0
18000	-564.807	-1232.94	0
