0	0	0	0
10	2.28551e-09	-0.000232463	0
20	4.68681e-09	-0.000453414	0
30	6.87531e-09	-0.000654615	0
40	8.71664e-09	-0.000827973	0
50	1.01074e-08	-0.000967319	0
60	1.09902e-08	-0.0010688	0
70	1.13466e-08	-0.0011311	0
80	1.11916e-08	-0.00115544	0
90	1.05682e-08	-0.00114545	0
100	9.54017e-09	-0.00110677	0
110	8.19008e-09	-0.00104659	0
120	6.61348e-09	-0.000973018	0
130	4.90711e-09	-0.000894477	0
140	3.16062e-09	-0.000819005	0
150	1.46173e-09	-0.000753679	0
160	-1.30051e-10	-0.000704109	0
170	-1.56756e-09	-0.000674074	0
180	-2.82115e-09	-0.000665322	0
190	-3.89385e-09	-0.000677548	0
200	-4.79304e-09	-0.000708529	0
210	-5.54384e-09	-0.000754432	0
220	-6.19503e-09	-0.000810231	0
230	-7.04291e-09	-0.000870214	0
240	-9.1525e-09	-0.000928526	0
250	-1.34194e-08	-0.000979703	0
260	-2.01028e-08	-0.00101916	0
270	-2.91065e-08	-0.00104354	0
280	-4.01773e-08	-0.00105105	0
290	-5.30536e-08	-0.00104146	0
300	-6.74047e-08	-0.00101619	0
310	-8.29357e-08	-0.000978044	0
320	-9.93818e-08	-0.000930939	0
330	-1.16385e-07	-0.000879523	0
340	-1.33754e-07	-0.000828719	0
350	-1.51161e-07	-0.000783266	0
360	-1.68338e-07	-0.000747289	0
370	-1.85034e-07	-0.000723938	0
380	-2.00824e-07	-0.000715118	0
390	-2.15284e-07	-0.000721347	0
400	-2.28006e-07	-0.00074174	0
410	-2.38565e-07	-0.000774118	0
420	-2.46759e-07	-0.000815238	0
430	-2.51902e-07	-0.000861113	0
440	-2.53065e-07	-0.000907393	0
450	-2.49338e-07	-0.00094977	0
460	-2.3985e-07	-0.000984375	0
470	-2.24214e-07	-0.00100812	0
480	-2.01524e-07	-0.00101896	0
490	-1.71202e-07	-0.00101608	0
500	-1.32644e-07	-0.000999919	0
510	-8.53485e-08	-0.000972106	0
520	-2.8448e-08	-0.000935299	0
530	3.88544e-08	-0.000892902	0
540	1.16279e-07	-0.000848733	0
550	2.0367e-07	-0.000806657	0
560	3.01209e-07	-0.000770215	0
570	4.09461e-07	-0.000742288	0
580	5.29393e-07	-0.000724828	0
590	6.6146e-07	-0.00071867	0
600	8.04395e-07	-0.000723452	0
610	9.55105e-07	-0.000737641	0
620	1.11523e-06	-0.000758663	0
630	1.28883e-06	-0.00078313	0
640	1.47163e-06	-0.000807128	0
650	1.6594e-06	-0.000826551	0
660	1.84479e-06	-0.000837452	0
670	2.03367e-06	-0.000836365	0
680	2.20278e-06	-0.000820584	0
690	2.34268e-06	-0.000788372	0
700	2.45106e-06	-0.000739075	0
710	2.49468e-06	-0.000673137	0
720	2.46599e-06	-0.000592028	0
730	2.342e-06	-0.000498067	0
740	2.09163e-06	-0.000394191	0
750	1.69738e-06	-0.000283665	0
760	1.11507e-06	-0.000169776	0
770	6.12358e-07	-5.55693e-05	0
780	1.51906e-06	4.63686e-05	0
790	-5.88305e-07	9.763e-05	0
800	-1.92391e-06	0.000146058	0
810	-3.37392e-06	0.000192942	0
820	-5.34267e-06	0.000239904	0
830	-8.03553e-06	0.000288662	0
840	-1.15775e-05	0.000340795	0
850	-1.60527e-05	0.000397503	0
860	-2.14956e-05	0.0004594	0
870	-2.78926e-05	0.000526339	0
880	-3.51935e-05	0.00059732	0
890	-4.331e-05	0.000670493	0
900	-5.21162e-05	0.000743237	0
910	-6.14617e-05	0.000812345	0
920	-7.11434e-05	0.000874328	0
930	-8.08453e-05	0.000925742	0
940	-9.02157e-05	0.000963378	0
950	-9.89481e-05	0.000984536	0
960	-0.000106745	0.000987361	0
970	-0.000113333	0.000971066	0
980	-0.000118477	0.000936073	0
990	-0.000121974	0.000884056	0
1000	-0.000123632	0.000817893	0
1010	-0.000123289	0.00074216	0
1020	-0.000121664	0.00066301	0
1030	-0.000119004	0.00058537	0
1040	-0.000115231	0.000513989	0
1050	-0.000110272	0.000453155	0
1060	-0.000104088	0.000406375	0
1070	-9.67126e-05	0.000376125	0
1080	-8.81949e-05	0.000363762	0
1090	-7.84866e-05	0.000369397	0
1100	-6.75241e-05	0.000391973	0
1110	-5.52189e-05	0.000429512	0
1120	-4.15597e-05	0.000479217	0
1130	-2.65728e-05	0.000537512	0
1140	-1.03324e-05	0.000600243	0
1150	7.00675e-06	0.000662987	0
1160	2.51979e-05	0.000721363	0
1170	4.38823e-05	0.000771359	0
1180	6.25837e-05	0.00080961	0
1190	8.07462e-05	0.000833636	0
1200	9.77621e-05	0.000841991	0
1210	0.000113005	0.000834343	0
1220	0.000125867	0.000811461	0
1230	0.000135799	0.000775114	0
1240	0.000142352	0.000727901	0
1250	0.000145213	0.000673023	0
1260	0.000144237	0.000614008	0
1270	0.000139468	0.000554434	0
1280	0.000131155	0.000497653	0
1290	0.00011975	0.000446542	0
1300	0.000105896	0.000403315	0
1310	9.03903e-05	0.000369387	0
1320	7.41374e-05	0.000345324	0
1330	5.80678e-05	0.000330847	0
1340	4.30621e-05	0.000324919	0
1350	2.989e-05	0.000325863	0
1360	1.91728e-05	0.000331544	0
1370	1.13652e-05	0.000339562	0
1380	6.74684e-06	0.000347472	0
1390	5.42345e-06	0.000352979	0
1400	7.3325e-06	0.000354118	0
1410	1.22521e-05	0.00034938	0
1420	1.9808e-05	0.000337789	0
1430	2.94913e-05	0.000318931	0
1440	4.06744e-05	0.000292931	0
1450	5.26358e-05	0.000260392	0
1460	6.45889e-05	0.000222313	0
1470	7.57105e-05	0.000179996	0
1480	8.51693e-05	0.000134981	0
1490	9.2159e-05	8.9025e-05	0
1500	9.596e-05	4.41617e-05	0
1510	9.61229e-05	2.66027e-06	0
1520	9.29221e-05	-2.79347e-05	0
1530	8.76112e-05	-4.83912e-05	0
1540	8.16349e-05	-6.65501e-05	0
1550	7.58644e-05	-8.47683e-05	0
1560	7.05222e-05	-0.00010514	0
1570	6.54503e-05	-0.000129183	0
1580	6.03541e-05	-0.000157758	0
1590	5.49279e-05	-0.000191068	0
1600	4.89095e-05	-0.000228704	0
1610	4.21052e-05	-0.000269733	0
1620	3.44025e-05	-0.000312834	0
1630	2.57786e-05	-0.000356466	0
1640	1.63057e-05	-0.000399057	0
1650	6.15087e-06	-0.000439193	0
1660	-4.42848e-06	-0.000475792	0
1670	-1.50961e-05	-0.000508224	0
1680	-2.54558e-05	-0.000536383	0
1690	-3.50756e-05	-0.000560683	0
1700	-4.35163e-05	-0.000581995	0
1710	-5.03626e-05	-0.000601512	0
1720	-5.52544e-05	-0.000620572	0
1730	-5.79139e-05	-0.00064045	0
1740	-5.8168e-05	-0.00066215	0
1750	-5.59662e-05	-0.000686213	0
1760	-5.13906e-05	-0.000712574	0
1770	-4.46601e-05	-0.000740482	0
1780	-3.61281e-05	-0.000768494	0
1790	-2.62717e-05	-0.000794559	0
1800	-1.5669e-05	-0.000816177	0
1810	-4.96836e-06	-0.000830628	0
1820	5.15034e-06	-0.000835246	0
1830	1.40208e-05	-0.000827716	0
1840	2.1038e-05	-0.00080636	0
1850	2.5705e-05	-0.000770377	0
1860	2.76693e-05	-0.000720017	0
1870	2.67554e-05	-0.000656662	0
1880	2.29899e-05	-0.000582805	0
1890	1.66062e-05	-0.000501909	0
1900	8.03894e-06	-0.000418174	0
1910	-2.09868e-06	-0.000336219	0
1920	-1.3044e-05	-0.00026072	0
1930	-2.39322e-05	-0.000196024	0
1940	-3.38605e-05	-0.000145779	0
1950	-4.19735e-05	-0.000112607	0
1960	-4.76085e-05	-9.77982e-05	0
1970	-5.04944e-05	-0.000101029	0
1980	-5.08837e-05	-0.000120229	0
1990	-4.94446e-05	-0.000151813	0
2000	-4.69647e-05	-0.000191258	0
2010	-4.40924e-05	-0.000233622	0
2020	-4.12484e-05	-0.000273873	0
2030	-3.8724e-05	-0.000307199	0
2040	-3.68199e-05	-0.000329371	0
2050	-3.59033e-05	-0.000337113	0
2060	-3.63781e-05	-0.000328403	0
2070	-3.86177e-05	-0.000302657	0
2080	-4.28993e-05	-0.000260775	0
2090	-4.93475e-05	-0.000205062	0
2100	-5.78827e-05	-0.000139005	0
2110	-6.81705e-05	-6.69663e-05	0
2120	-7.95544e-05	6.1592e-06	0
2130	-9.08972e-05	6.6622e-05	0
2140	-9.78923e-05	0.000107357	0
2150	-9.54322e-05	0.00011933	0
2160	-9.64108e-05	0.000116146	0
2170	-9.96311e-05	0.00010486	0
2180	-0.000100684	8.80004e-05	0
2190	-9.86715e-05	6.7639e-05	0
2200	-9.32892e-05	4.60533e-05	0
2210	-8.44366e-05	2.54781e-05	0
2220	-7.22642e-05	7.87856e-06	0
2230	-5.72093e-05	-5.23246e-06	0
2240	-4.00538e-05	-1.29213e-05	0
2250	-2.19966e-05	-1.47274e-05	0
2260	-5.33779e-06	-6.48682e-06	0
2270	1.07254e-05	9.29496e-06	0
2280	2.43761e-05	2.87196e-05	0
2290	3.64651e-05	5.11145e-05	0
2300	4.67903e-05	7.71868e-05	0
2310	5.56567e-05	0.000105656	0
2320	6.29836e-05	0.00013492	0
2330	6.86653e-05	0.000163455	0
2340	7.26202e-05	0.000189956	0
2350	7.48209e-05	0.000213453	0
2360	7.53108e-05	0.000233389	0
2370	7.42072e-05	0.000249658	0
2380	7.16963e-05	0.000262586	0
2390	6.80237e-05	0.000272882	0
2400	6.34748e-05	0.000281536	0
2410	5.83532e-05	0.000289691	0
2420	5.29602e-05	0.0002985	0
2430	4.75752e-05	0.000308973	0
2440	4.24357e-05	0.000321846	0
2450	3.77297e-05	0.000337465	0
2460	3.35914e-05	0.000355718	0
2470	3.00832e-05	0.000376008	0
2480	2.7203e-05	0.000397277	0
2490	2.48902e-05	0.000418089	0
2500	2.30334e-05	0.000436743	0
2510	2.14817e-05	0.000451437	0
2520	2.00604e-05	0.00046044	0
2530	1.85868e-05	0.000462278	0
2540	1.68828e-05	0.000455901	0
2550	1.47896e-05	0.000440821	0
2560	1.21823e-05	0.000417209	0
2570	8.98084e-06	0.000385931	0
2580	5.1574e-06	0.000348526	0
2590	7.43937e-07	0.000307116	0
2600	-4.17808e-06	0.000264267	0
2610	-9.46415e-06	0.000222792	0
2620	-1.49114e-05	0.00018553	0
2630	-2.02661e-05	0.000155115	0
2640	-2.52325e-05	0.000133746	0
2650	-2.94964e-05	0.000122999	0
2660	-3.27681e-05	0.000123665	0
2670	-3.48326e-05	0.000135654	0
2680	-3.55882e-05	0.00015795	0
2690	-3.50518e-05	0.000188645	0
2700	-3.33247e-05	0.000225058	0
2710	-3.05423e-05	0.000263925	0
2720	-2.68368e-05	0.000301639	0
2730	-2.23207e-05	0.000334539	0
2740	-1.70886e-05	0.000359189	0
2750	-1.12244e-05	0.000372657	0
2760	-4.80919e-06	0.000372758	0
2770	2.07169e-06	0.000358233	0
2780	9.31935e-06	0.000328873	0
2790	1.6811e-05	0.000285543	0
2800	2.42766e-05	0.000230126	0
2810	3.16598e-05	0.000165387	0
2820	3.86845e-05	9.47777e-05	0
2830	4.48572e-05	2.23284e-05	0
2840	4.87453e-05	-3.65243e-05	0
2850	4.19083e-05	-6.37706e-05	0
2860	3.8897e-05	-8.13633e-05	0
2870	3.7578e-05	-9.26447e-05	0
2880	3.72052e-05	-0.000100864	0
2890	3.62837e-05	-0.000106362	0
2900	3.39448e-05	-0.00010802	0
2910	3.14275e-05	-0.000108683	0
2920	2.79673e-05	-0.000105182	0
2930	2.42926e-05	-9.79226e-05	0
2940	1.95249e-05	-8.68849e-05	0
2950	1.42859e-05	-7.22843e-05	0
2960	8.90788e-06	-5.49728e-05	0
2970	3.42101e-06	-3.5975e-05	0
2980	-1.67173e-06	-1.64796e-05	0
2990	-5.11671e-06	-1.9236e-06	0
3000	-3.76872e-06	-3.76668e-06	0
3010	-4.80796e-06	-4.34806e-06	0
3020	-4.78557e-06	-6.26454e-06	0
3030	-6.98845e-06	-6.71436e-06	0
3040	-5.61524e-06	-9.16549e-06	0
3050	-4.90992e-06	-1.1535e-05	0
3060	-5.85446e-06	-1.20564e-05	0
3070	-6.01617e-06	-1.33497e-05	0
3080	-6.02186e-06	-1.27188e-05	0
3090	-5.67365e-06	-1.09544e-05	0
3100	-4.80162e-06	-7.53969e-06	0
3110	-3.64198e-06	-2.83547e-06	0
3120	-2.22208e-06	2.89873e-06	0
3130	-8.23933e-07	8.51888e-06	0
3140	-6.06169e-08	1.23727e-05	0
3150	-7.13071e-07	1.23488e-05	0
3160	-2.33423e-06	7.41215e-06	0
3170	-4.66699e-06	-2.83297e-06	0
3180	-7.74701e-06	-1.83485e-05	0
3190	-1.1333e-05	-3.85808e-05	0
3200	-1.50534e-05	-6.24828e-05	0
3210	-1.86089e-05	-8.86052e-05	0
3220	-2.17809e-05	-0.000115226	0
3230	-2.44179e-05	-0.000140505	0
3240	-2.64242e-05	-0.000162649	0
3250	-2.77508e-05	-0.000180081	0
3260	-2.83885e-05	-0.000191584	0
3270	-2.83603e-05	-0.000196424	0
3280	-2.77144e-05	-0.00019442	0
3290	-2.6517e-05	-0.000185977	0
3300	-2.48472e-05	-0.000172052	0
3310	-2.27908e-05	-0.000154077	0
3320	-2.04368e-05	-0.000133838	0
3330	-1.78752e-05	-0.000113318	0
3340	-1.51957e-05	-9.45168e-05	0
3350	-1.24863e-05	-7.92763e-05	0
3360	-9.82801e-06	-6.91099e-05	0
3370	-7.28738e-06	-6.50656e-05	0
3380	-4.91764e-06	-6.76278e-05	0
3390	-2.74472e-06	-7.66703e-05	0
3400	-7.79701e-07	-9.14659e-05	0
3410	9.56832e-07	-0.000110752	0
3420	2.43019e-06	-0.000132842	0
3430	3.59297e-06	-0.000155778	0
3440	4.39191e-06	-0.000177501	0
3450	4.77791e-06	-0.000196029	0
3460	4.71422e-06	-0.000209629	0
3470	4.18445e-06	-0.000216959	0
3480	3.19919e-06	-0.000217174	0
3490	1.80256e-06	-0.00020999	0
3500	7.56782e-08	-0.000195689	0
3510	-1.86195e-06	-0.000175082	0
3520	-3.85362e-06	-0.000149421	0
3530	-5.71021e-06	-0.000120276	0
3540	-7.21656e-06	-8.9391e-05	0
3550	-8.14127e-06	-5.85272e-05	0
3560	-8.24812e-06	-2.93143e-05	0
3570	-7.30637e-06	-3.1222e-06	0
3580	-5.09687e-06	1.90314e-05	0
3590	-1.55727e-06	3.53565e-05	0
3600	4.06621e-06	4.25476e-05	0
3610	1.15747e-05	2.93604e-05	0
3620	1.62171e-05	2.35606e-05	0
3630	1.53955e-05	1.99377e-05	0
3640	1.15531e-05	1.40037e-05	0
3650	7.67122e-06	1.24777e-05	0
3660	6.47363e-06	9.94221e-06	0
3670	7.67582e-06	8.09322e-06	0
3680	4.45544e-06	5.91485e-06	0
3690	5.58841e-06	4.90933e-06	0
3700	1.50541e-06	1.41176e-06	0
3710	2.15534e-06	1.23532e-06	0
3720	-6.15864e-07	-9.22155e-07	0
3730	-7.52309e-07	-8.17877e-07	0
3740	-9.93557e-07	-1.53793e-06	0
3750	-4.43775e-07	-9.95801e-07	0
3760	-1.26278e-06	-3.77841e-06	0
3770	-1.03253e-06	-3.48168e-06	0
3780	-4.74361e-07	-3.51856e-06	0
3790	-5.17079e-07	-3.89841e-06	0
3800	-5.88817e-07	-4.49502e-06	0
3810	-9.53673e-07	-5.06856e-06	0
3820	-6.41169e-07	-5.70996e-06	0
3830	-1.5697e-07	-6.11732e-06	0
3840	5.02179e-07	-6.66997e-06	0
3850	-1.9831e-08	-7.33088e-06	0
3860	8.45484e-07	-7.5251e-06	0
3870	5.44787e-07	-8.10114e-06	0
3880	7.49722e-07	-7.95643e-06	0
3890	9.54853e-07	-7.65451e-06	0
3900	4.35228e-07	-7.55051e-06	0
3910	5.6907e-07	-6.91848e-06	0
3920	2.3018e-07	-6.05382e-06	0
3930	5.71961e-07	-5.00467e-06	0
3940	-1.90149e-07	-3.28378e-06	0
3950	7.04374e-07	-2.29926e-06	0
3960	-8.73725e-08	-2.05449e-06	0
3970	-7.24866e-07	-1.53466e-06	0
3980	-1.5565e-07	-7.49687e-07	0
3990	-6.80481e-07	-7.90771e-07	0
4000	-1.04875e-06	-8.47284e-07	0
4010	-1.10357e-06	-7.06958e-07	0
4020	-1.81404e-06	-6.04795e-07	0
4030	-1.18254e-06	-4.93212e-07	0
4040	-1.12047e-06	-4.58083e-07	0
4050	-1.45202e-06	-6.73182e-07	0
4060	-1.57253e-06	-8.88717e-07	0
4070	-1.37249e-06	-7.02746e-07	0
4080	-1.37239e-06	-7.26675e-07	0
4090	-1.47314e-06	-9.58504e-07	0
4100	-1.39645e-06	-8.82168e-07	0
4110	-1.36628e-06	-9.54767e-07	0
4120	9.01355e-07	-1.55345e-06	0
4130	-1.60564e-06	-1.5811e-06	0
4140	-5.73994e-07	-1.18944e-06	0
4150	-1.56008e-06	-1.60271e-06	0
4160	-7.68927e-07	-1.56277e-06	0
4170	-4.33569e-07	-1.3812e-06	0
4180	-1.42477e-06	-1.66208e-06	0
4190	-1.44191e-06	-1.7945e-06	0
4200	-6.60346e-07	-1.52427e-06	0
4210	-1.63958e-06	-1.8794e-06	0
4220	-1.58661e-06	-1.88186e-06	0
4230	-1.45371e-06	-2.02919e-06	0
4240	-1.66031e-06	-2.32854e-06	0
4250	-1.52034e-06	-2.51398e-06	0
4260	-1.49041e-06	-2.80193e-06	0
4270	-1.40812e-06	-3.10648e-06	0
4280	-1.34494e-06	-3.41023e-06	0
4290	-1.32123e-06	-3.68859e-06	0
4300	-1.34759e-06	-3.9472e-06	0
4310	-1.41887e-06	-4.19718e-06	0
4320	-1.52953e-06	-4.42571e-06	0
4330	-1.68726e-06	-4.58797e-06	0
4340	-1.91894e-06	-4.66133e-06	0
4350	-3.40776e-06	-5.37288e-06	0
4360	-1.68827e-06	-4.06286e-06	0
4370	-3.23632e-06	-4.51203e-06	0
4380	-3.39523e-06	-4.71039e-06	0
4390	-3.66609e-06	-5.87853e-06	0
4400	-2.02042e-07	-7.25671e-06	0
4410	-2.24606e-07	-1.16311e-05	0
4420	-4.4554e-07	-1.42584e-05	0
4430	-1.24847e-08	-1.64113e-05	0
4440	-5.36261e-07	-1.92575e-05	0
4450	-4.29189e-07	-2.17143e-05	0
4460	-4.57473e-08	-2.49237e-05	0
4470	6.56864e-07	-2.8269e-05	0
4480	1.59304e-06	-3.14556e-05	0
4490	2.57997e-06	-3.42558e-05	0
4500	3.51698e-06	-3.64911e-05	0
4510	4.29908e-06	-3.80068e-05	0
4520	4.90976e-06	-3.86803e-05	0
4530	5.31771e-06	-3.83643e-05	0
4540	5.6006e-06	-3.7204e-05	0
4550	5.7262e-06	-3.53674e-05	0
4560	5.81867e-06	-3.20348e-05	0
4570	5.85591e-06	-2.73972e-05	0
4580	5.56504e-06	-2.1632e-05	0
4590	4.87687e-06	-1.48862e-05	0
4600	3.79308e-06	-7.34548e-06	0
4610	2.28915e-06	7.16956e-07	0
4620	3.37261e-07	8.92464e-06	0
4630	-2.06982e-06	1.67643e-05	0
4640	-4.80595e-06	2.33189e-05	0
4650	-7.82408e-06	2.63338e-05	0
4660	-1.28663e-05	2.73945e-05	0
4670	-1.40742e-05	2.96759e-05	0
4680	-1.58401e-05	3.24976e-05	0
4690	-1.80764e-05	3.60782e-05	0
4700	-2.0669e-05	4.02359e-05	0
4710	-2.38997e-05	4.48422e-05	0
4720	-2.74099e-05	4.97988e-05	0
4730	-3.1283e-05	5.4737e-05	0
4740	-3.46013e-05	5.92732e-05	0
4750	-3.76048e-05	6.2986e-05	0
4760	-3.84373e-05	6.54904e-05	0
4770	-3.96393e-05	6.6437e-05	0
4780	-4.01996e-05	6.55719e-05	0
4790	-3.96755e-05	6.39576e-05	0
4800	-3.79785e-05	6.01154e-05	0
4810	-3.51057e-05	5.52624e-05	0
4820	-3.0778e-05	4.81971e-05	0
4830	-2.49924e-05	3.90983e-05	0
4840	-1.79852e-05	2.9502e-05	0
4850	-1.00278e-05	1.70767e-05	0
4860	-1.16352e-06	4.7791e-06	0
4870	8.04207e-06	-8.30068e-06	0
4880	1.72174e-05	-2.30106e-05	0
4890	2.5987e-05	-3.75043e-05	0
4900	3.2845e-05	-4.57875e-05	0
4910	3.66299e-05	-5.02117e-05	0
4920	3.99979e-05	-5.41565e-05	0
4930	4.25079e-05	-5.74768e-05	0
4940	4.44412e-05	-5.97296e-05	0
4950	4.55788e-05	-6.07358e-05	0
4960	4.58418e-05	-6.04381e-05	0
4970	4.51938e-05	-5.88479e-05	0
4980	4.36444e-05	-5.60467e-05	0
4990	4.12466e-05	-5.21882e-05	0
5000	3.81044e-05	-4.74968e-05	0
5010	3.43806e-05	-4.22361e-05	0
5020	3.01838e-05	-3.63542e-05	0
5030	2.49298e-05	-2.91366e-05	0
5040	1.85656e-05	-2.07262e-05	0
5050	1.12484e-05	-1.13773e-05	0
5060	3.2575e-06	-1.35106e-06	0
5070	-4.7612e-06	8.96374e-06	0
5080	-1.25692e-05	1.90587e-05	0
5090	-2.0202e-05	2.8504e-05	0
5100	-2.74264e-05	3.69547e-05	0
5110	-3.40353e-05	4.41342e-05	0
5120	-3.97818e-05	4.98409e-05	0
5130	-4.44352e-05	5.39581e-05	0
5140	-4.78178e-05	5.64611e-05	0
5150	-4.98024e-05	5.74187e-05	0
5160	-5.03068e-05	5.6988e-05	0
5170	-4.92976e-05	5.54027e-05	0
5180	-4.67863e-05	5.29577e-05	0
5190	-4.35246e-05	5.35247e-05	0
5200	-3.83505e-05	5.47896e-05	0
5210	-3.25536e-05	5.42588e-05	0
5220	-2.64145e-05	5.32059e-05	0
5230	-1.98584e-05	5.17482e-05	0
5240	-1.31903e-05	4.88012e-05	0
5250	-6.70803e-06	4.58798e-05	0
5260	-7.50538e-07	4.19521e-05	0
5270	4.43144e-06	3.86436e-05	0
5280	8.48451e-06	3.49002e-05	0
5290	1.10966e-05	3.2342e-05	0
5300	1.19429e-05	3.12297e-05	0
5310	1.0914e-05	3.17863e-05	0
5320	4.8115e-06	3.37685e-05	0
5330	8.50262e-07	3.64222e-05	0
5340	-1.38483e-06	3.9264e-05	0
5350	-3.16453e-06	4.16765e-05	0
5360	-4.68336e-06	4.30741e-05	0
5370	-5.97662e-06	4.29719e-05	0
5380	-6.86003e-06	4.10189e-05	0
5390	-7.63429e-06	3.70295e-05	0
5400	-8.1497e-06	3.0992e-05	0
5410	-8.52298e-06	2.3068e-05	0
5420	-8.87364e-06	1.35805e-05	0
5430	-8.62274e-06	3.00957e-06	0
5440	-7.80683e-06	-7.9769e-06	0
5450	-6.25232e-06	-1.86491e-05	0
5460	-6.21435e-06	-2.39876e-05	0
5470	-6.3027e-06	-2.44134e-05	0
5480	-6.2936e-06	-2.38842e-05	0
5490	-6.79241e-06	-2.1902e-05	0
5500	-6.59818e-06	-1.87233e-05	0
5510	-6.6965e-06	-1.52724e-05	0
5520	-6.78972e-06	-1.13582e-05	0
5530	-6.83112e-06	-7.16664e-06	0
5540	-6.73501e-06	-2.89291e-06	0
5550	-6.15974e-06	4.31983e-07	0
5560	-5.01193e-06	3.40368e-06	0
5570	-4.16418e-06	5.96385e-06	0
5580	-3.49089e-06	8.11324e-06	0
5590	-2.81071e-06	9.77233e-06	0
5600	-2.15231e-06	1.08435e-05	0
5610	-1.39256e-06	1.11661e-05	0
5620	-8.30832e-07	1.09072e-05	0
5630	-3.76138e-07	1.00774e-05	0
5640	2.10817e-07	8.68498e-06	0
5650	6.37641e-07	7.0085e-06	0
5660	9.4616e-07	4.84459e-06	0
5670	1.17694e-06	2.56897e-06	0
5680	1.7666e-06	2.78476e-07	0
5690	1.13241e-06	-1.9351e-06	0
5700	1.86815e-06	-2.46017e-06	0
5710	2.92889e-06	-3.2637e-06	0
5720	4.86398e-06	-4.57967e-06	0
5730	7.27529e-06	-6.32663e-06	0
5740	9.77891e-06	-8.27311e-06	0
5750	1.20809e-05	-1.01409e-05	0
5760	1.3977e-05	-1.14762e-05	0
5770	1.4993e-05	-1.21647e-05	0
5780	1.45749e-05	-1.17348e-05	0
5790	1.23718e-05	-9.75267e-06	0
5800	9.0948e-06	-6.70506e-06	0
5810	6.98311e-06	-3.12411e-06	0
5820	6.56719e-06	5.59647e-07	0
5830	7.79698e-06	4.14233e-06	0
5840	1.03201e-05	7.6527e-06	0
5850	1.35812e-05	1.1311e-05	0
5860	1.6937e-05	1.54415e-05	0
5870	1.96956e-05	2.04224e-05	0
5880	2.11792e-05	2.66358e-05	0
5890	2.07707e-05	3.42847e-05	0
5900	1.79533e-05	4.34055e-05	0
5910	1.23689e-05	5.38747e-05	0
5920	3.87994e-06	6.54729e-05	0
5930	-7.38734e-06	7.78378e-05	0
5940	-2.10835e-05	9.08398e-05	0
5950	-3.67708e-05	0.000103949	0
5960	-5.41012e-05	0.000115136	0
5970	-7.24066e-05	0.000121642	0
5980	-8.97397e-05	0.00011894	0
5990	-9.95741e-05	0.000107192	0
6000	-9.77497e-05	9.24887e-05	0
6010	-8.95341e-05	7.5325e-05	0
6020	-7.76699e-05	5.52252e-05	0
6030	-6.30187e-05	3.21704e-05	0
6040	-4.59332e-05	6.57453e-06	0
6050	-2.45528e-05	-2.03059e-05	0
6060	2.92159e-06	-4.58836e-05	0
6070	2.02985e-05	-6.36767e-05	0
6080	3.33615e-05	-7.93704e-05	0
6090	4.54214e-05	-9.20347e-05	0
6100	5.46373e-05	-9.77712e-05	0
6110	6.34673e-05	-0.000103602	0
6120	7.35217e-05	-0.000110021	0
6130	8.4778e-05	-0.00011706	0
6140	9.66947e-05	-0.000124817	0
6150	0.000108657	-0.000132968	0
6160	0.000119546	-0.00014247	0
6170	0.000129904	-0.000158654	0
6180	0.00014028	-0.0001709	0
6190	0.000147965	-0.000180933	0
6200	0.000152825	-0.000186047	0
6210	0.000153609	-0.000186044	0
6220	0.000150126	-0.000180308	0
6230	0.000141669	-0.000168581	0
6240	0.000127969	-0.000150354	0
6250	0.000108762	-0.000126384	0
6260	8.53669e-05	-9.77541e-05	0
6270	5.94516e-05	-6.56072e-05	0
6280	3.19434e-05	-3.10408e-05	0
6290	4.38243e-06	4.49821e-06	0
6300	-1.42178e-05	2.65094e-05	0
6310	-2.36304e-05	3.48505e-05	0
6320	-3.34162e-05	4.0783e-05	0
6330	-4.33278e-05	4.53771e-05	0
6340	-5.28958e-05	4.81054e-05	0
6350	-6.21586e-05	4.9659e-05	0
6360	-7.04978e-05	5.08781e-05	0
6370	-7.74396e-05	5.19868e-05	0
6380	-8.24686e-05	6.08035e-05	0
6390	-8.63457e-05	6.81769e-05	0
6400	-8.88779e-05	7.45445e-05	0
6410	-8.98553e-05	8.00441e-05	0
6420	-8.92094e-05	8.47011e-05	0
6430	-8.69052e-05	8.83939e-05	0
6440	-8.31821e-05	9.09542e-05	0
6450	-7.80948e-05	9.23756e-05	0
6460	-7.16561e-05	9.21425e-05	0
6470	-6.4349e-05	9.01749e-05	0
6480	-5.36736e-05	8.64561e-05	0
6490	-4.45344e-05	8.10359e-05	0
6500	-3.48088e-05	7.41264e-05	0
6510	-2.52886e-05	6.59509e-05	0
6520	-1.63192e-05	5.68061e-05	0
6530	-8.25597e-06	4.70603e-05	0
6540	-1.53784e-06	3.71687e-05	0
6550	3.67257e-06	2.76084e-05	0
6560	6.97868e-06	1.87803e-05	0
6570	8.81465e-06	1.0793e-05	0
6580	9.92359e-06	3.68321e-06	0
6590	9.96132e-06	-4.62564e-06	0
6600	9.43398e-06	-1.05674e-05	0
6610	1.04377e-05	-1.46183e-05	0
6620	1.21646e-05	-1.89965e-05	0
6630	1.42747e-05	-2.38251e-05	0
6640	1.66544e-05	-2.74995e-05	0
6650	1.87082e-05	-3.0416e-05	0
6660	2.06485e-05	-3.3221e-05	0
6670	2.26626e-05	-3.5855e-05	0
6680	2.46716e-05	-3.8174e-05	0
6690	2.67525e-05	-4.00336e-05	0
6700	2.8537e-05	-4.13864e-05	0
6710	3.02128e-05	-4.21942e-05	0
6720	3.1284e-05	-4.25834e-05	0
6730	3.20574e-05	-4.23015e-05	0
6740	3.19315e-05	-4.09871e-05	0
6750	3.15964e-05	-3.89889e-05	0
6760	3.10112e-05	-3.68716e-05	0
6770	3.00917e-05	-3.41564e-05	0
6780	2.81218e-05	-3.09275e-05	0
6790	2.53951e-05	-2.76952e-05	0
6800	2.24135e-05	-2.43459e-05	0
6810	1.75404e-05	-2.3116e-05	0
6820	1.59802e-05	-2.04318e-05	0
6830	1.50977e-05	-1.77608e-05	0
6840	1.3577e-05	-1.43001e-05	0
6850	1.14704e-05	-1.02186e-05	0
6860	8.85896e-06	-5.60712e-06	0
6870	5.62227e-06	-4.99202e-07	0
6880	2.03593e-06	4.73788e-06	0
6890	-1.93863e-06	1.00169e-05	0
6900	-6.23529e-06	1.49645e-05	0
6910	-1.07131e-05	1.9357e-05	0
6920	-1.5094e-05	2.2846e-05	0
6930	-1.93265e-05	2.55448e-05	0
6940	-2.25393e-05	2.81397e-05	0
6950	-2.46006e-05	3.15595e-05	0
6960	-2.6846e-05	3.57908e-05	0
6970	-2.98472e-05	4.08056e-05	0
6980	-3.3203e-05	4.6404e-05	0
6990	-3.6897e-05	5.23516e-05	0
7000	-4.06168e-05	5.83549e-05	0
7010	-4.444e-05	6.40823e-05	0
7020	-4.79127e-05	6.92269e-05	0
7030	-5.09442e-05	7.34941e-05	0
7040	-5.31305e-05	7.70343e-05	0
7050	-5.46433e-05	7.9731e-05	0
7060	-5.52129e-05	8.09168e-05	0
7070	-5.47083e-05	8.03783e-05	0
7080	-5.30587e-05	7.79599e-05	0
7090	-4.97652e-05	7.35874e-05	0
7100	-4.50072e-05	6.7342e-05	0
7110	-3.94231e-05	5.93584e-05	0
7120	-3.30254e-05	4.9779e-05	0
7130	-2.61466e-05	3.87833e-05	0
7140	-1.92128e-05	2.65785e-05	0
7150	-1.2677e-05	1.33865e-05	0
7160	-7.01147e-06	-5.66366e-07	0
7170	-2.85737e-06	-1.49152e-05	0
7180	3.12671e-06	-2.50051e-05	0
7190	4.40133e-06	-2.94702e-05	0
7200	5.7971e-06	-3.36688e-05	0
7210	7.38205e-06	-3.76184e-05	0
7220	9.54069e-06	-4.12626e-05	0
7230	1.16968e-05	-4.48738e-05	0
7240	1.41079e-05	-4.82781e-05	0
7250	1.62792e-05	-5.13879e-05	0
7260	1.81771e-05	-5.39811e-05	0
7270	1.93297e-05	-5.57425e-05	0
7280	2.00416e-05	-5.60986e-05	0
7290	2.28405e-05	-5.6657e-05	0
7300	2.30992e-05	-5.28268e-05	0
7310	2.21923e-05	-4.83387e-05	0
7320	1.9624e-05	-4.21083e-05	0
7330	1.62113e-05	-3.42487e-05	0
7340	1.32038e-05	-2.55375e-05	0
7350	9.72122e-06	-1.5514e-05	0
7360	7.23495e-06	-6.34082e-06	0
7370	-2.05058e-08	-2.87596e-06	0
7380	-5.29822e-07	1.03072e-06	0
7390	-6.33488e-07	5.05904e-06	0
7400	2.01155e-06	9.99136e-06	0
7410	-2.53971e-06	1.30298e-05	0
7420	-2.54946e-06	1.34914e-05	0
7430	-3.28249e-06	1.44063e-05	0
7440	-3.95108e-06	1.52025e-05	0
7450	-4.43737e-06	1.57609e-05	0
7460	-4.35255e-06	1.71806e-05	0
7470	-4.21896e-06	1.76738e-05	0
7480	-4.01118e-06	1.7741e-05	0
7490	-3.77008e-06	1.73042e-05	0
7500	-3.01717e-06	1.66616e-05	0
7510	-2.17972e-06	1.56827e-05	0
7520	-1.08048e-06	1.45251e-05	0
7530	2.3541e-07	1.32282e-05	0
7540	1.44208e-06	1.1656e-05	0
7550	2.97137e-06	1.00815e-05	0
7560	4.25091e-06	8.29909e-06	0
7570	5.15536e-06	6.43253e-06	0
7580	5.82834e-06	4.57715e-06	0
7590	6.63807e-06	2.72364e-06	0
7600	7.32785e-06	8.25766e-07	0
7610	7.89379e-06	-1.19635e-06	0
7620	8.33928e-06	-3.4642e-06	0
7630	8.66703e-06	-6.09974e-06	0
7640	8.73927e-06	-9.15677e-06	0
7650	8.66788e-06	-1.16314e-05	0
7660	8.00864e-06	-1.27989e-05	0
7670	7.36088e-06	-1.39312e-05	0
7680	6.77931e-06	-1.48693e-05	0
7690	6.06371e-06	-1.55738e-05	0
7700	5.06208e-06	-1.59761e-05	0
7710	3.82593e-06	-1.60262e-05	0
7720	2.43652e-06	-1.56932e-05	0
7730	1.00207e-06	-1.50361e-05	0
7740	-1.19202e-06	-1.38892e-05	0
7750	-1.76036e-06	-1.29932e-05	0
7760	-2.77887e-06	-1.14083e-05	0
7770	-2.85411e-06	-9.65332e-06	0
7780	-3.50827e-06	-7.30919e-06	0
7790	-3.45429e-06	-5.37494e-06	0
7800	-3.39779e-06	-2.6368e-06	0
7810	-2.99447e-06	-1.61223e-06	0
7820	-3.70338e-06	-7.08872e-07	0
7830	-4.075e-06	7.80033e-07	0
7840	-3.49718e-06	2.20341e-06	0
7850	-3.39384e-06	2.94568e-06	0
7860	-2.80944e-06	3.96955e-06	0
7870	-2.37386e-06	5.03139e-06	0
7880	-2.3731e-06	5.87789e-06	0
7890	-2.78564e-06	6.32061e-06	0
7900	-3.45312e-06	6.22908e-06	0
7910	-4.01388e-06	5.69924e-06	0
7920	-4.53822e-06	4.79544e-06	0
7930	-4.94721e-06	3.51113e-06	0
7940	-4.98162e-06	1.89371e-06	0
7950	-4.62381e-06	3.49708e-08	0
7960	-3.87389e-06	-1.91623e-06	0
7970	-2.68574e-06	-3.77551e-06	0
7980	-1.06805e-06	-5.41157e-06	0
7990	9.91651e-07	-6.96248e-06	0
8000	3.5047e-06	-8.55348e-06	0
8010	6.44206e-06	-1.00224e-05	0
8020	9.74099e-06	-1.11463e-05	0
8030	1.51572e-05	-1.05455e-05	0
8040	1.59612e-05	-9.50422e-06	0
8050	1.48754e-05	-7.15073e-06	0
8060	1.54322e-05	-7.04425e-06	0
8070	1.44564e-05	-5.95032e-06	0
8080	1.30605e-05	-5.08381e-06	0
8090	1.13248e-05	-4.24428e-06	0
8100	9.79806e-06	-2.66099e-06	0
8110	8.60969e-06	-2.9398e-07	0
8120	6.16624e-06	1.6174e-06	0
8130	4.4767e-06	2.73303e-06	0
8140	3.10301e-06	3.86748e-06	0
8150	2.14677e-06	4.20905e-06	0
8160	9.19198e-07	4.8128e-06	0
8170	-8.59355e-08	6.08159e-06	0
8180	-1.27951e-06	6.48637e-06	0
8190	-2.03202e-06	6.40548e-06	0
8200	-2.61564e-06	7.10007e-06	0
8210	-2.63472e-06	7.69929e-06	0
8220	-3.09302e-06	6.92507e-06	0
8230	-4.06877e-06	7.0466e-06	0
8240	-4.2195e-06	7.24592e-06	0
8250	-4.49852e-06	7.23834e-06	0
8260	-4.25284e-06	6.24375e-06	0
8270	-4.27656e-06	5.40411e-06	0
8280	-3.77859e-06	4.92043e-06	0
8290	-3.55133e-06	3.36932e-06	0
8300	-3.46691e-06	1.78595e-06	0
8310	-3.45588e-06	1.90568e-06	0
8320	-1.71068e-06	-1.55343e-07	0
8330	-1.64467e-07	-1.83011e-07	0
8340	2.29606e-07	-1.03902e-06	0
8350	-1.13954e-07	5.9703e-08	0
8360	3.98196e-07	-7.65516e-07	0
8370	-4.58005e-07	3.84008e-08	0
8380	4.87454e-07	-1.32515e-06	0
8390	5.7987e-07	-7.46976e-07	0
8400	8.22189e-07	-1.70185e-06	0
8410	4.47074e-07	-7.3253e-07	0
8420	1.16866e-06	-1.83088e-06	0
8430	1.22892e-06	-1.96688e-06	0
8440	1.1773e-06	-2.64407e-06	0
8450	1.33868e-06	-2.47983e-06	0
8460	6.97347e-07	-2.49548e-06	0
8470	4.49811e-07	-2.37411e-06	0
8480	1.24966e-06	-3.83809e-06	0
8490	2.33508e-06	-5.13597e-06	0
8500	1.22796e-06	-4.68549e-06	0
8510	3.02967e-06	-6.37847e-06	0
8520	3.53359e-06	-7.34282e-06	0
8530	3.01093e-06	-7.50645e-06	0
8540	3.09858e-06	-8.65306e-06	0
8550	3.25589e-06	-8.90311e-06	0
8560	4.36946e-06	-9.9311e-06	0
8570	4.12252e-06	-8.55202e-06	0
8580	5.4791e-06	-9.57002e-06	0
8590	4.80687e-06	-9.59128e-06	0
8600	4.35037e-06	-8.96186e-06	0
8610	5.43441e-06	-9.56494e-06	0
8620	5.32826e-06	-8.70248e-06	0
8630	4.13934e-06	-6.98608e-06	0
8640	4.34402e-06	-6.80951e-06	0
8650	4.90094e-06	-6.20173e-06	0
8660	4.53911e-06	-4.94212e-06	0
8670	3.00158e-06	-3.84567e-06	0
8680	2.32123e-06	-2.84592e-06	0
8690	2.51639e-06	-1.51189e-06	0
8700	2.01206e-06	4.02827e-07	0
8710	1.49556e-06	1.12092e-06	0
8720	1.13168e-07	2.60858e-06	0
8730	9.14621e-07	2.3493e-06	0
8740	-2.78557e-07	4.95282e-06	0
8750	-9.33091e-07	5.70795e-06	0
8760	5.06002e-07	6.98138e-06	0
8770	-1.27283e-06	9.02462e-06	0
8780	-9.59509e-07	1.03059e-05	0
8790	-1.36847e-06	1.20005e-05	0
8800	-2.3551e-06	1.37078e-05	0
8810	-4.2832e-06	1.51702e-05	0
8820	-4.67261e-06	1.65259e-05	0
8830	-6.81937e-06	1.8288e-05	0
8840	-7.49003e-06	1.82681e-05	0
8850	-7.49456e-06	1.7591e-05	0
8860	-8.86589e-06	1.76328e-05	0
8870	-9.16329e-06	1.67403e-05	0
8880	-9.02117e-06	1.53594e-05	0
8890	-8.94519e-06	1.33368e-05	0
8900	-8.2761e-06	1.09367e-05	0
8910	-7.24841e-06	8.16499e-06	0
8920	-6.8651e-06	4.95639e-06	0
8930	-5.89249e-06	2.18912e-06	0
8940	-3.45207e-06	6.87757e-07	0
8950	-1.59183e-06	-2.90195e-08	0
8960	-6.85384e-07	-1.26334e-06	0
8970	7.11453e-07	-1.70433e-06	0
8980	9.62593e-07	-1.89313e-06	0
8990	1.52569e-06	-2.04548e-06	0
9000	2.05179e-06	-2.17198e-06	0
9010	2.98519e-06	-2.39074e-06	0
9020	3.77043e-06	-2.57648e-06	0
9030	4.30683e-06	-2.36253e-06	0
9040	5.02131e-06	-2.18763e-06	0
9050	5.36731e-06	-1.93558e-06	0
9060	6.07294e-06	-1.84293e-06	0
9070	6.72077e-06	-1.66211e-06	0
9080	7.00796e-06	-1.4552e-06	0
9090	7.16105e-06	-1.18484e-06	0
9100	7.38481e-06	-8.02726e-07	0
9110	7.6091e-06	-2.1624e-07	0
9120	7.66637e-06	6.24761e-07	0
9130	8.12856e-06	1.52612e-06	0
9140	7.81373e-06	2.59528e-06	0
9150	7.73803e-06	3.55876e-06	0
9160	7.76724e-06	4.61163e-06	0
9170	8.73524e-06	5.23885e-06	0
9180	8.87527e-06	5.24754e-06	0
9190	9.51374e-06	5.34949e-06	0
9200	8.99798e-06	5.19833e-06	0
9210	9.17163e-06	4.75887e-06	0
9220	9.10531e-06	4.32747e-06	0
9230	9.03826e-06	3.87173e-06	0
9240	8.76652e-06	3.52043e-06	0
9250	8.84478e-06	3.28459e-06	0
9260	8.74779e-06	3.1444e-06	0
9270	8.28082e-06	3.0528e-06	0
9280	8.39388e-06	2.81847e-06	0
9290	8.00193e-06	2.54258e-06	0
9300	8.18455e-06	2.16733e-06	0
9310	7.91114e-06	1.66463e-06	0
9320	7.88795e-06	1.03493e-06	0
9330	7.78899e-06	2.73002e-07	0
9340	7.69368e-06	-6.7189e-07	0
9350	7.58893e-06	-1.79272e-06	0
9360	7.63864e-06	-2.89057e-06	0
9370	7.60769e-06	-4.03439e-06	0
9380	7.80352e-06	-4.73894e-06	0
9390	7.50981e-06	-5.3178e-06	0
9400	7.07175e-06	-5.47072e-06	0
9410	6.57703e-06	-5.15931e-06	0
9420	6.05109e-06	-4.44245e-06	0
9430	5.49618e-06	-3.30167e-06	0
9440	4.80972e-06	-1.77487e-06	0
9450	4.01939e-06	1.16287e-07	0
9460	2.99947e-06	2.25687e-06	0
9470	1.79256e-06	4.61485e-06	0
9480	3.86316e-07	7.07402e-06	0
9490	-1.40287e-06	9.43288e-06	0
9500	-3.85783e-06	1.15202e-05	0
9510	-5.37996e-06	1.17979e-05	0
9520	-6.60802e-06	1.12322e-05	0
9530	-6.92667e-06	1.06194e-05	0
9540	-7.88751e-06	1.00454e-05	0
9550	-7.28124e-06	9.57346e-06	0
9560	-7.87743e-06	9.44712e-06	0
9570	-8.17279e-06	9.06122e-06	0
9580	-8.72244e-06	8.73815e-06	0
9590	-9.03656e-06	8.41281e-06	0
9600	-9.63477e-06	8.02622e-06	0
9610	-1.00034e-05	7.7595e-06	0
9620	-1.04242e-05	7.61061e-06	0
9630	-1.0831e-05	7.59833e-06	0
9640	-1.12587e-05	7.64488e-06	0
9650	-1.16582e-05	7.69271e-06	0
9660	-1.21301e-05	7.56407e-06	0
9670	-1.27562e-05	7.20424e-06	0
9680	-1.34003e-05	6.52831e-06	0
9690	-1.37723e-05	5.48083e-06	0
9700	-1.38778e-05	4.06165e-06	0
9710	-1.37027e-05	2.304e-06	0
9720	-1.32001e-05	2.94302e-07	0
9730	-1.23174e-05	-1.8341e-06	0
9740	-1.09957e-05	-3.8959e-06	0
9750	-9.20681e-06	-5.6563e-06	0
9760	-6.78714e-06	-6.90484e-06	0
9770	-4.30993e-06	-5.9893e-06	0
9780	-4.06206e-06	-4.13346e-06	0
9790	-4.16137e-06	-1.97288e-06	0
9800	-4.50475e-06	2.94585e-07	0
9810	-5.10379e-06	2.49621e-06	0
9820	-5.99535e-06	4.34418e-06	0
9830	-7.37193e-06	5.38784e-06	0
9840	-1.03403e-05	5.84468e-06	0
9850	-1.31562e-05	7.15792e-06	0
9860	-1.52294e-05	8.89623e-06	0
9870	-1.71643e-05	1.09568e-05	0
9880	-1.95132e-05	1.31724e-05	0
9890	-2.18864e-05	1.53155e-05	0
9900	-2.34323e-05	1.70788e-05	0
9910	-2.39364e-05	1.82246e-05	0
9920	-2.44645e-05	1.85007e-05	0
9930	-2.41022e-05	1.75968e-05	0
9940	-2.24531e-05	1.52337e-05	0
9950	-1.93983e-05	1.12176e-05	0
9960	-1.5117e-05	5.49013e-06	0
9970	-9.81234e-06	-1.90121e-06	0
9980	-3.4188e-06	-1.07883e-05	0
9990	3.86749e-06	-2.098e-05	0
10000	1.20477e-05	-3.22753e-05	0
10010	2.05882e-05	-4.45091e-05	0
10020	2.94979e-05	-5.30204e-05	0
10030	3.16394e-05	-5.52127e-05	0
10040	3.24338e-05	-5.77253e-05	0
10050	3.29507e-05	-6.02307e-05	0
10060	3.27814e-05	-6.23498e-05	0
10070	3.26492e-05	-6.32217e-05	0
10080	3.17149e-05	-6.30437e-05	0
10090	3.05168e-05	-6.34033e-05	0
10100	2.85102e-05	-6.07434e-05	0
10110	2.54116e-05	-5.54585e-05	0
10120	2.17569e-05	-4.82088e-05	0
10130	1.74918e-05	-3.85828e-05	0
10140	1.28927e-05	-2.76351e-05	0
10150	8.66374e-06	-1.60253e-05	0
10160	4.85722e-06	-3.14674e-06	0
10170	2.94258e-07	1.15072e-05	0
10180	-3.2745e-06	2.80255e-05	0
10190	-7.20978e-06	4.61716e-05	0
10200	-1.17301e-05	6.57386e-05	0
10210	-1.67479e-05	8.62782e-05	0
10220	-2.21421e-05	0.000104672	0
10230	-2.57512e-05	0.000119057	0
10240	-2.93141e-05	0.000131652	0
10250	-3.25539e-05	0.000141707	0
10260	-3.42982e-05	0.000146215	0
10270	-3.42383e-05	0.000141381	0
10280	-3.33254e-05	0.000134115	0
10290	-2.99587e-05	0.000132388	0
10300	-2.4448e-05	0.000135052	0
10310	-1.76362e-05	0.000137574	0
10320	-1.0241e-05	0.000138705	0
10330	-2.89297e-06	0.000137136	0
10340	6.05318e-06	0.000131642	0
10350	1.35541e-05	0.000121315	0
10360	1.85165e-05	0.000104948	0
10370	2.15961e-05	8.2375e-05	0
10380	2.30868e-05	5.40973e-05	0
10390	2.32805e-05	2.1184e-05	0
10400	2.22337e-05	-1.47647e-05	0
10410	1.98631e-05	-5.17156e-05	0
10420	1.61664e-05	-8.69355e-05	0
10430	8.03529e-06	-0.000103648	0
10440	2.17589e-06	-0.000104162	0
10450	-2.18843e-06	-0.000102667	0
10460	-5.35518e-06	-9.95062e-05	0
10470	-7.90696e-06	-0.000100136	0
10480	-8.40534e-06	-0.000101251	0
10490	-7.94738e-06	-0.000101601	0
10500	-6.47595e-06	-0.000101026	0
10510	-3.92417e-06	-9.92987e-05	0
10520	-1.75323e-06	-9.6125e-05	0
10530	1.48849e-06	-9.17916e-05	0
10540	5.74689e-06	-8.85358e-05	0
10550	8.01186e-06	-8.42986e-05	0
10560	8.40071e-06	-7.94399e-05	0
10570	7.10634e-06	-7.43826e-05	0
10580	3.40347e-06	-6.86603e-05	0
10590	-1.78989e-06	-6.17847e-05	0
10600	-5.82151e-06	-5.70215e-05	0
10610	-5.78263e-06	-5.20296e-05	0
10620	-5.26825e-06	-4.58044e-05	0
10630	-5.15317e-06	-3.76551e-05	0
10640	-3.95262e-06	-2.97962e-05	0
10650	-4.03417e-06	-2.03773e-05	0
10660	-3.27421e-06	-1.08806e-05	0
10670	-3.21728e-06	-1.53889e-06	0
10680	-3.48236e-06	7.48218e-06	0
10690	-4.23865e-06	1.58546e-05	0
10700	-5.52098e-06	2.33672e-05	0
10710	-7.16277e-06	2.99622e-05	0
10720	-8.60489e-06	3.57692e-05	0
10730	-8.70826e-06	3.92678e-05	0
10740	-8.06907e-06	4.27798e-05	0
10750	-7.32315e-06	4.46966e-05	0
10760	-8.21636e-06	4.6182e-05	0
10770	-7.34751e-06	4.83212e-05	0
10780	-5.71247e-06	4.91282e-05	0
10790	-2.00005e-06	4.91084e-05	0
10800	4.31895e-07	4.79381e-05	0
10810	3.19702e-07	4.63804e-05	0
10820	2.12029e-06	4.33018e-05	0
10830	2.83677e-06	3.9706e-05	0
10840	3.48648e-06	3.57012e-05	0
10850	4.7807e-06	3.18087e-05	0
10860	5.75366e-06	2.86461e-05	0
10870	6.00131e-06	2.67422e-05	0
10880	5.04186e-06	2.75591e-05	0
10890	2.01024e-06	2.94824e-05	0
10900	2.11223e-06	3.07178e-05	0
10910	2.63955e-06	3.14627e-05	0
10920	3.63724e-06	3.12787e-05	0
10930	6.26128e-06	3.02323e-05	0
10940	7.08572e-06	2.77546e-05	0
10950	7.57041e-06	2.41801e-05	0
10960	7.95925e-06	1.9631e-05	0
10970	7.33655e-06	1.53589e-05	0
10980	6.18579e-06	1.06623e-05	0
10990	4.9555e-06	5.93494e-06	0
11000	3.43285e-06	3.46913e-06	0
11010	3.74467e-06	2.19043e-06	0
11020	4.4117e-06	8.18821e-07	0
11030	5.11311e-06	-1.62793e-08	0
11040	5.47874e-06	-5.58335e-07	0
11050	5.58455e-06	-8.4477e-07	0
11060	5.34793e-06	-8.26755e-07	0
11070	4.63096e-06	-2.32057e-07	0
11080	3.27637e-06	7.26393e-07	0
11090	1.33857e-06	1.91977e-06	0
11100	-1.14607e-06	3.19487e-06	0
11110	-3.80929e-06	4.74502e-06	0
11120	-6.89418e-06	6.21573e-06	0
11130	-1.00739e-05	7.65903e-06	0
11140	-1.31541e-05	8.95841e-06	0
11150	-1.60888e-05	1.01045e-05	0
11160	-1.91051e-05	1.06245e-05	0
11170	-2.26651e-05	1.06744e-05	0
11180	-2.53719e-05	1.1001e-05	0
11190	-2.72223e-05	1.15879e-05	0
11200	-2.81693e-05	1.26143e-05	0
11210	-2.776e-05	1.37922e-05	0
11220	-2.77021e-05	1.50166e-05	0
11230	-2.64617e-05	1.61718e-05	0
11240	-2.57644e-05	1.71488e-05	0
11250	-2.45379e-05	1.77118e-05	0
11260	-2.3797e-05	1.78343e-05	0
11270	-2.38451e-05	1.7505e-05	0
11280	-2.4232e-05	1.72818e-05	0
11290	-2.44507e-05	1.71406e-05	0
11300	-2.46e-05	1.70052e-05	0
11310	-2.4639e-05	1.66206e-05	0
11320	-2.43224e-05	1.58824e-05	0
11330	-2.3343e-05	1.4577e-05	0
11340	-2.2342e-05	1.27735e-05	0
11350	-2.07145e-05	1.06578e-05	0
11360	-1.81243e-05	7.7875e-06	0
11370	-1.53686e-05	4.3904e-06	0
11380	-1.192e-05	4.26165e-07	0
11390	-7.92363e-06	-4.07176e-06	0
11400	-3.34974e-06	-9.20444e-06	0
11410	1.32963e-06	-1.51941e-05	0
11420	5.48344e-06	-2.2484e-05	0
11430	7.45685e-06	-2.86752e-05	0
11440	6.85964e-06	-3.17434e-05	0
11450	6.53065e-06	-3.42873e-05	0
11460	5.43774e-06	-3.63329e-05	0
11470	4.017e-06	-3.83852e-05	0
11480	1.67372e-06	-4.00991e-05	0
11490	-1.76254e-06	-4.14004e-05	0
11500	-5.35448e-06	-4.27082e-05	0
11510	-6.12391e-06	-4.42559e-05	0
11520	-3.50757e-06	-4.72669e-05	0
11530	2.23947e-06	-5.11613e-05	0
11540	1.09559e-05	-5.59074e-05	0
11550	2.19977e-05	-6.12087e-05	0
11560	3.5016e-05	-6.61788e-05	0
11570	4.92446e-05	-7.09612e-05	0
11580	6.38239e-05	-7.52151e-05	0
11590	7.78731e-05	-7.84891e-05	0
11600	9.05638e-05	-8.01997e-05	0
11610	0.000101106	-8.00887e-05	0
11620	0.000108767	-7.8054e-05	0
11630	0.000112933	-7.40838e-05	0
11640	0.000113128	-6.82332e-05	0
11650	0.000109034	-6.05947e-05	0
11660	0.000100521	-5.12654e-05	0
11670	8.76082e-05	-4.03185e-05	0
11680	7.01772e-05	-2.77838e-05	0
11690	4.8722e-05	-1.36402e-05	0
11700	2.4634e-05	2.24155e-06	0
11710	-1.33455e-06	2.03679e-05	0
11720	-2.80456e-05	4.13199e-05	0
11730	-5.3265e-05	6.53445e-05	0
11740	-6.99875e-05	8.5145e-05	0
11750	-7.37861e-05	9.44697e-05	0
11760	-7.44298e-05	0.000103702	0
11770	-7.40572e-05	0.000110418	0
11780	-7.23754e-05	0.000115768	0
11790	-6.94412e-05	0.000119654	0
11800	-6.51249e-05	0.000121912	0
11810	-5.92513e-05	0.000122318	0
11820	-5.18137e-05	0.000120182	0
11830	-4.33109e-05	0.000115087	0
11840	-3.34991e-05	0.000106883	0
11850	-2.2206e-05	9.54668e-05	0
11860	-9.99646e-06	8.08702e-05	0
11870	2.53435e-06	6.33284e-05	0
11880	1.52399e-05	4.32334e-05	0
11890	2.80562e-05	2.09739e-05	0
11900	4.01685e-05	-3.0453e-06	0
11910	5.06828e-05	-2.81832e-05	0
11920	5.83942e-05	-5.3447e-05	0
11930	5.93603e-05	-7.01546e-05	0
11940	5.98478e-05	-8.22163e-05	0
11950	5.73542e-05	-9.24373e-05	0
11960	5.61935e-05	-9.9044e-05	0
11970	5.14485e-05	-0.000101314	0
11980	4.51882e-05	-0.000101599	0
11990	4.19061e-05	-0.000100139	0
12000	3.90395e-05	-0.000100268	0
12010	3.5418e-05	-0.000101738	0
12020	3.08939e-05	-0.000103043	0
12030	2.51889e-05	-0.000103209	0
12040	1.83203e-05	-0.000101236	0
12050	1.05065e-05	-9.61793e-05	0
12060	2.01842e-06	-8.72922e-05	0
12070	-7.01853e-06	-7.42045e-05	0
12080	-1.68647e-05	-5.73479e-05	0
12090	-2.57662e-05	-3.84386e-05	0
12100	-3.18322e-05	-1.99287e-05	0
12110	-3.55394e-05	-3.40347e-06	0
12120	-3.84367e-05	1.11522e-05	0
12130	-4.1741e-05	2.42806e-05	0
12140	-4.60374e-05	3.62444e-05	0
12150	-5.15322e-05	4.69848e-05	0
12160	-5.82345e-05	5.62693e-05	0
12170	-6.60371e-05	6.38262e-05	0
12180	-7.47518e-05	6.9453e-05	0
12190	-8.4066e-05	7.30784e-05	0
12200	-9.34698e-05	7.47624e-05	0
12210	-0.000102299	7.47055e-05	0
12220	-0.000109819	7.32742e-05	0
12230	-0.000115445	7.05042e-05	0
12240	-0.000119463	7.22447e-05	0
12250	-0.000119972	7.43985e-05	0
12260	-0.00011861	7.36424e-05	0
12270	-0.000112957	7.12287e-05	0
12280	-0.000105127	6.82277e-05	0
12290	-9.393e-05	6.26376e-05	0
12300	-7.97589e-05	5.6071e-05	0
12310	-6.26836e-05	4.90084e-05	0
12320	-4.33483e-05	4.11197e-05	0
12330	-2.24211e-05	3.35415e-05	0
12340	-5.29212e-07	2.62619e-05	0
12350	2.12475e-05	1.93227e-05	0
12360	4.21048e-05	1.16636e-05	0
12370	5.11718e-05	1.02902e-05	0
12380	5.24326e-05	1.25784e-05	0
12390	5.17115e-05	1.62411e-05	0
12400	4.94909e-05	1.93638e-05	0
12410	4.65143e-05	2.16746e-05	0
12420	4.28193e-05	2.2938e-05	0
12430	3.85846e-05	2.30318e-05	0
12440	3.46856e-05	1.97267e-05	0
12450	2.96173e-05	1.55567e-05	0
12460	2.4636e-05	1.16234e-05	0
12470	1.98211e-05	7.90987e-06	0
12480	1.51844e-05	4.33653e-06	0
12490	1.47272e-05	9.23444e-07	0
12500	1.32647e-05	-2.26298e-06	0
12510	1.15149e-05	-5.1036e-06	0
12520	9.62625e-06	-7.47829e-06	0
12530	7.67132e-06	-9.29116e-06	0
12540	4.318e-06	-1.04662e-05	0
12550	2.42071e-06	-1.10002e-05	0
12560	-8.73171e-07	-1.08284e-05	0
12570	-3.30669e-06	-1.00768e-05	0
12580	-5.77433e-06	-8.80122e-06	0
12590	-8.08484e-06	-7.14932e-06	0
12600	-9.85077e-06	-5.34388e-06	0
12610	-1.25558e-05	-3.37724e-06	0
12620	-1.4172e-05	-1.55044e-06	0
12630	-1.57544e-05	1.26852e-07	0
12640	-1.70024e-05	1.21962e-06	0
12650	-1.79947e-05	1.95472e-06	0
12660	-1.8628e-05	1.86033e-06	0
12670	-1.92719e-05	1.43462e-06	0
12680	-1.8997e-05	7.071e-07	0
12690	-1.81739e-05	3.20483e-06	0
12700	-1.76263e-05	4.67843e-06	0
12710	-1.74564e-05	5.49224e-06	0
12720	-1.72421e-05	5.69667e-06	0
12730	-1.64739e-05	5.25425e-06	0
12740	-1.51731e-05	4.07763e-06	0
12750	-1.32133e-05	2.11783e-06	0
12760	-1.07616e-05	-7.0819e-07	0
12770	-7.91095e-06	-4.51479e-06	0
12780	-4.82433e-06	-9.42627e-06	0
12790	-1.69802e-06	-1.55506e-05	0
12800	1.32431e-06	-2.28964e-05	0
12810	3.88476e-06	-3.12818e-05	0
12820	4.72023e-06	-3.76798e-05	0
12830	3.70049e-06	-4.06676e-05	0
12840	1.79511e-06	-4.31521e-05	0
12850	4.6686e-08	-4.56128e-05	0
12860	7.87709e-07	-4.7831e-05	0
12870	4.72225e-06	-5.04764e-05	0
12880	1.30053e-05	-5.42976e-05	0
12890	2.50994e-05	-5.93738e-05	0
12900	3.99058e-05	-6.55286e-05	0
12910	5.64089e-05	-7.24709e-05	0
12920	7.34469e-05	-7.96863e-05	0
12930	8.97511e-05	-8.64897e-05	0
12940	0.000104062	-9.2038e-05	0
12950	0.000115418	-9.60532e-05	0
12960	0.000122244	-9.65456e-05	0
12970	0.000124111	-9.35497e-05	0
12980	0.000120652	-8.61812e-05	0
12990	0.000112314	-7.40552e-05	0
13000	9.88923e-05	-5.66158e-05	0
13010	8.08068e-05	-3.42421e-05	0
13020	5.88638e-05	-7.56455e-06	0
13030	3.39621e-05	2.25229e-05	0
13040	6.85739e-06	5.52577e-05	0
13050	-2.13519e-05	8.86897e-05	0
13060	-4.99561e-05	0.000118734	0
13070	-7.57378e-05	0.000128821	0
13080	-8.50577e-05	0.000134947	0
13090	-9.0716e-05	0.000138205	0
13100	-9.50729e-05	0.000139452	0
13110	-9.65491e-05	0.000139179	0
13120	-9.52323e-05	0.000135552	0
13130	-9.12918e-05	0.000128593	0
13140	-8.4778e-05	0.000118335	0
13150	-7.58996e-05	0.000105007	0
13160	-6.49209e-05	8.9039e-05	0
13170	-5.22989e-05	7.09969e-05	0
13180	-3.39278e-05	5.18652e-05	0
13190	-1.6381e-05	3.16175e-05	0
13200	-3.62509e-08	1.06768e-05	0
13210	1.56714e-05	-1.08247e-05	0
13220	2.8051e-05	-2.85281e-05	0
13230	3.51389e-05	-3.94194e-05	0
13240	3.89427e-05	-4.88211e-05	0
13250	3.95106e-05	-5.35423e-05	0
13260	3.8637e-05	-5.62102e-05	0
13270	4.02562e-05	-5.82728e-05	0
13280	4.27892e-05	-6.01976e-05	0
13290	4.38789e-05	-6.14164e-05	0
13300	4.55933e-05	-6.46363e-05	0
13310	4.74627e-05	-6.75858e-05	0
13320	5.03495e-05	-7.20549e-05	0
13330	5.4687e-05	-7.81858e-05	0
13340	6.01155e-05	-8.57165e-05	0
13350	6.56179e-05	-9.39688e-05	0
13360	7.04463e-05	-0.000101932	0
13370	7.38851e-05	-0.000108389	0
13380	7.52381e-05	-0.000112074	0
13390	7.40501e-05	-0.000111787	0
13400	7.00713e-05	-0.000106697	0
13410	6.27785e-05	-9.64146e-05	0
13420	5.1736e-05	-8.09299e-05	0
13430	3.74553e-05	-6.0542e-05	0
13440	2.11094e-05	-3.57777e-05	0
13450	3.78451e-06	-7.3126e-06	0
13460	-1.3151e-05	2.19469e-05	0
13470	-1.79892e-05	3.24964e-05	0
13480	-2.22377e-05	4.06574e-05	0
13490	-2.40787e-05	4.62373e-05	0
13500	-3.14086e-05	4.83677e-05	0
13510	-3.71966e-05	4.88057e-05	0
13520	-4.36462e-05	4.89294e-05	0
13530	-5.04304e-05	4.96685e-05	0
13540	-5.65628e-05	5.06375e-05	0
13550	-6.15201e-05	5.78763e-05	0
13560	-6.68048e-05	6.40522e-05	0
13570	-7.16907e-05	6.93147e-05	0
13580	-7.37884e-05	7.34483e-05	0
13590	-7.45114e-05	7.4898e-05	0
13600	-7.33868e-05	7.32626e-05	0
13610	-7.04304e-05	6.94013e-05	0
13620	-6.49139e-05	6.28181e-05	0
13630	-5.77583e-05	5.36284e-05	0
13640	-4.93191e-05	4.22908e-05	0
13650	-3.96568e-05	2.93179e-05	0
13660	-2.92012e-05	1.52122e-05	0
13670	-1.85781e-05	4.1581e-07	0
13680	-8.49175e-06	-1.43098e-05	0
13690	1.01091e-06	-2.87185e-05	0
13700	9.43017e-06	-3.51446e-05	0
13710	1.38909e-05	-4.09231e-05	0
13720	1.97281e-05	-4.59881e-05	0
13730	2.58069e-05	-5.04559e-05	0
13740	3.24509e-05	-5.3845e-05	0
13750	3.94805e-05	-5.64112e-05	0
13760	4.69665e-05	-5.84308e-05	0
13770	5.2063e-05	-6.04639e-05	0
13780	5.5891e-05	-6.18407e-05	0
13790	5.63589e-05	-6.29315e-05	0
13800	5.57257e-05	-6.27081e-05	0
13810	5.39372e-05	-6.15994e-05	0
13820	5.1499e-05	-5.93135e-05	0
13830	4.83682e-05	-5.52939e-05	0
13840	4.51144e-05	-4.9327e-05	0
13850	4.20866e-05	-4.12797e-05	0
13860	3.93584e-05	-3.10492e-05	0
13870	3.7059e-05	-1.9163e-05	0
13880	3.51866e-05	-6.94144e-06	0
13890	3.33785e-05	4.07057e-06	0
13900	3.08195e-05	1.28388e-05	0
13910	2.64282e-05	1.96939e-05	0
13920	1.97255e-05	2.59819e-05	0
13930	1.09964e-05	3.29467e-05	0
13940	5.88642e-07	4.12831e-05	0
13950	-1.13478e-05	5.09615e-05	0
13960	-2.51927e-05	6.16609e-05	0
13970	-3.96659e-05	7.3025e-05	0
13980	-5.59259e-05	8.46993e-05	0
13990	-7.31918e-05	9.66846e-05	0
14000	-9.09111e-05	0.000108338	0
14010	-0.000108715	0.000119174	0
14020	-0.000126036	0.000128739	0
14030	-0.000142232	0.000136715	0
14040	-0.000156601	0.000142842	0
14050	-0.000168443	0.000146872	0
14060	-0.000177165	0.0001486	0
14070	-0.000183088	0.000153419	0
14080	-0.000184209	0.0001548	0
14090	-0.000181248	0.000152868	0
14100	-0.000173733	0.000147703	0
14110	-0.00016203	0.000139025	0
14120	-0.000145347	0.000127087	0
14130	-0.000125491	0.000111516	0
14140	-0.000102421	9.30383e-05	0
14150	-7.72149e-05	7.18381e-05	0
14160	-4.97446e-05	4.84055e-05	0
14170	-2.12953e-05	2.29563e-05	0
14180	7.03578e-06	-4.1133e-06	0
14190	3.40352e-05	-3.25213e-05	0
14200	5.07069e-05	-5.0542e-05	0
14210	5.86324e-05	-5.67485e-05	0
14220	6.54676e-05	-6.09006e-05	0
14230	7.11818e-05	-6.37314e-05	0
14240	7.43379e-05	-6.69611e-05	0
14250	7.86711e-05	-7.19829e-05	0
14260	8.07699e-05	-7.56956e-05	0
14270	8.21598e-05	-7.80153e-05	0
14280	8.25654e-05	-7.93322e-05	0
14290	8.18606e-05	-7.95697e-05	0
14300	7.98174e-05	-7.85195e-05	0
14310	7.67107e-05	-7.57995e-05	0
14320	7.21287e-05	-7.13316e-05	0
14330	6.45985e-05	-6.49504e-05	0
14340	5.54296e-05	-5.72289e-05	0
14350	4.71258e-05	-4.92471e-05	0
14360	3.66222e-05	-4.18468e-05	0
14370	2.62902e-05	-3.60561e-05	0
14380	1.87454e-05	-3.08016e-05	0
14390	1.19623e-05	-2.53771e-05	0
14400	5.3887e-06	-1.98223e-05	0
14410	-8.64564e-07	-1.42114e-05	0
14420	-6.80883e-06	-8.60812e-06	0
14430	-1.18689e-05	-1.4744e-06	0
14440	-1.68415e-05	4.33979e-06	0
14450	-2.00418e-05	8.74448e-06	0
14460	-2.19436e-05	1.1103e-05	0
14470	-2.29777e-05	1.18785e-05	0
14480	-2.32985e-05	1.17508e-05	0
14490	-2.40596e-05	1.07147e-05	0
14500	-2.72715e-05	9.10351e-06	0
14510	-2.62884e-05	7.44948e-06	0
14520	-2.91966e-05	7.06792e-06	0
14530	-3.16966e-05	7.77563e-06	0
14540	-3.51449e-05	6.94677e-06	0
14550	-3.72e-05	6.62543e-06	0
14560	-3.75668e-05	7.28834e-06	0
14570	-3.47089e-05	7.8336e-06	0
14580	-2.81904e-05	8.36623e-06	0
14590	-2.00673e-05	9.30539e-06	0
14600	-9.24837e-06	9.73869e-06	0
14610	3.2179e-06	9.74043e-06	0
14620	1.67431e-05	9.15722e-06	0
14630	3.05897e-05	7.81467e-06	0
14640	4.40406e-05	5.59258e-06	0
14650	5.63266e-05	2.31442e-06	0
14660	6.71932e-05	-2.66061e-06	0
14670	7.59599e-05	-9.29904e-06	0
14680	8.2256e-05	-1.71684e-05	0
14690	8.59073e-05	-2.58517e-05	0
14700	8.69629e-05	-3.45525e-05	0
14710	8.57645e-05	-4.23374e-05	0
14720	8.56418e-05	-4.82703e-05	0
14730	8.17845e-05	-5.13567e-05	0
14740	7.5524e-05	-5.15831e-05	0
14750	6.83086e-05	-4.90981e-05	0
14760	6.06486e-05	-4.40798e-05	0
14770	5.2166e-05	-3.68095e-05	0
14780	4.26117e-05	-2.88435e-05	0
14790	3.33768e-05	-2.04033e-05	0
14800	2.31645e-05	-1.18909e-05	0
14810	1.32084e-05	-1.49672e-06	0
14820	4.0337e-06	7.94037e-06	0
14830	-3.19755e-06	1.76086e-05	0
14840	-1.05155e-05	2.60312e-05	0
14850	-1.71187e-05	3.28681e-05	0
14860	-2.27356e-05	3.79745e-05	0
14870	-2.71815e-05	4.25057e-05	0
14880	-3.028e-05	4.65944e-05	0
14890	-3.19853e-05	4.87089e-05	0
14900	-3.32088e-05	5.10027e-05	0
14910	-3.38684e-05	5.3079e-05	0
14920	-3.45508e-05	5.53117e-05	0
14930	-3.48646e-05	5.44248e-05	0
14940	-3.52426e-05	5.24063e-05	0
14950	-3.33894e-05	4.86673e-05	0
14960	-3.15021e-05	4.42028e-05	0
14970	-2.85779e-05	3.87009e-05	0
14980	-2.46089e-05	3.24189e-05	0
14990	-1.92738e-05	2.495e-05	0
15000	-1.48468e-05	1.61797e-05	0
15010	-8.44524e-06	8.04418e-06	0
15020	4.86805e-07	7.36446e-06	0
15030	2.00824e-06	4.08801e-06	0
15040	1.98929e-06	1.39178e-06	0
15050	2.41397e-06	-6.75015e-07	0
15060	2.40549e-06	-3.49875e-06	0
15070	5.24392e-07	-6.14256e-06	0
15080	1.58885e-06	-1.0502e-05	0
15090	2.66674e-06	-1.42644e-05	0
15100	3.43551e-06	-1.65599e-05	0
15110	4.46844e-06	-1.86345e-05	0
15120	5.67659e-06	-2.06239e-05	0
15130	6.98404e-06	-2.25393e-05	0
15140	8.35041e-06	-2.43518e-05	0
15150	9.79226e-06	-2.60255e-05	0
15160	1.12852e-05	-2.75148e-05	0
15170	1.28153e-05	-2.88228e-05	0
15180	1.38818e-05	-2.97725e-05	0
15190	1.50115e-05	-3.04208e-05	0
15200	1.62314e-05	-3.08369e-05	0
15210	1.83372e-05	-3.08207e-05	0
15220	2.0002e-05	-3.05669e-05	0
15230	1.99536e-05	-3.04354e-05	0
15240	2.09002e-05	-2.97626e-05	0
15250	2.18135e-05	-2.86371e-05	0
15260	2.24594e-05	-2.73475e-05	0
15270	2.29155e-05	-2.57564e-05	0
15280	2.31443e-05	-2.39036e-05	0
15290	2.31107e-05	-2.18578e-05	0
15300	2.27184e-05	-1.97683e-05	0
15310	2.18391e-05	-1.77942e-05	0
15320	2.04704e-05	-1.6044e-05	0
15330	1.8605e-05	-1.44836e-05	0
15340	1.63095e-05	-1.30489e-05	0
15350	1.34831e-05	-1.15437e-05	0
15360	1.0195e-05	-9.79141e-06	0
15370	6.44028e-06	-7.57766e-06	0
15380	2.21443e-06	-4.5893e-06	0
15390	-2.45025e-06	-8.19176e-07	0
15400	-7.43167e-06	3.61047e-06	0
15410	-1.2616e-05	8.66769e-06	0
15420	-1.78845e-05	1.41715e-05	0
15430	-2.30961e-05	1.98259e-05	0
15440	-2.81746e-05	2.52832e-05	0
15450	-3.31277e-05	3.00206e-05	0
15460	-3.79798e-05	3.37568e-05	0
15470	-4.281e-05	3.64353e-05	0
15480	-4.74497e-05	3.82559e-05	0
15490	-5.14663e-05	3.92434e-05	0
15500	-5.50969e-05	3.99431e-05	0
15510	-5.69413e-05	4.02316e-05	0
15520	-5.78986e-05	3.98754e-05	0
15530	-5.7214e-05	3.85946e-05	0
15540	-5.56564e-05	3.61745e-05	0
15550	-5.27644e-05	3.24939e-05	0
15560	-4.98932e-05	2.74017e-05	0
15570	-4.59662e-05	2.14513e-05	0
15580	-4.10776e-05	1.59749e-05	0
15590	-3.52308e-05	1.11472e-05	0
15600	-2.82176e-05	6.81668e-06	0
15610	-2.02952e-05	2.81602e-06	0
15620	-1.47779e-05	1.71146e-06	0
15630	-1.307e-05	2.30664e-07	0
15640	-1.20124e-05	-1.17163e-06	0
15650	-8.62451e-06	-2.81104e-06	0
15660	-7.45732e-06	-3.96416e-06	0
15670	-4.04538e-06	-5.00004e-06	0
15680	-1.2414e-06	-6.99977e-06	0
15690	9.06407e-07	-7.38359e-06	0
15700	3.08063e-06	-8.46502e-06	0
15710	4.3987e-06	-9.67595e-06	0
15720	6.07099e-06	-9.88088e-06	0
15730	6.42143e-06	-9.86513e-06	0
15740	8.19779e-06	-1.09841e-05	0
15750	7.39947e-06	-1.16122e-05	0
15760	9.05756e-06	-1.2221e-05	0
15770	7.87311e-06	-1.27962e-05	0
15780	8.6208e-06	-1.36272e-05	0
15790	8.85058e-06	-1.38425e-05	0
15800	7.66608e-06	-1.38064e-05	0
15810	7.82007e-06	-1.37442e-05	0
15820	7.86038e-06	-1.34038e-05	0
15830	8.04114e-06	-1.48157e-05	0
15840	7.78274e-06	-1.48272e-05	0
15850	7.26875e-06	-1.47801e-05	0
15860	8.45752e-06	-1.49702e-05	0
15870	9.57346e-06	-1.55419e-05	0
15880	1.09582e-05	-1.63682e-05	0
15890	1.2888e-05	-1.77021e-05	0
15900	1.48668e-05	-1.89599e-05	0
15910	1.70062e-05	-2.04552e-05	0
15920	1.87923e-05	-2.18045e-05	0
15930	2.05972e-05	-2.28722e-05	0
15940	2.2256e-05	-2.35877e-05	0
15950	2.36272e-05	-2.3824e-05	0
15960	2.46207e-05	-2.33981e-05	0
15970	2.5086e-05	-2.17479e-05	0
15980	2.42369e-05	-1.96024e-05	0
15990	2.27338e-05	-1.64797e-05	0
16000	2.05472e-05	-1.2988e-05	0
16010	1.74718e-05	-8.96237e-06	0
16020	1.39641e-05	-4.39152e-06	0
16030	9.59631e-06	-3.65578e-07	0
16040	6.14474e-06	2.5348e-06	0
16050	2.56267e-06	5.6116e-06	0
16060	-3.32029e-06	6.07805e-06	0
16070	-5.32953e-06	5.9144e-06	0
16080	-5.50815e-06	5.74966e-06	0
16090	-5.5017e-06	5.41921e-06	0
16100	-5.74841e-06	5.03294e-06	0
16110	-6.0365e-06	4.72299e-06	0
16120	-6.26332e-06	4.62084e-06	0
16130	-5.97045e-06	4.29119e-06	0
16140	-5.65938e-06	4.17528e-06	0
16150	-5.34311e-06	3.8205e-06	0
16160	-5.57419e-06	3.7239e-06	0
16170	-5.12879e-06	3.34532e-06	0
16180	-4.69544e-06	3.62628e-06	0
16190	-4.50749e-06	3.29423e-06	0
16200	-4.44533e-06	3.05323e-06	0
16210	-4.33891e-06	3.10444e-06	0
16220	-4.63053e-06	3.16096e-06	0
16230	-4.72257e-06	3.20048e-06	0
16240	-4.77438e-06	3.20076e-06	0
16250	-4.93841e-06	3.24471e-06	0
16260	-4.85734e-06	3.23714e-06	0
16270	-4.73264e-06	3.39243e-06	0
16280	-4.59962e-06	3.52202e-06	0
16290	-4.40013e-06	3.69646e-06	0
16300	-4.42199e-06	3.82598e-06	0
16310	-4.25444e-06	3.93408e-06	0
16320	-4.07053e-06	4.1789e-06	0
16330	-3.80252e-06	4.23621e-06	0
16340	-3.29882e-06	4.12206e-06	0
16350	-3.17047e-06	4.10418e-06	0
16360	-2.45252e-06	3.94153e-06	0
16370	-3.35246e-06	3.97627e-06	0
16380	-2.67934e-06	4.0089e-06	0
16390	-3.56339e-06	4.11361e-06	0
16400	-3.53075e-06	3.52158e-06	0
16410	-4.75732e-06	3.64059e-06	0
16420	-5.46398e-06	3.03068e-06	0
16430	-5.26774e-06	2.99152e-06	0
16440	-6.1981e-06	1.94159e-06	0
16450	-6.21947e-06	9.52363e-07	0
16460	-6.79909e-06	8.59651e-07	0
16470	-7.16498e-06	-6.29719e-07	0
16480	-6.67273e-06	-3.50416e-07	0
16490	-8.28879e-06	-8.67294e-07	0
16500	-7.36808e-06	-5.97508e-07	0
16510	-6.83423e-06	-2.09165e-06	0
16520	-7.43511e-06	-1.13984e-06	0
16530	-6.65783e-06	-1.96724e-06	0
16540	-6.65489e-06	-1.43354e-06	0
16550	-5.2756e-06	-1.35437e-06	0
16560	-5.8201e-06	-1.05022e-06	0
16570	-6.25857e-06	-6.6563e-07	0
16580	-5.95261e-06	-1.08098e-07	0
16590	-6.06083e-06	-3.81103e-07	0
16600	-7.07601e-06	3.54624e-08	0
16610	-6.65879e-06	-1.95407e-07	0
16620	-7.10447e-06	-2.52418e-07	0
16630	-7.20423e-06	-2.75729e-07	0
16640	-6.78524e-06	-4.07398e-07	0
16650	-6.47851e-06	-3.12481e-07	0
16660	-5.956e-06	-4.44753e-07	0
16670	-5.69784e-06	-1.40311e-07	0
16680	-5.15655e-06	-8.67903e-08	0
16690	-4.78776e-06	8.59744e-08	0
16700	-4.25264e-06	1.95472e-07	0
16710	-4.02149e-06	4.66243e-07	0
16720	-3.67915e-06	4.60757e-07	0
16730	-3.30253e-06	7.51704e-07	0
16740	-3.09041e-06	8.92516e-07	0
16750	-3.17815e-06	9.70068e-07	0
16760	-3.05826e-06	1.58558e-06	0
16770	-3.10325e-06	1.83349e-06	0
16780	-3.24374e-06	2.87315e-06	0
16790	-3.68249e-06	3.35701e-06	0
16800	-4.56039e-06	3.56493e-06	0
16810	-4.90569e-06	3.62635e-06	0
16820	-5.19388e-06	3.64964e-06	0
16830	-4.57635e-06	3.23507e-06	0
16840	-3.80298e-06	3.18161e-06	0
16850	-4.0896e-06	2.83565e-06	0
16860	-3.63495e-06	2.54136e-06	0
16870	-3.06631e-06	2.21861e-06	0
16880	-2.52481e-06	1.82708e-06	0
16890	-1.86783e-06	1.49344e-06	0
16900	-1.37939e-06	1.25127e-06	0
16910	-1.02418e-06	1.12661e-06	0
16920	-8.61866e-07	1.03017e-06	0
16930	-1.22173e-06	1.12889e-06	0
16940	-7.41763e-07	1.0508e-06	0
16950	-1.99467e-06	1.06752e-06	0
16960	-2.03648e-06	1.28336e-06	0
16970	-2.43809e-06	1.2529e-06	0
16980	-2.7963e-06	9.54526e-07	0
16990	-3.36996e-06	5.50844e-07	0
17000	-3.81441e-06	1.05189e-07	0
17010	-4.60163e-06	-4.40872e-08	0
17020	-4.80404e-06	-7.22782e-07	0
17030	-4.87409e-06	-9.266e-07	0
17040	-5.20036e-06	-1.02887e-06	0
17050	-5.01741e-06	-9.41234e-07	0
17060	-5.31858e-06	-7.22329e-07	0
17070	-5.1801e-06	-2.04438e-07	0
17080	-5.39496e-06	3.8771e-07	0
17090	-5.44644e-06	1.33199e-06	0
17100	-5.83836e-06	1.84154e-06	0
17110	-5.73653e-06	2.30285e-06	0
17120	-5.60216e-06	2.40581e-06	0
17130	-5.31652e-06	2.57187e-06	0
17140	-5.05822e-06	2.61163e-06	0
17150	-4.79088e-06	2.66501e-06	0
17160	-4.51736e-06	2.69161e-06	0
17170	-4.26454e-06	2.71123e-06	0
17180	-4.04721e-06	2.67932e-06	0
17190	-3.96262e-06	2.64581e-06	0
17200	-3.98681e-06	2.57137e-06	0
17210	-4.05432e-06	2.52345e-06	0
17220	-4.22873e-06	2.42985e-06	0
17230	-4.3704e-06	2.52129e-06	0
17240	-4.61901e-06	2.50288e-06	0
17250	-4.79296e-06	2.54124e-06	0
17260	-4.97588e-06	2.51954e-06	0
17270	-5.17863e-06	2.38902e-06	0
17280	-5.41531e-06	2.24172e-06	0
17290	-5.59247e-06	2.09437e-06	0
17300	-5.73722e-06	1.92323e-06	0
17310	-5.83557e-06	1.73847e-06	0
17320	-5.84239e-06	1.56361e-06	0
17330	-5.81948e-06	1.40203e-06	0
17340	-5.82545e-06	1.2428e-06	0
17350	-5.87473e-06	1.08771e-06	0
17360	-5.95236e-06	9.63399e-07	0
17370	-6.08121e-06	8.71614e-07	0
17380	-6.24785e-06	8.01194e-07	0
17390	-6.4189e-06	7.14597e-07	0
17400	-6.54149e-06	6.19744e-07	0
17410	-6.59897e-06	5.34896e-07	0
17420	-6.57584e-06	4.54265e-07	0
17430	-6.46009e-06	3.7643e-07	0
17440	-6.27345e-06	3.14942e-07	0
17450	-6.09689e-06	2.53531e-07	0
17460	-5.91802e-06	2.0719e-07	0
17470	-5.68917e-06	2.27771e-07	0
17480	-5.45445e-06	3.00144e-07	0
17490	-4.95277e-06	4.35889e-07	0
17500	-4.7661e-06	6.3874e-07	0
17510	-4.51578e-06	9.73296e-07	0
17520	-4.38512e-06	1.20457e-06	0
17530	-4.51368e-06	1.69545e-06	0
17540	-3.75566e-06	2.24397e-06	0
17550	-3.36512e-06	2.24184e-06	0
17560	-2.93318e-06	2.02833e-06	0
17570	-2.56851e-06	1.75307e-06	0
17580	-2.15203e-06	1.40013e-06	0
17590	-1.487e-06	1.3602e-06	0
17600	-1.35519e-06	1.51914e-06	0
17610	-1.64731e-06	1.69111e-06	0
17620	-1.54888e-06	2.06275e-06	0
17630	-1.56797e-06	2.48579e-06	0
17640	-2.11835e-06	2.77291e-06	0
17650	-2.18446e-06	2.78035e-06	0
17660	-2.40153e-06	2.85562e-06	0
17670	-2.68168e-06	2.89645e-06	0
17680	-2.8133e-06	3.1003e-06	0
17690	-3.02862e-06	3.31926e-06	0
17700	-3.25079e-06	3.47209e-06	0
17710	-3.46254e-06	3.72155e-06	0
17720	-3.6611e-06	3.89391e-06	0
17730	-4.00514e-06	4.08699e-06	0
17740	-4.19466e-06	4.15468e-06	0
17750	-4.24597e-06	4.17443e-06	0
17760	-4.29217e-06	4.03591e-06	0
17770	-4.21765e-06	3.71889e-06	0
17780	-4.32971e-06	3.50311e-06	0
17790	-4.37117e-06	3.02807e-06	0
17800	-4.39202e-06	2.69638e-06	0
17810	-4.32689e-06	2.29587e-06	0
17820	-4.19161e-06	1.93993e-06	0
17830	-4.14368e-06	1.65621e-06	0
17840	-3.92144e-06	1.56139e-06	0
17850	-3.64531e-06	1.36577e-06	0
17860	-3.18695e-06	1.28547e-06	0
17870	-3.13511e-06	1.15652e-06	0
17880	-2.89379e-06	9.97147e-07	0
17890	-2.95601e-06	8.72382e-07	0
17900	-2.85186e-06	8.34687e-07	0
17910	-2.99846e-06	7.08511e-07	0
17920	-2.9526e-06	6.77834e-07	0
17930	-3.12098e-06	6.03212e-07	0
17940	-3.07678e-06	6.39065e-07	0
17950	-3.31879e-06	5.77211e-07	0
17960	-3.33795e-06	6.46e-07	0
17970	-3.62568e-06	6.34852e-07	0
17980	-3.65648e-06	7.6929e-07	0
17990	-4.027e-06	7.7383e-07	0
18000	-4.02526e-06	7.06553e-07	0
