0	0	0	0
100	0.00390827	0.00165302	0
200	0.000393024	0.000180691	0
300	-0.00222063	-0.0015115	0
400	-0.000954512	-0.00265626	0
500	0.00440753	-0.00269496	0
600	0.00589971	-0.00172458	0
700	0.00593376	-0.00151598	0
800	0.00405524	-0.00241225	0
900	0.00458168	-0.00182944	0
1000	0.0055767	-0.00166155	0
1100	0.00516784	-0.00132559	0
1200	0.00380729	-0.000592152	0
1300	0.00119643	-0.000281394	0
1400	-0.00132591	-0.000189793	0
1500	-0.0019893	-0.000544399	0
1600	-0.000512924	-0.00126191	0
1700	0.00266749	-0.00156858	0
1800	0.0061156	-0.00155259	0
1900	0.00819625	-0.00144949	0
2000	0.008372	-0.00135274	0
2100	0.00745023	-0.00131371	0
2200	0.00652721	-0.00142135	0
2300	0.00639042	-0.00156807	0
2400	0.00726825	-0.00127643	0
2500	0.00840924	-0.000803399	0
2600	0.00869085	-0.000359417	0
2700	0.00777235	-0.000209679	0
2800	0.00655132	-0.000796327	0
2900	0.0066001	-0.00152497	0
3000	0.00804675	-0.00179711	0
3100	0.00950126	-0.00202221	0
3200	0.0102555	-0.00204765	0
3300	0.00995301	-0.00202429	0
3400	0.0114595	-0.00378361	0
3500	0.0107592	-0.0031506	0
3600	0.00978615	0.000275745	0
3700	0.0090934	-0.000845852	0
3800	0.00936672	-0.00174409	0
3900	0.00925575	0.0011377	0
4000	0.00828499	0.00227552	0
4100	0.00643328	0.00153724	0
4200	-0.000833512	-0.0011029	0
4300	-0.00475556	-0.00387017	0
4400	-0.000482774	-0.00211819	0
4500	0.00647861	-0.00339481	0
4600	0.0102399	-0.00728995	0
4700	0.00969758	-0.00616016	0
4800	0.00892418	-0.00393088	0
4900	0.0035671	-0.00283636	0
5000	-0.00156204	-0.00102359	0
5100	-0.00137745	-0.0010407	0
5200	0.00423715	0.000102026	0
5300	0.00897186	0.000670242	0
5400	0.00888931	-0.000694011	0
5500	0.00730211	-0.00106778	0
5600	0.00596826	-0.000201707	0
5700	0.00463535	-0.000397374	0
5800	0.00447951	-0.000416478	0
5900	0.00522763	-0.000519566	0
6000	0.00598898	-0.00171703	0
6100	0.00756215	-0.00187021	0
6200	0.00707995	7.25845e-05	0
6300	0.00296114	0.00124711	0
6400	-0.00161451	0.00165138	0
6500	-0.00177993	0.00125648	0
6600	0.00266883	0.00077343	0
6700	0.00521388	0.00129268	0
6800	0.00424867	0.00239363	0
6900	0.000804628	0.00757337	0
7000	-0.00675612	0.00838359	0
7100	-0.0110307	0.00779295	0
7200	-0.00457588	0.0070612	0
7300	0.00132921	0.00395167	0
7400	0.00243108	0.00280275	0
7500	0.00355156	0.00496375	0
7600	0.00321385	0.00366859	0
7700	0.00341419	0.0023629	0
7800	0.00867436	0.00530374	0
7900	0.00923193	0.00447306	0
8000	0.0101035	0.00351042	0
8100	0.0086671	0.00937279	0
8200	1.61878e-06	0.00794382	0
8300	-0.00763292	0.00293256	0
8400	-0.00998908	0.00556035	0
8500	-0.00915993	0.00505128	0
8600	-0.00656387	0.00360891	0
8700	-0.000124227	0.00249202	0
8800	0.00108007	0.000585912	0
8900	-0.00616089	-0.0019596	0
9000	-0.0124181	-0.00266547	0
9100	-0.0180456	0.00936353	0
9200	-0.0173917	0.00441808	0
9300	-0.0153298	-0.000199095	0
9400	-0.0121418	0.0029908	0
9500	-0.0129838	0.0013859	0
9600	-0.0134555	-0.00109516	0
9700	-0.0167518	-0.000310968	0
9800	-0.0214536	0.00118415	0
9900	-0.0253836	0.00275446	0
10000	-0.0283414	0.00611482	0
10100	-0.0300674	0.00578934	0
10200	-0.031256	0.00421858	0
10300	-0.030661	0.00352664	0
10400	-0.0289195	-0.000755303	0
10500	-0.021771	0.00532595	0
10600	-0.0201438	0.00166308	0
10700	-0.0158661	0.00420072	0
10800	-0.0138766	0.0071648	0
10900	-0.0148389	0.00206391	0
11000	-0.0152044	0.00704972	0
11100	-0.01835	0.00494877	0
11200	-0.0139544	0.0051213	0
11300	-0.0157988	0.00655584	0
11400	-0.0174838	0.00599722	0
11500	-0.0155396	0.00240769	0
11600	-0.017127	-0.00148603	0
11700	-0.00943057	0.00356198	0
11800	-0.0102997	0.00312984	0
11900	-0.0105906	0.00279353	0
12000	-0.0121842	0.00268177	0
12100	-0.0131217	0.00324616	0
12200	-0.0112305	0.00266247	0
12300	-0.00931249	0.00103113	0
12400	-0.00853411	0.00596378	0
12500	-0.00874963	0.00312538	0
12600	-0.0078301	0.0063125	0
12700	-0.00770904	0.00544272	0
12800	-0.0105527	0.00267915	0
12900	-0.0109503	0.00310854	0
13000	-0.0102189	0.00221878	0
13100	-0.0120771	0.00284796	0
13200	-0.0132041	0.00432782	0
13300	-0.0115011	0.00357675	0
13400	-0.0115415	0.00374393	0
13500	-0.0120489	0.00445349	0
13600	-0.0107944	0.00466062	0
13700	-0.0112801	0.00308131	0
13800	-0.0116632	0.0042058	0
13900	-0.0103408	0.00578798	0
14000	-0.010643	0.00359286	0
14100	-0.0109876	0.00366606	0
14200	-0.0106767	0.00442907	0
14300	-0.0103054	0.0040545	0
14400	-0.0110021	0.00473038	0
14500	-0.0122035	0.00394546	0
14600	-0.0117737	0.0041826	0
14700	-0.0104575	0.00355868	0
14800	-0.0103327	0.00513092	0
14900	-0.010374	0.00469979	0
15000	-0.0102032	0.00520446	0
15100	-0.0115956	0.00334432	0
15200	-0.0109784	0.00456147	0
15300	-0.00981922	0.00251527	0
15400	-0.00963242	0.0031586	0
15500	-0.0100319	0.00384024	0
15600	-0.0100166	0.00354123	0
15700	-0.00970638	0.00362765	0
15800	-0.00974242	0.00363687	0
15900	-0.00943772	0.00405689	0
16000	-0.00851402	0.00308621	0
16100	-0.00826769	0.00270713	0
16200	-0.00863174	0.00463363	0
16300	-0.0090152	0.0040851	0
16400	-0.00884027	0.00325511	0
16500	-0.00804345	0.00467337	0
16600	-0.00810073	0.00377648	0
16700	-0.00851258	0.00259678	0
16800	-0.00783709	0.00242723	0
16900	-0.00764672	0.00265879	0
17000	-0.00853146	0.00277684	0
17100	-0.00870839	0.00404049	0
17200	-0.00822998	0.00381833	0
17300	-0.00780172	0.00377972	0
17400	-0.00761601	0.00425566	0
17500	-0.0077168	0.00350407	0
17600	-0.00804082	0.00320059	0
17700	-0.00830629	0.00300977	0
17800	-0.0078988	0.00384735	0
17900	-0.00731237	0.00476477	0
18000	-0.00636057	0.00270596	0
18100	-0.00563432	0.00237009	0
18200	-0.00674697	0.00518836	0
18300	-0.00701244	0.00277956	0
18400	-0.00682346	0.00359395	0
18500	-0.00639321	0.00356702	0
18600	-0.00626492	0.00334761	0
18700	-0.006504	0.0030378	0
18800	-0.0067321	0.00376272	0
18900	-0.00663041	0.00308228	0
19000	-0.00652535	0.00284247	0
19100	-0.00658888	0.00365922	0
19200	-0.00663096	0.00310425	0
19300	-0.00651534	0.00304829	0
19400	-0.00657314	0.00288838	0
19500	-0.00665671	0.00268755	0
19600	-0.0067169	0.00369157	0
19700	-0.00641547	0.00372845	0
19800	-0.00656828	0.00307779	0
19900	-0.0065248	0.00277213	0
20000	-0.00613659	0.00279124	0
20100	-0.00583816	0.003263	0
20200	-0.00605193	0.00342514	0
20300	-0.0065992	0.00332957	0
20400	-0.00644609	0.00375231	0
20500	-0.00571629	0.00309735	0
20600	-0.00547075	0.00239971	0
20700	-0.00580009	0.00298583	0
20800	-0.00570433	0.00365921	0
20900	-0.00531387	0.00278613	0
21000	-0.00555501	0.00333246	0
21100	-0.00559051	0.00326363	0
21200	-0.00566637	0.00310873	0
21300	-0.0062709	0.00428731	0
21400	-0.00636974	0.00342222	0
21500	-0.0059543	0.00249683	0
21600	-0.00601535	0.00349123	0
21700	-0.00622436	0.00378699	0
21800	-0.00575581	0.00297193	0
21900	-0.00561439	0.00282556	0
22000	-0.00556781	0.00417386	0
22100	-0.00751576	0.00308689	0
22200	-0.00567289	0.00212809	0
22300	-0.00606089	0.00408912	0
22400	-0.0060051	0.0027776	0
22500	-0.00568065	0.00361571	0
22600	-0.00598758	0.00348753	0
22700	-0.00624043	0.00330109	0
22800	-0.00606553	0.00365691	0
22900	-0.00584302	0.00295666	0
23000	-0.00585215	0.00331377	0
23100	-0.0057583	0.00336578	0
23200	-0.00493642	0.0027599	0
23300	-0.00426587	0.0028161	0
23400	-0.00510966	0.00357463	0
23500	-0.00536941	0.00339317	0
23600	-0.00518497	0.00305067	0
23700	-0.00518147	0.00359301	0
23800	-0.00526752	0.0036383	0
23900	-0.00501446	0.00292418	0
24000	-0.00572361	0.00325438	0
24100	-0.00514758	0.00338983	0
24200	-0.00478055	0.00395648	0
24300	-0.00511093	0.00251773	0
24400	-0.00549409	0.00391893	0
24500	-0.005561	0.00344804	0
24600	-0.00549844	0.00354149	0
24700	-0.0052311	0.00343689	0
24800	-0.00513854	0.00342553	0
24900	-0.00524877	0.00353178	0
25000	-0.00550047	0.00340054	0
25100	-0.00555613	0.0035431	0
25200	-0.00510093	0.00370887	0
25300	-0.00507465	0.00326093	0
25400	-0.00544678	0.00358687	0
25500	-0.00531297	0.00382876	0
25600	-0.0052012	0.00365876	0
25700	-0.00507734	0.00305151	0
25800	-0.00516711	0.00333758	0
25900	-0.00536508	0.00373454	0
26000	-0.00536501	0.00355298	0
26100	-0.00520109	0.00337898	0
26200	-0.00501311	0.00340741	0
26300	-0.00501541	0.00354693	0
26400	-0.00505911	0.00349008	0
26500	-0.00501645	0.00378828	0
26600	-0.00500334	0.00363389	0
26700	-0.00482951	0.00366504	0
26800	-0.00492756	0.00290817	0
26900	-0.00535118	0.00338775	0
27000	-0.00535537	0.00338363	0
27100	-0.00523034	0.00341297	0
27200	-0.00524892	0.00363901	0
27300	-0.00531678	0.00347409	0
27400	-0.00516204	0.00390503	0
27500	-0.0052907	0.00355389	0
27600	-0.00533331	0.00303222	0
27700	-0.00515003	0.00325377	0
27800	-0.00534483	0.00366941	0
27900	-0.00541158	0.00338304	0
28000	-0.00515809	0.00340565	0
28100	-0.00511634	0.00359485	0
28200	-0.00518239	0.0033877	0
28300	-0.00519542	0.00338854	0
28400	-0.00515638	0.00325158	0
28500	-0.00498719	0.0034445	0
28600	-0.00487695	0.00349915	0
28700	-0.00487205	0.00344926	0
28800	-0.004858	0.00337899	0
28900	-0.00482924	0.00350594	0
29000	-0.00479373	0.00338853	0
29100	-0.0047604	0.0035147	0
29200	-0.00474495	0.00344714	0
29300	-0.00472808	0.00332513	0
29400	-0.00481474	0.00363503	0
29500	-0.00527205	0.00260057	0
29600	-0.00511588	0.00417049	0
29700	-0.00481374	0.00306143	0
29800	-0.00500546	0.00361594	0
29900	-0.00498571	0.00325248	0
30000	-0.00497256	0.00325345	0
30100	-0.00485966	0.00346027	0
30200	-0.00489086	0.00344505	0
30300	-0.0050017	0.00343112	0
30400	-0.00494096	0.00343159	0
30500	-0.00504095	0.00336239	0
30600	-0.00505261	0.00339991	0
30700	-0.00507745	0.00318223	0
30800	-0.00494834	0.00308073	0
30900	-0.00485877	0.00409067	0
31000	-0.00507134	0.00288567	0
31100	-0.00500482	0.00376927	0
31200	-0.00496605	0.00297316	0
31300	-0.00539318	0.00376309	0
31400	-0.00535965	0.00310021	0
31500	-0.00508838	0.00335854	0
31600	-0.00485196	0.00303645	0
31700	-0.00520593	0.00384218	0
31800	-0.00544662	0.00329019	0
31900	-0.00500639	0.00333619	0
32000	-0.00484678	0.00327174	0
32100	-0.00505291	0.00345734	0
32200	-0.005143	0.00331092	0
32300	-0.00508022	0.00334813	0
32400	-0.00500787	0.00317668	0
32500	-0.00491697	0.00341177	0
32600	-0.00493447	0.00339106	0
32700	-0.00505835	0.00335595	0
32800	-0.00510798	0.00334158	0
32900	-0.00513711	0.00340973	0
33000	-0.00511284	0.00327548	0
33100	-0.00522948	0.00334723	0
33200	-0.00512124	0.00330775	0
33300	-0.00505505	0.00324753	0
33400	-0.00509454	0.00337134	0
33500	-0.00507036	0.00337035	0
33600	-0.00503306	0.00337533	0
33700	-0.0049979	0.00331673	0
33800	-0.00497116	0.00324736	0
33900	-0.00497637	0.0032673	0
34000	-0.00502017	0.00338454	0
34100	-0.00499503	0.00338722	0
34200	-0.00494437	0.00327653	0
34300	-0.00495111	0.0032744	0
34400	-0.00495435	0.00335564	0
34500	-0.00500369	0.00334173	0
34600	-0.00508634	0.00329155	0
34700	-0.00496461	0.00327932	0
34800	-0.00495944	0.00326071	0
34900	-0.00498361	0.00330004	0
35000	-0.00500829	0.0033773	0
35100	-0.00513097	0.00340451	0
35200	-0.00527202	0.00325512	0
35300	-0.00496636	0.00322442	0
35400	-0.00503403	0.00329235	0
35500	-0.00499808	0.00334266	0
35600	-0.00496521	0.00326447	0
35700	-0.00497182	0.00326742	0
35800	-0.00497976	0.0033209	0
35900	-0.00498876	0.00337521	0
36000	-0.005194	0.00351479	0
36100	-0.00585262	0.00342953	0
36200	-0.00502237	0.00308472	0
36300	-0.00492237	0.00329402	0
36400	-0.00513039	0.00328879	0
36500	-0.00502895	0.00330809	0
36600	-0.00489358	0.00335725	0
36700	-0.00486706	0.00331936	0
36800	-0.00504167	0.00331612	0
36900	-0.00505583	0.0033398	0
37000	-0.00497704	0.0032508	0
37100	-0.00504195	0.00329507	0
37200	-0.00505352	0.00332775	0
37300	-0.00503195	0.00328239	0
37400	-0.00500729	0.00329325	0
37500	-0.0050084	0.00329986	0
37600	-0.00499798	0.00330906	0
37700	-0.00500162	0.00333213	0
37800	-0.005015	0.00335366	0
37900	-0.00500655	0.00330573	0
38000	-0.00502178	0.00329712	0
38100	-0.00502928	0.00330007	0
38200	-0.00502862	0.00326701	0
38300	-0.00502022	0.00330109	0
38400	-0.00501736	0.00331604	0
38500	-0.00501762	0.00330389	0
38600	-0.00498659	0.00329699	0
38700	-0.00501309	0.00332772	0
38800	-0.00503716	0.00330241	0
38900	-0.00500881	0.00330537	0
39000	-0.00500355	0.00330012	0
39100	-0.00501792	0.00329285	0
39200	-0.00500851	0.00329315	0
39300	-0.00501049	0.00329453	0
39400	-0.00501317	0.00329979	0
39500	-0.00500958	0.00330119	0
39600	-0.00500927	0.00330133	0
39700	-0.00500936	0.00329624	0
39800	-0.00501304	0.0032982	0
39900	-0.00501231	0.00330195	0
40000	-0.00501501	0.00330094	0
40100	-0.00501558	0.00330607	0
40200	-0.00502291	0.0033022	0
40300	-0.00502428	0.00330845	0
40400	-0.00503185	0.00330285	0
40500	-0.00503602	0.00330139	0
40600	-0.00503804	0.0033031	0
40700	-0.0050381	0.00330423	0
40800	-0.00503956	0.00330199	0
40900	-0.00504243	0.00330314	0
41000	-0.00504353	0.00330311	0
41100	-0.00504511	0.00330249	0
41200	-0.00504676	0.00330265	0
41300	-0.00504735	0.00330169	0
41400	-0.00504851	0.00330376	0
41500	-0.00504978	0.00330432	0
41600	-0.00505024	0.00330652	0
41700	-0.00504818	0.00330838	0
41800	-0.00504889	0.0033077	0
41900	-0.00505254	0.00330566	0
42000	-0.00505546	0.00330613	0
42100	-0.00506017	0.00330627	0
42200	-0.00506257	0.00330554	0
42300	-0.00506371	0.00330517	0
42400	-0.00506493	0.00330501	0
42500	-0.00506477	0.00330421	0
42600	-0.00506536	0.00330413	0
42700	-0.00506624	0.00330455	0
42800	-0.00506634	0.00330421	0
42900	-0.00506533	0.00330407	0
43000	-0.00506545	0.00330346	0
43100	-0.00506613	0.00330331	0
43200	-0.00506696	0.00330314	0
43300	-0.00506597	0.00330314	0
43400	-0.00506587	0.00330269	0
43500	-0.00506643	0.0033021	0
43600	-0.00506392	0.0033021	0
43700	-0.00506343	0.00330002	0
43800	-0.00506274	0.00330045	0
43900	-0.00506221	0.00329933	0
44000	-0.00506234	0.00329912	0
44100	-0.00506206	0.0032993	0
44200	-0.00506161	0.00329887	0
44300	-0.00506016	0.00329816	0
44400	-0.00505916	0.00329812	0
44500	-0.00505878	0.00329782	0
44600	-0.00505826	0.00329793	0
44700	-0.00505895	0.00329774	0
44800	-0.00505859	0.00329785	0
44900	-0.00505865	0.00329771	0
45000	-0.00505741	0.0032974	0
45100	-0.00505714	0.00329757	0
45200	-0.00505642	0.00329723	0
45300	-0.00505602	0.00329739	0
45400	-0.00505618	0.00329746	0
45500	-0.00505618	0.00329732	0
45600	-0.00505561	0.00329721	0
45700	-0.00505537	0.00329709	0
45800	-0.00505514	0.00329704	0
45900	-0.00505463	0.00329705	0
46000	-0.00505426	0.00329709	0
46100	-0.00505358	0.00329716	0
46200	-0.00505285	0.00329726	0
46300	-0.00505251	0.00329737	0
46400	-0.00505199	0.00329743	0
46500	-0.00505169	0.0032975	0
46600	-0.00505144	0.00329758	0
46700	-0.00505121	0.00329759	0
46800	-0.00505074	0.00329735	0
46900	-0.00505037	0.00329726	0
47000	-0.00505011	0.00329728	0
47100	-0.00504963	0.00329709	0
47200	-0.00504907	0.00329694	0
47300	-0.00504855	0.00329702	0
47400	-0.00504802	0.00329709	0
47500	-0.00504754	0.00329697	0
47600	-0.00504711	0.00329696	0
47700	-0.00504691	0.00329707	0
47800	-0.00504682	0.00329709	0
47900	-0.00504629	0.00329711	0
48000	-0.00504609	0.00329702	0
48100	-0.00504571	0.00329693	0
48200	-0.0050451	0.00329699	0
48300	-0.00504484	0.00329691	0
48400	-0.0050443	0.00329675	0
48500	-0.00504367	0.00329668	0
48600	-0.00504298	0.00329668	0
48700	-0.00504241	0.00329665	0
48800	-0.00504211	0.0032967	0
48900	-0.00504171	0.00329671	0
49000	-0.00504139	0.00329676	0
49100	-0.00504107	0.00329671	0
49200	-0.0050406	0.00329662	0
49300	-0.0050404	0.00329656	0
49400	-0.00504008	0.00329655	0
49500	-0.00503955	0.00329644	0
49600	-0.00503922	0.00329641	0
49700	-0.00503877	0.00329642	0
49800	-0.00503841	0.00329639	0
49900	-0.00503802	0.00329641	0
50000	-0.00503766	0.00329638	0
