0	0	0	0
10	-4.05005e-08	0.0975165	0
20	-3.0038e-05	0.0894856	0
30	-6.74737e-05	0.0775287	0
40	-6.9552e-05	0.0625289	0
50	-6.30056e-05	0.0455807	0
60	-6.16211e-05	0.0278999	0
70	-6.97831e-05	0.0107237	0
80	-8.37018e-05	-0.00479032	0
90	-0.000100424	-0.0176555	0
100	-0.000118252	-0.0271328	0
110	-0.000134493	-0.0327848	0
120	-0.000145804	-0.0345025	0
130	-0.000149145	-0.0325049	0
140	-0.00014533	-0.0273099	0
150	-0.000136695	-0.0196812	0
160	-0.000121668	-0.0105563	0
170	-9.84268e-05	-0.000962006	0
180	-2.51304e-05	0.0080755	0
190	6.76876e-05	0.0156162	0
200	0.000135075	0.0208816	0
210	0.000173147	0.0233136	0
220	0.000176942	0.022611	0
230	0.000125634	0.0187432	0
240	3.69814e-05	0.011939	0
250	-8.16398e-05	0.0026542	0
260	-0.000264884	-0.00848022	0
270	-0.000410157	-0.0207198	0
280	-0.000517151	-0.0332711	0
290	-0.000591388	-0.0453581	0
300	-0.00061694	-0.0562815	0
310	-0.00040692	-0.0654614	0
320	0.000124278	-0.0724519	0
330	0.000925853	-0.0765769	0
340	-0.00296549	0.0739175	0
350	-0.0998428	0.0271745	0
360	-0.166762	-0.0162961	0
370	-0.170513	0.0112288	0
380	-0.163316	0.00258859	0
390	-0.12245	0.00440406	0
400	-0.155443	-0.0280509	0
410	-0.0431943	0.0942289	0
420	0.00312363	0.0810179	0
430	0.0699596	0.0162166	0
440	-0.0126917	0.0899949	0
450	-0.0839382	-0.0148463	0
460	-0.108702	-0.0103091	0
470	-0.116395	0.0111501	0
480	-0.110425	-0.0132051	0
490	-0.110141	-0.00271022	0
500	-0.107103	-0.00938517	0
510	-0.0987653	-0.0129083	0
520	-0.0815673	-0.0161387	0
530	-0.0465187	-0.0134102	0
540	-0.0228667	0.0133386	0
550	-0.024876	0.0470053	0
560	-0.0293951	0.0769188	0
570	-0.0347553	0.107047	0
580	-0.0399304	0.136705	0
590	-0.0446845	0.16468	0
600	-0.0488094	0.1898	0
610	-0.0520997	0.21098	0
620	-0.0543412	0.227367	0
630	-0.0553133	0.238582	0
640	-0.0549559	0.244526	0
650	-0.0532515	0.245278	0
660	-0.0500893	0.241045	0
670	-0.0454624	0.232121	0
680	-0.0394031	0.21883	0
690	-0.0311764	0.20148	0
700	-0.0207879	0.180299	0
710	-0.00869553	0.155365	0
720	0.00540244	0.126518	0
730	0.0199378	0.0932131	0
740	0.0339269	0.0541299	0
750	0.0506374	0.00908996	0
760	0.0686026	-0.0414889	0
770	0.092316	-0.0982141	0
780	0.121372	-0.16227	0
790	0.149762	-0.23435	0
800	0.176995	-0.318525	0
810	0.198937	-0.404624	0
820	0.217384	-0.480396	0
830	0.23359	-0.5464	0
840	0.24314	-0.600267	0
850	0.243034	-0.639159	0
860	0.231762	-0.531889	0
870	0.209065	-0.541149	0
880	0.174907	-0.53783	0
890	0.13022	-0.521353	0
900	0.076616	-0.490411	0
910	0.0163662	-0.444741	0
920	-0.0478615	-0.385392	0
930	-0.113011	-0.314264	0
940	-0.175788	-0.234179	0
950	-0.232805	-0.148875	0
960	-0.280775	-0.0629615	0
970	-0.316939	0.0182048	0
980	-0.339394	0.0888324	0
990	-0.347142	0.14347	0
1000	-0.340297	0.178084	0
1010	-0.319921	0.190516	0
1020	-0.287488	0.180173	0
1030	-0.24466	0.147699	0
1040	-0.193415	0.0939115	0
1050	-0.136165	0.02235	0
1060	-0.0756746	-0.0734025	0
1070	-0.0149176	-0.175911	0
1080	0.0432713	-0.274885	0
1090	0.096147	-0.362032	0
1100	0.141321	-0.429414	0
1110	0.17699	-0.470013	0
1120	0.201801	-0.478243	0
1130	0.215144	-0.450379	0
1140	0.217202	-0.384863	0
1150	0.208723	-0.282506	0
1160	0.191001	-0.146538	0
1170	0.165648	0.0137851	0
1180	0.134486	0.193821	0
1190	0.0998475	0.387011	0
1200	0.0640584	0.582903	0
1210	0.0289977	0.770108	0
1220	-0.00356582	0.937996	0
1230	-0.0322687	1.07628	0
1240	-0.0559678	1.17564	0
1250	-0.0738853	1.22781	0
1260	-0.0915622	1.02225	0
1270	-0.086013	0.964744	0
1280	-0.0752437	0.893888	0
1290	-0.0679347	0.787962	0
1300	-0.058453	0.65117	0
1310	-0.0465965	0.489791	0
1320	-0.033294	0.311581	0
1330	-0.019199	0.125481	0
1340	-0.00477633	-0.0590077	0
1350	0.00927708	-0.232524	0
1360	0.0221862	-0.386452	0
1370	0.0335361	-0.513384	0
1380	0.0427589	-0.607511	0
1390	0.0489579	-0.664997	0
1400	0.0521768	-0.684178	0
1410	0.0524962	-0.665561	0
1420	0.0498112	-0.611743	0
1430	0.0440859	-0.527157	0
1440	0.0355353	-0.417756	0
1450	0.0246212	-0.152571	0
1460	0.0125121	-0.0214017	0
1470	-8.25069e-05	0.10362	0
1480	-0.0124296	0.215197	0
1490	-0.0211441	0.150497	0
1500	-0.034709	0.222238	0
1510	-0.0439763	0.278115	0
1520	-0.051537	0.317114	0
1530	-0.0569836	0.339379	0
1540	-0.0599019	0.345971	0
1550	-0.0597663	0.33878	0
1560	-0.0558159	0.320746	0
1570	-0.0472102	0.295912	0
1580	-0.032946	0.267216	0
1590	-0.0245732	0.234671	0
1600	-0.0155319	0.198149	0
1610	-0.00605738	0.158535	0
1620	0.00298751	0.116956	0
1630	0.0114521	0.0744285	0
1640	0.019155	0.031799	0
1650	0.0259014	-0.0102293	0
1660	0.0315085	-0.0510349	0
1670	0.0358166	-0.0900046	0
1680	0.0386868	-0.126461	0
1690	0.0400215	-0.159602	0
1700	0.0397991	-0.188452	0
1710	0.0380882	-0.211862	0
1720	0.0350586	-0.22853	0
1730	0.0309676	-0.237079	0
1740	0.0261422	-0.236165	0
1750	0.0209627	-0.224617	0
1760	0.0158249	-0.201588	0
1770	0.0111222	-0.16672	0
1780	0.00720534	-0.120278	0
1790	0.00436002	-0.0632641	0
1800	0.00278232	0.00258448	0
1810	0.00255662	0.0747646	0
1820	0.00364713	0.149986	0
1830	0.00595786	0.224274	0
1840	0.00917466	0.293149	0
1850	0.0129423	0.351882	0
1860	0.0168788	0.395799	0
1870	0.0205416	0.420618	0
1880	0.0233789	0.422809	0
1890	0.0250873	0.399925	0
1900	0.0251777	0.350889	0
1910	0.0233103	0.276194	0
1920	0.0192874	0.177996	0
1930	0.0130357	0.060091	0
1940	0.00461734	-0.0722243	0
1950	-0.00575958	-0.21242	0
1960	-0.017764	-0.353099	0
1970	-0.0309494	-0.486433	0
1980	-0.0447714	-0.604638	0
1990	-0.0586512	-0.700403	0
2000	-0.0721456	-0.767049	0
2010	-0.0851717	-0.797672	0
2020	-0.0970221	-0.668896	0
2030	-0.0990851	-0.629729	0
2040	-0.0914441	-0.572702	0
2050	-0.0828587	-0.496281	0
2060	-0.0745969	-0.401651	0
2070	-0.0656354	-0.293625	0
2080	-0.0552378	-0.178094	0
2090	-0.0432678	-0.0619943	0
2100	-0.0299503	0.0477871	0
2110	-0.0156089	0.144928	0
2120	-0.000561132	0.224111	0
2130	0.0148183	0.2814	0
2140	0.0299022	0.314521	0
2150	0.0442117	0.322998	0
2160	0.0577343	0.30809	0
2170	0.0703917	0.272516	0
2180	0.0818371	0.220019	0
2190	0.0917053	0.154966	0
2200	0.100009	0.0824218	0
2210	0.107182	0.00831923	0
2220	0.113555	-0.0610831	0
2230	0.119027	-0.120122	0
2240	0.123169	-0.164367	0
2250	0.125424	-0.190941	0
2260	0.125227	-0.198637	0
2270	0.122054	-0.187938	0
2280	0.11553	-0.160895	0
2290	0.105222	-0.120879	0
2300	0.0909118	-0.0722288	0
2310	0.0726132	-0.0198357	0
2320	0.0505033	0.0313036	0
2330	0.0249638	0.0765223	0
2340	-0.00341084	0.111869	0
2350	-0.0338232	0.134412	0
2360	-0.0652934	0.142436	0
2370	-0.0966738	0.135517	0
2380	-0.126711	0.11448	0
2390	-0.154086	0.0812286	0
2400	-0.177503	0.0384823	0
2410	-0.195769	-0.0105456	0
2420	-0.207936	-0.0624456	0
2430	-0.21345	-0.113788	0
2440	-0.212208	-0.161202	0
2450	-0.20446	-0.201563	0
2460	-0.190584	-0.232346	0
2470	-0.171012	-0.251949	0
2480	-0.146295	-0.259799	0
2490	-0.117173	-0.256275	0
2500	-0.084593	-0.24252	0
2510	-0.0496937	-0.220209	0
2520	-0.0137418	-0.191293	0
2530	0.0219313	-0.157741	0
2540	0.0559965	-0.121321	0
2550	0.0872019	-0.0834262	0
2560	0.114421	-0.0449856	0
2570	0.136746	-0.00645972	0
2580	0.153566	0.0320838	0
2590	0.164616	0.0708604	0
2600	0.169162	0.110304	0
2610	0.16675	0.151053	0
2620	0.159812	0.193751	0
2630	0.14926	0.238638	0
2640	0.135537	0.285208	0
2650	0.119293	0.332102	0
2660	0.101222	0.377149	0
2670	0.0820029	0.417497	0
2680	0.0623059	0.449838	0
2690	0.0427591	0.470719	0
2700	0.0239179	0.476885	0
2710	0.00733447	0.465628	0
2720	-0.00979811	0.279887	0
2730	-0.0238019	0.244361	0
2740	-0.036096	0.19779	0
2750	-0.04662	0.140795	0
2760	-0.0557098	0.0744432	0
2770	-0.064611	-0.00300626	0
2780	-0.0755549	-0.105375	0
2790	-0.0648833	-0.178844	0
2800	-0.0612466	-0.234038	0
2810	-0.0571265	-0.274576	0
2820	-0.0526074	-0.298725	0
2830	-0.0490438	-0.305291	0
2840	-0.0454773	-0.293501	0
2850	-0.0423819	-0.126376	0
2860	-0.0394452	-0.0863316	0
2870	-0.0357349	-0.0388312	0
2880	-0.0317523	0.0132924	0
2890	-0.0275084	-0.0775622	0
2900	-0.0227287	-0.0193503	0
2910	-0.0178754	0.0406593	0
2920	-0.0130567	0.0984887	0
2930	-0.00801454	0.150272	0
2940	-0.00282848	0.192567	0
2950	0.00212666	0.22264	0
2960	0.00685428	0.238688	0
2970	0.0112751	0.239987	0
2980	0.0152916	0.226951	0
2990	0.0188108	0.201085	0
3000	0.021753	0.164867	0
3010	0.0240636	0.121532	0
3020	0.0257165	0.0748101	0
3030	0.026705	0.0286121	0
3040	0.0270452	-0.0132857	0
3050	0.0267651	-0.047554	0
3060	0.0259079	-0.0715804	0
3070	0.0245251	-0.0836756	0
3080	0.0226792	-0.0832019	0
3090	0.0204393	-0.0706123	0
3100	0.0178838	-0.0473972	0
3110	0.0150905	-0.0159454	0
3120	0.0121417	0.0206726	0
3130	0.00909966	0.05898	0
3140	0.00601859	0.0954057	0
3150	0.0029219	0.126601	0
3160	-0.000205686	0.149712	0
3170	-0.00335221	0.162616	0
3180	-0.00646854	0.164092	0
3190	-0.00952263	0.153896	0
3200	-0.0124641	0.132758	0
3210	-0.0152236	0.10229	0
3220	-0.0176989	0.0648137	0
3230	-0.0197755	0.0231323	0
3240	-0.0213181	-0.0197345	0
3250	-0.0221967	-0.0608319	0
3260	-0.0222794	-0.0975377	0
3270	-0.021466	-0.127792	0
3280	-0.0196906	-0.150273	0
3290	-0.0169525	-0.164495	0
3300	-0.0133261	-0.170828	0
3310	-0.00896367	-0.170426	0
3320	-0.00408871	-0.165061	0
3330	0.00105314	-0.156893	0
3340	0.00622497	-0.148192	0
3350	0.0112451	-0.141076	0
3360	0.0159627	-0.137279	0
3370	0.0202318	-0.137947	0
3380	0.0238876	-0.143498	0
3390	0.0267422	-0.153535	0
3400	0.0286107	-0.166851	0
3410	0.0293353	-0.181524	0
3420	0.0288007	-0.195087	0
3430	0.0269497	-0.204769	0
3440	0.0237932	-0.207772	0
3450	0.0194087	-0.201571	0
3460	0.014066	-0.0397267	0
3470	0.00787515	-0.0151629	0
3480	0.00100317	0.0147319	0
3490	-0.00633165	0.049991	0
3500	-0.0143549	0.0909158	0
3510	-0.0253017	0.147717	0
3520	-0.0302414	0.215314	0
3530	-0.0225511	0.251026	0
3540	-0.0214725	0.27685	0
3550	-0.0230374	0.29123	0
3560	-0.0147497	0.135672	0
3570	-0.0153061	0.130621	0
3580	-0.0140243	0.120832	0
3590	-0.0125964	0.106302	0
3600	-0.0110918	0.0872474	0
3610	-0.00961129	0.0639787	0
3620	-0.00826176	0.0369548	0
3630	-0.00712816	0.00685856	0
3640	-0.00625688	-0.0254076	0
3650	-0.00563805	-0.0587496	0
3660	-0.00595433	-0.0919662	0
3670	-0.00328988	-0.122782	0
3680	-0.0011387	-0.148618	0
3690	0.0014616	-0.167995	0
3700	0.00299343	-0.180206	0
3710	0.00423268	-0.183932	0
3720	-0.00593612	-0.0401772	0
3730	-0.00421828	-0.0385268	0
3740	0.00250222	-0.0388217	0
3750	-0.0101365	-0.0431661	0
3760	-0.0594732	-0.0585027	0
3770	-0.0541263	-0.0598145	0
3780	-0.0382885	-0.0619914	0
3790	-0.0077331	-0.0660711	0
3800	0.000371335	-0.0748843	0
3810	0.000549249	-0.083431	0
3820	0.000863827	-0.090156	0
3830	0.00130555	-0.0936848	0
3840	0.00183492	-0.0928309	0
3850	0.00242221	-0.0867451	0
3860	0.00304146	-0.0750339	0
3870	0.00366389	-0.0578353	0
3880	0.00425744	-0.03584	0
3890	0.00479047	-0.0102555	0
3900	0.00521741	0.0172856	0
3910	0.00552492	0.0448649	0
3920	0.00568454	0.070451	0
3930	0.00566474	0.0920911	0
3940	0.00545281	0.1081	0
3950	0.00504501	0.117228	0
3960	0.00444902	0.118791	0
3970	0.00368491	0.112746	0
3980	0.00277467	0.0997097	0
3990	0.00175516	0.0809011	0
4000	0.000666071	0.0580348	0
4010	-0.000444121	0.0331541	0
4020	-0.00153008	0.00843165	0
4030	-0.00254262	-0.0140462	0
4040	-0.00345456	-0.0324872	0
4050	-0.00425796	-0.0455735	0
4060	-0.00492453	-0.0525956	0
4070	-0.00543523	-0.053526	0
4080	-0.00580977	-0.0490236	0
4090	-0.0060393	-0.0403688	0
4100	-0.00612494	-0.0293322	0
4110	-0.00607214	-0.0179909	0
4120	-0.00589034	-0.00850747	0
4130	-0.00557925	-0.00289413	0
4140	-0.00515222	-0.00278631	0
4150	-0.00464711	-0.00924621	0
4160	-0.00409622	-0.0226165	0
4170	-0.00347374	-0.0424357	0
4180	-0.00273192	-0.0674185	0
4190	-0.00173099	-0.0955096	0
4200	-0.000194405	-0.12405	0
4210	0.00220691	-0.15014	0
4220	0.00520315	-0.171125	0
4230	0.00862373	-0.184772	0
4240	0.0122088	-0.189068	0
4250	0.0152702	-0.182322	0
4260	0.0176153	-0.163508	0
4270	0.019252	-0.132465	0
4280	0.0201631	-0.0899522	0
4290	0.020506	-0.0376345	0
4300	0.0201627	0.022156	0
4310	0.0188752	0.0864197	0
4320	0.0161236	0.151559	0
4330	0.0113319	0.21433	0
4340	0.00624481	0.272518	0
4350	0.00221777	0.324592	0
4360	-0.00105474	0.369029	0
4370	-0.00471342	0.406603	0
4380	-0.00522446	0.433142	0
4390	0.00123044	0.277915	0
4400	-0.00699608	0.277457	0
4410	-0.0082104	0.268336	0
4420	-0.0104706	0.252234	0
4430	-0.0130556	0.229962	0
4440	-0.0156238	0.202433	0
4450	-0.0180166	0.170601	0
4460	-0.0200323	0.135284	0
4470	-0.0214905	0.0969331	0
4480	-0.0222603	0.0555377	0
4490	-0.0221434	0.0117241	0
4500	-0.0203445	-0.0336688	0
4510	-0.0172587	-0.079695	0
4520	-0.0138128	-0.125342	0
4530	-0.00897145	-0.169608	0
4540	-0.00289374	-0.211513	0
4550	0.00402847	-0.249894	0
4560	0.0103619	-0.282634	0
4570	0.0149679	-0.306041	0
4580	0.0177025	-0.31667	0
4590	0.0188166	-0.314307	0
4600	0.016548	-0.164146	0
4610	0.0173571	-0.1419	0
4620	0.0157146	-0.114452	0
4630	0.0134929	-0.0833368	0
4640	0.0109665	-0.0500676	0
4650	0.00804227	-0.0161598	0
4660	0.004618	0.0168767	0
4670	0.000669527	0.0474819	0
4680	-0.00546036	-0.0699826	0
4690	0.00037299	-0.0418662	0
4700	-0.00941614	-0.0133848	0
4710	-0.0123914	0.0157816	0
4720	-0.0157204	0.0437052	0
4730	-0.019228	0.068836	0
4740	-0.0227132	0.089746	0
4750	-0.0257631	0.105246	0
4760	-0.0283101	0.114482	0
4770	-0.0303108	0.117003	0
4780	-0.031631	0.112788	0
4790	-0.032164	0.102231	0
4800	-0.0319004	0.0861106	0
4810	-0.0309103	0.0655575	0
4820	-0.0292677	0.0420134	0
4830	-0.0270384	0.0171055	0
4840	-0.0243757	-0.00747619	0
4850	-0.0212025	-0.0300935	0
4860	-0.0176039	-0.0492616	0
4870	-0.0137036	-0.063732	0
4880	-0.0095693	-0.072564	0
4890	-0.00527315	-0.0751774	0
4900	-0.000882001	-0.07138	0
4910	0.00353429	-0.0613686	0
4920	0.00789533	-0.045707	0
4930	0.0121229	-0.0252824	0
4940	0.016178	-0.0012507	0
4950	0.0200037	0.0250464	0
4960	0.0235639	0.0521674	0
4970	0.0268109	0.0786559	0
4980	0.0297022	0.10312	0
4990	0.0321938	0.124306	0
5000	0.0342438	0.141152	0
5010	0.0357545	0.152839	0
5020	0.0366795	0.158812	0
5030	0.0371846	0.158795	0
5040	0.03716	0.15279	0
5050	0.0366167	0.141053	0
5060	0.0356391	0.124056	0
5070	0.0343289	0.10244	0
5080	0.0327683	0.0769802	0
5090	0.0310444	0.0485599	0
5100	0.0291619	0.0181564	0
5110	0.0271783	-0.0131693	0
5120	0.0250818	-0.0442876	0
5130	0.0228034	-0.0740324	0
5140	0.0203198	-0.10125	0
5150	0.0173993	-0.12486	0
5160	0.0139914	-0.143918	0
5170	0.0101896	-0.157677	0
5180	0.00603657	-0.165639	0
5190	0.00128634	-0.167588	0
5200	-0.00393302	-0.163594	0
5210	-0.00991727	-0.153969	0
5220	-0.0169076	-0.138995	0
5230	-0.0596727	0.0215599	0
5240	0.0325069	-0.0579817	0
5250	-0.13746	-0.0284061	0
5260	-0.137701	-0.0283983	0
5270	-0.145489	-0.0112969	0
5280	-0.143201	-0.0114747	0
5290	-0.122759	-0.0174016	0
5300	-0.0806909	-0.0294817	0
5310	-0.133111	-0.0238216	0
5320	-0.118058	-0.0281743	0
5330	-0.12767	-0.0228369	0
5340	-0.122647	-0.00349141	0
5350	-0.0932891	0.00188972	0
5360	-0.00610965	-0.00772312	0
5370	-0.000919168	-0.0430321	0
5380	0.00401431	-0.0794045	0
5390	0.00865759	-0.114098	0
5400	0.0127198	-0.144438	0
5410	0.0160884	-0.168069	0
5420	0.018646	-0.183171	0
5430	0.0202675	-0.188619	0
5440	0.0208389	-0.184094	0
5450	0.0203617	-0.170117	0
5460	0.0189018	-0.148002	0
5470	0.0165268	-0.119737	0
5480	0.0133322	-0.0878068	0
5490	0.00947412	-0.0549706	0
5500	0.00512265	-0.0240178	0
5510	0.000532368	0.00248427	0
5520	-0.00404222	0.0224236	0
5530	-0.00840698	0.0343369	0
5540	-0.0123147	0.0375444	0
5550	-0.0154188	0.0322195	0
5560	-0.0176309	0.0193854	0
5570	-0.018855	0.000839354	0
5580	-0.0192568	-0.0209888	0
5590	-0.0183026	-0.0432333	0
5600	-0.0165076	-0.0628325	0
5610	-0.0139978	-0.0767941	0
5620	-0.0108224	-0.08246	0
5630	-0.00710732	-0.0777302	0
5640	-0.00314151	-0.0612531	0
5650	0.000983051	-0.0325822	0
5660	0.00511341	0.00776371	0
5670	0.00910196	0.0582977	0
5680	0.0127962	0.116642	0
5690	0.0160494	0.179681	0
5700	0.0187645	0.243766	0
5710	0.0208826	0.304958	0
5720	0.0223596	0.359295	0
5730	0.0230871	0.403044	0
5740	0.0228484	0.432944	0
5750	0.0215341	0.446393	0
5760	0.0195233	0.441143	0
5770	0.00491976	0.261973	0
5780	0.0170621	0.230641	0
5790	0.0167771	0.19023	0
5800	0.0147367	0.140949	0
5810	0.0116864	0.0831564	0
5820	0.00767905	0.0180536	0
5830	0.00248011	-0.0537974	0
5840	-0.00394868	-0.132608	0
5850	-0.00874931	-0.210346	0
5860	-0.0095313	-0.275564	0
5870	-0.0100473	-0.327484	0
5880	-0.0123073	-0.365569	0
5890	-0.0388091	-0.259929	0
5900	-0.0161169	-0.276921	0
5910	-0.0169098	-0.285907	0
5920	-0.0208326	-0.286034	0
5930	-0.0211443	-0.276617	0
5940	-0.0246209	-0.25745	0
5950	-0.0290476	-0.228536	0
5960	-0.0326158	-0.190003	0
5970	-0.0351107	-0.142513	0
5980	-0.0364199	-0.0867838	0
5990	-0.0369318	-0.0245271	0
6000	-0.0357201	0.0417597	0
6010	-0.032173	0.109168	0
6020	-0.0275565	0.17447	0
6030	-0.0221155	0.234097	0
6040	-0.0162599	0.284216	0
6050	-0.00607082	0.165552	0
6060	-0.00167676	0.198172	0
6070	0.00442486	0.224051	0
6080	0.0103852	0.241794	0
6090	0.0152465	0.250761	0
6100	0.0191375	0.251111	0
6110	0.0226185	0.243558	0
6120	0.0249626	0.229099	0
6130	0.0264996	0.208858	0
6140	0.0275871	0.184044	0
6150	0.0283099	0.155901	0
6160	0.0285563	0.125634	0
6170	0.02665	0.0943881	0
6180	0.0237611	0.0630804	0
6190	0.0216327	0.032323	0
6200	0.0200081	0.00261881	0
6210	0.0186981	-0.0256506	0
6220	0.0175735	-0.052242	0
6230	0.0166521	-0.0770233	0
6240	0.0159801	-0.0999235	0
6250	0.0156014	-0.120874	0
6260	0.0155638	-0.139754	0
6270	0.0158779	-0.156345	0
6280	0.0164514	-0.170307	0
6290	0.0171247	-0.18115	0
6300	0.0176477	-0.188231	0
6310	0.017871	-0.190757	0
6320	0.0177262	-0.187828	0
6330	0.0170404	-0.178497	0
6340	0.0156319	-0.161857	0
6350	0.0133534	-0.137151	0
6360	0.0101561	-0.103905	0
6370	0.00623391	-0.0620726	0
6380	0.000614463	-0.0121519	0
6390	-0.00384828	0.0447907	0
6400	-0.00726037	0.107163	0
6410	-0.0114277	0.172777	0
6420	-0.0163744	0.238818	0
6430	-0.0221648	0.301979	0
6440	-0.028693	0.358651	0
6450	-0.0356397	0.405102	0
6460	-0.042478	0.437665	0
6470	-0.0484896	0.453039	0
6480	-0.0530317	0.448736	0
6490	-0.0559597	0.423306	0
6500	-0.0576601	0.376145	0
6510	-0.0585676	0.307482	0
6520	-0.0588193	0.218654	0
6530	-0.058466	0.112204	0
6540	-0.0563849	-0.0082715	0
6550	-0.0510548	-0.138466	0
6560	-0.0458877	-0.273246	0
6570	-0.0397506	-0.406753	0
6580	-0.0322002	-0.532825	0
6590	-0.0233196	-0.645366	0
6600	-0.0133106	-0.738698	0
6610	-0.0022797	-0.807874	0
6620	0.0106443	-0.848942	0
6630	0.0123367	-0.856552	0
6640	0.0367639	-0.7277	0
6650	0.0479406	-0.681689	0
6660	0.0458769	-0.61146	0
6670	0.0540361	-0.519773	0
6680	0.0612234	-0.408936	0
6690	0.0664366	-0.282686	0
6700	0.0727465	-0.145783	0
6710	0.0636582	-0.00376878	0
6720	0.0625237	0.137025	0
6730	0.0602878	0.270074	0
6740	0.0515769	0.389399	0
6750	0.0462185	0.490533	0
6760	0.0376704	0.570327	0
6770	0.0407411	0.626907	0
6780	0.0279572	0.659733	0
6790	0.0155948	0.670057	0
6800	0.00430756	0.484286	0
6810	-0.000933194	0.466187	0
6820	-0.00764796	0.443295	0
6830	-0.0142505	0.418813	0
6840	-0.0188093	0.39505	0
6850	-0.0202235	0.365913	0
6860	-0.017638	0.327145	0
6870	-0.0145454	0.281868	0
6880	-0.0119176	0.232945	0
6890	-0.00965342	0.182339	0
6900	-0.00776623	0.131665	0
6910	-0.00601952	0.0825192	0
6920	-0.00430471	0.0360638	0
6930	-0.00280907	-0.0066339	0
6940	-0.00169432	-0.0441854	0
6950	-0.00155913	-0.0762114	0
6960	-0.00226007	-0.102785	0
6970	-0.00298941	-0.124228	0
6980	-0.00437088	-0.141083	0
6990	-0.00646232	-0.154077	0
7000	-0.00920149	-0.164046	0
7010	-0.0122753	-0.171852	0
7020	-0.0157206	-0.178079	0
7030	-0.0530051	-0.0455509	0
7040	-0.0204744	-0.0539904	0
7050	-0.0351744	-0.204708	0
7060	-0.0262181	-0.0904417	0
7070	0.00609611	-0.247643	0
7080	-0.026154	-0.1452	0
7090	-0.00353336	-0.309037	0
7100	-0.0136353	-0.209761	0
7110	-0.00800064	-0.241834	0
7120	-0.00268756	-0.267838	0
7130	0.00162257	-0.283519	0
7140	0.00518538	-0.287117	0
7150	0.00838537	-0.27707	0
7160	0.0078229	-0.258272	0
7170	0.00481827	-0.236974	0
7180	0.00524051	-0.215384	0
7190	-0.00577553	-0.197813	0
7200	-0.0613604	-0.181397	0
7210	-0.0104254	-0.119139	0
7220	-0.00595123	-0.0958066	0
7230	-0.00249756	-0.0663186	0
7240	0.00177841	-0.0363763	0
7250	0.00547713	-0.010433	0
7260	0.00836712	0.0103883	0
7270	0.0105105	0.0256106	0
7280	0.0115973	0.0353155	0
7290	0.0118747	0.0403168	0
7300	0.0115619	0.0419152	0
7310	0.010849	0.0417086	0
7320	0.00977594	0.0414175	0
7330	0.00847122	0.0428088	0
7340	0.00717026	0.0474722	0
7350	0.00577222	0.0567251	0
7360	0.00432615	0.07158	0
7370	0.00269719	0.0926634	0
7380	0.000483211	0.121086	0
7390	0.0461397	0.154815	0
7400	-0.03921	0.192753	0
7410	-0.0440016	0.218653	0
7420	-0.054377	0.24414	0
7430	-0.0020163	0.286102	0
7440	0.00432636	0.303379	0
7450	0.0617311	0.15994	0
7460	0.00638399	0.161048	0
7470	0.00519915	0.157869	0
7480	0.00581253	0.151855	0
7490	0.00651786	0.143814	0
7500	0.00703484	0.134695	0
7510	0.00710036	0.125339	0
7520	0.00653614	0.11649	0
7530	0.0052488	0.108739	0
7540	0.00337639	0.102379	0
7550	0.00086319	0.0973345	0
7560	-0.00234074	0.0931374	0
7570	-0.00633196	0.088956	0
7580	-0.0110136	0.0836459	0
7590	-0.0161354	0.0758562	0
7600	-0.0208691	0.0641597	0
7610	-0.0248709	0.0470979	0
7620	-0.0306241	0.0235773	0
7630	-0.0337865	-0.00703614	0
7640	-0.0351387	-0.0448033	0
7650	-0.0367243	-0.0890645	0
7660	-0.0365495	-0.138313	0
7670	-0.0358246	-0.19016	0
7680	-0.0321889	-0.241686	0
7690	-0.0280761	-0.290642	0
7700	-0.0224836	-0.334603	0
7710	-0.0160691	-0.371199	0
7720	-0.0086555	-0.397934	0
7730	-0.0141087	-0.402275	0
7740	0.0147293	-0.294848	0
7750	0.0193966	-0.301689	0
7760	0.0261301	-0.304411	0
7770	0.0276144	-0.297971	0
7780	0.0244588	-0.272614	0
7790	0.0255611	-0.230577	0
7800	0.0303877	-0.177285	0
7810	0.0365443	-0.115335	0
7820	0.0430383	-0.0471133	0
7830	0.0494057	0.0245828	0
7840	0.0586718	0.096722	0
7850	0.0584418	0.166593	0
7860	0.058441	0.230798	0
7870	0.0575874	0.28663	0
7880	0.0548759	0.331791	0
7890	0.0497795	0.363939	0
7900	0.042084	0.382496	0
7910	0.0316817	0.387686	0
7920	0.0235065	0.378256	0
7930	-0.00134302	0.204093	0
7940	-0.0163075	0.189574	0
7950	-0.031443	0.176395	0
7960	-0.0462436	0.165399	0
7970	-0.059207	0.157045	0
7980	-0.0706724	0.152286	0
7990	-0.0871912	0.166473	0
8000	-0.0563871	0.148919	0
8010	-0.057738	0.129832	0
8020	-0.0583535	0.107447	0
8030	-0.0581084	0.0804706	0
8040	-0.056822	0.0488164	0
8050	-0.0542557	0.0128263	0
8060	-0.0501758	-0.026645	0
8070	-0.0451188	-0.0681095	0
8080	-0.038475	-0.109343	0
8090	-0.0306886	-0.147602	0
8100	-0.0220238	-0.179867	0
8110	-0.012741	-0.20405	0
8120	-0.00398898	-0.218928	0
8130	0.0040345	-0.223161	0
8140	0.0116067	-0.214174	0
8150	0.0291334	-0.0598497	0
8160	0.0401131	-0.0404465	0
8170	0.0475878	-0.0184965	0
8180	0.0532184	0.00387059	0
8190	0.137958	-0.101943	0
8200	0.0682851	-0.0877903	0
8210	-0.0403202	0.0279532	0
8220	-0.0558568	0.0485386	0
8230	0.132517	0.0869814	0
8240	-0.0213341	0.0123392	0
8250	-0.0681331	0.0379917	0
8260	-0.0579937	0.0368533	0
8270	-0.029184	-0.0332465	0
8280	-0.0902928	-0.0339964	0
8290	-0.0246725	-0.0811568	0
8300	0.0960312	-0.0616051	0
8310	-0.0159042	-0.0116569	0
8320	0.0257209	-0.172313	0
8330	-0.0418267	-0.182723	0
8340	-0.0093822	-0.222395	0
8350	0.009432	-0.110678	0
8360	-0.00519494	-0.13775	0
8370	-0.00681075	-0.156346	0
8380	-0.00452889	-0.172013	0
8390	-0.00221048	-0.182789	0
8400	-0.00110018	-0.186264	0
8410	0.00113848	-0.180528	0
8420	0.00420568	-0.164355	0
8430	0.00765616	-0.137381	0
8440	0.011047	-0.100116	0
8450	0.0139046	-0.0539492	0
8460	0.0159561	-0.00102331	0
8470	0.0171725	0.0560439	0
8480	0.0175035	0.114405	0
8490	0.0168938	0.171134	0
8500	0.0154005	0.22337	0
8510	0.0129892	0.268474	0
8520	0.00999567	0.30418	0
8530	0.00670356	0.328729	0
8540	0.00286052	0.340932	0
8550	-0.00141485	0.33923	0
8560	-0.0107994	0.168412	0
8570	-0.00945726	0.308732	0
8580	-0.0304235	0.127511	0
8590	-0.0102326	0.258425	0
8600	-0.00571	0.228115	0
8610	-0.0468244	0.0475322	0
8620	-0.139381	0.0437819	0
8630	-0.0353893	0.038437	0
8640	-0.0348334	0.0169711	0
8650	-0.0356042	-0.00121381	0
8660	-0.0360099	-0.0154776	0
8670	-0.034502	-0.025378	0
8680	-0.0321341	-0.0302912	0
8690	-0.0286235	-0.0305002	0
8700	-0.0238996	-0.0266073	0
8710	-0.0182823	-0.0199222	0
8720	-0.0117077	-0.0122874	0
8730	-0.00450014	-0.00476316	0
8740	0.00341142	0.00164377	0
8750	0.0112877	0.00606361	0
8760	0.0185176	0.00828277	0
8770	0.025432	0.00766422	0
8780	0.0317271	0.00377636	0
8790	0.0370203	-0.00323058	0
8800	0.0406892	-0.013026	0
8810	0.0424086	-0.0254589	0
8820	0.0417433	-0.0407507	0
8830	0.0378992	-0.0595647	0
8840	0.0308884	-0.0816311	0
8850	0.0238791	-0.10439	0
8860	0.0171108	-0.125589	0
8870	0.0112325	-0.142485	0
8880	0.00565747	-0.154189	0
8890	0.000118027	-0.160421	0
8900	-0.00658433	-0.161404	0
8910	-0.105906	-0.0534205	0
8920	-0.103465	-0.0957432	0
8930	-0.0284021	-0.14734	0
8940	0.0580918	-0.136228	0
8950	0.0639561	-0.12713	0
8960	0.0663219	-0.124907	0
8970	0.0443074	-0.129438	0
8980	0.0105509	-0.132357	0
8990	-0.0296958	-0.126116	0
9000	-0.0322577	-0.119502	0
9010	-0.0331754	-0.11367	0
9020	-0.0328534	-0.111942	0
9030	-0.0378215	-0.124578	0
9040	-0.00571569	-0.129849	0
9050	0.0215267	-0.1213	0
9060	0.071058	0.0151398	0
9070	0.0606016	0.016395	0
9080	0.00178126	-0.101739	0
9090	-0.0162878	-0.0238842	0
9100	0.0465438	-0.0344425	0
9110	0.0492946	-0.0710416	0
9120	0.0519747	-0.115207	0
9130	0.0533491	-0.162224	0
9140	0.0542663	-0.20665	0
9150	0.0532631	-0.24241	0
9160	0.0500878	-0.263164	0
9170	0.0451096	-0.262913	0
9180	0.0387797	-0.236439	0
9190	0.0311619	-0.179936	0
9200	0.02224	-0.0915842	0
9210	0.0121284	0.0281069	0
9220	0.00200925	0.176557	0
9230	-0.0291539	0.371177	0
9240	-0.0304388	0.559583	0
9250	-0.0390935	0.743347	0
9260	-0.0488747	0.917433	0
9270	-0.0578547	1.07189	0
9280	-0.0657285	1.19708	0
9290	-0.0618581	1.08213	0
9300	-0.0781474	1.13337	0
9310	-0.0833116	1.14465	0
9320	-0.0860332	1.11172	0
9330	-0.0839149	1.03274	0
9340	-0.0826379	0.908466	0
9350	-0.0785273	0.742347	0
9360	-0.0716371	0.539829	0
9370	-0.0622002	0.30836	0
9380	-0.0504982	0.0569336	0
9390	-0.0369331	-0.205138	0
9400	-0.0218774	-0.467341	0
9410	-0.0054279	-0.719027	0
9420	0.0125551	-0.950342	0
9430	0.0313461	-1.15216	0
9440	0.0474906	-1.31451	0
9450	0.0580392	-1.42706	0
9460	0.0641947	-1.48392	0
9470	0.0685202	-1.40858	0
9480	0.0698736	-1.35829	0
9490	0.0707206	-1.26367	0
9500	0.0705556	-1.13272	0
9510	0.0694839	-0.974595	0
9520	0.0668932	-0.798974	0
9530	0.062584	-0.61536	0
9540	0.0565589	-0.432432	0
9550	0.0491521	-0.257366	0
9560	0.0410203	-0.095473	0
9570	0.0324946	0.0494728	0
9580	0.0236127	0.174652	0
9590	0.0143214	0.279593	0
9600	0.00495365	0.365543	0
9610	-0.00412126	0.434892	0
9620	-0.0125381	0.49069	0
9630	-0.0199946	0.53601	0
9640	-0.0261034	0.574313	0
9650	-0.0435625	0.635009	0
9660	-0.0397494	0.483672	0
9670	-0.0273177	0.505827	0
9680	-0.0234209	0.528848	0
9690	-0.0197748	0.550795	0
9700	-0.0134063	0.568584	0
9710	-0.00671902	0.578202	0
9720	-0.000472534	0.575286	0
9730	0.00504273	0.555573	0
9740	0.00936271	0.515353	0
9750	0.0118971	0.451758	0
9760	0.0119656	0.363079	0
9770	0.0092255	0.24934	0
9780	0.00293909	0.110724	0
9790	-0.0077814	-0.0530017	0
9800	-0.00980143	-0.214583	0
9810	-0.00795572	-0.359286	0
9820	-0.00931903	-0.485537	0
9830	-0.0122197	-0.587746	0
9840	-0.0182788	-0.540151	0
9850	-0.0210659	-0.589501	0
9860	-0.0250371	-0.606182	0
9870	-0.0277574	-0.587694	0
9880	-0.0281448	-0.5335	0
9890	-0.0293263	-0.445494	0
9900	-0.0299676	-0.327762	0
9910	-0.0282102	-0.186375	0
9920	-0.0240701	-0.0291116	0
9930	-0.0174873	0.135041	0
9940	-0.00855566	0.298018	0
9950	0.00194639	0.455263	0
9960	0.00691942	0.594564	0
9970	0.0121193	0.690387	0
9980	0.0090114	0.742937	0
9990	0.0241329	0.590059	0
10000	0.026045	0.587388	0
10010	0.0338151	0.56336	0
10020	0.0418839	0.521576	0
10030	0.0478172	0.466258	0
10040	0.0530414	0.401965	0
10050	0.0567382	0.333291	0
10060	0.0581477	0.263296	0
10070	0.0570885	0.193876	0
10080	0.0533103	0.126049	0
10090	0.0465897	0.060464	0
10100	0.0369753	-0.0033396	0
10110	0.0248505	-0.0666096	0
10120	0.0108197	-0.130888	0
10130	-0.00457247	-0.197734	0
10140	-0.0209057	-0.268904	0
10150	-0.0382174	-0.348134	0
10160	-0.0582312	-0.457631	0
10170	-0.060049	-0.548674	0
10180	-0.0588054	-0.616227	0
10190	-0.0634178	-0.672723	0
10200	-0.0749885	-0.610546	0
10210	-0.0701553	-0.652017	0
10220	-0.0700511	-0.682613	0
10230	-0.0662054	-0.699277	0
10240	-0.0616076	-0.699074	0
10250	-0.0558656	-0.679326	0
10260	-0.048148	-0.638241	0
10270	-0.0388468	-0.576309	0
10280	-0.028372	-0.494314	0
10290	-0.0171447	-0.393819	0
10300	-0.00564283	-0.277158	0
10310	0.00568892	-0.147215	0
10320	0.0163612	-0.00741146	0
10330	0.0260645	0.137642	0
10340	0.0353717	0.282841	0
10350	0.0380349	0.429773	0
10360	0.03503	0.591994	0
10370	0.0473868	0.699293	0
10380	0.0542267	0.779344	0
10390	0.0722585	0.652071	0
10400	0.057895	0.677539	0
10410	0.0599412	0.679704	0
10420	0.0617176	0.658074	0
10430	0.0624727	0.612888	0
10440	0.062035	0.545221	0
10450	0.060266	0.457305	0
10460	0.0571461	0.352134	0
10470	0.0527762	0.233595	0
10480	0.0464004	0.106868	0
10490	0.0377603	-0.0224175	0
10500	0.0275729	-0.148645	0
10510	0.01692	-0.265264	0
10520	0.0063117	-0.360933	0
10530	-0.0196295	-0.323488	0
10540	-0.00856647	-0.396923	0
10550	-0.0139534	-0.449404	0
10560	-0.0221846	-0.477024	0
10570	-0.0309949	-0.477027	0
10580	-0.0332206	-0.447348	0
10590	-0.038959	-0.391564	0
10600	-0.0447477	-0.313696	0
10610	-0.0484729	-0.217223	0
10620	-0.0497452	-0.106185	0
10630	-0.0490468	0.0137905	0
10640	-0.0467208	0.136732	0
10650	-0.0427882	0.256979	0
10660	-0.0371464	0.369552	0
10670	-0.0296158	0.469123	0
10680	-0.0202886	0.548012	0
10690	0.0271379	0.447333	0
10700	-0.00808736	0.489474	0
10710	-0.0110327	0.517774	0
10720	-0.00942881	0.5275	0
10730	-0.00941661	0.516446	0
10740	-0.0109186	0.483839	0
10750	-0.0157112	0.429658	0
10760	-0.0170431	0.354423	0
10770	-0.0278774	0.259006	0
10780	-0.037028	0.145657	0
10790	-0.0463055	0.017307	0
10800	-0.0503607	-0.126803	0
10810	-0.030916	-0.294494	0
10820	-0.0402884	-0.448317	0
10830	-0.0486855	-0.584784	0
10840	-0.0526799	-0.704016	0
10850	-0.0526621	-0.802518	0
10860	-0.0487141	-0.876359	0
10870	-0.0325913	-0.904273	0
10880	-0.0350556	-0.836037	0
10890	-0.00750645	-0.825452	0
10900	0.0164116	-0.785873	0
10910	0.0411378	-0.716776	0
10920	0.0660523	-0.618721	0
10930	0.0898432	-0.493169	0
10940	0.111287	-0.342506	0
10950	0.129225	-0.170107	0
10960	0.142353	0.0192594	0
10970	0.148972	0.219906	0
10980	0.148213	0.426851	0
10990	0.135793	0.636128	0
11000	0.110864	0.842735	0
11010	0.0898348	1.03049	0
11020	0.0676289	1.18765	0
11030	0.041847	1.30828	0
11040	0.0655444	1.18125	0
11050	-0.0155637	1.21588	0
11060	-0.0504681	1.2143	0
11070	-0.0809077	1.17131	0
11080	-0.107284	1.08545	0
11090	-0.128486	0.956947	0
11100	-0.143503	0.787691	0
11110	-0.151914	0.581127	0
11120	-0.147779	0.341859	0
11130	-0.139496	0.0754843	0
11140	-0.120884	-0.210771	0
11150	-0.0953939	-0.506974	0
11160	-0.0682241	-0.799906	0
11170	-0.0408858	-1.07578	0
11180	-0.0132902	-1.32324	0
11190	0.0141904	-1.53288	0
11200	0.0406036	-1.69691	0
11210	0.0649345	-1.80903	0
11220	0.0871225	-1.86412	0
11230	0.0990804	-1.79734	0
11240	0.116418	-1.73317	0
11250	0.125555	-1.6117	0
11260	0.127124	-1.43638	0
11270	0.122355	-1.2115	0
11280	0.115382	-0.943528	0
11290	0.103789	-0.640904	0
11300	0.0876374	-0.313399	0
11310	0.0677013	0.0278127	0
11320	0.0451017	0.370861	0
11330	0.0208955	0.70436	0
11340	-0.00390902	1.01715	0
11350	-0.028274	1.2987	0
11360	-0.0512669	1.5395	0
11370	-0.0721411	1.73143	0
11380	-0.0907079	1.8681	0
11390	-0.106829	1.9436	0
11400	-0.0899842	1.73009	0
11410	-0.113655	1.69983	0
11420	-0.115367	1.61782	0
11430	-0.10915	1.48182	0
11440	-0.0999387	1.29691	0
11450	-0.0891903	1.07014	0
11460	-0.0773058	0.80951	0
11470	-0.0645932	0.524277	0
11480	-0.0515795	0.22522	0
11490	-0.0383961	-0.0759348	0
11500	-0.025387	-0.367141	0
11510	-0.0129735	-0.636448	0
11520	-0.0015722	-0.872633	0
11530	0.0107678	-1.06574	0
11540	0.0224868	-1.20767	0
11550	0.0297164	-1.29338	0
11560	0.0363539	-1.32077	0
11570	0.0374513	-1.20092	0
11580	0.044839	-1.12224	0
11590	0.0489421	-0.999085	0
11600	0.052018	-0.840544	0
11610	0.0546064	-0.657686	0
11620	0.0573415	-0.463528	0
11630	0.0603167	-0.273522	0
11640	0.0580331	-0.0954208	0
11650	0.0490566	0.077395	0
11660	0.0410196	0.234333	0
11670	0.0348424	0.363939	0
11680	0.0300033	0.459594	0
11690	0.0260898	0.517607	0
11700	0.0235982	0.537436	0
11710	0.0220464	0.520668	0
11720	0.0152292	0.312349	0
11730	0.0223652	0.248029	0
11740	0.0236016	0.173011	0
11750	0.0242601	0.0932142	0
11760	0.0242704	0.0148638	0
11770	0.0278755	-0.0462557	0
11780	0.0128258	-0.073368	0
11790	0.0142043	-0.124921	0
11800	0.0118997	-0.164341	0
11810	0.00891191	-0.189363	0
11820	0.00277994	-0.19774	0
11830	-0.00227974	-0.0552316	0
11840	-0.0122167	-0.0484329	0
11850	-0.0255111	-0.0369742	0
11860	-0.0282125	-0.0223127	0
11870	-0.0359078	-0.00703032	0
11880	-0.0436596	0.00693457	0
11890	-0.0663971	-0.125132	0
11900	-0.0605108	0.0262412	0
11910	0.0274237	-0.0615604	0
11920	-0.0374153	0.0147558	0
11930	-0.0337082	0.0163173	0
11940	-0.034025	0.0126544	0
11950	-0.0350902	0.00480778	0
11960	-0.0355269	-0.00873829	0
11970	-0.0324181	-0.0280248	0
11980	-0.0284522	-0.052545	0
11990	-0.0233132	-0.0811234	0
12000	-0.0158486	-0.111245	0
12010	-0.0155909	-0.139827	0
12020	-0.0146101	-0.16366	0
12030	-0.00221379	-0.179661	0
12040	0.00324106	-0.185034	0
12050	0.00945424	-0.177094	0
12060	0.016667	-0.153693	0
12070	0.0249861	-0.113521	0
12080	0.0291321	-0.0565589	0
12090	0.0283052	0.0114468	0
12100	0.0271434	0.0809754	0
12110	0.0253132	0.150763	0
12120	0.0204148	0.22106	0
12130	0.0197063	0.288674	0
12140	0.0208864	0.350157	0
12150	0.0240197	0.402733	0
12160	0.0280081	0.443415	0
12170	0.053302	0.309711	0
12180	0.0345894	0.321278	0
12190	0.0390999	0.323193	0
12200	0.0407713	0.311735	0
12210	0.0415606	0.28768	0
12220	0.0437548	0.252272	0
12230	0.0426884	0.206338	0
12240	0.0393219	0.151357	0
12250	0.035164	0.0912188	0
12260	0.0300993	0.0312641	0
12270	0.0243481	-0.0253264	0
12280	0.0180478	-0.0756204	0
12290	0.0113411	-0.11668	0
12300	0.00383543	-0.146056	0
12310	-0.00468689	-0.161604	0
12320	-0.0134002	-0.162023	0
12330	-0.0194746	-0.00287462	0
12340	-0.0214934	-0.124153	0
12350	0.0510502	-0.0699236	0
12360	0.0391357	-0.0444465	0
12370	-0.0429171	-0.0233425	0
12380	-0.0527568	0.0129715	0
12390	-0.0596288	0.0428438	0
12400	-0.065646	0.0603636	0
12410	-0.0708506	0.0599413	0
12420	-0.0756711	0.0367114	0
12430	-0.0803561	-0.0142511	0
12440	-0.0885047	-0.110468	0
12450	-0.0776904	-0.227186	0
12460	-0.0618739	-0.335936	0
12470	-0.0525828	-0.454925	0
12480	-0.0441749	-0.579106	0
12490	-0.0119964	-0.583106	0
12500	-0.0257445	-0.699489	0
12510	-0.00926006	-0.799215	0
12520	0.00115582	-0.870904	0
12530	0.0143821	-0.904602	0
12540	0.0295473	-0.891668	0
12550	0.0459376	-0.824818	0
12560	0.0621734	-0.699049	0
12570	0.0773083	-0.513374	0
12580	0.0893206	-0.277007	0
12590	0.0957296	-0.00316847	0
12600	0.100833	0.29876	0
12610	0.105063	0.616199	0
12620	0.106457	0.932565	0
12630	0.105228	1.22903	0
12640	0.100287	1.48592	0
12650	0.0930792	1.68293	0
12660	0.0224913	1.78218	0
12670	0.0691008	1.62724	0
12680	0.0501009	1.58117	0
12690	0.0291517	1.44888	0
12700	0.00506712	1.2306	0
12710	-0.0165868	0.938374	0
12720	-0.0309042	0.594938	0
12730	-0.0432302	0.219249	0
12740	-0.0556704	-0.17043	0
12750	-0.0675477	-0.553204	0
12760	-0.0776482	-0.90716	0
12770	-0.0872117	-1.21125	0
12780	-0.0968224	-1.44633	0
12790	-0.100227	-1.59774	0
12800	-0.103156	-1.65544	0
12810	-0.101851	-1.52736	0
12820	-0.0789646	-1.37352	0
12830	-0.0928139	-1.16291	0
12840	-0.0933069	-0.899023	0
12850	-0.0897893	-0.592895	0
12860	-0.0841982	-0.264748	0
12870	-0.0767763	0.0637323	0
12880	-0.0675135	0.370782	0
12890	-0.0563606	0.636127	0
12900	-0.0431186	0.842312	0
12910	-0.0274529	0.975976	0
12920	-0.00849936	1.02999	0
12930	-0.00794029	0.84028	0
12940	0.0197954	0.771248	0
12950	0.0375556	0.655467	0
12960	0.054293	0.503181	0
12970	0.0681083	0.327513	0
12980	0.0823265	0.142342	0
12990	0.096658	-0.0392518	0
13000	0.109392	-0.205449	0
13010	0.121122	-0.345402	0
13020	0.130197	-0.450923	0
13030	0.136068	-0.517409	0
13040	0.137879	-0.543297	0
13050	0.133873	-0.530061	0
13060	0.129047	-0.346386	0
13070	0.104616	-0.264202	0
13080	0.0840855	-0.171181	0
13090	0.0659906	-0.0769609	0
13100	0.0468641	0.0111857	0
13110	0.0262043	0.087225	0
13120	0.00405549	0.146063	0
13130	-0.0195742	0.184178	0
13140	-0.059671	0.0502616	0
13150	-0.066298	0.0540768	0
13160	-0.0826813	0.0495684	0
13170	-0.0975022	0.0411137	0
13180	-0.10984	0.0344374	0
13190	0.00759047	0.0931286	0
13200	0.000240744	0.116995	0
13210	-0.0133372	0.160896	0
13220	-0.00647899	0.127976	0
13230	-0.0858322	0.147341	0
13240	-0.0734509	0.229198	0
13250	-0.0626483	0.307673	0
13260	-0.0525419	0.386257	0
13270	-0.0412964	0.460648	0
13280	-0.0291064	0.524069	0
13290	-0.0164436	0.569235	0
13300	-0.00341296	0.589162	0
13310	0.00971811	0.577925	0
13320	0.0221685	0.531498	0
13330	0.0341919	0.446861	0
13340	0.0503184	0.318726	0
13350	0.0550431	0.163733	0
13360	0.0506913	0.00443214	0
13370	0.0498289	-0.159641	0
13380	0.0502025	-0.322613	0
13390	0.0507174	-0.476221	0
13400	0.0511929	-0.6121	0
13410	0.0518536	-0.722521	0
13420	0.0491275	-0.800956	0
13430	0.0445171	-0.842273	0
13440	0.0121067	-0.732807	0
13450	0.0401839	-0.697812	0
13460	0.0407345	-0.632682	0
13470	0.0381129	-0.541853	0
13480	0.0331161	-0.431687	0
13490	0.0257171	-0.30957	0
13500	0.0160838	-0.183543	0
13510	0.00533729	-0.0619997	0
13520	-0.00519716	0.046946	0
13530	-0.0148801	0.136603	0
13540	-0.0226651	0.203596	0
13550	-0.0330791	0.245432	0
13560	-0.0372824	0.258719	0
13570	-0.0200425	0.0978512	0
13580	-0.0424491	0.0715142	0
13590	-0.0488315	0.0335914	0
13600	-0.0515884	-0.011715	0
13610	-0.050978	-0.05857	0
13620	-0.0447894	-0.0958778	0
13630	0.00306754	-0.0110207	0
13640	-0.0296796	-0.0480599	0
13650	-0.0425439	-0.0932622	0
13660	-0.0218924	-0.136123	0
13670	-0.0154063	-0.171217	0
13680	-0.0108169	-0.195332	0
13690	-0.00510922	-0.205933	0
13700	0.00164629	-0.201217	0
13710	0.00873823	-0.180091	0
13720	0.0157172	-0.142335	0
13730	0.0222685	-0.0892177	0
13740	0.0280116	-0.0229438	0
13750	0.0326269	0.0535699	0
13760	0.0358631	0.136896	0
13770	0.0375098	0.223281	0
13780	0.0373966	0.308887	0
13790	0.0354924	0.389996	0
13800	0.0318854	0.463168	0
13810	0.0268045	0.525334	0
13820	0.0207666	0.573878	0
13830	0.0140697	0.606723	0
13840	0.00663688	0.622391	0
13850	-0.000560456	0.62003	0
13860	-0.00953907	0.59941	0
13870	-0.0179346	0.560738	0
13880	-0.023218	0.502914	0
13890	-0.0340499	0.271199	0
13900	-0.0365594	0.19884	0
13910	-0.0411371	0.123373	0
13920	-0.0451049	0.0468518	0
13930	-0.0481368	-0.0287067	0
13940	-0.0502009	-0.101275	0
13950	-0.051277	-0.168868	0
13960	-0.0514434	-0.229677	0
13970	-0.0512511	-0.282006	0
13980	-0.0484105	-0.324108	0
13990	-0.0406156	-0.354755	0
14000	-0.0307835	-0.373806	0
14010	-0.0192012	-0.382281	0
14020	-0.00571321	-0.382159	0
14030	0.00899288	-0.377414	0
14040	0.0229903	-0.370309	0
14050	0.0349641	-0.361809	0
14060	0.0436724	-0.35192	0
14070	0.047679	-0.337352	0
14080	-0.073097	-0.248527	0
14090	0.06859	-0.199323	0
14100	0.0747572	-0.180383	0
14110	0.0834813	-0.160574	0
14120	0.0805702	-0.136834	0
14130	0.0761418	-0.109087	0
14140	0.073528	-0.0780361	0
14150	0.0712366	-0.044646	0
14160	0.0684516	-0.0101	0
14170	0.0649713	0.0244195	0
14180	0.0600462	0.0578837	0
14190	0.0529397	0.0894338	0
14200	0.0439218	0.118326	0
14210	0.0333861	0.14395	0
14220	0.0179705	0.165409	0
14230	0.00645313	0.181567	0
14240	-0.0070921	0.192481	0
14250	-0.0215372	0.198417	0
14260	-0.0365486	0.199799	0
14270	-0.156384	0.0572356	0
14280	-0.0666068	0.0435478	0
14290	-0.0825646	0.0460141	0
14300	-0.0970033	0.0501565	0
14310	-0.108195	0.0541915	0
14320	-0.110172	0.0605642	0
14330	-0.103826	0.0807238	0
14340	-0.105179	0.100614	0
14350	-0.106986	0.115542	0
14360	-0.107081	0.124808	0
14370	-0.104662	0.127262	0
14380	-0.0992259	0.121874	0
14390	-0.0903473	0.108098	0
14400	-0.0780254	0.0860617	0
14410	-0.0624389	0.0566781	0
14420	-0.0439274	0.021685	0
14430	-0.0231545	-0.01643	0
14440	-0.00708711	-0.0545994	0
14450	0.0259286	-0.0888413	0
14460	0.0514545	-0.115516	0
14470	0.0762989	-0.131642	0
14480	0.100488	-0.134536	0
14490	0.119933	-0.105318	0
14500	0.148871	0.045439	0
14510	0.141863	0.0746627	0
14520	0.142146	0.109288	0
14530	0.134033	0.150664	0
14540	0.119347	0.196146	0
14550	0.0767453	0.0824498	0
14560	0.0931776	0.124906	0
14570	0.0809209	0.164043	0
14580	0.0652976	0.198145	0
14590	0.046809	0.224943	0
14600	0.0273488	0.242152	0
14610	0.00754823	0.247911	0
14620	-0.0140413	0.241086	0
14630	-0.0341765	0.221085	0
14640	-0.0529834	0.187821	0
14650	-0.0696921	0.141761	0
14660	-0.0833893	0.0841829	0
14670	-0.0934391	0.0171987	0
14680	-0.103665	-0.0574189	0
14690	-0.105986	-0.137839	0
14700	-0.0988913	-0.221793	0
14710	-0.0879614	-0.305984	0
14720	-0.0768755	-0.386031	0
14730	-0.0654028	-0.45721	0
14740	-0.0530818	-0.515221	0
14750	-0.0396299	-0.55664	0
14760	-0.0251953	-0.577893	0
14770	0.0260169	-0.468709	0
14780	0.00606108	-0.450518	0
14790	0.0122163	-0.420477	0
14800	0.0226594	-0.376402	0
14810	0.0340941	-0.320488	0
14820	0.0450622	-0.255438	0
14830	0.054847	-0.184041	0
14840	0.0623532	-0.109048	0
14850	0.0670958	-0.0332635	0
14860	0.0688244	0.0404627	0
14870	0.0673563	0.109495	0
14880	0.0655698	0.171619	0
14890	0.0560735	0.225079	0
14900	0.0451108	0.268666	0
14910	0.0330944	0.301783	0
14920	0.019674	0.324456	0
14930	0.00495879	0.336753	0
14940	-0.0119617	0.33261	0
14950	-0.0695821	0.198537	0
14960	-0.0235258	0.187848	0
14970	-0.0209036	0.212143	0
14980	-0.00637324	0.245062	0
14990	-0.0102123	0.258849	0
15000	-0.0118613	0.271217	0
15010	-0.0124045	0.281577	0
15020	-0.0125869	0.288638	0
15030	-0.0128797	0.290916	0
15040	-0.0128003	0.287105	0
15050	-0.0141729	0.275913	0
15060	-0.0151797	0.255963	0
15070	-0.0161996	0.226149	0
15080	-0.017062	0.185747	0
15090	-0.0178065	0.134468	0
15100	-0.0184234	0.0726972	0
15110	-0.0190403	0.00149318	0
15120	-0.0200902	-0.0773143	0
15130	-0.0214589	-0.161179	0
15140	-0.0233571	-0.246985	0
15150	-0.0265941	-0.331424	0
15160	-0.0407327	-0.412342	0
15170	-0.0348605	-0.496834	0
15180	0.0200166	-0.456541	0
15190	0.00713029	-0.441977	0
15200	0.0136777	-0.432021	0
15210	0.00744811	-0.411146	0
15220	0.00454548	-0.378021	0
15230	0.000586461	-0.327243	0
15240	-0.00283303	-0.264549	0
15250	-0.00426708	-0.193103	0
15260	-0.00455191	-0.116376	0
15270	-0.0043223	-0.0386226	0
15280	-0.00378284	0.0357535	0
15290	-0.00311425	0.101969	0
15300	-0.00254647	0.156161	0
15310	0.000323643	0.195306	0
15320	0.00565268	0.217771	0
15330	0.011546	0.223126	0
15340	0.0181102	0.212138	0
15350	0.0252097	0.18669	0
15360	0.0331691	0.149455	0
15370	0.0428997	0.101149	0
15380	0.150892	0.00306466	0
15390	-0.0173041	0.0199844	0
15400	0.030614	-0.0143725	0
15410	0.0349041	-0.0389791	0
15420	0.0353303	-0.0522463	0
15430	0.0329193	-0.0539612	0
15440	0.0314951	-0.0420295	0
15450	0.0292782	-0.0131775	0
15460	0.0275915	0.0309323	0
15470	0.0250661	0.0855365	0
15480	0.0201168	0.147053	0
15490	0.0128066	0.211307	0
15500	0.00167405	0.272571	0
15510	-0.0047605	0.32413	0
15520	-0.0104967	0.359772	0
15530	-0.00909624	0.222994	0
15540	-0.0286251	0.230144	0
15550	-0.0403697	0.222464	0
15560	-0.0508651	0.198076	0
15570	-0.060713	0.154383	0
15580	-0.06878	0.0767938	0
15590	-0.0480737	0.0186714	0
15600	-0.0483275	-0.0448928	0
15610	-0.0471108	-0.114036	0
15620	-0.0462743	-0.182417	0
15630	-0.0443372	-0.246745	0
15640	-0.0364837	-0.303475	0
15650	-0.0318472	-0.350093	0
15660	-0.0282297	-0.383865	0
15670	-0.0219647	-0.40254	0
15680	-0.0479956	-0.270766	0
15690	-0.00541555	-0.258525	0
15700	0.00566359	-0.234402	0
15710	0.0156347	-0.19776	0
15720	0.0253124	-0.149093	0
15730	0.0344922	-0.0896569	0
15740	0.0427917	-0.0215119	0
15750	0.0498471	0.0524841	0
15760	0.0555027	0.128701	0
15770	0.05914	0.202615	0
15780	0.0599698	0.267089	0
15790	0.0428835	0.340187	0
15800	0.0255837	0.388655	0
15810	0.0211757	0.411399	0
15820	0.0373907	0.265068	0
15830	0.00907116	0.260879	0
15840	-0.00130701	0.241486	0
15850	-0.0100923	0.208091	0
15860	-0.018705	0.16235	0
15870	-0.0274844	0.106542	0
15880	-0.0353836	0.0436571	0
15890	-0.0422688	-0.0233692	0
15900	-0.0696966	-0.0642718	0
15910	-0.0421776	-0.112938	0
15920	-0.029093	-0.176869	0
15930	-0.0213312	-0.228585	0
15940	-0.0191598	-0.27005	0
15950	-0.0168181	-0.298996	0
15960	-0.0130752	-0.313934	0
15970	-0.00745067	-0.313841	0
15980	-0.00116301	-0.294853	0
15990	0.0208294	-0.137431	0
16000	0.0171866	-0.109298	0
16010	0.0219605	-0.0800604	0
16020	0.0233456	-0.048142	0
16030	0.0165417	-0.00997767	0
16040	-0.0241722	0.0442913	0
16050	0.0166742	0.0851938	0
16060	0.0165857	0.127244	0
16070	0.0182629	0.160757	0
16080	0.0191737	0.184319	0
16090	0.0191104	0.197644	0
16100	0.0184064	0.200686	0
16110	0.0161618	0.193352	0
16120	-0.0367634	0.027715	0
16130	-0.0847586	0.0218407	0
16140	-0.0717021	-0.000155365	0
16150	-0.120107	0.0206447	0
16160	-0.116074	-0.0151498	0
16170	-0.102815	-0.0436923	0
16180	-0.0826168	-0.0740531	0
16190	-0.0736861	-0.0922254	0
16200	-0.113674	-0.0403113	0
16210	-0.119787	-0.0705555	0
16220	-0.0853364	-0.0948961	0
16230	-0.0750805	-0.0952826	0
16240	0.00166279	-0.0884928	0
16250	0.00292268	-0.0282223	0
16260	-0.0782986	-0.044708	0
16270	-0.0192321	-0.0382203	0
16280	-0.00966588	-0.0179005	0
16290	-0.00800102	0.00367393	0
16300	-0.0058013	0.0254939	0
16310	-0.0035325	0.0462776	0
16320	0.000320799	0.0649659	0
16330	0.00431102	0.0807869	0
16340	0.00869494	0.0932666	0
16350	0.0132724	0.102282	0
16360	0.0176476	0.108112	0
16370	0.0214906	0.111613	0
16380	0.026394	0.114494	0
16390	0.0290766	0.117355	0
16400	0.0200799	0.117684	0
16410	0.0202965	0.111599	0
16420	0.0193449	0.0991699	0
16430	0.0217303	0.083877	0
16440	0.0223836	0.0661944	0
16450	0.0228994	0.0464223	0
16460	0.0217166	0.0242654	0
16470	0.0182192	0.0005404	0
16480	0.0127217	-0.0240137	0
16490	0.00590835	-0.0490214	0
16500	-0.00158751	-0.0740988	0
16510	-0.00968437	-0.0987881	0
16520	-0.0178515	-0.122657	0
16530	-0.0242596	-0.145533	0
16540	-0.0330178	-0.167453	0
16550	-0.0401967	-0.188574	0
16560	-0.0498985	-0.104495	0
16570	-0.0279145	-0.0944692	0
16580	-0.0215818	-0.102019	0
16590	-0.0183045	-0.10684	0
16600	-0.0155916	-0.109571	0
16610	-0.013583	-0.110038	0
16620	-0.0122223	-0.107901	0
16630	-0.0100461	-0.102633	0
16640	-0.00632402	-0.0937514	0
16650	0.000120663	-0.0804548	0
16660	0.00260182	-0.0622293	0
16670	0.00527272	-0.0385484	0
16680	0.00883082	-0.00938583	0
16690	-0.0520139	0.0225729	0
16700	-0.0307999	0.0353322	0
16710	0.00576792	0.061749	0
16720	0.0128131	0.0848983	0
16730	0.0117674	0.104896	0
16740	0.011369	0.12175	0
16750	0.0108247	0.13476	0
16760	0.00998258	0.143239	0
16770	0.0169713	0.144576	0
16780	-0.00187441	0.00863378	0
16790	0.00548865	0.0132108	0
16800	-0.0412462	0.162409	0
16810	-0.0452284	0.00796224	0
16820	0.0504151	0.0474605	0
16830	-0.110509	0.0140488	0
16840	0.0642168	0.0284681	0
16850	-0.110844	0.0104046	0
16860	0.106825	0.0784794	0
16870	0.0679531	0.0381676	0
16880	0.0609986	0.0229182	0
16890	0.0294217	0.0114717	0
16900	0.0424451	0.0114656	0
16910	0.0382874	0.0139764	0
16920	0.0295803	0.00971852	0
16930	0.0355002	0.0116745	0
16940	0.0479285	0.0145332	0
16950	0.0630809	0.0215029	0
16960	0.0816577	0.0277832	0
16970	0.0918498	0.0330681	0
16980	0.094521	0.0261336	0
16990	0.0974955	0.0254936	0
17000	0.102889	0.0256659	0
17010	0.106854	0.0265435	0
17020	0.101816	0.0232094	0
17030	0.0909869	0.0202267	0
17040	0.0696714	0.0155831	0
17050	0.01809	0.0119528	0
17060	0.00270256	0.019695	0
17070	-0.00185516	0.0275547	0
17080	-0.00585971	0.0335416	0
17090	-0.0121492	0.0364462	0
17100	-0.015992	0.0355563	0
17110	-0.017915	0.0303905	0
17120	-0.0205594	0.0207691	0
17130	-0.0197536	0.00655919	0
17140	0.0382787	-0.0439717	0
17150	-0.0645664	-0.0652933	0
17160	-0.0192698	-0.0822615	0
17170	-0.0125409	-0.0965324	0
17180	-0.0168048	-0.106767	0
17190	-0.0192576	-0.115959	0
17200	-0.0283398	-0.121427	0
17210	-0.0207172	-0.124048	0
17220	-0.0472868	0.0178309	0
17230	-0.111656	-0.0750658	0
17240	-0.125903	-0.0370717	0
17250	-0.122966	-0.0537001	0
17260	-0.113353	-0.0536939	0
17270	-0.103768	-0.048426	0
17280	-0.0879076	-0.0420526	0
17290	-0.0591203	-0.0322869	0
17300	-0.0016132	-0.0231627	0
17310	0.0128033	-0.0277072	0
17320	0.0143561	-0.0312097	0
17330	0.0192616	-0.0310753	0
17340	0.0254737	-0.026241	0
17350	0.0311606	-0.0161525	0
17360	0.0355701	-0.000799309	0
17370	0.0391524	0.0194727	0
17380	0.0412701	0.0439136	0
17390	0.041316	0.0714601	0
17400	0.0484875	0.100215	0
17410	0.0384306	0.134799	0
17420	0.00242157	0.187298	0
17430	0.00841801	0.201733	0
17440	0.00828427	0.206931	0
17450	-0.00616903	0.0547247	0
17460	-0.00163886	0.0531548	0
17470	-0.0299455	0.0544806	0
17480	-0.000283449	0.051794	0
17490	-0.00189134	0.0529442	0
17500	-0.00347461	0.0555259	0
17510	-0.00471307	0.0593541	0
17520	-0.00555267	0.0639691	0
17530	-0.00601132	0.068663	0
17540	-0.00615031	0.0725297	0
17550	-0.00611178	0.0745637	0
17560	-0.0060978	0.0737592	0
17570	-0.00712164	0.0691769	0
17580	-0.00803606	0.060042	0
17590	-0.0132325	0.0457537	0
17600	-0.00523334	0.026169	0
17610	-0.00284725	0.00188467	0
17620	0.00430423	-0.0267126	0
17630	-0.00288193	-0.0778931	0
17640	-0.060972	-0.137215	0
17650	-0.0100536	-0.130681	0
17660	-0.00997223	-0.144168	0
17670	-0.0252217	-0.16818	0
17680	-0.0145719	-0.181946	0
17690	-0.0274636	-0.189268	0
17700	-0.0401213	-0.237493	0
17710	-0.00660939	-0.110497	0
17720	-0.0662295	-0.101532	0
17730	-0.0665142	-0.0968602	0
17740	-0.0639905	-0.0919163	0
17750	-0.0606088	-0.0837768	0
17760	-0.0491888	-0.0775337	0
17770	-0.0275802	-0.0727037	0
17780	-0.000917709	-0.0675051	0
17790	0.000992898	-0.0580678	0
17800	0.00242488	-0.0495979	0
17810	0.00396336	-0.042907	0
17820	0.00563309	-0.0385668	0
17830	0.00748843	-0.0368506	0
17840	0.00970313	-0.0376755	0
17850	0.0123231	-0.0405833	0
17860	0.0145391	-0.0445867	0
17870	0.0166125	-0.0478758	0
17880	0.0187348	-0.0490666	0
17890	0.0230105	-0.0467671	0
17900	0.0222316	-0.039041	0
17910	0.0227162	-0.0247297	0
17920	0.0227243	-0.00336004	0
17930	0.0218358	0.0250313	0
17940	0.01982	0.0600015	0
17950	0.0162303	0.101361	0
17960	0.00911881	0.153592	0
17970	-0.0007089	0.218167	0
17980	0.000368221	0.259939	0
17990	0.00182989	0.288742	0
18000	0.00152092	0.306449	0
