0	0	0	0
10	8.37404e-12	0.403484	0
20	-1.63868e-07	0.403429	0
30	-2.46299e-07	0.403245	0
40	-8.27639e-08	0.402789	0
50	2.40487e-07	0.401784	0
60	5.84007e-07	0.399727	0
70	6.39249e-07	0.395814	0
80	-5.62464e-08	0.388925	0
90	-1.99053e-06	0.377645	0
100	-1.36049e-06	0.360607	0
110	-4.94625e-06	0.336018	0
120	-1.05781e-05	0.303257	0
130	-1.71476e-05	0.261963	0
140	-2.41992e-05	0.210719	0
150	-3.37627e-05	0.14875	0
160	-3.5873e-05	0.0758723	0
170	-3.31421e-05	-0.0068886	0
180	-2.54628e-05	-0.0971103	0
190	-1.28124e-05	-0.191347	0
200	3.04121e-06	-0.285387	0
210	1.24992e-06	-0.374618	0
220	-5.25613e-05	-0.455388	0
230	-9.84738e-05	-0.522583	0
240	-0.000174205	-0.571897	0
250	-0.000284414	-0.600052	0
260	-0.000429657	-0.604918	0
270	-0.000602001	-0.585618	0
280	-0.000704705	-0.542016	0
290	-0.000612047	-0.475648	0
300	4.96675e-05	-0.390549	0
310	-0.0771946	-0.24604	0
320	-0.250216	-0.0649157	0
330	-0.268813	0.0432496	0
340	-0.182462	0.0259732	0
350	-0.0535855	0.050649	0
360	-0.016581	0.120948	0
370	-0.00822903	0.180847	0
380	-0.00523737	0.220372	0
390	-0.00379333	0.235056	0
400	-0.00314704	0.222623	0
410	-0.000378585	0.183251	0
420	0.00378196	0.120421	0
430	0.00714896	0.0457387	0
440	0.0109993	-0.0333797	0
450	0.0135308	-0.111976	0
460	0.0127822	-0.186103	0
470	0.0114386	-0.251476	0
480	0.00450184	-0.301939	0
490	-0.010187	-0.324242	0
500	-0.030236	-0.319921	0
510	-0.308253	-0.11187	0
520	-0.329244	0.0177083	0
530	-0.321467	-0.00449142	0
540	-0.311698	0.0062697	0
550	-0.296451	0.00536425	0
560	-0.276054	0.0188273	0
570	-0.239296	0.0216395	0
580	-0.179829	0.0265142	0
590	-0.139558	0.0226345	0
600	-0.0946951	0.0181492	0
610	-0.044092	0.0110174	0
620	0.0462173	0.0130054	0
630	0.157415	-0.0162786	0
640	0.181611	-0.0690679	0
650	0.20491	-0.126639	0
660	0.226561	-0.187737	0
670	0.245723	-0.250751	0
680	0.261479	-0.313844	0
690	0.272874	-0.375121	0
700	0.27896	-0.432813	0
710	0.27885	-0.485454	0
720	0.271766	-0.532033	0
730	0.25711	-0.57213	0
740	0.234512	-0.606004	0
750	0.20389	-0.634584	0
760	0.165476	-0.659397	0
770	0.119853	-0.682446	0
780	0.0679565	-0.706098	0
790	0.0110799	-0.732959	0
800	-0.0491574	-0.765677	0
810	-0.11086	-0.806771	0
820	-0.171896	-0.858553	0
830	-0.229952	-0.9231	0
840	-0.282593	-1.00175	0
850	-0.326963	-1.0939	0
860	-0.361068	-1.2003	0
870	-0.38356	-1.3215	0
880	-0.39367	-1.45826	0
890	-0.391257	-1.61131	0
900	-0.376336	-1.7851	0
910	-0.347904	-1.99625	0
920	-0.308483	-2.24211	0
930	-0.257128	-2.52616	0
940	-0.197077	-2.83704	0
950	-0.132407	-3.15847	0
960	-0.0672315	-3.46742	0
970	-0.00582684	-3.74211	0
980	0.0463302	-3.95707	0
990	0.0851484	-4.0993	0
1000	0.106714	-4.14851	0
1010	0.108701	-4.09946	0
1020	0.0889017	-3.94477	0
1030	0.0491831	-3.68329	0
1040	-0.00637753	-3.32396	0
1050	-0.0720538	-2.8735	0
1060	-0.141414	-2.35328	0
1070	-0.206736	-1.78432	0
1080	-0.261276	-1.18688	0
1090	-0.298459	-0.585179	0
1100	-0.312629	0.00254412	0
1110	-0.299682	0.561243	0
1120	-0.258273	1.07406	0
1130	-0.189909	1.52806	0
1140	-0.0969226	1.91546	0
1150	0.0143227	2.23549	0
1160	0.138089	2.48986	0
1170	0.266258	2.68643	0
1180	0.390414	2.83641	0
1190	0.502106	2.95332	0
1200	0.593847	3.05264	0
1210	0.651894	3.14996	0
1220	0.678319	3.25689	0
1230	0.671924	3.38392	0
1240	0.635747	3.54564	0
1250	0.572813	3.77213	0
1260	0.481375	4.05193	0
1270	0.371569	4.36401	0
1280	0.273731	4.7734	0
1290	0.176982	5.10188	0
1300	0.105746	5.16654	0
1310	0.0385849	5.0619	0
1320	-0.032467	4.90917	0
1330	-0.103118	4.13385	0
1340	-0.160966	3.90758	0
1350	-0.213996	3.68092	0
1360	-0.25875	3.43541	0
1370	-0.296893	3.18024	0
1380	-0.324549	2.76913	0
1390	-0.343134	2.49708	0
1400	-0.35064	2.23024	0
1410	-0.352718	1.95792	0
1420	-0.347095	1.68752	0
1430	-0.335971	1.41586	0
1440	-0.320154	1.15773	0
1450	-0.300918	0.912012	0
1460	-0.279729	0.680239	0
1470	-0.254989	0.46191	0
1480	-0.227775	0.256802	0
1490	-0.198073	0.0734607	0
1500	-0.16712	-0.0764897	0
1510	-0.135637	-0.178701	0
1520	-0.102421	-0.21782	0
1530	-0.0682569	-0.188263	0
1540	-0.0341969	-0.0894669	0
1550	-0.00119263	0.0747257	0
1560	0.0299129	0.296075	0
1570	0.058603	0.563722	0
1580	0.0843237	0.862683	0
1590	0.106227	1.17322	0
1600	0.123569	1.47461	0
1610	0.135848	1.74675	0
1620	0.142707	1.97151	0
1630	0.143953	2.13406	0
1640	0.139594	2.2236	0
1650	0.129839	2.23431	0
1660	0.115127	2.16603	0
1670	0.0968581	2.02642	0
1680	0.0759629	1.82569	0
1690	0.0535129	1.5814	0
1700	0.0318877	1.31856	0
1710	0.0101905	1.04277	0
1720	-0.0111392	0.769454	0
1730	-0.035389	0.505445	0
1740	-0.0598272	0.265303	0
1750	-0.0764386	0.0696969	0
1760	-0.089355	-0.0832201	0
1770	-0.0982223	-0.193655	0
1780	-0.103079	-0.268353	0
1790	-0.0983572	-0.29394	0
1800	-0.087078	-0.29688	0
1810	-0.0713481	-0.300072	0
1820	-0.0510836	-0.317574	0
1830	-0.0275143	-0.366778	0
1840	-0.00121328	-0.45836	0
1850	0.0260068	-0.603943	0
1860	0.0530111	-0.804746	0
1870	0.0779446	-1.06168	0
1880	0.0991199	-1.36781	0
1890	0.114844	-1.71269	0
1900	0.124292	-2.0773	0
1910	0.126451	-2.44452	0
1920	0.120415	-2.79602	0
1930	0.109958	-3.12311	0
1940	0.0942813	-3.40156	0
1950	0.0717675	-3.60524	0
1960	0.0436234	-3.72353	0
1970	0.0111229	-3.7535	0
1980	-0.0236931	-3.6963	0
1990	-0.0589364	-3.56004	0
2000	-0.0927791	-3.35922	0
2010	-0.123444	-3.11203	0
2020	-0.150085	-2.8415	0
2030	-0.172854	-2.56472	0
2040	-0.193258	-2.30914	0
2050	-0.225861	-1.9109	0
2060	-0.168639	-1.24524	0
2070	-0.127605	-1.13985	0
2080	-0.0915091	-1.12679	0
2090	-0.0534882	-1.19022	0
2100	-0.0128986	-1.3167	0
2110	0.0293333	-1.50171	0
2120	0.0715737	-1.71527	0
2130	0.112191	-1.9377	0
2140	0.149341	-2.14433	0
2150	0.181706	-2.30793	0
2160	0.207423	-2.41154	0
2170	0.226003	-2.43363	0
2180	0.236478	-2.36611	0
2190	0.23813	-2.20864	0
2200	0.231924	-1.96199	0
2210	0.217031	-1.64282	0
2220	0.194752	-1.2715	0
2230	0.16653	-0.868563	0
2240	0.13544	-0.476009	0
2250	0.100658	-0.115017	0
2260	0.0662183	0.179696	0
2270	0.0328172	0.407489	0
2280	0.00114173	0.552413	0
2290	-0.0264802	0.611525	0
2300	-0.0500606	0.581889	0
2310	-0.068445	0.472063	0
2320	-0.0826938	0.28994	0
2330	-0.0929021	0.0568178	0
2340	-0.098607	-0.20747	0
2350	-0.10214	-0.478221	0
2360	-0.103544	-0.732167	0
2370	-0.105458	-0.950675	0
2380	-0.107283	-1.11185	0
2390	-0.112851	-1.20264	0
2400	-0.120207	-1.21496	0
2410	-0.130884	-1.14616	0
2420	-0.143704	-1.00008	0
2430	-0.158986	-0.785834	0
2440	-0.175341	-0.520549	0
2450	-0.192177	-0.222732	0
2460	-0.209471	0.0860274	0
2470	-0.223877	0.383944	0
2480	-0.232859	0.649911	0
2490	-0.237361	0.868546	0
2500	-0.233941	1.02599	0
2510	-0.222812	1.10906	0
2520	-0.20157	1.11806	0
2530	-0.168178	1.06038	0
2540	-0.127047	0.945776	0
2550	-0.0789293	0.788872	0
2560	-0.0262572	0.607162	0
2570	0.0295174	0.423805	0
2580	0.0861538	0.262436	0
2590	0.137398	0.145784	0
2600	0.183684	0.0905964	0
2610	0.222782	0.111446	0
2620	0.250605	0.215276	0
2630	0.266636	0.401318	0
2640	0.27003	0.662864	0
2650	0.261618	0.991217	0
2660	0.242329	1.36888	0
2670	0.21476	1.77193	0
2680	0.175278	2.17307	0
2690	0.133525	2.54957	0
2700	0.087687	2.87477	0
2710	0.0403421	3.12849	0
2720	-0.00503696	3.29349	0
2730	-0.0469733	3.35948	0
2740	-0.0856342	3.32367	0
2750	-0.12969	2.65668	0
2760	-0.180147	2.39807	0
2770	-0.145716	1.90536	0
2780	-0.121939	1.61478	0
2790	-0.106407	1.31321	0
2800	-0.0833534	1.01759	0
2810	-0.0518941	0.751257	0
2820	-0.0199993	0.524267	0
2830	0.012229	0.344731	0
2840	0.0417826	0.219787	0
2850	0.0686071	0.154487	0
2860	0.0886728	0.145094	0
2870	0.103738	0.198568	0
2880	0.111923	0.295982	0
2890	0.11324	0.430872	0
2900	0.108258	0.58589	0
2910	0.0973469	0.747038	0
2920	0.0811455	0.900983	0
2930	0.0614935	1.03055	0
2940	0.0391352	1.12667	0
2950	0.015675	1.18504	0
2960	-0.00795364	1.20119	0
2970	-0.0294325	1.1786	0
2980	-0.048061	1.12437	0
2990	-0.061812	1.0353	0
3000	-0.0709639	0.923899	0
3010	-0.0740839	0.800143	0
3020	-0.0724335	0.673593	0
3030	-0.065015	0.555629	0
3040	-0.0534035	0.454032	0
3050	-0.0387744	0.37608	0
3060	-0.0223892	0.323568	0
3070	-0.00443921	0.302157	0
3080	0.0117245	0.310886	0
3090	0.0250087	0.335273	0
3100	0.0359889	0.371094	0
3110	0.0431203	0.416789	0
3120	0.0468335	0.468968	0
3130	0.0461422	0.520587	0
3140	0.0413794	0.551048	0
3150	0.032613	0.557355	0
3160	0.0205113	0.526909	0
3170	0.00566913	0.463556	0
3180	-0.0104854	0.351806	0
3190	-0.0278778	0.199519	0
3200	-0.0447933	0.0103461	0
3210	-0.0572811	-0.230893	0
3220	-0.0618082	-0.518872	0
3230	-0.0648834	-0.817154	0
3240	-0.0658667	-1.10868	0
3250	-0.06503	-1.37993	0
3260	-0.0625354	-1.62058	0
3270	-0.0570159	-1.81768	0
3280	-0.0479996	-1.96416	0
3290	-0.0388874	-2.05008	0
3300	-0.0288578	-2.06865	0
3310	-0.019774	-2.02563	0
3320	-0.00925783	-1.91763	0
3330	0.00107355	-1.77989	0
3340	0.0111734	-1.60705	0
3350	0.0218868	-1.40188	0
3360	0.0289144	-1.18249	0
3370	0.0351154	-0.963297	0
3380	0.0407631	-0.748581	0
3390	0.0436431	-0.560343	0
3400	0.0465557	-0.396541	0
3410	0.046549	-0.274791	0
3420	0.0457482	-0.18921	0
3430	0.0450609	-0.145554	0
3440	0.041979	-0.140925	0
3450	0.0371816	-0.171052	0
3460	0.0332707	-0.224349	0
3470	0.0300345	-0.29927	0
3480	0.0293574	-0.393306	0
3490	0.0308261	-0.493982	0
3500	0.0373184	-0.584493	0
3510	0.0447141	-0.651541	0
3520	0.04355	-0.689863	0
3530	0.0247835	-0.265617	0
3540	0.0619103	-0.237555	0
3550	0.0232291	-0.113392	0
3560	-0.00167753	-0.0871803	0
3570	-0.014512	-0.0593885	0
3580	-0.0264044	-0.0316889	0
3590	-0.037401	-0.0024037	0
3600	-0.048101	0.0268913	0
3610	-0.0162581	0.0671748	0
3620	-0.0657255	0.0772088	0
3630	-0.0696906	0.0957096	0
3640	-0.056341	0.245397	0
3650	-0.0947804	0.23265	0
3660	-0.0653837	0.205574	0
3670	-0.0592769	0.155533	0
3680	-0.0546065	0.0852828	0
3690	-0.0465845	-0.0029963	0
3700	-0.0372722	-0.109237	0
3710	-0.0238582	-0.224366	0
3720	-0.0112862	-0.346987	0
3730	0.00117999	-0.468069	0
3740	0.0148566	-0.585352	0
3750	0.0269409	-0.682797	0
3760	0.0382747	-0.762773	0
3770	0.0476282	-0.813374	0
3780	0.0566399	-0.837913	0
3790	0.0626018	-0.830437	0
3800	0.0661089	-0.785788	0
3810	0.0666835	-0.718153	0
3820	0.0648617	-0.624827	0
3830	0.0583264	-0.508546	0
3840	0.050297	-0.380435	0
3850	0.0390679	-0.251201	0
3860	0.0264637	-0.121552	0
3870	0.0117332	-0.00801054	0
3880	-0.00389505	0.0871232	0
3890	-0.0183104	0.155975	0
3900	-0.0337341	0.195386	0
3910	-0.0469221	0.202402	0
3920	-0.0593553	0.174676	0
3930	-0.0673998	0.123212	0
3940	-0.073835	0.0466126	0
3950	-0.0779456	-0.0485537	0
3960	-0.0794515	-0.154982	0
3970	-0.077021	-0.263964	0
3980	-0.0719599	-0.367882	0
3990	-0.0657205	-0.459101	0
4000	-0.0562975	-0.526258	0
4010	-0.0463032	-0.564928	0
4020	-0.0352542	-0.568153	0
4030	-0.0236345	-0.532723	0
4040	-0.0121133	-0.464168	0
4050	-0.0014159	-0.362636	0
4060	0.00768345	-0.229973	0
4070	0.0153264	-0.0778879	0
4080	0.0219175	0.0885897	0
4090	0.0257031	0.258384	0
4100	0.0281247	0.423359	0
4110	0.0276839	0.573719	0
4120	0.02626	0.703931	0
4130	0.0236756	0.804038	0
4140	0.0205307	0.87397	0
4150	0.0174071	0.905785	0
4160	0.0153781	0.90736	0
4170	0.0135875	0.872918	0
4180	0.0127924	0.812009	0
4190	0.0144797	0.729663	0
4200	0.0165812	0.631695	0
4210	0.0194219	0.522854	0
4220	0.0226813	0.413984	0
4230	0.0257553	0.310332	0
4240	0.0275795	0.217267	0
4250	0.0281032	0.139448	0
4260	0.0277736	0.0807488	0
4270	0.0253218	0.043018	0
4280	0.0212629	0.0261046	0
4290	0.0151365	0.0282642	0
4300	0.00727388	0.0466555	0
4310	-0.00262421	0.0755855	0
4320	-0.0138869	0.110512	0
4330	-0.0262266	0.147053	0
4340	-0.0398571	0.180717	0
4350	-0.0567019	0.207113	0
4360	-0.0873603	0.0667675	0
4370	-0.0878599	0.0313068	0
4380	-0.0270364	0.0153567	0
4390	0.0425853	0.0726877	0
4400	0.0468883	0.118346	0
4410	0.0584412	0.196143	0
4420	0.0391832	0.177028	0
4430	0.0620125	0.26375	0
4440	0.0751982	0.346166	0
4450	0.270744	0.00803968	0
4460	0.247541	0.00297455	0
4470	0.219782	-0.00134854	0
4480	0.177129	0.00058329	0
4490	0.109399	0.0115622	0
4500	0.0272569	0.0448756	0
4510	-0.0132806	0.103478	0
4520	-0.0183714	0.165857	0
4530	-0.0201002	0.224916	0
4540	-0.0213437	0.273798	0
4550	-0.0218953	0.312292	0
4560	-0.0221196	0.338821	0
4570	-0.0216405	0.349648	0
4580	-0.0201806	0.345858	0
4590	-0.0168397	0.32875	0
4600	-0.012511	0.295401	0
4610	-0.00584106	0.254574	0
4620	0.00261054	0.205285	0
4630	0.0133793	0.154578	0
4640	0.0257372	0.103044	0
4650	0.0400014	0.0559649	0
4660	0.0544346	0.0172458	0
4670	0.0691157	-0.00698665	0
4680	0.0837289	-0.018942	0
4690	0.0959413	-0.0190643	0
4700	0.106722	9.85796e-05	0
4710	0.115305	0.0345468	0
4720	0.121338	0.0827564	0
4730	0.12584	0.145235	0
4740	0.124855	0.211691	0
4750	0.123394	0.283513	0
4760	0.119956	0.355311	0
4770	0.112162	0.418982	0
4780	0.105038	0.485733	0
4790	0.0971117	0.536801	0
4800	0.0865376	0.566261	0
4810	0.0746435	0.577635	0
4820	0.0620729	0.564376	0
4830	0.0486091	0.526426	0
4840	0.0355139	0.468112	0
4850	0.0236518	0.393358	0
4860	0.0120668	0.302512	0
4870	0.00301696	0.207522	0
4880	-0.00302441	0.108662	0
4890	-0.00399404	0.00280466	0
4900	-0.00092468	-0.101869	0
4910	0.00456035	-0.19589	0
4920	0.0105275	-0.267155	0
4930	0.0177776	-0.310887	0
4940	0.0258138	-0.327688	0
4950	0.033352	-0.314658	0
4960	0.039478	-0.278354	0
4970	0.044025	-0.221439	0
4980	0.0467154	-0.143254	0
4990	0.0462409	-0.0642607	0
5000	0.0433617	0.0206261	0
5010	0.0376639	0.0930224	0
5020	0.0293585	0.152673	0
5030	0.0196739	0.181986	0
5040	0.00615768	0.182947	0
5050	-0.00854081	0.154827	0
5060	-0.0236765	0.0868965	0
5070	-0.0388526	-0.00834475	0
5080	-0.054605	-0.133287	0
5090	-0.0691191	-0.280094	0
5100	-0.0825262	-0.450727	0
5110	-0.0934661	-0.619685	0
5120	-0.103004	-0.64079	0
5130	-0.109678	-0.797858	0
5140	-0.115712	-0.926827	0
5150	-0.118458	-1.02811	0
5160	-0.117658	-1.09613	0
5170	-0.112377	-1.13344	0
5180	-0.100259	-1.15187	0
5190	-0.0844379	-1.14219	0
5200	-0.062096	-1.10046	0
5210	-0.0468212	-0.613292	0
5220	-0.0281801	-0.547272	0
5230	-0.00975028	-0.47981	0
5240	0.00702884	-0.414835	0
5250	0.0215225	-0.347357	0
5260	0.034061	-0.29187	0
5270	0.044508	-0.234871	0
5280	0.0523842	-0.181527	0
5290	0.0575192	-0.136395	0
5300	0.0638743	-0.100651	0
5310	0.063033	-0.0696487	0
5320	0.0616627	-0.0523506	0
5330	0.057979	-0.0499217	0
5340	0.0525386	-0.0623387	0
5350	0.0439017	-0.0851711	0
5360	0.0360385	-0.12438	0
5370	0.0260981	-0.176676	0
5380	0.0144721	-0.237916	0
5390	0.00412631	-0.308762	0
5400	-0.00822159	-0.380087	0
5410	-0.0206105	-0.454338	0
5420	-0.0284205	-0.525702	0
5430	-0.0368031	-0.588725	0
5440	-0.0420566	-0.650458	0
5450	-0.0472627	-0.706524	0
5460	-0.0495414	-0.75663	0
5470	-0.0482349	-0.801165	0
5480	-0.0460374	-0.840978	0
5490	-0.0446716	-0.878903	0
5500	-0.0363438	-0.914575	0
5510	-0.0277589	-0.948088	0
5520	-0.0179796	-0.981549	0
5530	-0.00758493	-1.01434	0
5540	0.00388912	-1.04305	0
5550	0.0135205	-1.07135	0
5560	0.0212475	-1.08955	0
5570	0.0324833	-1.09474	0
5580	0.038731	-1.0809	0
5590	0.0451655	-1.055	0
5600	0.0532953	-1.01889	0
5610	0.0564081	-0.943288	0
5620	0.0595774	-0.816094	0
5630	0.062327	-0.644455	0
5640	0.0620239	-0.423053	0
5650	0.0606614	-0.144451	0
5660	0.0561924	0.168944	0
5670	0.0537448	0.52025	0
5680	0.0468096	0.896284	0
5690	0.0384543	1.29124	0
5700	0.0264538	1.6908	0
5710	0.011842	2.07835	0
5720	-0.00657886	2.43791	0
5730	-0.0298384	2.75578	0
5740	-0.0561565	3.01468	0
5750	-0.0855143	3.20316	0
5760	-0.117776	3.3037	0
5770	-0.151715	3.31486	0
5780	-0.185889	3.24207	0
5790	-0.220368	3.08561	0
5800	-0.251753	2.85409	0
5810	-0.275859	2.00013	0
5820	-0.292105	1.66927	0
5830	-0.298416	1.30656	0
5840	-0.292236	0.918684	0
5850	-0.270556	0.515101	0
5860	-0.233082	0.107465	0
5870	-0.192864	-0.330541	0
5880	-0.160671	-0.69088	0
5890	-0.118322	-1.00507	0
5900	-0.0739426	-1.26692	0
5910	-0.0271926	-1.4728	0
5920	0.0209675	-1.61597	0
5930	0.069566	-1.70208	0
5940	0.117121	-1.73187	0
5950	0.16221	-1.70559	0
5960	0.204162	-1.63571	0
5970	0.241204	-1.71003	0
5980	0.273039	-1.56955	0
5990	0.300763	-1.37824	0
6000	0.322998	-1.14133	0
6010	0.337977	-0.86817	0
6020	0.345022	-0.565949	0
6030	0.329976	-0.244955	0
6040	0.315134	0.0771584	0
6050	0.287839	0.391409	0
6060	0.250371	0.687139	0
6070	0.202291	0.95409	0
6080	0.147859	1.18588	0
6090	0.0882538	1.37986	0
6100	0.0277496	1.52897	0
6110	-0.0315088	1.63423	0
6120	-0.0858796	1.69539	0
6130	-0.134294	1.71322	0
6140	-0.173939	1.68936	0
6150	-0.203813	1.62896	0
6160	-0.222585	1.5344	0
6170	-0.230805	1.41113	0
6180	-0.22865	1.26366	0
6190	-0.217093	1.09785	0
6200	-0.196694	0.917818	0
6210	-0.172443	0.725025	0
6220	-0.150936	0.521696	0
6230	-0.127588	0.321413	0
6240	-0.102761	0.130289	0
6250	-0.0777831	-0.046089	0
6260	-0.053737	-0.2029	0
6270	-0.0307022	-0.336173	0
6280	-0.00939588	-0.442463	0
6290	0.0106367	-0.521326	0
6300	0.0218143	-0.570536	0
6310	0.0314501	-0.595229	0
6320	0.036188	-0.592446	0
6330	0.0390671	-0.567725	0
6340	0.0419345	-0.524022	0
6350	0.0470434	-0.467341	0
6360	0.0464009	-0.40581	0
6370	0.0440069	-0.351225	0
6380	0.0500321	-0.310961	0
6390	0.053763	-0.284355	0
6400	0.0573183	-0.257579	0
6410	0.0600056	-0.238721	0
6420	0.0616211	-0.229586	0
6430	0.0615047	-0.232576	0
6440	0.0605793	-0.244929	0
6450	0.0588914	-0.26624	0
6460	0.0546592	-0.295934	0
6470	0.0499394	-0.334841	0
6480	0.045282	-0.380188	0
6490	0.0417533	-0.429793	0
6500	0.0405274	-0.479339	0
6510	0.0398153	-0.530153	0
6520	0.0385424	-0.580957	0
6530	0.0354873	-0.616069	0
6540	0.0301339	-0.629839	0
6550	0.0235031	-0.632521	0
6560	0.0156366	-0.622892	0
6570	0.00566037	-0.594711	0
6580	-0.00684104	-0.554675	0
6590	-0.0149316	-0.501213	0
6600	-0.0276514	-0.436923	0
6610	-0.0398279	-0.36556	0
6620	-0.0531154	-0.291874	0
6630	-0.0664667	-0.217599	0
6640	-0.0781634	-0.144126	0
6650	-0.0883178	-0.0707849	0
6660	-0.0940741	-0.00137845	0
6670	-0.0987671	0.0632692	0
6680	-0.101604	0.117264	0
6690	-0.104212	0.158898	0
6700	-0.171558	0.304301	0
6710	-0.188265	0.276232	0
6720	-0.168772	0.257894	0
6730	-0.0780021	0.257465	0
6740	-0.0803249	0.260005	0
6750	-0.0291787	0.264346	0
6760	0.00674081	0.285485	0
6770	0.023445	0.288093	0
6780	0.045185	0.275058	0
6790	0.133313	0.311401	0
6800	0.160506	0.324649	0
6810	0.174743	0.336351	0
6820	0.153497	0.342467	0
6830	0.175888	0.316198	0
6840	0.200261	0.281372	0
6850	0.218281	0.236675	0
6860	0.225876	0.179868	0
6870	0.222234	0.112105	0
6880	0.204188	0.0381976	0
6890	0.180391	-0.0299344	0
6900	0.16287	-0.120188	0
6910	0.13198	-0.230395	0
6920	0.092243	-0.352074	0
6930	0.048943	-0.486621	0
6940	0.0061501	-0.623768	0
6950	-0.0326713	-0.750892	0
6960	-0.0673124	-0.859402	0
6970	-0.13942	-0.560432	0
6980	-0.11185	-0.623146	0
6990	-0.127754	-0.674989	0
7000	-0.139054	-0.70269	0
7010	-0.144813	-0.865426	0
7020	-0.145877	-0.830211	0
7030	-0.143954	-0.765114	0
7040	-0.140378	-0.672179	0
7050	-0.136342	-0.554371	0
7060	-0.132823	-0.416175	0
7070	-0.13025	-0.262899	0
7080	-0.128627	-0.10049	0
7090	-0.127573	0.0646122	0
7100	-0.124959	0.227057	0
7110	-0.12306	0.388364	0
7120	-0.156565	0.546359	0
7130	-0.107095	0.77028	0
7140	-0.0993674	0.847987	0
7150	-0.092569	0.894945	0
7160	-0.0868562	0.914755	0
7170	-0.0810249	0.910068	0
7180	-0.0736582	0.883168	0
7190	-0.0638249	0.835323	0
7200	-0.0522704	0.768619	0
7210	-0.0294531	0.208262	0
7220	-0.00833773	0.140927	0
7230	0.0174475	0.0845457	0
7240	0.0456911	0.0389133	0
7250	0.0745445	0.00137253	0
7260	0.102171	-0.0312446	0
7270	0.126102	-0.0616199	0
7280	0.15006	-0.0924147	0
7290	0.203773	0.317812	0
7300	0.193974	0.279696	0
7310	0.184583	-0.19821	0
7320	0.287308	0.181327	0
7330	0.034077	-0.128717	0
7340	0.00486078	-0.0930517	0
7350	-0.00215064	-0.0943213	0
7360	-0.0118329	-0.174982	0
7370	-0.0316802	-0.216345	0
7380	-0.0598084	-0.265085	0
7390	-0.091548	-0.301633	0
7400	-0.124135	-0.327602	0
7410	-0.154998	-0.34345	0
7420	-0.179882	-0.336206	0
7430	-0.0281364	-0.189512	0
7440	-0.0539459	-0.222306	0
7450	-0.0461139	-0.261831	0
7460	-0.0622635	-0.317816	0
7470	-0.0671535	-0.385001	0
7480	-0.0572066	-0.45214	0
7490	-0.0411174	-0.503124	0
7500	-0.0233103	-0.529511	0
7510	-0.0100684	-0.532719	0
7520	-0.00127533	-0.517401	0
7530	0.00635885	-0.485415	0
7540	0.0245112	-0.444357	0
7550	-0.00458136	-0.544464	0
7560	-0.0115209	-0.475094	0
7570	-0.0211692	-0.398576	0
7580	-0.0324746	-0.316706	0
7590	-0.0436687	-0.230294	0
7600	-0.0576769	-0.142077	0
7610	-0.0706137	-0.0591862	0
7620	-0.0835459	0.0171074	0
7630	-0.0930003	0.0871022	0
7640	-0.10034	0.149359	0
7650	-0.104413	0.201056	0
7660	-0.104886	0.244056	0
7670	-0.0963969	0.280781	0
7680	-0.0873655	0.308345	0
7690	-0.0743265	0.319608	0
7700	-0.0597307	0.324874	0
7710	-0.049282	0.320198	0
7720	-0.0349377	0.306195	0
7730	-0.0192993	0.295468	0
7740	-0.00254798	0.29962	0
7750	0.015658	0.314805	0
7760	0.0352218	0.351942	0
7770	0.0584916	0.403042	0
7780	0.0856632	0.529942	0
7790	0.0338714	0.631037	0
7800	0.0531665	0.690907	0
7810	0.229956	0.371151	0
7820	0.229991	0.428827	0
7830	0.19352	0.441708	0
7840	0.0181598	0.920368	0
7850	0.0397074	0.464741	0
7860	0.0308503	0.502424	0
7870	0.00799791	0.665239	0
7880	0.00956129	0.70947	0
7890	-0.00275112	0.747191	0
7900	-0.0179178	0.782946	0
7910	-0.0322384	0.815117	0
7920	-0.0500047	0.83404	0
7930	-0.067393	0.839607	0
7940	-0.0805547	0.822589	0
7950	-0.0896951	0.777224	0
7960	-0.0951505	0.701427	0
7970	-0.0961084	0.595014	0
7980	-0.0928059	0.457861	0
7990	-0.0833686	0.29033	0
8000	-0.0693673	0.0952631	0
8010	-0.0532361	-0.125456	0
8020	-0.0356123	-0.368251	0
8030	-0.0167107	-0.622227	0
8040	0.0076614	-0.876266	0
8050	0.0354417	-1.12199	0
8060	0.0696976	-1.36024	0
8070	0.0922475	-1.60051	0
8080	0.0748123	-1.7852	0
8090	0.0668359	-1.87453	0
8100	0.0708481	-1.89122	0
8110	0.0805714	-1.51137	0
8120	0.0732387	-1.42761	0
8130	0.0732347	-1.31195	0
8140	0.084719	-1.14107	0
8150	0.0872436	-0.985265	0
8160	0.0869835	-0.811248	0
8170	0.083879	-0.618401	0
8180	0.0786586	-0.413076	0
8190	0.068621	-0.39479	0
8200	0.0628974	-0.178839	0
8210	0.0457488	0.0345736	0
8220	0.0255417	0.240295	0
8230	-0.000307593	0.429865	0
8240	-0.0314988	0.596519	0
8250	-0.0684092	0.73879	0
8260	-0.109257	0.855524	0
8270	-0.153298	0.946997	0
8280	-0.198801	1.01421	0
8290	-0.24056	1.06243	0
8300	-0.277055	1.09339	0
8310	-0.304783	1.10674	0
8320	-0.324428	1.07795	0
8330	-0.300177	1.0112	0
8340	-0.333058	0.444733	0
8350	-0.305353	0.412592	0
8360	-0.283065	0.396015	0
8370	-0.27496	0.378897	0
8380	-0.284891	0.318745	0
8390	-0.249561	0.2649	0
8400	-0.200292	0.193163	0
8410	-0.142604	0.101816	0
8420	-0.0781769	-0.00605137	0
8430	0.00122168	-0.00609442	0
8440	0.0779608	-0.113415	0
8450	0.154465	-0.211701	0
8460	0.218784	-0.290428	0
8470	0.274479	-0.343631	0
8480	0.322698	-0.368495	0
8490	0.361498	-0.360797	0
8500	0.387803	-0.319126	0
8510	0.393701	-0.241975	0
8520	0.358427	-0.140419	0
8530	0.313674	-0.0613045	0
8540	0.25594	-0.107671	0
8550	0.142667	0.101334	0
8560	0.143448	0.245198	0
8570	0.141406	0.347689	0
8580	0.103975	0.429583	0
8590	0.0726825	0.48811	0
8600	0.0455659	0.520326	0
8610	0.0222261	0.524162	0
8620	0.00628879	0.497276	0
8630	-0.00472829	0.440806	0
8640	-0.012491	0.357153	0
8650	-0.0173248	0.249899	0
8660	-0.019541	0.124315	0
8670	-0.0194824	-0.0127013	0
8680	-0.0181761	-0.153836	0
8690	-0.0161454	-0.291788	0
8700	-0.0128516	-0.428991	0
8710	-0.00810054	-0.548808	0
8720	-0.00213465	-0.644601	0
8730	-0.0015756	-0.879582	0
8740	0.00685372	-0.914453	0
8750	0.0231252	-0.922301	0
8760	0.0306881	-0.89701	0
8770	0.0758556	-0.424724	0
8780	0.0988633	-0.326896	0
8790	0.114979	-0.24499	0
8800	0.124156	-0.171872	0
8810	0.124557	-0.109334	0
8820	0.119071	-0.0626228	0
8830	0.10786	-0.0334018	0
8840	0.09133	-0.0252803	0
8850	0.0708576	-0.0385665	0
8860	0.0498859	-0.0726901	0
8870	0.0277119	-0.124664	0
8880	-0.000163225	-0.18916	0
8890	-0.03132	-0.262785	0
8900	-0.0657762	-0.33938	0
8910	-0.100119	-0.41191	0
8920	-0.130481	-0.471599	0
8930	-0.157511	-0.514337	0
8940	-0.177879	-0.538124	0
8950	-0.19499	-0.53525	0
8960	-0.207377	-0.4968	0
8970	-0.212471	-0.417178	0
8980	-0.210849	-0.300925	0
8990	-0.202086	-0.152567	0
9000	-0.184977	0.0206779	0
9010	-0.152831	0.208667	0
9020	-0.0563973	0.448474	0
9030	-0.0313855	0.656668	0
9040	-0.128927	0.763184	0
9050	-0.0378168	0.899534	0
9060	-0.07661	0.999696	0
9070	-0.0200252	0.660731	0
9080	-0.00809159	0.67963	0
9090	0.00100338	0.665157	0
9100	0.0100306	0.625104	0
9110	0.0182421	0.562853	0
9120	0.0258914	0.48478	0
9130	0.033103	0.397854	0
9140	0.0398715	0.310077	0
9150	0.0434126	0.228948	0
9160	0.047223	0.162485	0
9170	0.0493552	0.11333	0
9180	0.0463309	0.0843148	0
9190	0.033572	0.0688629	0
9200	0.0160125	0.0528632	0
9210	0.00144274	0.0330083	0
9220	-0.00851608	0.0120487	0
9230	-0.0145342	-0.00834879	0
9240	-0.017495	-0.027451	0
9250	-0.0185553	-0.0447762	0
9260	-0.0175832	-0.0587354	0
9270	-0.0118542	-0.0671117	0
9280	0.0187456	-0.217227	0
9290	0.0132156	-0.210099	0
9300	0.0351898	-0.0447465	0
9310	0.0708241	-0.0372247	0
9320	0.0800604	-0.0985842	0
9330	0.0933838	-0.0513676	0
9340	0.0881364	0.069664	0
9350	0.10108	0.0442286	0
9360	0.107441	0.0840622	0
9370	0.119681	0.0784656	0
9380	0.135217	0.0700444	0
9390	0.151652	0.045693	0
9400	0.144047	-0.0645061	0
9410	0.0944807	-0.139315	0
9420	0.0157649	-0.154832	0
9430	0.0334782	-0.173981	0
9440	0.0568065	-0.17482	0
9450	0.0273333	-0.145204	0
9460	0.0795331	-0.121989	0
9470	0.0859147	-0.0729928	0
9480	0.0932126	-0.0102213	0
9490	0.0977338	0.0587211	0
9500	0.0982122	0.135188	0
9510	0.0932339	0.217198	0
9520	0.0806545	0.299476	0
9530	0.0590205	0.376934	0
9540	0.0274712	0.445062	0
9550	-0.00948747	0.498698	0
9560	-0.0476761	0.522006	0
9570	-0.0737879	0.516355	0
9580	-0.13448	0.505148	0
9590	-0.189465	0.481149	0
9600	-0.19525	0.368572	0
9610	-0.238163	0.243206	0
9620	-0.285053	0.103362	0
9630	-0.309942	-0.112892	0
9640	-0.323893	-0.366168	0
9650	-0.313572	-0.603846	0
9660	-0.280386	-0.859882	0
9670	-0.241112	-1.11481	0
9680	-0.237917	-1.35013	0
9690	-0.196141	-1.52396	0
9700	-0.116438	-1.51701	0
9710	-0.045897	-1.57219	0
9720	0.0444767	-1.55539	0
9730	0.0848831	-1.10115	0
9740	0.159429	-0.973423	0
9750	0.227983	-0.804158	0
9760	0.283019	-0.606516	0
9770	0.332012	-0.39088	0
9780	0.365999	-0.178856	0
9790	0.343861	0.0273047	0
9800	0.309344	0.279777	0
9810	0.30129	0.541065	0
9820	0.30993	0.643168	0
9830	0.286663	0.836288	0
9840	0.265966	1.02262	0
9850	0.166518	0.699604	0
9860	0.112423	0.726335	0
9870	0.0595009	0.724209	0
9880	0.00360693	0.675124	0
9890	-0.0564269	0.59114	0
9900	-0.116891	0.480547	0
9910	-0.17524	0.34886	0
9920	-0.223369	0.193991	0
9930	-0.263992	0.0374269	0
9940	-0.292281	-0.112185	0
9950	-0.307971	-0.249378	0
9960	-0.307142	-0.366752	0
9970	-0.394438	-0.405242	0
9980	-0.227935	-0.0661111	0
9990	-0.194838	-0.112549	0
10000	-0.159139	-0.155875	0
10010	-0.116009	-0.189865	0
10020	-0.0649946	-0.209844	0
10030	-0.0101038	-0.212827	0
10040	0.0622666	-0.352502	0
10050	0.130529	-0.303384	0
10060	0.198047	-0.224118	0
10070	0.261197	-0.111983	0
10080	0.312252	0.0346258	0
10090	0.348723	0.209782	0
10100	0.374109	0.417038	0
10110	0.387218	0.65654	0
10120	0.386275	0.885392	0
10130	0.364438	1.1232	0
10140	0.324985	1.36755	0
10150	0.265878	1.61197	0
10160	0.186661	1.84516	0
10170	0.0957809	2.06713	0
10180	-0.0313847	1.70296	0
10190	-0.152259	1.85627	0
10200	-0.278442	1.95399	0
10210	-0.395945	1.96871	0
10220	-0.474573	1.90696	0
10230	-0.562937	1.77873	0
10240	-0.636183	1.56312	0
10250	-0.682657	1.25466	0
10260	-0.695265	0.96859	0
10270	-0.676785	0.492021	0
10280	-0.62624	-0.0573268	0
10290	-0.541734	-0.649008	0
10300	-0.425974	-1.25533	0
10310	-0.285546	-1.84932	0
10320	-0.126664	-2.40039	0
10330	0.0378939	-2.88091	0
10340	0.199024	-3.26933	0
10350	0.354355	-3.55242	0
10360	0.495697	-3.72532	0
10370	0.618432	-3.78665	0
10380	0.711356	-3.70782	0
10390	0.77848	-3.26604	0
10400	0.805781	-2.94125	0
10410	0.71239	-2.5377	0
10420	0.593565	-2.15176	0
10430	0.512981	-1.51348	0
10440	0.401044	-0.835313	0
10450	0.272972	-0.150905	0
10460	0.140712	0.499959	0
10470	-0.00233967	1.08639	0
10480	-0.143398	1.58811	0
10490	-0.275117	1.98716	0
10500	-0.389364	2.25998	0
10510	-0.491389	2.39916	0
10520	-0.584209	2.41295	0
10530	-0.674229	2.30815	0
10540	-0.825315	1.63712	0
10550	-0.679093	1.30587	0
10560	-0.64577	1.00199	0
10570	-0.596715	0.6937	0
10580	-0.534154	0.401585	0
10590	-0.459514	0.135866	0
10600	-0.371976	-0.0963199	0
10610	-0.272055	-0.286891	0
10620	-0.165978	-0.430554	0
10630	-0.0116458	-0.400984	0
10640	0.0649654	-0.0265952	0
10650	0.155013	-0.0942134	0
10660	0.281392	-0.185445	0
10670	0.381309	-0.278641	0
10680	0.239387	-0.718243	0
10690	0.532791	-0.483568	0
10700	0.507987	-0.589723	0
10710	0.593175	-0.734424	0
10720	0.652463	-0.891967	0
10730	0.676283	-1.04742	0
10740	0.678576	-1.14367	0
10750	0.69219	-1.14906	0
10760	0.714591	-1.25196	0
10770	0.717986	-1.10414	0
10780	0.712982	-0.881119	0
10790	0.694601	-0.583423	0
10800	0.666722	-0.226844	0
10810	0.626303	0.208091	0
10820	0.570128	0.698201	0
10830	0.497838	1.16451	0
10840	0.408196	1.56762	0
10850	0.309992	1.89548	0
10860	0.169631	2.19499	0
10870	0.00509969	2.44889	0
10880	-0.177115	2.64886	0
10890	-0.316339	2.75793	0
10900	-0.494318	2.24688	0
10910	-0.663072	2.33016	0
10920	-0.804638	2.36046	0
10930	-0.910186	2.27716	0
10940	-1.0023	2.14209	0
10950	-1.05349	2.02594	0
10960	-1.09726	1.77604	0
10970	-1.07962	1.48651	0
10980	-0.999386	1.15306	0
10990	-0.8792	0.756927	0
11000	-0.742338	0.324432	0
11010	-0.587293	-0.122245	0
11020	-0.421662	-0.567876	0
11030	-0.260973	-1.01151	0
11040	-0.0998055	-1.43639	0
11050	0.0490056	-1.84148	0
11060	0.179227	-2.19763	0
11070	0.274904	-2.48237	0
11080	0.332132	-2.69326	0
11090	0.334895	-2.94461	0
11100	0.414299	-3.03345	0
11110	0.411521	-2.98962	0
11120	0.370904	-2.8616	0
11130	0.300965	-2.37373	0
11140	0.205219	-1.92884	0
11150	0.182557	-1.59062	0
11160	0.126242	-1.24401	0
11170	0.0825307	-0.898053	0
11180	0.0536047	-0.578313	0
11190	0.0422943	-0.29686	0
11200	0.0692098	-0.0705777	0
11210	0.0556834	-0.446292	0
11220	0.0590566	-0.319024	0
11230	0.0801758	-0.230206	0
11240	0.109592	-0.17631	0
11250	0.143399	-0.154467	0
11260	0.175582	-0.162246	0
11270	0.205288	-0.188115	0
11280	0.236343	-0.220399	0
11290	0.218169	0.154712	0
11300	0.201634	0.1326	0
11310	0.179217	0.123201	0
11320	0.143231	0.123737	0
11330	0.109685	0.130237	0
11340	0.0400466	0.156989	0
11350	-0.0137754	0.194806	0
11360	-0.0620147	0.246135	0
11370	-0.106485	0.325368	0
11380	-0.141828	0.440363	0
11390	-0.16383	0.591204	0
11400	-0.168137	0.775132	0
11410	-0.158901	0.981836	0
11420	-0.139634	1.18928	0
11430	-0.108966	1.40113	0
11440	-0.0700581	1.61233	0
11450	-0.0243789	1.81782	0
11460	0.052314	2.02173	0
11470	0.0531891	2.30139	0
11480	0.0899328	1.85118	0
11490	0.115098	1.8021	0
11500	0.0803325	1.80447	0
11510	0.0858046	1.75525	0
11520	0.0920923	1.64344	0
11530	0.0835054	1.46823	0
11540	0.0651789	1.22945	0
11550	0.0867101	1.04548	0
11560	0.0404728	0.631986	0
11570	0.0291925	0.22849	0
11580	0.0165132	-0.199013	0
11590	0.00529963	-0.630469	0
11600	-0.00219334	-1.04976	0
11610	-0.00333524	-1.44106	0
11620	0.00121625	-1.78762	0
11630	0.00983224	-2.07241	0
11640	0.0227044	-2.27962	0
11650	0.0349936	-2.40228	0
11660	0.0279014	-2.43432	0
11670	0.0711262	-2.04489	0
11680	0.0910764	-1.92794	0
11690	0.105209	-1.73878	0
11700	0.114511	-1.48486	0
11710	0.118588	-1.17537	0
11720	0.115221	-0.822239	0
11730	0.10417	-0.44069	0
11740	0.0855954	-0.0563979	0
11750	0.0580337	0.313352	0
11760	0.0223489	0.650595	0
11770	-0.0201135	0.943752	0
11780	-0.0570245	1.18325	0
11790	-0.0957322	1.33979	0
11800	-0.144223	1.41921	0
11810	-0.191998	1.42229	0
11820	-0.233333	1.35221	0
11830	-0.263697	1.20934	0
11840	-0.271391	1.00499	0
11850	-0.131155	0.672294	0
11860	-0.268664	0.00885085	0
11870	-0.256635	-0.289675	0
11880	-0.228014	-0.580393	0
11890	-0.193248	-0.84829	0
11900	-0.156149	-1.09542	0
11910	-0.112881	-1.29618	0
11920	-0.0678611	-1.44167	0
11930	-0.0408536	-1.18425	0
11940	-0.00120279	-1.24184	0
11950	0.0163666	-1.2681	0
11960	0.02912	-1.25023	0
11970	0.0305934	-1.19433	0
11980	0.031044	-1.10473	0
11990	0.0198623	-0.996315	0
12000	0.00521971	-0.894862	0
12010	-0.018194	-0.995987	0
12020	0.0048554	-0.847998	0
12030	0.0118941	-0.656243	0
12040	0.00942086	-0.44496	0
12050	0.00231617	-0.221997	0
12060	-0.00781603	0.00838173	0
12070	-0.0200756	0.237953	0
12080	-0.0339779	0.46901	0
12090	-0.0467884	0.695562	0
12100	-0.0628111	0.890751	0
12110	-0.0735013	1.07032	0
12120	-0.078736	1.19952	0
12130	-0.0724589	1.29664	0
12140	-0.0608724	1.37297	0
12150	-0.0435188	1.42905	0
12160	-0.0185277	1.46793	0
12170	0.0117905	1.48954	0
12180	0.0395257	1.49873	0
12190	0.0712545	1.49845	0
12200	0.102738	1.48773	0
12210	0.143764	1.46039	0
12220	0.188982	0.898279	0
12230	0.166621	0.860802	0
12240	0.167064	0.829806	0
12250	0.177082	0.801168	0
12260	0.185043	0.763273	0
12270	0.184285	0.826198	0
12280	0.177719	0.746592	0
12290	0.166204	0.63033	0
12300	0.150957	0.475547	0
12310	0.13365	0.285798	0
12320	0.11683	0.0620524	0
12330	0.101103	-0.184526	0
12340	0.0876397	-0.447552	0
12350	0.0782564	-0.71444	0
12360	0.0750111	-0.972028	0
12370	0.0898357	-1.1987	0
12380	0.0923645	-1.00635	0
12390	0.0222227	-1.16148	0
12400	-9.55323e-05	-1.28395	0
12410	-0.022427	-1.35493	0
12420	-0.0459418	-1.36962	0
12430	-0.0711262	-1.32646	0
12440	-0.097154	-1.22757	0
12450	-0.124676	-1.07899	0
12460	-0.153511	-0.894384	0
12470	-0.180551	-0.686512	0
12480	-0.20637	-0.46768	0
12490	-0.241615	-0.305895	0
12500	-0.249015	-0.120043	0
12510	-0.244618	0.0235616	0
12520	-0.224648	0.111031	0
12530	-0.186464	0.129724	0
12540	-0.136992	0.0732264	0
12550	-0.0653175	-0.0440616	0
12560	-0.0620077	-0.587764	0
12570	-0.044551	-0.728801	0
12580	0.0137195	-0.850963	0
12590	0.0323739	-0.547615	0
12600	0.0845393	-0.624438	0
12610	0.140249	-0.650723	0
12620	0.196472	-0.612237	0
12630	0.251482	-0.496525	0
12640	0.302725	-0.302856	0
12650	0.346809	-0.0310977	0
12660	0.375154	0.303313	0
12670	0.375529	0.679801	0
12680	0.295615	1.11068	0
12690	0.308591	1.44344	0
12700	0.193204	1.81206	0
12710	0.125613	2.15288	0
12720	0.0449791	2.40856	0
12730	-0.0475857	2.55781	0
12740	-0.131644	2.58163	0
12750	-0.248305	1.96388	0
12760	-0.359796	1.74539	0
12770	-0.460241	1.42043	0
12780	-0.543453	1.0025	0
12790	-0.597988	0.516312	0
12800	-0.619392	-0.00725316	0
12810	-0.606946	-0.536408	0
12820	-0.56483	-1.04429	0
12830	-0.496453	-1.51002	0
12840	-0.401436	-1.91055	0
12850	-0.284616	-2.22671	0
12860	-0.155166	-2.44126	0
12870	-0.0284013	-2.53402	0
12880	0.11191	-2.48919	0
12890	0.265981	-2.32693	0
12900	0.42415	-2.05075	0
12910	0.523456	-1.3038	0
12920	0.617415	-0.852281	0
12930	0.681306	-0.352397	0
12940	0.707235	0.155538	0
12950	0.581081	0.676013	0
12960	0.546783	1.17319	0
12970	0.500683	1.56152	0
12980	0.440067	1.83856	0
12990	0.367358	1.995	0
13000	0.286858	2.01853	0
13010	-0.0290946	1.61754	0
13020	0.17105	1.20743	0
13030	0.095439	0.928532	0
13040	0.0242032	0.603931	0
13050	-0.0460442	0.252466	0
13060	-0.0966127	-0.08674	0
13070	-0.150399	-0.27833	0
13080	-0.181975	-0.513702	0
13090	-0.203634	-0.643649	0
13100	-0.213477	-0.708811	0
13110	-0.203194	-0.688953	0
13120	-0.185746	-0.569061	0
13130	-0.164931	-0.355537	0
13140	-0.143553	-0.062122	0
13150	-0.118554	0.280163	0
13160	-0.0907427	0.637917	0
13170	-0.0692102	0.977673	0
13180	-0.0557856	1.27995	0
13190	-0.0511059	1.51377	0
13200	-0.0563315	1.66592	0
13210	-0.0729662	1.71273	0
13220	-0.096948	1.64353	0
13230	-0.125836	1.45061	0
13240	-0.159507	1.13397	0
13250	-0.226212	0.686777	0
13260	-0.160337	0.234506	0
13270	-0.177922	-0.283613	0
13280	-0.166314	-0.812067	0
13290	-0.157188	-1.30861	0
13300	-0.144285	-1.73861	0
13310	-0.127635	-2.06137	0
13320	-0.10409	-2.26921	0
13330	-0.0721845	-2.34571	0
13340	-0.0361909	-2.28425	0
13350	0.00632722	-2.08472	0
13360	0.0511631	-1.75482	0
13370	0.100667	-1.31522	0
13380	0.18315	-0.781151	0
13390	0.193759	0.199917	0
13400	0.187019	0.639724	0
13410	0.206171	1.18952	0
13420	0.187148	1.79566	0
13430	0.403346	1.5801	0
13440	0.179517	1.74227	0
13450	0.156768	1.74605	0
13460	0.126721	1.62636	0
13470	0.0868488	1.37515	0
13480	0.0401772	1.02296	0
13490	-0.0121591	0.578651	0
13500	-0.0689022	0.0782143	0
13510	-0.125743	-0.469748	0
13520	-0.179542	-1.02489	0
13530	-0.230599	-1.54272	0
13540	-0.262849	-1.99396	0
13550	-0.276424	-2.34903	0
13560	-0.259721	-2.6058	0
13570	-0.274682	-2.40474	0
13580	-0.268985	-2.45494	0
13590	-0.255818	-2.38816	0
13600	-0.233774	-2.21841	0
13610	-0.207752	-1.96804	0
13620	-0.174284	-1.65494	0
13630	-0.133153	-1.30638	0
13640	-0.0854881	-0.945932	0
13650	-0.0328041	-0.596505	0
13660	0.0208056	-0.275199	0
13670	0.0741683	0.00320024	0
13680	0.124296	0.225847	0
13690	0.170485	0.3864	0
13700	0.210901	0.485947	0
13710	0.242309	0.528839	0
13720	0.265418	0.522699	0
13730	0.279252	0.481161	0
13740	0.283898	0.418367	0
13750	0.279211	0.350656	0
13760	0.264961	0.290507	0
13770	0.24286	0.251048	0
13780	0.218557	0.228251	0
13790	0.188938	0.23939	0
13800	0.161917	0.306325	0
13810	0.137898	0.432423	0
13820	0.117565	0.61963	0
13830	0.101203	0.857534	0
13840	0.0893225	1.12718	0
13850	0.0773884	1.41256	0
13860	0.0721339	1.69756	0
13870	0.06967	1.96038	0
13880	0.11145	2.14055	0
13890	0.0239237	2.2012	0
13900	-0.0117746	2.31226	0
13910	-0.0526172	2.35568	0
13920	-0.102545	2.33116	0
13930	-0.197107	2.2301	0
13940	-0.203424	1.54391	0
13950	-0.22464	1.32736	0
13960	-0.263064	1.06943	0
13970	-0.299164	0.774158	0
13980	-0.327462	0.445924	0
13990	-0.344378	0.0926689	0
14000	-0.347376	-0.273012	0
14010	-0.335302	-0.644175	0
14020	-0.310184	-1.01415	0
14030	-0.284002	-1.38241	0
14040	-0.208946	-1.60881	0
14050	-0.137011	-1.92865	0
14060	-0.0553657	-2.18647	0
14070	0.0207864	-2.36452	0
14080	0.0673578	-2.6037	0
14090	0.103363	-2.58419	0
14100	0.18344	-2.1606	0
14110	0.307797	-1.95068	0
14120	0.364375	-1.64128	0
14130	0.396217	-1.23139	0
14140	0.265624	-0.762139	0
14150	0.259843	-0.262319	0
14160	0.244715	0.257341	0
14170	0.220053	0.74634	0
14180	0.187134	1.16959	0
14190	0.152806	1.52595	0
14200	0.11484	1.80849	0
14210	0.0870928	1.51255	0
14220	0.0691889	1.63531	0
14230	0.042319	1.66856	0
14240	0.0145802	1.61047	0
14250	-0.0114795	1.45563	0
14260	-0.0350133	1.20712	0
14270	-0.0556214	0.87613	0
14280	-0.0725197	0.483054	0
14290	-0.0864428	0.0536454	0
14300	-0.092168	-0.384235	0
14310	-0.0954921	-0.801776	0
14320	-0.096249	-1.16725	0
14330	-0.0923129	-1.44002	0
14340	-0.086437	-1.60869	0
14350	-0.0795661	-1.65636	0
14360	-0.0768272	-1.573	0
14370	-0.0874492	-1.35609	0
14380	-0.0789056	-0.604834	0
14390	-0.0770667	-0.159841	0
14400	-0.0817765	0.354947	0
14410	-0.100097	0.909731	0
14420	-0.131155	1.43277	0
14430	-0.140079	1.87578	0
14440	-0.149346	1.71931	0
14450	-0.152688	2.01447	0
14460	-0.157674	2.23356	0
14470	-0.157465	2.34471	0
14480	-0.150826	2.35366	0
14490	-0.137108	2.26559	0
14500	-0.114751	2.07535	0
14510	-0.0942142	1.79514	0
14520	-0.0681172	1.42809	0
14530	-0.0390183	0.97246	0
14540	-0.00623815	0.44517	0
14550	0.0325997	-0.121084	0
14560	0.0720895	-0.692575	0
14570	0.102938	-1.10656	0
14580	0.137166	-1.60257	0
14590	0.172119	-2.03962	0
14600	0.204011	-2.39216	0
14610	0.226849	-2.65899	0
14620	0.218092	-2.81088	0
14630	0.162861	-2.73882	0
14640	0.182375	-2.62565	0
14650	0.188009	-2.43003	0
14660	0.202961	-2.15133	0
14670	0.154555	-1.61407	0
14680	0.113743	-1.23032	0
14690	0.090351	-0.826475	0
14700	0.0666094	-0.430878	0
14710	0.050659	-0.0628843	0
14720	0.0362384	0.260245	0
14730	0.0201093	0.524115	0
14740	0.000904425	0.716818	0
14750	-0.0572386	0.824773	0
14760	-0.0731443	0.416123	0
14770	-0.0937222	0.528273	0
14780	-0.0683282	0.318287	0
14790	-0.0789849	0.222787	0
14800	-0.0890798	0.118375	0
14810	-0.112396	0.0223419	0
14820	-0.0934717	0.397189	0
14830	-0.0893082	0.334763	0
14840	-0.0839895	0.298843	0
14850	-0.0782941	0.295431	0
14860	-0.0647155	0.327363	0
14870	-0.0418166	0.398689	0
14880	-0.00244903	0.510169	0
14890	-0.0068217	0.670826	0
14900	-0.0194569	0.805368	0
14910	-0.0286186	0.945503	0
14920	-0.0440259	1.08372	0
14930	-0.106821	1.20314	0
14940	-0.0614728	0.818909	0
14950	-0.0575295	0.910446	0
14960	-0.0546139	0.970908	0
14970	-0.0515123	0.993146	0
14980	-0.0456716	0.961043	0
14990	-0.034757	0.869018	0
15000	-0.0229571	0.702214	0
15010	0.0140272	0.571122	0
15020	0.0513138	0.251156	0
15030	0.093191	-0.122553	0
15040	0.125953	-0.541918	0
15050	0.139528	-0.951269	0
15060	0.145662	-1.3373	0
15070	0.151653	-1.67753	0
15080	0.160981	-1.9419	0
15090	0.156454	-2.11225	0
15100	0.166679	-2.20396	0
15110	0.145563	-1.8899	0
15120	0.145372	-1.85314	0
15130	0.15013	-1.73041	0
15140	0.151624	-1.52013	0
15150	0.140116	-1.22892	0
15160	0.116285	-0.877098	0
15170	0.0807576	-0.48143	0
15180	0.0447607	-0.0700019	0
15190	-0.00637638	0.341643	0
15200	-0.0619669	0.728018	0
15210	-0.119525	1.06495	0
15220	-0.175939	1.33167	0
15230	-0.225468	1.51637	0
15240	-0.264309	1.59925	0
15250	-0.296925	1.56652	0
15260	-0.31882	1.42941	0
15270	-0.326225	1.20268	0
15280	-0.296937	0.903971	0
15290	-0.257082	0.106645	0
15300	-0.191666	-0.237587	0
15310	-0.058663	-0.535763	0
15320	-0.0708101	-0.469103	0
15330	-0.0423415	-0.710062	0
15340	0.00172649	-0.879133	0
15350	0.0450629	-0.962963	0
15360	0.0881421	-0.954737	0
15370	0.129276	-0.849007	0
15380	0.159505	-0.656101	0
15390	0.161641	-0.409679	0
15400	0.180244	-0.216677	0
15410	0.207641	0.103916	0
15420	0.188107	0.461167	0
15430	0.0474056	0.704967	0
15440	0.0381209	0.967039	0
15450	0.0247713	1.17463	0
15460	0.00896842	1.32879	0
15470	-0.017636	1.42693	0
15480	-0.0416054	0.978167	0
15490	-0.0481797	0.987478	0
15500	-0.0482863	0.957108	0
15510	-0.0473997	0.885108	0
15520	-0.044138	0.774205	0
15530	-0.037543	0.630278	0
15540	-0.0262309	0.461418	0
15550	-0.0122972	0.274833	0
15560	0.0376306	0.05082	0
15570	0.0496634	-0.137436	0
15580	0.0556311	-0.324724	0
15590	0.0498073	-0.532248	0
15600	0.206356	-0.684427	0
15610	0.0826079	-0.778907	0
15620	0.0143354	-0.855211	0
15630	-0.0555336	-1.02803	0
15640	-0.055636	-1.06572	0
15650	-0.0520644	-1.13054	0
15660	-0.0142179	-1.15115	0
15670	0.0619873	-0.724608	0
15680	0.0458713	-0.667091	0
15690	-0.00879701	-0.591792	0
15700	0.0389596	-0.49646	0
15710	-0.00527213	-0.396792	0
15720	-0.00441986	-0.290028	0
15730	-0.000685558	-0.181404	0
15740	-0.00451332	-0.0760362	0
15750	-0.0108735	0.0273798	0
15760	-0.0218653	0.123787	0
15770	-0.0237089	0.213247	0
15780	-0.0312109	0.288295	0
15790	-0.0377673	0.349681	0
15800	-0.0470258	0.392421	0
15810	-0.0866379	0.414666	0
15820	-0.265283	0.195239	0
15830	-0.238371	0.117901	0
15840	-0.209846	0.075321	0
15850	-0.212989	0.10065	0
15860	-0.201378	0.116496	0
15870	-0.200723	0.137216	0
15880	-0.198531	0.163503	0
15890	-0.195353	0.191643	0
15900	-0.196429	0.214379	0
15910	-0.21015	0.198461	0
15920	-0.196787	0.30303	0
15930	-0.187485	0.375736	0
15940	-0.165574	0.090624	0
15950	0.0400981	0.0981504	0
15960	-0.22855	0.202494	0
15970	0.107122	0.386484	0
15980	-0.0152137	0.371874	0
15990	-0.0356464	0.426321	0
16000	-0.0563951	0.493867	0
16010	-0.0590295	0.576842	0
16020	-0.060027	0.67488	0
16030	-0.0581897	0.777118	0
16040	-0.0554219	0.878606	0
16050	-0.0568103	0.982679	0
16060	-0.0464299	1.08005	0
16070	-0.0206109	1.26493	0
16080	-0.0441064	1.29353	0
16090	-0.0410103	1.25828	0
16100	-0.033324	1.15869	0
16110	-0.02132	0.987283	0
16120	-0.00678634	0.753884	0
16130	0.0146946	0.466645	0
16140	0.0601239	-0.0376535	0
16150	0.0749257	-0.400674	0
16160	0.0988527	-0.768437	0
16170	0.123481	-1.126	0
16180	0.147033	-1.45625	0
16190	0.168337	-1.74489	0
16200	0.185596	-1.9783	0
16210	0.194289	-2.14855	0
16220	0.193821	-2.24904	0
16230	0.176403	-2.27512	0
16240	0.0916134	-2.3448	0
16250	0.152697	-1.9495	0
16260	0.137456	-1.74063	0
16270	0.111068	-1.46884	0
16280	0.0772217	-1.1522	0
16290	0.0411311	-0.805293	0
16300	0.0038998	-0.445779	0
16310	-0.0312091	-0.0910052	0
16320	-0.064178	0.241062	0
16330	-0.0998619	0.543912	0
16340	-0.131579	0.807907	0
16350	-0.158844	1.01515	0
16360	-0.182454	1.16183	0
16370	-0.199609	1.23805	0
16380	-0.224527	1.25294	0
16390	-0.314155	1.17057	0
16400	-0.090391	0.696974	0
16410	-0.0483988	0.654056	0
16420	-0.0100205	0.617223	0
16430	0.0291731	0.682857	0
16440	0.0435659	0.62046	0
16450	0.0652414	0.550508	0
16460	0.0816123	0.477115	0
16470	0.0902913	0.402253	0
16480	0.0946203	0.327191	0
16490	0.0948999	0.251426	0
16500	0.0914738	0.175339	0
16510	0.0853768	0.097893	0
16520	0.0767595	0.0192983	0
16530	0.0655009	-0.0599821	0
16540	0.0525185	-0.138576	0
16550	0.0376184	-0.213475	0
16560	0.0134138	-0.279985	0
16570	0.00786507	-0.338229	0
16580	-0.00513552	-0.386628	0
16590	0.0958799	-0.0208586	0
16600	0.194572	-0.328876	0
16610	0.183659	-0.332699	0
16620	0.170236	-0.316255	0
16630	-0.0105049	-0.192655	0
16640	-0.00929952	-0.176613	0
16650	-0.00874623	-0.15511	0
16660	-0.00799663	-0.128367	0
16670	-0.00708047	-0.0971244	0
16680	-0.00709947	-0.058953	0
16690	-0.00576498	-0.0149436	0
16700	-0.00175036	0.0323192	0
16710	0.00648577	0.082907	0
16720	0.0229463	0.141393	0
16730	0.0557521	0.19187	0
16740	-0.0709793	-0.173359	0
16750	-0.045094	0.329658	0
16760	0.177789	0.262816	0
16770	0.0259432	-0.00154771	0
16780	-8.90959e-05	0.037139	0
16790	-0.0206718	0.0732514	0
16800	0.00170935	0.236403	0
16810	-0.0368392	0.252271	0
16820	-0.0420666	0.252537	0
16830	-0.039078	0.242625	0
16840	-0.0364275	0.228973	0
16850	-0.0349926	0.208924	0
16860	-0.0390626	0.181889	0
16870	-0.0363114	0.152961	0
16880	-0.00148162	-0.0372616	0
16890	-0.0664436	-0.0966777	0
16900	-0.107792	-0.103615	0
16910	-0.107037	-0.138346	0
16920	-0.102772	-0.17242	0
16930	-0.0394365	-0.0815598	0
16940	-0.100887	-0.220508	0
16950	-0.108766	-0.20303	0
16960	-0.089778	-0.18647	0
16970	-0.0910135	-0.195113	0
16980	-0.0811339	-0.189688	0
16990	-0.275626	-0.0299504	0
17000	-0.198161	-0.142085	0
17010	-0.197982	-0.111299	0
17020	-0.203068	-0.07456	0
17030	-0.197836	-0.054716	0
17040	-0.184724	-0.0455371	0
17050	-0.168917	-0.035928	0
17060	-0.153311	-0.0333109	0
17070	-0.173191	-0.0233279	0
17080	-0.135624	-0.0325617	0
17090	-0.126951	-0.0285801	0
17100	-0.084596	-0.0418217	0
17110	-0.0698641	-0.0443474	0
17120	-0.0611722	-0.0517564	0
17130	-0.0610219	-0.0589591	0
17140	-0.0631393	-0.0682057	0
17150	-0.0667485	-0.0797018	0
17160	-0.0731721	-0.0907562	0
17170	-0.0687312	-0.0899141	0
17180	-0.0572073	-0.100225	0
17190	-0.275411	-0.0140196	0
17200	0.259309	0.136442	0
17210	-0.220748	0.361608	0
17220	-0.302119	-0.0275291	0
17230	-0.280795	-0.0810036	0
17240	-0.285507	-0.0932392	0
17250	-0.27484	-0.118356	0
17260	-0.244774	-0.154949	0
17270	-0.170279	-0.207198	0
17280	-0.0793608	-0.232113	0
17290	-0.0264413	-0.226372	0
17300	0.0385596	-0.202095	0
17310	0.112257	-0.140956	0
17320	0.0605246	0.235392	0
17330	0.276363	0.184681	0
17340	0.277269	0.0912364	0
17350	0.265422	0.0706053	0
17360	0.257556	0.0793478	0
17370	0.247845	0.0979049	0
17380	0.232406	0.113286	0
17390	0.217865	0.113575	0
17400	0.195592	0.123119	0
17410	0.152266	0.139298	0
17420	0.10737	0.147963	0
17430	0.011815	0.148119	0
17440	0.0148653	0.143489	0
17450	0.0196874	0.134807	0
17460	0.06128	0.24887	0
17470	0.0282909	0.248234	0
17480	0.0251751	0.22773	0
17490	0.0350354	0.200129	0
17500	0.0389192	0.17112	0
17510	0.0415365	0.135537	0
17520	0.0438538	0.097483	0
17530	0.0448716	0.0568252	0
17540	0.0452781	0.0157212	0
17550	0.0455594	-0.0286902	0
17560	0.0453554	-0.0695484	0
17570	0.0453457	-0.110901	0
17580	0.0455772	-0.1479	0
17590	0.0479209	-0.182908	0
17600	0.136461	0.206702	0
17610	0.235712	0.0709878	0
17620	0.178913	0.11258	0
17630	0.0254918	0.13164	0
17640	0.0431305	0.0938649	0
17650	0.04334	0.055683	0
17660	0.221383	-0.242829	0
17670	0.0628342	-0.428829	0
17680	0.0155043	-0.0365977	0
17690	-0.0718471	-0.0602216	0
17700	-0.133953	-0.0920219	0
17710	-0.129118	-0.0853546	0
17720	-0.159569	-0.0971359	0
17730	-0.167189	-0.0982381	0
17740	-0.109098	-0.0791095	0
17750	-0.11665	-0.0786223	0
17760	-0.120069	-0.203246	0
17770	-0.135779	-0.173882	0
17780	-0.10458	-0.170069	0
17790	-0.13193	-0.082	0
17800	-0.0431462	-0.129362	0
17810	-0.0266149	-0.110274	0
17820	-0.0395607	-0.0788115	0
17830	-0.0203935	0.0320038	0
17840	-0.0111925	0.0463574	0
17850	0.0267574	0.0502651	0
17860	-0.123057	0.0121199	0
17870	-0.0132944	0.0578447	0
17880	-0.194137	-0.0547409	0
17890	-0.219824	-0.0635342	0
17900	-0.154473	0.00400336	0
17910	-0.188432	-0.0417241	0
17920	-0.197912	-0.0408118	0
17930	-0.188646	-0.0381941	0
17940	-0.161756	-0.0258905	0
17950	-0.0805903	0.011654	0
17960	0.0198568	0.0158234	0
17970	0.0276856	-0.00844962	0
17980	0.0332227	-0.0322055	0
17990	0.0389147	-0.0501844	0
18000	0.0454681	-0.0616908	0
