0	0	0	0
10	4.21396e-06	3.32634e-07	-5.08792e-06
20	1.56244e-05	1.42283e-06	-2.28192e-05
30	3.35271e-05	3.75325e-06	-5.29086e-05
40	5.73539e-05	8.15078e-06	-9.48206e-05
50	8.68584e-05	1.55461e-05	-0.000147711
60	0.000121996	2.6891e-05	-0.000210561
70	0.000162779	4.3074e-05	-0.000282266
80	0.00020925	6.47757e-05	-0.000361726
90	0.000261428	9.23961e-05	-0.00044793
100	0.000319219	0.000126014	-0.000540037
110	0.000382318	0.000165329	-0.00063744
120	0.000450166	0.000209382	-0.000739778
130	0.000521943	0.000256544	-0.00084694
140	0.000596751	0.000304558	-0.000958926
150	0.000673639	0.000350949	-0.00107582
160	0.000751898	0.00039379	-0.00119742
170	0.000830472	0.000431304	-0.00132294
180	0.000908172	0.000462049	-0.00145161
190	0.000984056	0.00048511	-0.00158285
200	0.00105739	0.000499938	-0.00171619
210	0.00112785	0.000506396	-0.00185124
220	0.00119551	0.000504813	-0.00198767
230	0.00126056	0.00049561	-0.00212516
240	0.00132314	0.000479192	-0.00226345
250	0.00138342	0.000455929	-0.0024023
260	0.00144155	0.000426208	-0.00254154
270	0.00149768	0.000390413	-0.00268099
280	0.00155193	0.000348925	-0.00282051
290	0.00160442	0.000302051	-0.00295995
300	0.00165525	0.000250016	-0.00309923
310	0.00170457	0.000193012	-0.00323829
320	0.00175253	0.000131257	-0.00337713
330	0.00179934	6.50225e-05	-0.00351574
340	0.00184524	-5.34548e-06	-0.00365417
350	0.00189054	-7.94589e-05	-0.00379248
360	0.00193552	-0.00015688	-0.00393078
370	0.00198048	-0.000237136	-0.00406922
380	0.00202577	-0.000319702	-0.004208
390	0.00207168	-0.000404068	-0.00434733
400	0.00211853	-0.000489761	-0.00448748
410	0.00216661	-0.000576318	-0.00462869
420	0.00221619	-0.000663279	-0.00477123
430	0.00226756	-0.000750238	-0.00491535
440	0.00232096	-0.000836879	-0.00506125
450	0.00237657	-0.000922949	-0.00520907
460	0.00243392	-0.00100829	-0.00535749
470	0.00249285	-0.00109279	-0.00550566
480	0.00255357	-0.00117646	-0.00565364
490	0.0026163	-0.00125941	-0.0058015
500	0.00268127	-0.00134171	-0.0059493
510	0.0027487	-0.00142347	-0.0060971
520	0.00281873	-0.0015047	-0.0062449
530	0.00289153	-0.00158539	-0.00639271
540	0.0029672	-0.00166556	-0.00654049
550	0.0030458	-0.00174516	-0.00668816
560	0.00312735	-0.00182401	-0.00683567
570	0.00321184	-0.00190193	-0.0069829
580	0.00329924	-0.00197876	-0.00712974
590	0.00338946	-0.00205438	-0.00727605
600	0.00348242	-0.00212875	-0.00742172
610	0.00357798	-0.00220193	-0.00756665
620	0.00367598	-0.00227403	-0.00771074
630	0.00377625	-0.0023452	-0.00785396
640	0.0038786	-0.0024157	-0.00799631
650	0.00398282	-0.00248588	-0.00813783
660	0.00408869	-0.00255617	-0.00827863
670	0.00419601	-0.00262709	-0.00841883
680	0.00430456	-0.00269919	-0.00855862
690	0.00441412	-0.00277306	-0.00869821
700	0.00452449	-0.00284922	-0.00883785
710	0.00463546	-0.00292821	-0.00897778
720	0.00474684	-0.00301053	-0.00911826
730	0.00485846	-0.00309655	-0.00925951
740	0.00497016	-0.00318655	-0.00940176
750	0.00508178	-0.00328065	-0.0095452
760	0.00519318	-0.00337878	-0.00969
770	0.00530425	-0.00348073	-0.00983629
780	0.00541488	-0.00358608	-0.0099842
790	0.00552502	-0.0036943	-0.0101338
800	0.00563459	-0.00380478	-0.0102851
810	0.00574354	-0.00391687	-0.0104381
820	0.00585184	-0.0040299	-0.0105929
830	0.00595946	-0.00414312	-0.0107494
840	0.00606642	-0.00425584	-0.0109077
850	0.00617273	-0.00436743	-0.0110677
860	0.00627843	-0.00447738	-0.0112293
870	0.00638361	-0.00458523	-0.0113925
880	0.00648837	-0.00469063	-0.0115572
890	0.00659281	-0.00479339	-0.0117233
900	0.00669707	-0.00489344	-0.0118907
910	0.00680127	-0.00499082	-0.0120593
920	0.00690556	-0.00508564	-0.0122291
930	0.00701008	-0.00517816	-0.0123999
940	0.00711496	-0.00526871	-0.0125717
950	0.00722035	-0.00535769	-0.0127445
960	0.00732639	-0.00544551	-0.0129181
970	0.0074332	-0.0055326	-0.0130925
980	0.00754084	-0.00561938	-0.0132676
990	0.00764937	-0.00570618	-0.0134432
1000	0.00775886	-0.00579321	-0.0136191
1010	0.0078694	-0.00588067	-0.0137954
1020	0.00798102	-0.0059687	-0.013972
1030	0.00809371	-0.00605735	-0.0141487
1040	0.00820748	-0.00614662	-0.0143255
1050	0.0083223	-0.00623645	-0.0145024
1060	0.00843819	-0.0063267	-0.0146795
1070	0.00855511	-0.00641718	-0.0148567
1080	0.008673	-0.00650768	-0.015034
1090	0.00879184	-0.00659796	-0.0152116
1100	0.00891157	-0.00668773	-0.0153894
1110	0.00903212	-0.00677671	-0.0155674
1120	0.00915345	-0.00686466	-0.0157458
1130	0.00927549	-0.00695132	-0.0159246
1140	0.00939819	-0.00703647	-0.0161037
1150	0.00952151	-0.00711994	-0.0162833
1160	0.00964539	-0.00720162	-0.0164634
1170	0.00976981	-0.00728143	-0.0166439
1180	0.00989474	-0.00735939	-0.0168249
1190	0.0100202	-0.00743557	-0.0170064
1200	0.010146	-0.00751008	-0.0171883
1210	0.0102724	-0.00758307	-0.0173706
1220	0.0103991	-0.00765477	-0.0175532
1230	0.0105264	-0.00772544	-0.0177362
1240	0.010654	-0.00779533	-0.0179195
1250	0.0107821	-0.0078647	-0.018103
1260	0.0109106	-0.00793383	-0.0182868
1270	0.0110396	-0.00800295	-0.0184707
1280	0.011169	-0.00807231	-0.0186548
1290	0.0112988	-0.0081421	-0.0188391
1300	0.011429	-0.00821249	-0.0190235
1310	0.0115595	-0.00828364	-0.0192082
1320	0.0116905	-0.00835567	-0.019393
1330	0.0118218	-0.00842866	-0.0195782
1340	0.0119534	-0.00850269	-0.0197636
1350	0.0120853	-0.00857777	-0.0199494
1360	0.0122174	-0.0086539	-0.0201356
1370	0.0123498	-0.00873105	-0.0203224
1380	0.0124824	-0.00880917	-0.0205098
1390	0.0126153	-0.00888823	-0.0206978
1400	0.0127483	-0.00896817	-0.0208866
1410	0.0128815	-0.00904894	-0.0210763
1420	0.013015	-0.00913051	-0.0212669
1430	0.0131486	-0.00921288	-0.0214586
1440	0.0132825	-0.00929607	-0.0216515
1450	0.0134167	-0.00938011	-0.0218456
1460	0.0135511	-0.00946506	-0.022041
1470	0.0136858	-0.009551	-0.0222379
1480	0.0138209	-0.00963803	-0.0224362
1490	0.0139564	-0.0097263	-0.0226361
1500	0.0140924	-0.00981594	-0.0228377
1510	0.0142289	-0.00990711	-0.023041
1520	0.014366	-0.00999994	-0.0232461
1530	0.0145037	-0.0100946	-0.023453
1540	0.0146421	-0.0101912	-0.0236619
1550	0.0147814	-0.0102898	-0.0238726
1560	0.0149215	-0.0103904	-0.0240853
1570	0.0150625	-0.0104932	-0.0243
1580	0.0152046	-0.0105981	-0.0245168
1590	0.0153476	-0.0107049	-0.0247355
1600	0.0154918	-0.0108137	-0.0249563
1610	0.0156371	-0.0109243	-0.0251791
1620	0.0157836	-0.0110364	-0.0254039
1630	0.0159314	-0.0111501	-0.0256307
1640	0.0160805	-0.011265	-0.0258594
1650	0.016231	-0.0113811	-0.02609
1660	0.0163829	-0.0114981	-0.0263224
1670	0.0165362	-0.0116158	-0.0265566
1680	0.0166911	-0.011734	-0.0267926
1690	0.0168474	-0.0118525	-0.0270302
1700	0.0170053	-0.0119711	-0.0272695
1710	0.0171648	-0.0120896	-0.0275103
1720	0.0173258	-0.0122079	-0.0277526
1730	0.0174884	-0.0123259	-0.0279962
1740	0.0176525	-0.0124434	-0.0282412
1750	0.0178183	-0.0125604	-0.0284875
1760	0.0179856	-0.0126768	-0.0287349
1770	0.0181544	-0.0127925	-0.0289835
1780	0.0183248	-0.0129077	-0.0292331
1790	0.0184966	-0.0130222	-0.0294838
1800	0.01867	-0.0131363	-0.0297353
1810	0.0188448	-0.0132501	-0.0299879
1820	0.0190211	-0.0133635	-0.0302412
1830	0.0191987	-0.0134768	-0.0304955
1840	0.0193778	-0.0135901	-0.0307506
1850	0.0195581	-0.0137037	-0.0310065
1860	0.0197397	-0.0138175	-0.0312633
1870	0.0199225	-0.0139319	-0.0315209
1880	0.0201064	-0.0140469	-0.0317793
1890	0.0202915	-0.0141626	-0.0320386
1900	0.0204777	-0.0142791	-0.0322987
1910	0.0206649	-0.0143964	-0.0325598
1920	0.0208531	-0.0145147	-0.0328217
1930	0.0210422	-0.0146338	-0.0330846
1940	0.0212322	-0.0147538	-0.0333484
1950	0.021423	-0.0148746	-0.0336132
1960	0.0216147	-0.0149962	-0.033879
1970	0.0218072	-0.0151186	-0.0341459
1980	0.0220004	-0.0152416	-0.0344137
1990	0.0221943	-0.0153653	-0.0346826
2000	0.0223889	-0.0154896	-0.0349527
2010	0.0225842	-0.0156144	-0.0352238
2020	0.0227801	-0.0157397	-0.035496
2030	0.0229765	-0.0158654	-0.0357694
2040	0.0231736	-0.0159914	-0.0360438
2050	0.0233712	-0.0161178	-0.0363194
2060	0.0235694	-0.0162444	-0.0365961
2070	0.0237682	-0.0163712	-0.0368739
2080	0.0239675	-0.0164981	-0.0371527
2090	0.0241673	-0.016625	-0.0374325
2100	0.0243676	-0.0167521	-0.0377134
2110	0.0245685	-0.0168791	-0.0379952
2120	0.0247699	-0.0170063	-0.038278
2130	0.0249718	-0.0171335	-0.0385617
2140	0.0251743	-0.0172608	-0.0388462
2150	0.0253774	-0.0173883	-0.0391315
2160	0.025581	-0.017516	-0.0394174
2170	0.0257852	-0.017644	-0.0397041
2180	0.02599	-0.0177724	-0.0399914
2190	0.0261954	-0.0179012	-0.0402792
2200	0.0264014	-0.0180304	-0.0405676
2210	0.026608	-0.0181603	-0.0408565
2220	0.0268152	-0.0182907	-0.0411457
2230	0.0270229	-0.0184217	-0.0414353
2240	0.0272313	-0.0185534	-0.0417252
2250	0.0274402	-0.0186857	-0.0420155
2260	0.0276497	-0.0188185	-0.042306
2270	0.0278597	-0.018952	-0.0425969
2280	0.0280702	-0.019086	-0.042888
2290	0.0282812	-0.0192205	-0.0431793
2300	0.0284928	-0.0193554	-0.043471
2310	0.0287048	-0.0194906	-0.043763
2320	0.0289172	-0.0196261	-0.0440553
2330	0.0291302	-0.0197618	-0.0443479
2340	0.0293435	-0.0198975	-0.044641
2350	0.0295574	-0.0200333	-0.0449345
2360	0.0297716	-0.020169	-0.0452284
2370	0.0299864	-0.0203046	-0.0455228
2380	0.0302015	-0.02044	-0.0458178
2390	0.0304172	-0.0205753	-0.0461134
2400	0.0306334	-0.0207104	-0.0464095
2410	0.03085	-0.0208453	-0.0467064
2420	0.0310672	-0.0209801	-0.0470039
2430	0.0312848	-0.0211147	-0.0473021
2440	0.0315031	-0.0212493	-0.0476011
2450	0.0317219	-0.0213838	-0.0479009
2460	0.0319413	-0.0215183	-0.0482014
2470	0.0321613	-0.0216528	-0.0485028
2480	0.032382	-0.0217873	-0.048805
2490	0.0326032	-0.0219219	-0.0491082
2500	0.0328251	-0.0220565	-0.0494122
2510	0.0330476	-0.0221913	-0.0497173
2520	0.0332708	-0.0223261	-0.0500233
2530	0.0334946	-0.022461	-0.0503303
2540	0.033719	-0.0225959	-0.0506384
2550	0.0339441	-0.0227309	-0.0509474
2560	0.0341698	-0.0228659	-0.0512576
2570	0.0343962	-0.023001	-0.0515688
2580	0.0346231	-0.0231361	-0.0518811
2590	0.0348507	-0.0232713	-0.0521945
2600	0.0350789	-0.0234065	-0.0525091
2610	0.0353076	-0.0235419	-0.0528248
2620	0.035537	-0.0236773	-0.0531417
2630	0.035767	-0.0238128	-0.0534598
2640	0.0359976	-0.0239485	-0.0537791
2650	0.0362288	-0.0240843	-0.0540997
2660	0.0364606	-0.0242204	-0.0544214
2670	0.0366931	-0.0243566	-0.0547445
2680	0.0369262	-0.0244932	-0.0550688
2690	0.03716	-0.0246301	-0.0553944
2700	0.0373946	-0.0247674	-0.0557212
2710	0.0376298	-0.0249051	-0.0560494
2720	0.0378658	-0.0250433	-0.056379
2730	0.0381026	-0.0251821	-0.0567099
2740	0.0383401	-0.0253215	-0.0570421
2750	0.0385786	-0.0254616	-0.0573758
2760	0.0388178	-0.0256023	-0.0577108
2770	0.0390579	-0.0257438	-0.0580473
2780	0.0392989	-0.025886	-0.0583853
2790	0.0395409	-0.026029	-0.0587248
2800	0.0397837	-0.0261727	-0.0590657
2810	0.0400274	-0.0263172	-0.0594082
2820	0.0402721	-0.0264625	-0.0597523
2830	0.0405177	-0.0266085	-0.0600979
2840	0.0407642	-0.0267552	-0.0604451
2850	0.0410116	-0.0269026	-0.060794
2860	0.04126	-0.0270506	-0.0611444
2870	0.0415093	-0.0271992	-0.0614964
2880	0.0417595	-0.0273483	-0.0618501
2890	0.0420105	-0.0274979	-0.0622053
2900	0.0422625	-0.027648	-0.0625621
2910	0.0425154	-0.0277986	-0.0629204
2920	0.0427692	-0.0279495	-0.0632802
2930	0.0430239	-0.0281008	-0.0636415
2940	0.0432795	-0.0282525	-0.0640042
2950	0.043536	-0.0284046	-0.0643683
2960	0.0437934	-0.0285571	-0.0647336
2970	0.0440518	-0.0287101	-0.0651002
2980	0.0443111	-0.0288637	-0.0654679
2990	0.0445714	-0.0290177	-0.0658367
3000	0.0448326	-0.0291724	-0.0662066
3010	0.0450949	-0.0293277	-0.0665774
3020	0.0453581	-0.0294837	-0.0669492
3030	0.0456224	-0.0296405	-0.0673217
3040	0.0458877	-0.0297981	-0.0676951
3050	0.046154	-0.0299565	-0.0680692
3060	0.0464214	-0.0301158	-0.068444
3070	0.0466897	-0.0302759	-0.0688194
3080	0.0469591	-0.0304369	-0.0691955
3090	0.0472295	-0.0305988	-0.0695722
3100	0.0475009	-0.0307615	-0.0699494
3110	0.0477733	-0.0309249	-0.0703273
3120	0.0480466	-0.0310892	-0.0707057
3130	0.0483209	-0.0312542	-0.0710846
3140	0.0485961	-0.0314198	-0.0714641
3150	0.0488722	-0.0315861	-0.0718442
3160	0.0491492	-0.0317528	-0.0722248
3170	0.0494271	-0.03192	-0.0726061
3180	0.0497057	-0.0320875	-0.0729879
3190	0.0499852	-0.0322551	-0.0733704
3200	0.0502654	-0.0324229	-0.0737536
3210	0.0505464	-0.0325906	-0.0741374
3220	0.0508281	-0.0327582	-0.074522
3230	0.0511105	-0.0329256	-0.0749073
3240	0.0513936	-0.0330926	-0.0752934
3250	0.0516773	-0.0332593	-0.0756803
3260	0.0519616	-0.0334254	-0.076068
3270	0.0522465	-0.0335911	-0.0764565
3280	0.052532	-0.0337563	-0.0768458
3290	0.0528181	-0.033921	-0.0772359
3300	0.0531049	-0.0340854	-0.0776268
3310	0.0533922	-0.0342494	-0.0780185
3320	0.0536802	-0.0344134	-0.0784109
3330	0.0539688	-0.0345774	-0.078804
3340	0.0542581	-0.0347418	-0.0791976
3350	0.0545482	-0.0349069	-0.0795918
3360	0.0548392	-0.0350732	-0.0799863
3370	0.0551312	-0.0352413	-0.080381
3380	0.0554245	-0.0354119	-0.0807757
3390	0.0557191	-0.0355857	-0.0811702
3400	0.0560153	-0.0357635	-0.0815642
3410	0.0563131	-0.0359461	-0.0819572
3420	0.0566127	-0.0361345	-0.0823488
3430	0.0569141	-0.0363298	-0.0827385
3440	0.0572177	-0.0365328	-0.083126
3450	0.0575235	-0.0367442	-0.083511
3460	0.0578316	-0.0369649	-0.0838931
3470	0.0581423	-0.0371951	-0.0842724
3480	0.0584558	-0.0374346	-0.0846491
3490	0.0587722	-0.0376828	-0.0850237
3500	0.0590912	-0.0379387	-0.0853961
3510	0.0594117	-0.0382012	-0.085765
3520	0.0597335	-0.0384693	-0.0861301
3530	0.0600562	-0.0387411	-0.0864918
3540	0.0603798	-0.0390152	-0.0868505
3550	0.0607039	-0.0392896	-0.0872066
3560	0.0610281	-0.0395625	-0.0875604
3570	0.0613523	-0.0398322	-0.0879125
3580	0.061676	-0.0400968	-0.0882633
3590	0.061999	-0.0403549	-0.0886133
3600	0.0623212	-0.0406052	-0.0889627
3610	0.0626423	-0.0408466	-0.089312
3620	0.0629624	-0.0410785	-0.0896616
3630	0.0632815	-0.0413003	-0.0900116
3640	0.0635996	-0.041512	-0.0903624
3650	0.063917	-0.0417139	-0.0907142
3660	0.0642338	-0.0419063	-0.0910669
3670	0.0645505	-0.0420902	-0.0914206
3680	0.0648674	-0.0422666	-0.0917752
3690	0.0651851	-0.0424364	-0.0921306
3700	0.0655038	-0.0426008	-0.0924868
3710	0.0658239	-0.0427602	-0.092844
3720	0.0661456	-0.0429153	-0.0932023
3730	0.0664692	-0.0430666	-0.0935618
3740	0.066795	-0.0432148	-0.0939228
3750	0.0671235	-0.0433603	-0.0942851
3760	0.067455	-0.0435037	-0.0946491
3770	0.06779	-0.0436453	-0.0950149
3780	0.068128	-0.0437856	-0.0953823
3790	0.0684672	-0.0439257	-0.095751
3800	0.0688074	-0.044067	-0.0961206
3810	0.0691487	-0.0442106	-0.0964904
3820	0.069491	-0.0443575	-0.09686
3830	0.0698342	-0.0445085	-0.0972291
3840	0.0701779	-0.0446643	-0.0975974
3850	0.0705219	-0.0448249	-0.0979648
3860	0.0708657	-0.0449905	-0.0983312
3870	0.0712089	-0.045161	-0.0986967
3880	0.0715509	-0.045336	-0.0990615
3890	0.0718911	-0.0455147	-0.0994257
3900	0.0722288	-0.0456963	-0.0997898
3910	0.0725634	-0.0458797	-0.100154
3920	0.0728946	-0.046064	-0.100518
3930	0.0732222	-0.0462488	-0.100883
3940	0.0735464	-0.0464334	-0.101247
3950	0.0738671	-0.046617	-0.101612
3960	0.0741843	-0.0467985	-0.101977
3970	0.0744981	-0.0469769	-0.102342
3980	0.0748084	-0.047151	-0.102708
3990	0.0751155	-0.0473196	-0.103075
4000	0.0754193	-0.0474815	-0.103443
4010	0.0757201	-0.0476354	-0.103812
4020	0.0760181	-0.0477803	-0.104183
4030	0.0763133	-0.0479152	-0.104557
4040	0.0766062	-0.0480396	-0.104932
4050	0.0768969	-0.0481534	-0.105309
4060	0.077186	-0.0482565	-0.105689
4070	0.0774736	-0.048349	-0.10607
4080	0.0777602	-0.0484314	-0.106454
4090	0.0780462	-0.0485042	-0.10684
4100	0.0783321	-0.0485683	-0.107229
4110	0.0786185	-0.0486249	-0.107619
4120	0.0789061	-0.0486752	-0.108011
4130	0.0791951	-0.0487206	-0.108406
4140	0.0794863	-0.0487626	-0.108801
4150	0.07978	-0.0488028	-0.109199
4160	0.0800768	-0.048843	-0.109598
4170	0.0803769	-0.0488849	-0.109997
4180	0.0806789	-0.0489298	-0.110398
4190	0.0809793	-0.0489781	-0.110799
4200	0.0812776	-0.0490297	-0.111202
4210	0.0815735	-0.0490843	-0.111606
4220	0.0818668	-0.0491421	-0.112011
4230	0.0821569	-0.0492036	-0.112418
4240	0.0824434	-0.0492695	-0.112825
4250	0.0827258	-0.0493404	-0.113232
4260	0.0830038	-0.049417	-0.11364
4270	0.0832772	-0.0494998	-0.114047
4280	0.0835457	-0.0495898	-0.114455
4290	0.0838094	-0.0496884	-0.114861
4300	0.0840683	-0.0497967	-0.115265
4310	0.0843223	-0.0499157	-0.115668
4320	0.0845714	-0.0500457	-0.116068
4330	0.084816	-0.0501869	-0.116466
4340	0.0850562	-0.0503392	-0.116862
4350	0.0852923	-0.0505022	-0.117256
4360	0.0855248	-0.0506752	-0.117648
4370	0.0857539	-0.0508574	-0.118039
4380	0.0859801	-0.0510476	-0.118429
4390	0.0862039	-0.0512446	-0.118819
4400	0.0864256	-0.0514468	-0.119209
4410	0.0866457	-0.0516525	-0.1196
4420	0.0868644	-0.0518601	-0.119992
4430	0.0870819	-0.0520681	-0.120386
4440	0.0872986	-0.0522751	-0.120782
4450	0.0875147	-0.0524801	-0.121181
4460	0.0877304	-0.0526819	-0.121584
4470	0.0879458	-0.0528796	-0.121991
4480	0.0881611	-0.0530726	-0.122403
4490	0.0883767	-0.0532604	-0.122819
4500	0.0885928	-0.0534431	-0.12324
4510	0.0888098	-0.0536207	-0.123666
4520	0.0890281	-0.0537936	-0.124096
4530	0.0892479	-0.0539626	-0.124532
4540	0.0894698	-0.0541286	-0.124973
4550	0.0896942	-0.0542931	-0.125418
4560	0.0899216	-0.0544577	-0.125867
4570	0.0901527	-0.0546241	-0.12632
4580	0.0903877	-0.054794	-0.126776
4590	0.0906274	-0.0549691	-0.127236
4600	0.0908721	-0.0551508	-0.127699
4610	0.0911222	-0.0553402	-0.128166
4620	0.0913782	-0.0555381	-0.128635
4630	0.0916403	-0.055745	-0.129107
4640	0.0919088	-0.055961	-0.129582
4650	0.092184	-0.0561859	-0.130059
4660	0.0924658	-0.0564194	-0.13054
4670	0.0927543	-0.0566607	-0.131025
4680	0.0930495	-0.056909	-0.131512
4690	0.0933509	-0.0571634	-0.132003
4700	0.0936567	-0.0574226	-0.132495
4710	0.0939663	-0.0576854	-0.132988
4720	0.0942793	-0.0579506	-0.133482
4730	0.0945954	-0.0582172	-0.133976
4740	0.0949143	-0.0584844	-0.13447
4750	0.0952365	-0.0587513	-0.134964
4760	0.0955618	-0.0590167	-0.135457
4770	0.0958899	-0.0592796	-0.135949
4780	0.0962208	-0.0595389	-0.13644
4790	0.0965541	-0.0597938	-0.13693
4800	0.0968898	-0.0600433	-0.137418
4810	0.0972275	-0.0602867	-0.137904
4820	0.0975672	-0.0605235	-0.138389
4830	0.0979086	-0.0607532	-0.138872
4840	0.0982517	-0.0609759	-0.139354
4850	0.098596	-0.0611913	-0.139834
4860	0.0989417	-0.0613999	-0.140312
4870	0.0992884	-0.0616019	-0.140787
4880	0.0996361	-0.061798	-0.141262
4890	0.0999842	-0.0619891	-0.141734
4900	0.100332	-0.0621761	-0.142203
4910	0.10068	-0.0623599	-0.14267
4920	0.101026	-0.0625414	-0.143133
4930	0.101371	-0.0627215	-0.143593
4940	0.101714	-0.0629009	-0.144049
4950	0.102054	-0.0630803	-0.144502
4960	0.102391	-0.06326	-0.14495
4970	0.102724	-0.0634405	-0.145395
4980	0.103053	-0.0636219	-0.145835
4990	0.103378	-0.0638043	-0.146272
5000	0.103699	-0.0639878	-0.146706
5010	0.104015	-0.0641722	-0.147136
5020	0.104326	-0.0643576	-0.147564
5030	0.104632	-0.0645442	-0.147988
5040	0.104934	-0.0647326	-0.14841
5050	0.10523	-0.0649228	-0.148831
5060	0.105522	-0.0651146	-0.149249
5070	0.105809	-0.0653078	-0.149667
5080	0.106091	-0.0655023	-0.150083
5090	0.10637	-0.0656979	-0.150499
5100	0.106644	-0.0658945	-0.150914
5110	0.106915	-0.0660918	-0.15133
5120	0.107183	-0.06629	-0.151746
5130	0.107447	-0.0664887	-0.152162
5140	0.107709	-0.0666879	-0.152581
5150	0.107969	-0.0668877	-0.153001
5160	0.108227	-0.0670879	-0.153423
5170	0.108484	-0.0672884	-0.153847
5180	0.10874	-0.0674892	-0.154274
5190	0.108995	-0.0676902	-0.154705
5200	0.109251	-0.0678914	-0.155139
5210	0.109506	-0.0680923	-0.155577
5220	0.109763	-0.068293	-0.156019
5230	0.110021	-0.0684934	-0.156466
5240	0.11028	-0.0686933	-0.156917
5250	0.110541	-0.0688926	-0.157372
5260	0.110805	-0.069091	-0.157832
5270	0.111071	-0.0692884	-0.158297
5280	0.111341	-0.0694844	-0.158766
5290	0.111614	-0.0696785	-0.159239
5300	0.11189	-0.0698708	-0.159717
5310	0.112171	-0.0700608	-0.160198
5320	0.112456	-0.0702482	-0.160682
5330	0.112745	-0.0704324	-0.16117
5340	0.113039	-0.0706136	-0.16166
5350	0.113337	-0.0707914	-0.162152
5360	0.113639	-0.0709657	-0.162645
5370	0.113943	-0.0711366	-0.163138
5380	0.114249	-0.0713043	-0.163629
5390	0.114557	-0.0714693	-0.164117
5400	0.114867	-0.0716319	-0.164604
5410	0.115179	-0.0717924	-0.165088
5420	0.115493	-0.0719512	-0.16557
5430	0.115808	-0.0721088	-0.16605
5440	0.116126	-0.0722659	-0.166529
5450	0.116445	-0.0724231	-0.167006
5460	0.116767	-0.072581	-0.167481
5470	0.11709	-0.0727401	-0.167956
5480	0.117414	-0.0729007	-0.168429
5490	0.117741	-0.0730633	-0.168902
5500	0.118069	-0.0732281	-0.169374
5510	0.118398	-0.0733953	-0.169846
5520	0.118728	-0.0735649	-0.170319
5530	0.11906	-0.0737369	-0.170791
5540	0.119393	-0.073911	-0.171265
5550	0.119726	-0.0740871	-0.171739
5560	0.120059	-0.0742648	-0.172213
5570	0.120393	-0.0744439	-0.172689
5580	0.120727	-0.0746239	-0.173165
5590	0.121061	-0.0748043	-0.173641
5600	0.121395	-0.0749848	-0.174118
5610	0.121728	-0.0751649	-0.174596
5620	0.122061	-0.0753441	-0.175075
5630	0.122393	-0.0755221	-0.175554
5640	0.122724	-0.0756985	-0.176033
5650	0.123055	-0.0758732	-0.176513
5660	0.123385	-0.0760459	-0.176993
5670	0.123714	-0.0762165	-0.177473
5680	0.124042	-0.0763851	-0.177954
5690	0.124369	-0.0765516	-0.178434
5700	0.124696	-0.0767163	-0.178913
5710	0.125022	-0.0768793	-0.179393
5720	0.125347	-0.077041	-0.179872
5730	0.125671	-0.0772018	-0.18035
5740	0.125995	-0.0773626	-0.180828
5750	0.126318	-0.077524	-0.181304
5760	0.126641	-0.0776866	-0.18178
5770	0.126964	-0.0778508	-0.182254
5780	0.127286	-0.0780172	-0.182726
5790	0.127608	-0.0781862	-0.183197
5800	0.127929	-0.078358	-0.183667
5810	0.12825	-0.078533	-0.184135
5820	0.128571	-0.0787114	-0.184601
5830	0.128892	-0.0788931	-0.185066
5840	0.129213	-0.0790779	-0.185529
5850	0.129533	-0.0792656	-0.18599
5860	0.129853	-0.0794555	-0.18645
5870	0.130173	-0.0796473	-0.18691
5880	0.130493	-0.0798401	-0.187368
5890	0.130813	-0.0800335	-0.187826
5900	0.131132	-0.0802266	-0.188284
5910	0.131452	-0.0804192	-0.188742
5920	0.131771	-0.0806108	-0.189201
5930	0.132089	-0.0808011	-0.18966
5940	0.132408	-0.0809899	-0.19012
5950	0.132726	-0.0811773	-0.190581
5960	0.133045	-0.0813631	-0.191044
5970	0.133363	-0.0815474	-0.191509
5980	0.133682	-0.0817305	-0.191975
5990	0.134001	-0.0819127	-0.192444
6000	0.13432	-0.0820944	-0.192915
6010	0.134639	-0.082276	-0.193388
6020	0.134959	-0.082458	-0.193864
6030	0.13528	-0.0826412	-0.194343
6040	0.135601	-0.0828261	-0.194824
6050	0.135924	-0.0830134	-0.195307
6060	0.136247	-0.0832037	-0.195794
6070	0.136573	-0.0833976	-0.196283
6080	0.136899	-0.0835956	-0.196774
6090	0.137228	-0.0837981	-0.197268
6100	0.137558	-0.0840053	-0.197765
6110	0.137891	-0.0842174	-0.198263
6120	0.138225	-0.0844343	-0.198764
6130	0.138562	-0.0846559	-0.199267
6140	0.138901	-0.0848821	-0.199773
6150	0.139242	-0.0851124	-0.20028
6160	0.139585	-0.0853461	-0.200789
6170	0.139931	-0.0855827	-0.2013
6180	0.140279	-0.0858214	-0.201813
6190	0.140629	-0.0860616	-0.202328
6200	0.140981	-0.0863025	-0.202844
6210	0.141335	-0.0865432	-0.203361
6220	0.141691	-0.086783	-0.20388
6230	0.142048	-0.0870213	-0.204399
6240	0.142407	-0.0872572	-0.204919
6250	0.142768	-0.0874905	-0.20544
6260	0.14313	-0.0877207	-0.20596
6270	0.143493	-0.0879476	-0.20648
6280	0.143856	-0.0881707	-0.206999
6290	0.14422	-0.0883903	-0.207516
6300	0.144584	-0.0886066	-0.20803
6310	0.144948	-0.0888197	-0.208542
6320	0.145312	-0.0890297	-0.209052
6330	0.145677	-0.0892369	-0.209559
6340	0.146042	-0.0894416	-0.210063
6350	0.146407	-0.0896442	-0.210565
6360	0.146772	-0.089845	-0.211063
6370	0.147138	-0.0900442	-0.211558
6380	0.147502	-0.0902419	-0.212049
6390	0.147867	-0.0904383	-0.212537
6400	0.14823	-0.0906333	-0.213021
6410	0.148593	-0.0908268	-0.213502
6420	0.148955	-0.0910188	-0.213979
6430	0.149315	-0.0912091	-0.214453
6440	0.149675	-0.0913976	-0.214924
6450	0.150032	-0.0915841	-0.215392
6460	0.150387	-0.0917686	-0.215857
6470	0.150741	-0.0919511	-0.21632
6480	0.151093	-0.0921316	-0.21678
6490	0.151443	-0.0923105	-0.217239
6500	0.151791	-0.0924879	-0.217697
6510	0.152137	-0.0926644	-0.218152
6520	0.152481	-0.0928403	-0.218607
6530	0.152824	-0.0930161	-0.219061
6540	0.153166	-0.0931922	-0.219514
6550	0.153507	-0.0933693	-0.219966
6560	0.153846	-0.0935479	-0.220419
6570	0.154186	-0.0937286	-0.220871
6580	0.154525	-0.0939116	-0.221323
6590	0.154864	-0.0940974	-0.221775
6600	0.155204	-0.0942862	-0.222227
6610	0.155545	-0.0944779	-0.22268
6620	0.155886	-0.0946727	-0.223133
6630	0.156229	-0.0948707	-0.223587
6640	0.156574	-0.0950715	-0.224042
6650	0.156921	-0.0952748	-0.224497
6660	0.15727	-0.0954804	-0.224953
6670	0.157621	-0.0956877	-0.225411
6680	0.157975	-0.0958959	-0.225869
6690	0.158332	-0.0961047	-0.226329
6700	0.158691	-0.0963132	-0.22679
6710	0.159052	-0.096521	-0.227253
6720	0.159416	-0.0967272	-0.227717
6730	0.159783	-0.0969311	-0.228183
6740	0.160152	-0.0971323	-0.22865
6750	0.160524	-0.0973302	-0.22912
6760	0.160898	-0.0975245	-0.22959
6770	0.161274	-0.0977151	-0.230063
6780	0.161652	-0.0979017	-0.230536
6790	0.162032	-0.0980843	-0.23101
6800	0.162411	-0.0982633	-0.231483
6810	0.162792	-0.0984391	-0.231956
6820	0.163172	-0.0986123	-0.232428
6830	0.163553	-0.0987837	-0.232899
6840	0.163935	-0.0989541	-0.233369
6850	0.164318	-0.0991242	-0.233839
6860	0.164701	-0.0992951	-0.234307
6870	0.165084	-0.0994674	-0.234774
6880	0.165468	-0.0996418	-0.23524
6890	0.165852	-0.099819	-0.235704
6900	0.166236	-0.0999994	-0.236167
6910	0.166619	-0.100183	-0.236628
6920	0.167001	-0.100371	-0.237088
6930	0.167382	-0.100562	-0.237546
6940	0.167762	-0.100756	-0.238003
6950	0.168141	-0.100954	-0.238459
6960	0.168523	-0.101152	-0.23891
6970	0.168913	-0.101349	-0.239357
6980	0.169309	-0.101541	-0.239797
6990	0.169709	-0.101726	-0.240232
7000	0.170112	-0.101901	-0.240659
7010	0.170516	-0.102063	-0.241078
7020	0.17092	-0.102213	-0.241489
7030	0.171324	-0.102349	-0.241893
7040	0.171728	-0.102473	-0.24229
7050	0.172133	-0.102586	-0.242678
7060	0.172538	-0.102689	-0.243059
7070	0.172944	-0.102784	-0.243432
7080	0.173349	-0.102873	-0.243796
7090	0.173754	-0.102958	-0.244152
7100	0.174158	-0.10304	-0.244499
7110	0.174562	-0.103121	-0.244838
7120	0.174964	-0.103203	-0.245168
7130	0.175365	-0.103286	-0.245491
7140	0.175764	-0.103372	-0.245806
7150	0.176161	-0.103463	-0.246114
7160	0.176556	-0.103558	-0.246417
7170	0.176949	-0.10366	-0.246714
7180	0.177338	-0.103767	-0.247006
7190	0.177725	-0.103881	-0.247295
7200	0.178108	-0.104001	-0.247581
7210	0.178488	-0.104128	-0.247865
7220	0.178865	-0.10426	-0.248147
7230	0.179239	-0.104397	-0.24843
7240	0.179609	-0.104538	-0.248713
7250	0.179977	-0.104683	-0.248998
7260	0.180342	-0.104831	-0.249286
7270	0.180704	-0.104981	-0.249576
7280	0.181064	-0.105134	-0.249871
7290	0.181423	-0.105288	-0.250171
7300	0.181781	-0.105443	-0.250475
7310	0.182138	-0.1056	-0.250786
7320	0.182495	-0.105759	-0.251103
7330	0.182854	-0.105919	-0.251426
7340	0.183214	-0.106081	-0.251756
7350	0.183577	-0.106247	-0.252092
7360	0.183943	-0.106415	-0.252436
7370	0.184314	-0.106589	-0.252786
7380	0.184689	-0.106767	-0.253144
7390	0.18507	-0.10695	-0.253508
7400	0.185458	-0.10714	-0.253879
7410	0.185852	-0.107336	-0.254256
7420	0.186252	-0.10754	-0.25464
7430	0.186656	-0.10775	-0.255026
7440	0.187061	-0.107967	-0.255414
7450	0.187467	-0.108192	-0.255802
7460	0.187874	-0.108422	-0.256192
7470	0.188282	-0.108659	-0.256584
7480	0.188691	-0.1089	-0.256976
7490	0.1891	-0.109146	-0.257371
7500	0.18951	-0.109395	-0.257768
7510	0.189919	-0.109647	-0.258167
7520	0.190328	-0.1099	-0.258569
7530	0.190735	-0.110153	-0.258974
7540	0.191141	-0.110405	-0.259383
7550	0.191543	-0.110655	-0.259796
7560	0.191943	-0.110899	-0.260214
7570	0.192341	-0.111139	-0.260638
7580	0.192736	-0.111373	-0.261066
7590	0.193129	-0.111601	-0.2615
7600	0.19352	-0.111824	-0.261939
7610	0.19391	-0.112043	-0.262383
7620	0.194298	-0.112258	-0.262831
7630	0.194687	-0.112471	-0.263283
7640	0.195076	-0.112683	-0.263738
7650	0.195467	-0.112894	-0.264197
7660	0.195859	-0.113107	-0.264657
7670	0.196253	-0.113324	-0.265119
7680	0.19665	-0.113545	-0.265581
7690	0.19705	-0.113772	-0.266043
7700	0.197453	-0.114007	-0.266504
7710	0.19786	-0.11425	-0.266963
7720	0.198271	-0.114501	-0.267421
7730	0.198685	-0.114761	-0.267876
7740	0.199103	-0.11503	-0.268329
7750	0.199523	-0.115309	-0.268779
7760	0.199947	-0.115595	-0.269226
7770	0.200374	-0.115889	-0.269671
7780	0.200803	-0.116189	-0.270114
7790	0.201234	-0.116494	-0.270554
7800	0.201666	-0.116802	-0.270994
7810	0.202099	-0.117111	-0.271432
7820	0.202532	-0.117421	-0.27187
7830	0.202965	-0.117729	-0.272308
7840	0.203395	-0.118033	-0.272746
7850	0.203823	-0.118332	-0.273185
7860	0.204247	-0.118623	-0.273626
7870	0.204665	-0.118906	-0.274069
7880	0.205079	-0.119178	-0.274514
7890	0.205486	-0.119439	-0.274961
7900	0.205886	-0.119687	-0.275411
7910	0.20628	-0.119921	-0.275864
7920	0.206666	-0.120142	-0.27632
7930	0.207023	-0.120349	-0.27679
7940	0.207349	-0.120546	-0.277275
7950	0.207647	-0.120734	-0.277771
7960	0.207923	-0.120918	-0.278276
7970	0.208184	-0.121102	-0.278787
7980	0.208435	-0.121288	-0.279299
7990	0.208681	-0.12148	-0.27981
8000	0.208921	-0.121678	-0.280318
8010	0.209156	-0.121883	-0.280823
8020	0.209385	-0.122097	-0.281326
8030	0.209608	-0.12232	-0.281826
8040	0.209824	-0.122554	-0.282324
8050	0.21003	-0.122798	-0.282818
8060	0.210226	-0.123053	-0.283309
8070	0.210411	-0.123319	-0.283797
8080	0.210582	-0.123594	-0.284282
8090	0.210739	-0.123877	-0.284765
8100	0.210879	-0.124167	-0.285248
8110	0.211006	-0.124461	-0.285727
8120	0.211129	-0.124758	-0.2862
8130	0.211247	-0.125054	-0.286666
8140	0.211361	-0.125347	-0.287126
8150	0.211471	-0.125634	-0.287581
8160	0.211578	-0.125913	-0.288031
8170	0.211683	-0.126181	-0.288478
8180	0.211786	-0.126437	-0.288921
8190	0.211887	-0.12668	-0.289363
8200	0.211989	-0.126908	-0.289804
8210	0.212091	-0.127123	-0.290245
8220	0.212194	-0.127324	-0.290688
8230	0.2123	-0.127514	-0.291132
8240	0.212409	-0.127693	-0.291578
8250	0.212523	-0.127863	-0.292026
8260	0.212643	-0.128025	-0.292476
8270	0.212769	-0.128182	-0.292926
8280	0.212898	-0.128336	-0.293374
8290	0.213028	-0.128488	-0.293817
8300	0.213159	-0.12864	-0.294256
8310	0.213292	-0.128794	-0.294689
8320	0.213427	-0.128951	-0.295116
8330	0.213565	-0.12911	-0.295535
8340	0.213705	-0.129273	-0.295946
8350	0.213848	-0.129439	-0.296347
8360	0.213995	-0.129609	-0.29674
8370	0.214146	-0.129783	-0.297122
8380	0.214302	-0.129961	-0.297495
8390	0.214461	-0.130141	-0.297857
8400	0.214624	-0.130325	-0.298208
8410	0.21479	-0.130509	-0.298548
8420	0.21496	-0.130693	-0.298877
8430	0.215132	-0.130876	-0.299194
8440	0.215307	-0.131056	-0.2995
8450	0.215484	-0.131234	-0.299795
8460	0.215663	-0.131408	-0.300081
8470	0.215845	-0.131582	-0.30036
8480	0.216028	-0.131754	-0.300631
8490	0.216212	-0.131923	-0.300896
8500	0.216397	-0.132086	-0.301156
8510	0.216582	-0.132243	-0.301413
8520	0.216768	-0.132394	-0.301668
8530	0.216953	-0.132539	-0.301921
8540	0.217138	-0.132679	-0.302173
8550	0.217322	-0.132816	-0.302425
8560	0.217506	-0.13295	-0.302679
8570	0.21769	-0.133082	-0.302935
8580	0.217872	-0.133215	-0.303194
8590	0.218054	-0.133348	-0.303456
8600	0.218236	-0.133485	-0.303723
8610	0.21842	-0.133624	-0.303993
8620	0.218606	-0.133768	-0.304268
8630	0.218795	-0.133917	-0.304547
8640	0.218987	-0.134071	-0.30483
8650	0.219182	-0.134232	-0.305118
8660	0.219381	-0.1344	-0.305409
8670	0.219583	-0.134575	-0.305704
8680	0.219788	-0.134758	-0.306002
8690	0.219997	-0.134947	-0.306305
8700	0.220207	-0.135144	-0.306613
8710	0.22042	-0.135348	-0.306926
8720	0.220635	-0.135558	-0.307245
8730	0.220852	-0.135775	-0.30757
8740	0.221069	-0.135995	-0.307902
8750	0.221288	-0.13622	-0.30824
8760	0.221506	-0.136447	-0.308587
8770	0.221724	-0.136675	-0.308941
8780	0.221942	-0.136905	-0.309303
8790	0.222158	-0.137135	-0.309671
8800	0.222371	-0.137364	-0.310046
8810	0.222579	-0.137592	-0.310427
8820	0.222783	-0.137818	-0.310813
8830	0.222982	-0.138042	-0.311204
8840	0.223175	-0.138264	-0.3116
8850	0.223364	-0.138486	-0.311999
8860	0.223547	-0.138706	-0.3124
8870	0.223725	-0.138925	-0.312803
8880	0.223898	-0.139143	-0.313207
8890	0.224066	-0.139361	-0.313612
8900	0.224229	-0.139579	-0.314016
8910	0.224387	-0.139799	-0.314418
8920	0.224542	-0.140021	-0.314819
8930	0.224695	-0.140246	-0.315217
8940	0.224845	-0.140475	-0.31561
8950	0.224994	-0.14071	-0.315999
8960	0.225143	-0.140952	-0.316382
8970	0.225293	-0.1412	-0.316758
8980	0.225444	-0.141457	-0.317127
8990	0.225599	-0.141722	-0.317489
9000	0.225756	-0.141997	-0.317842
9010	0.225919	-0.142281	-0.318186
9020	0.226085	-0.142573	-0.318521
9030	0.226255	-0.142875	-0.318847
9040	0.226429	-0.143185	-0.319164
9050	0.226608	-0.143502	-0.319472
9060	0.22679	-0.143826	-0.319772
9070	0.226974	-0.144155	-0.320063
9080	0.227161	-0.144488	-0.320346
9090	0.227347	-0.144823	-0.320622
9100	0.227532	-0.145159	-0.320892
9110	0.227714	-0.145493	-0.321157
9120	0.227892	-0.145825	-0.321416
9130	0.228063	-0.146153	-0.321673
9140	0.228226	-0.146474	-0.321927
9150	0.228381	-0.146788	-0.322178
9160	0.228537	-0.147071	-0.322432
9170	0.228693	-0.147309	-0.322693
9180	0.228849	-0.147503	-0.322962
9190	0.229004	-0.147657	-0.323239
9200	0.229157	-0.147775	-0.323524
9210	0.229311	-0.14786	-0.323817
9220	0.229467	-0.147917	-0.324121
9230	0.229623	-0.147952	-0.324437
9240	0.22978	-0.147971	-0.324766
9250	0.229935	-0.147982	-0.325108
9260	0.23009	-0.147992	-0.325465
9270	0.230246	-0.148008	-0.325834
9280	0.230406	-0.148034	-0.326216
9290	0.230571	-0.148075	-0.326608
9300	0.230741	-0.148133	-0.32701
9310	0.230918	-0.14821	-0.327421
9320	0.231101	-0.148306	-0.32784
9330	0.231289	-0.148423	-0.328267
9340	0.231482	-0.148557	-0.328699
9350	0.231679	-0.148708	-0.329138
9360	0.231879	-0.148874	-0.329583
9370	0.232079	-0.14905	-0.330033
9380	0.232281	-0.149236	-0.330488
9390	0.232483	-0.149427	-0.330948
9400	0.232686	-0.14962	-0.331412
9410	0.232888	-0.149813	-0.33188
9420	0.233089	-0.150003	-0.332353
9430	0.23329	-0.15019	-0.332829
9440	0.233488	-0.150371	-0.33331
9450	0.233685	-0.150547	-0.333794
9460	0.233881	-0.150718	-0.334283
9470	0.234074	-0.150883	-0.334775
9480	0.234266	-0.151044	-0.33527
9490	0.234456	-0.1512	-0.335768
9500	0.234644	-0.151353	-0.336269
9510	0.23483	-0.151504	-0.336772
9520	0.235016	-0.151653	-0.337277
9530	0.235201	-0.151803	-0.337784
9540	0.235386	-0.151954	-0.338292
9550	0.235572	-0.152109	-0.338802
9560	0.235758	-0.152269	-0.339312
9570	0.235946	-0.152434	-0.339824
9580	0.236136	-0.152606	-0.340337
9590	0.236327	-0.152786	-0.34085
9600	0.236521	-0.152974	-0.341363
9610	0.236717	-0.15317	-0.341877
9620	0.236915	-0.153374	-0.342391
9630	0.237113	-0.153584	-0.342906
9640	0.237311	-0.153801	-0.34342
9650	0.237507	-0.154021	-0.343934
9660	0.237701	-0.154245	-0.344449
9670	0.237891	-0.154469	-0.344962
9680	0.238077	-0.154693	-0.345475
9690	0.238256	-0.154914	-0.345986
9700	0.238428	-0.155133	-0.346496
9710	0.238591	-0.155347	-0.347004
9720	0.238744	-0.155555	-0.34751
9730	0.238885	-0.155757	-0.348012
9740	0.239016	-0.155953	-0.348511
9750	0.239142	-0.156142	-0.349003
9760	0.239265	-0.156325	-0.349488
9770	0.239385	-0.156503	-0.349964
9780	0.239502	-0.156677	-0.350429
9790	0.239617	-0.156847	-0.350884
9800	0.23973	-0.157016	-0.351326
9810	0.239843	-0.157184	-0.351755
9820	0.239954	-0.157352	-0.35217
9830	0.240066	-0.157522	-0.35257
9840	0.240176	-0.157694	-0.352956
9850	0.240286	-0.15787	-0.353326
9860	0.240396	-0.158049	-0.353682
9870	0.240505	-0.158231	-0.354023
9880	0.240614	-0.158417	-0.35435
9890	0.240722	-0.158606	-0.354662
9900	0.240829	-0.158798	-0.354961
9910	0.240935	-0.158993	-0.355246
9920	0.241041	-0.159187	-0.355518
9930	0.241145	-0.159382	-0.355779
9940	0.241247	-0.159576	-0.35603
9950	0.241349	-0.159766	-0.356271
9960	0.24145	-0.159954	-0.356503
9970	0.24155	-0.160136	-0.356728
9980	0.24165	-0.160312	-0.356946
9990	0.241749	-0.160482	-0.357159
10000	0.241847	-0.160646	-0.357367
10010	0.241945	-0.160802	-0.357571
10020	0.242042	-0.16095	-0.357771
10030	0.242139	-0.161092	-0.357969
10040	0.242235	-0.161227	-0.358164
10050	0.242331	-0.161356	-0.358357
10060	0.242427	-0.161479	-0.358549
10070	0.242522	-0.161596	-0.358739
10080	0.242617	-0.161709	-0.358928
10090	0.242712	-0.161817	-0.359117
10100	0.242807	-0.161921	-0.359305
10110	0.242902	-0.162022	-0.359494
10120	0.242996	-0.16212	-0.359682
10130	0.243091	-0.162215	-0.359871
10140	0.243185	-0.162309	-0.36006
10150	0.24328	-0.1624	-0.36025
10160	0.243374	-0.162491	-0.360441
10170	0.243469	-0.162581	-0.360633
10180	0.243564	-0.16267	-0.360826
10190	0.243658	-0.162758	-0.361021
10200	0.243753	-0.162846	-0.361217
10210	0.243849	-0.162934	-0.361414
10220	0.243944	-0.163021	-0.361614
10230	0.24404	-0.163107	-0.361816
10240	0.244135	-0.163192	-0.36202
10250	0.244231	-0.163274	-0.362226
10260	0.244327	-0.163354	-0.362434
10270	0.244423	-0.16343	-0.362644
10280	0.24452	-0.163501	-0.362856
10290	0.244619	-0.163568	-0.36307
10300	0.244718	-0.163629	-0.363286
10310	0.244818	-0.163685	-0.363503
10320	0.244918	-0.163736	-0.363721
10330	0.245018	-0.163782	-0.363941
10340	0.245118	-0.163825	-0.36416
10350	0.245218	-0.163866	-0.364378
10360	0.245316	-0.163907	-0.364595
10370	0.245414	-0.163951	-0.364809
10380	0.245511	-0.163998	-0.365019
10390	0.245609	-0.164051	-0.365221
10400	0.245709	-0.164111	-0.365415
10410	0.245813	-0.164181	-0.365597
10420	0.24592	-0.164263	-0.365768
10430	0.246033	-0.164356	-0.365924
10440	0.24615	-0.164462	-0.366065
10450	0.246271	-0.164583	-0.366191
10460	0.246397	-0.164717	-0.366301
10470	0.246524	-0.164865	-0.366396
10480	0.246651	-0.165024	-0.366477
10490	0.246777	-0.165193	-0.366546
10500	0.246897	-0.165368	-0.366605
10510	0.24701	-0.165546	-0.366658
10520	0.247111	-0.165723	-0.366709
10530	0.247199	-0.165894	-0.36676
10540	0.247271	-0.166055	-0.366816
10550	0.247324	-0.166203	-0.36688
10560	0.247359	-0.166336	-0.366954
10570	0.247389	-0.166452	-0.367034
10580	0.24742	-0.166552	-0.367119
10590	0.247453	-0.166636	-0.36721
10600	0.247489	-0.166706	-0.367308
10610	0.247527	-0.166763	-0.367413
10620	0.247569	-0.166812	-0.367524
10630	0.247614	-0.166854	-0.367641
10640	0.247661	-0.166894	-0.367763
10650	0.247712	-0.166933	-0.367889
10660	0.247765	-0.166975	-0.368018
10670	0.24782	-0.167021	-0.36815
10680	0.247877	-0.167075	-0.368284
10690	0.247936	-0.167136	-0.36842
10700	0.247997	-0.167205	-0.368556
10710	0.248059	-0.167281	-0.368694
10720	0.248121	-0.167362	-0.368832
10730	0.248183	-0.167445	-0.368971
10740	0.248245	-0.167527	-0.36911
10750	0.248304	-0.167606	-0.369249
10760	0.248362	-0.167681	-0.369389
10770	0.248418	-0.167748	-0.369528
10780	0.248471	-0.167807	-0.369666
10790	0.248521	-0.167857	-0.369804
10800	0.248568	-0.167897	-0.369942
10810	0.248613	-0.167928	-0.370079
10820	0.248654	-0.167952	-0.370215
10830	0.248692	-0.167968	-0.370349
10840	0.248727	-0.167979	-0.370483
10850	0.248759	-0.167989	-0.370615
10860	0.24879	-0.167999	-0.370747
10870	0.24882	-0.168012	-0.370877
10880	0.248849	-0.168032	-0.371008
10890	0.248879	-0.168062	-0.371138
10900	0.248909	-0.168103	-0.371269
10910	0.24894	-0.168157	-0.371401
10920	0.248974	-0.168226	-0.371533
10930	0.249012	-0.168308	-0.371666
10940	0.249054	-0.168402	-0.371799
10950	0.2491	-0.168506	-0.371933
10960	0.249149	-0.168616	-0.372068
10970	0.249201	-0.168729	-0.372204
10980	0.249253	-0.16884	-0.372342
10990	0.249304	-0.168947	-0.372481
11000	0.249352	-0.169044	-0.37262
11010	0.249402	-0.169129	-0.372759
11020	0.249454	-0.169198	-0.372895
11030	0.24951	-0.169249	-0.373028
11040	0.249569	-0.169282	-0.373157
11050	0.249632	-0.169296	-0.373281
11060	0.249698	-0.169292	-0.373399
11070	0.249768	-0.169273	-0.373511
11080	0.249842	-0.169241	-0.373616
11090	0.249923	-0.169199	-0.373713
11100	0.250009	-0.169149	-0.373802
11110	0.250102	-0.169097	-0.373883
11120	0.250202	-0.169046	-0.373954
11130	0.250309	-0.168999	-0.374016
11140	0.250423	-0.168961	-0.374069
11150	0.250543	-0.168934	-0.374113
11160	0.250669	-0.168921	-0.374149
11170	0.2508	-0.168924	-0.374177
11180	0.250933	-0.168944	-0.374199
11190	0.251068	-0.168981	-0.374216
11200	0.251202	-0.169035	-0.37423
11210	0.251332	-0.169104	-0.374242
11220	0.251454	-0.169186	-0.374256
11230	0.251566	-0.169278	-0.374275
11240	0.251665	-0.169375	-0.374301
11250	0.251746	-0.169475	-0.374337
11260	0.251809	-0.169574	-0.374385
11270	0.25185	-0.169667	-0.374448
11280	0.251868	-0.16975	-0.374528
11290	0.251875	-0.169823	-0.374619
11300	0.251881	-0.169882	-0.374717
11310	0.251888	-0.169928	-0.374822
11320	0.251898	-0.16996	-0.374932
11330	0.251909	-0.16998	-0.375048
11340	0.251923	-0.169988	-0.375168
11350	0.25194	-0.169987	-0.375291
11360	0.251959	-0.16998	-0.375417
11370	0.251981	-0.16997	-0.375544
11380	0.252008	-0.169959	-0.375672
11390	0.252042	-0.16995	-0.375797
11400	0.252086	-0.169944	-0.375919
11410	0.252137	-0.16994	-0.376037
11420	0.252198	-0.16994	-0.376153
11430	0.252265	-0.169941	-0.376266
11440	0.252338	-0.169943	-0.376377
11450	0.252416	-0.169944	-0.376487
11460	0.252498	-0.169942	-0.376597
11470	0.252582	-0.169935	-0.376706
11480	0.252667	-0.169923	-0.376816
11490	0.252751	-0.169904	-0.376925
11500	0.252833	-0.169878	-0.377036
11510	0.252911	-0.169842	-0.377147
11520	0.252985	-0.169799	-0.377259
11530	0.253053	-0.169747	-0.377371
11540	0.253114	-0.169687	-0.377485
11550	0.253168	-0.16962	-0.3776
11560	0.253215	-0.169548	-0.377716
11570	0.253255	-0.169471	-0.377832
11580	0.253287	-0.169391	-0.377949
11590	0.253313	-0.169312	-0.378067
11600	0.253333	-0.169235	-0.378185
11610	0.253349	-0.169162	-0.378301
11620	0.25336	-0.169098	-0.378417
11630	0.253369	-0.169044	-0.378531
11640	0.253376	-0.169003	-0.378641
11650	0.253383	-0.168977	-0.378749
11660	0.253392	-0.168969	-0.378852
11670	0.253403	-0.168981	-0.378951
11680	0.253417	-0.169012	-0.379043
11690	0.253437	-0.169064	-0.379129
11700	0.253473	-0.169136	-0.379205
11710	0.253526	-0.169228	-0.37927
11720	0.253594	-0.169336	-0.379325
11730	0.253675	-0.169457	-0.379371
11740	0.253766	-0.169587	-0.37941
11750	0.253861	-0.169723	-0.379442
11760	0.253955	-0.169859	-0.379472
11770	0.254041	-0.16999	-0.379502
11780	0.254114	-0.170114	-0.379536
11790	0.254173	-0.170225	-0.379575
11800	0.254216	-0.170321	-0.379622
11810	0.254236	-0.170398	-0.37968
11820	0.254245	-0.170456	-0.379744
11830	0.254255	-0.170493	-0.379808
11840	0.254267	-0.17051	-0.379875
11850	0.254282	-0.170509	-0.379944
11860	0.254299	-0.170492	-0.380015
11870	0.254317	-0.170464	-0.380089
11880	0.254336	-0.170427	-0.380166
11890	0.254356	-0.170386	-0.380246
11900	0.254377	-0.170344	-0.380329
11910	0.254399	-0.170305	-0.380414
11920	0.254421	-0.170273	-0.380501
11930	0.254443	-0.17025	-0.38059
11940	0.254466	-0.170237	-0.38068
11950	0.254488	-0.170236	-0.38077
11960	0.25451	-0.170248	-0.38086
11970	0.254532	-0.170272	-0.380949
11980	0.254554	-0.170309	-0.381036
11990	0.254576	-0.170357	-0.38112
12000	0.254599	-0.170416	-0.3812
12010	0.254622	-0.170484	-0.381276
12020	0.254645	-0.17056	-0.381348
12030	0.254666	-0.170642	-0.381414
12040	0.254685	-0.170728	-0.381475
12050	0.2547	-0.170816	-0.38153
12060	0.254712	-0.170905	-0.381579
12070	0.254723	-0.170994	-0.381621
12080	0.254733	-0.17108	-0.381656
12090	0.254742	-0.171162	-0.381684
12100	0.254751	-0.17124	-0.381704
12110	0.25476	-0.171311	-0.381718
12120	0.254769	-0.171376	-0.381725
12130	0.254778	-0.171434	-0.381727
12140	0.254787	-0.171482	-0.381725
12150	0.254797	-0.171522	-0.381718
12160	0.254807	-0.171553	-0.381708
12170	0.254817	-0.171575	-0.381695
12180	0.254828	-0.171588	-0.381681
12190	0.254838	-0.171592	-0.381665
12200	0.254847	-0.171589	-0.381647
12210	0.254856	-0.17158	-0.381628
12220	0.254864	-0.171566	-0.381607
12230	0.254872	-0.171547	-0.381585
12240	0.25488	-0.171527	-0.381562
12250	0.254888	-0.171506	-0.381538
12260	0.254895	-0.171486	-0.381512
12270	0.254902	-0.17147	-0.381486
12280	0.254909	-0.171458	-0.381458
12290	0.254916	-0.171453	-0.381431
12300	0.254923	-0.171457	-0.381403
12310	0.25493	-0.17147	-0.381375
12320	0.254938	-0.171494	-0.381348
12330	0.254946	-0.171528	-0.381321
12340	0.254954	-0.171572	-0.381295
12350	0.254963	-0.171626	-0.381269
12360	0.254972	-0.171688	-0.381244
12370	0.254981	-0.171757	-0.381219
12380	0.254991	-0.171828	-0.381195
12390	0.255	-0.171901	-0.381172
12400	0.25501	-0.171972	-0.381149
12410	0.25502	-0.172038	-0.381128
12420	0.25503	-0.172097	-0.381108
12430	0.25504	-0.172147	-0.381092
12440	0.255051	-0.172186	-0.38108
12450	0.255062	-0.172213	-0.381072
12460	0.255075	-0.172227	-0.381072
12470	0.255088	-0.172229	-0.381078
12480	0.255102	-0.17222	-0.381093
12490	0.255118	-0.172202	-0.381116
12500	0.255135	-0.172177	-0.381148
12510	0.255154	-0.172147	-0.381189
12520	0.255174	-0.172113	-0.38124
12530	0.255195	-0.172076	-0.381299
12540	0.255217	-0.172038	-0.381369
12550	0.25524	-0.171999	-0.381447
12560	0.255263	-0.171959	-0.381533
12570	0.255286	-0.171919	-0.381628
12580	0.255309	-0.171878	-0.38173
12590	0.255332	-0.171838	-0.381839
12600	0.255353	-0.171797	-0.381952
12610	0.255372	-0.171752	-0.382071
12620	0.255389	-0.171703	-0.382197
12630	0.255404	-0.171647	-0.382331
12640	0.255418	-0.171584	-0.382475
12650	0.255431	-0.171517	-0.382628
12660	0.255441	-0.171445	-0.38279
12670	0.25545	-0.171369	-0.382962
12680	0.255459	-0.171289	-0.383143
12690	0.255466	-0.171207	-0.383331
12700	0.255473	-0.171122	-0.383527
12710	0.25548	-0.171037	-0.383728
12720	0.255487	-0.170952	-0.383935
12730	0.255494	-0.170868	-0.384144
12740	0.255501	-0.170787	-0.384356
12750	0.255509	-0.17071	-0.384568
12760	0.255517	-0.170636	-0.384779
12770	0.255525	-0.170567	-0.384987
12780	0.255534	-0.170503	-0.385191
12790	0.255543	-0.170445	-0.38539
12800	0.255552	-0.170392	-0.385583
12810	0.25556	-0.170346	-0.385768
12820	0.255569	-0.170306	-0.385945
12830	0.255576	-0.17027	-0.386114
12840	0.255584	-0.170239	-0.386274
12850	0.255591	-0.170212	-0.386426
12860	0.255598	-0.170187	-0.386569
12870	0.255604	-0.170163	-0.386704
12880	0.25561	-0.17014	-0.386832
12890	0.255615	-0.170116	-0.386953
12900	0.255621	-0.170092	-0.387068
12910	0.255625	-0.170066	-0.387179
12920	0.25563	-0.170037	-0.387285
12930	0.255634	-0.170008	-0.387387
12940	0.255637	-0.169977	-0.387485
12950	0.25564	-0.169946	-0.387581
12960	0.255642	-0.169915	-0.387675
12970	0.255644	-0.169885	-0.387766
12980	0.255645	-0.169858	-0.387856
12990	0.255646	-0.169833	-0.387944
13000	0.255646	-0.169812	-0.388031
13010	0.255645	-0.169795	-0.388116
13020	0.255645	-0.169783	-0.3882
13030	0.255643	-0.169776	-0.388281
13040	0.255642	-0.169774	-0.38836
13050	0.25564	-0.169776	-0.388435
13060	0.255638	-0.169783	-0.388505
13070	0.255635	-0.169793	-0.388571
13080	0.255632	-0.169807	-0.38863
13090	0.255629	-0.169823	-0.388681
13100	0.255626	-0.169841	-0.388724
13110	0.255623	-0.169861	-0.388758
13120	0.25562	-0.169883	-0.388783
13130	0.255617	-0.169905	-0.388798
13140	0.255615	-0.169927	-0.388802
13150	0.255613	-0.169948	-0.388798
13160	0.255611	-0.169969	-0.388784
13170	0.25561	-0.16999	-0.388762
13180	0.25561	-0.170008	-0.388732
13190	0.255611	-0.170025	-0.388698
13200	0.255612	-0.170039	-0.388658
13210	0.255615	-0.17005	-0.388616
13220	0.255617	-0.170058	-0.388571
13230	0.255621	-0.170062	-0.388526
13240	0.255624	-0.170063	-0.388481
13250	0.255628	-0.170059	-0.388438
13260	0.255632	-0.170051	-0.388398
13270	0.255635	-0.17004	-0.388362
13280	0.255638	-0.170025	-0.388331
13290	0.25564	-0.170006	-0.388305
13300	0.255641	-0.169986	-0.388285
13310	0.25564	-0.169963	-0.388272
13320	0.255637	-0.16994	-0.388264
13330	0.25563	-0.169917	-0.388262
13340	0.255621	-0.169894	-0.388264
13350	0.255609	-0.169873	-0.388271
13360	0.255595	-0.169854	-0.38828
13370	0.25558	-0.169838	-0.388292
13380	0.255565	-0.169825	-0.388307
13390	0.25555	-0.169816	-0.388322
13400	0.255539	-0.169809	-0.388339
13410	0.255527	-0.169805	-0.388356
13420	0.255514	-0.169805	-0.38837
13430	0.255501	-0.169806	-0.388382
13440	0.255488	-0.16981	-0.38839
13450	0.255474	-0.169817	-0.388395
13460	0.25546	-0.169825	-0.388396
13470	0.255447	-0.169835	-0.388393
13480	0.255434	-0.169846	-0.388386
13490	0.255421	-0.169857	-0.388374
13500	0.25541	-0.169869	-0.388359
13510	0.255399	-0.169881	-0.388339
13520	0.255389	-0.169893	-0.388317
13530	0.25538	-0.169903	-0.388291
13540	0.255373	-0.169911	-0.388262
13550	0.255366	-0.169917	-0.388232
13560	0.25536	-0.16992	-0.3882
13570	0.255356	-0.169921	-0.388166
13580	0.255352	-0.169917	-0.388132
13590	0.255349	-0.16991	-0.388098
13600	0.255346	-0.169899	-0.388064
13610	0.255344	-0.169884	-0.388031
13620	0.255342	-0.169866	-0.387998
13630	0.25534	-0.169844	-0.387965
13640	0.255338	-0.16982	-0.387934
13650	0.255335	-0.169795	-0.387904
13660	0.255332	-0.16977	-0.387874
13670	0.255329	-0.169746	-0.387844
13680	0.255325	-0.169723	-0.387816
13690	0.255321	-0.169703	-0.38779
13700	0.255318	-0.169684	-0.387766
13710	0.255314	-0.169667	-0.387744
13720	0.25531	-0.169653	-0.387727
13730	0.255307	-0.169642	-0.387713
13740	0.255304	-0.169634	-0.387703
13750	0.255302	-0.169629	-0.387699
13760	0.255301	-0.169627	-0.387699
13770	0.2553	-0.169629	-0.387704
13780	0.2553	-0.169634	-0.387714
13790	0.255301	-0.169643	-0.387727
13800	0.255302	-0.169656	-0.387743
13810	0.255304	-0.169673	-0.38776
13820	0.255307	-0.169693	-0.387779
13830	0.25531	-0.169718	-0.387797
13840	0.255313	-0.169746	-0.387814
13850	0.255316	-0.169777	-0.387829
13860	0.25532	-0.169811	-0.387842
13870	0.255324	-0.169847	-0.387852
13880	0.255328	-0.169884	-0.38786
13890	0.255333	-0.169921	-0.387866
13900	0.255338	-0.169956	-0.387871
13910	0.255344	-0.169989	-0.387877
13920	0.25535	-0.17002	-0.387883
13930	0.255358	-0.170046	-0.387891
13940	0.255366	-0.170067	-0.387904
13950	0.255376	-0.170083	-0.387921
13960	0.255388	-0.170093	-0.387944
13970	0.255401	-0.170096	-0.387973
13980	0.255415	-0.170093	-0.388009
13990	0.25543	-0.170085	-0.388051
14000	0.255448	-0.170073	-0.3881
14010	0.255466	-0.170058	-0.388153
14020	0.255487	-0.170041	-0.388212
14030	0.255509	-0.170023	-0.388274
14040	0.255532	-0.170005	-0.388339
14050	0.255557	-0.16999	-0.388405
14060	0.255583	-0.169977	-0.388473
14070	0.25561	-0.169968	-0.388542
14080	0.255639	-0.169965	-0.388609
14090	0.255668	-0.169968	-0.388676
14100	0.255698	-0.169978	-0.388742
14110	0.255729	-0.169997	-0.388806
14120	0.255759	-0.170023	-0.38887
14130	0.255791	-0.170057	-0.388931
14140	0.255821	-0.170099	-0.388992
14150	0.255851	-0.170147	-0.389051
14160	0.25588	-0.170202	-0.389108
14170	0.255907	-0.170263	-0.389164
14180	0.255934	-0.170327	-0.389219
14190	0.255959	-0.170394	-0.389273
14200	0.255984	-0.170463	-0.389326
14210	0.256008	-0.170533	-0.389378
14220	0.256032	-0.170601	-0.38943
14230	0.256057	-0.170667	-0.389482
14240	0.256083	-0.17073	-0.389534
14250	0.256111	-0.170788	-0.389586
14260	0.256139	-0.170842	-0.389639
14270	0.256167	-0.170891	-0.389692
14280	0.256195	-0.170935	-0.389745
14290	0.256221	-0.170974	-0.389798
14300	0.256247	-0.171009	-0.389851
14310	0.256273	-0.17104	-0.389904
14320	0.256297	-0.171069	-0.389958
14330	0.256321	-0.171096	-0.390011
14340	0.256344	-0.171122	-0.390064
14350	0.256366	-0.171148	-0.390116
14360	0.256388	-0.171175	-0.390167
14370	0.25641	-0.171204	-0.390217
14380	0.256431	-0.171234	-0.390265
14390	0.256451	-0.171268	-0.390311
14400	0.256471	-0.171305	-0.390354
14410	0.256491	-0.171344	-0.390395
14420	0.25651	-0.171386	-0.390432
14430	0.256528	-0.171431	-0.390466
14440	0.256547	-0.171477	-0.390498
14450	0.256565	-0.171525	-0.390526
14460	0.256583	-0.171573	-0.390551
14470	0.256601	-0.171621	-0.390574
14480	0.256618	-0.171669	-0.390594
14490	0.256635	-0.171717	-0.390612
14500	0.256652	-0.171763	-0.390628
14510	0.256669	-0.171809	-0.390642
14520	0.256686	-0.171854	-0.390654
14530	0.256702	-0.171897	-0.390666
14540	0.256719	-0.17194	-0.390676
14550	0.256735	-0.171981	-0.390685
14560	0.256752	-0.172023	-0.390693
14570	0.256767	-0.172065	-0.390701
14580	0.256783	-0.172108	-0.390708
14590	0.256798	-0.172151	-0.390715
14600	0.256812	-0.172195	-0.390721
14610	0.256825	-0.17224	-0.390727
14620	0.256838	-0.172285	-0.390733
14630	0.25685	-0.172329	-0.390739
14640	0.256861	-0.172371	-0.390744
14650	0.256871	-0.17241	-0.39075
14660	0.25688	-0.172446	-0.390756
14670	0.256887	-0.172476	-0.390761
14680	0.256894	-0.1725	-0.390768
14690	0.256899	-0.172517	-0.390774
14700	0.256904	-0.172527	-0.390781
14710	0.256907	-0.172531	-0.390788
14720	0.256909	-0.172527	-0.390796
14730	0.256911	-0.172519	-0.390804
14740	0.256912	-0.172505	-0.390813
14750	0.256912	-0.172488	-0.390822
14760	0.256912	-0.172469	-0.390831
14770	0.256911	-0.172448	-0.390841
14780	0.25691	-0.172428	-0.390851
14790	0.256908	-0.172409	-0.390861
14800	0.256907	-0.172393	-0.39087
14810	0.256905	-0.172381	-0.390879
14820	0.256904	-0.172373	-0.390888
14830	0.256902	-0.172371	-0.390895
14840	0.256901	-0.172373	-0.390901
14850	0.2569	-0.172378	-0.390907
14860	0.2569	-0.172387	-0.390911
14870	0.2569	-0.172397	-0.390916
14880	0.2569	-0.172407	-0.39092
14890	0.256901	-0.172417	-0.390923
14900	0.256902	-0.172425	-0.390927
14910	0.256903	-0.172431	-0.39093
14920	0.256904	-0.172435	-0.390932
14930	0.256904	-0.172436	-0.390933
14940	0.256905	-0.172434	-0.390932
14950	0.256905	-0.172431	-0.390931
14960	0.256905	-0.172427	-0.390927
14970	0.256904	-0.172424	-0.39092
14980	0.256903	-0.172423	-0.39091
14990	0.256902	-0.172423	-0.390898
15000	0.256899	-0.172426	-0.390882
15010	0.256897	-0.172431	-0.390864
15020	0.256893	-0.172439	-0.390843
15030	0.25689	-0.172449	-0.39082
15040	0.256886	-0.17246	-0.390795
15050	0.256882	-0.172473	-0.390769
15060	0.256878	-0.172485	-0.390744
15070	0.256874	-0.172496	-0.390719
15080	0.256871	-0.172506	-0.390696
15090	0.256869	-0.172513	-0.390675
15100	0.256867	-0.172518	-0.390657
15110	0.256866	-0.172519	-0.390642
15120	0.256867	-0.172516	-0.39063
15130	0.256868	-0.172509	-0.390622
15140	0.25687	-0.172499	-0.390618
15150	0.256874	-0.172485	-0.390617
15160	0.256878	-0.17247	-0.390621
15170	0.256882	-0.172453	-0.390628
15180	0.256888	-0.172436	-0.390639
15190	0.256893	-0.17242	-0.390653
15200	0.256899	-0.172406	-0.39067
15210	0.256904	-0.172395	-0.39069
15220	0.256909	-0.172388	-0.390713
15230	0.256914	-0.172384	-0.390737
15240	0.256918	-0.172385	-0.390763
15250	0.256921	-0.172391	-0.390791
15260	0.256923	-0.1724	-0.39082
15270	0.256925	-0.172413	-0.390849
15280	0.256925	-0.172426	-0.390879
15290	0.256925	-0.17244	-0.390908
15300	0.256924	-0.172452	-0.390939
15310	0.256922	-0.172462	-0.390969
15320	0.25692	-0.172468	-0.390999
15330	0.256917	-0.17247	-0.39103
15340	0.256914	-0.172468	-0.39106
15350	0.256911	-0.172461	-0.39109
15360	0.256907	-0.172449	-0.39112
15370	0.256904	-0.172433	-0.39115
15380	0.256901	-0.172413	-0.391179
15390	0.256898	-0.17239	-0.391208
15400	0.256896	-0.172365	-0.391235
15410	0.256894	-0.172338	-0.391262
15420	0.256892	-0.172311	-0.391288
15430	0.256891	-0.172284	-0.391312
15440	0.256891	-0.172259	-0.391336
15450	0.256891	-0.172236	-0.391358
15460	0.256891	-0.172217	-0.391379
15470	0.256893	-0.172202	-0.391399
15480	0.256894	-0.172192	-0.391418
15490	0.256897	-0.172187	-0.391437
15500	0.2569	-0.172186	-0.391454
15510	0.256903	-0.172191	-0.391471
15520	0.256907	-0.1722	-0.391487
15530	0.256911	-0.172213	-0.391502
15540	0.256916	-0.172229	-0.391517
15550	0.256921	-0.172248	-0.391531
15560	0.256927	-0.17227	-0.391544
15570	0.256933	-0.172292	-0.391557
15580	0.25694	-0.172316	-0.391569
15590	0.256947	-0.17234	-0.391581
15600	0.256954	-0.172364	-0.391593
15610	0.256962	-0.172388	-0.391604
15620	0.25697	-0.172411	-0.391616
15630	0.256978	-0.172433	-0.391629
15640	0.256986	-0.172455	-0.391641
15650	0.256995	-0.172475	-0.391655
15660	0.257004	-0.172495	-0.391669
15670	0.257013	-0.172514	-0.391684
15680	0.257022	-0.172532	-0.3917
15690	0.257032	-0.172549	-0.391717
15700	0.257041	-0.172565	-0.391735
15710	0.257051	-0.172581	-0.391753
15720	0.257061	-0.172597	-0.391773
15730	0.257071	-0.172611	-0.391793
15740	0.257081	-0.172625	-0.391814
15750	0.257092	-0.172638	-0.391835
15760	0.257102	-0.172649	-0.391856
15770	0.257112	-0.17266	-0.391877
15780	0.257122	-0.172669	-0.391898
15790	0.257132	-0.172677	-0.391918
15800	0.257142	-0.172684	-0.391938
15810	0.257151	-0.172689	-0.391958
15820	0.257161	-0.172693	-0.391978
15830	0.257171	-0.172696	-0.391999
15840	0.25718	-0.172698	-0.392019
15850	0.25719	-0.1727	-0.392041
15860	0.257199	-0.1727	-0.392062
15870	0.257209	-0.172701	-0.392084
15880	0.257217	-0.172702	-0.392106
15890	0.257226	-0.172705	-0.392127
15900	0.257234	-0.172708	-0.392149
15910	0.257242	-0.172713	-0.39217
15920	0.25725	-0.172719	-0.392191
15930	0.257257	-0.172728	-0.392211
15940	0.257264	-0.172738	-0.39223
15950	0.25727	-0.17275	-0.392248
15960	0.257276	-0.172764	-0.392266
15970	0.257282	-0.17278	-0.392283
15980	0.257287	-0.172796	-0.3923
15990	0.257293	-0.172813	-0.392316
16000	0.257298	-0.17283	-0.392331
16010	0.257302	-0.172848	-0.392346
16020	0.257307	-0.172865	-0.392359
16030	0.257311	-0.172883	-0.392372
16040	0.257316	-0.1729	-0.392383
16050	0.25732	-0.172917	-0.392394
16060	0.257324	-0.172933	-0.392404
16070	0.257329	-0.172948	-0.392413
16080	0.257333	-0.172962	-0.392422
16090	0.257338	-0.172975	-0.39243
16100	0.257342	-0.172987	-0.392438
16110	0.257347	-0.172997	-0.392447
16120	0.257352	-0.173004	-0.392456
16130	0.257358	-0.17301	-0.392466
16140	0.257363	-0.173014	-0.392477
16150	0.257369	-0.173015	-0.392488
16160	0.257375	-0.173014	-0.392501
16170	0.25738	-0.173012	-0.392515
16180	0.257386	-0.173008	-0.392531
16190	0.257392	-0.173003	-0.392547
16200	0.257398	-0.172997	-0.392565
16210	0.257403	-0.172991	-0.392583
16220	0.257409	-0.172985	-0.392602
16230	0.257414	-0.172979	-0.392622
16240	0.257419	-0.172973	-0.392643
16250	0.257424	-0.172969	-0.392663
16260	0.257429	-0.172965	-0.392684
16270	0.257434	-0.172963	-0.392703
16280	0.257438	-0.172963	-0.392722
16290	0.257442	-0.172964	-0.392739
16300	0.257446	-0.172968	-0.392755
16310	0.257449	-0.172974	-0.392768
16320	0.257452	-0.172982	-0.392779
16330	0.257455	-0.172993	-0.392788
16340	0.257457	-0.173005	-0.392795
16350	0.257458	-0.173019	-0.392799
16360	0.257459	-0.173033	-0.3928
16370	0.257459	-0.173048	-0.3928
16380	0.257459	-0.173063	-0.392796
16390	0.257459	-0.173076	-0.392791
16400	0.257457	-0.173087	-0.392784
16410	0.257456	-0.173096	-0.392776
16420	0.257454	-0.173102	-0.392766
16430	0.257451	-0.173105	-0.392756
16440	0.257448	-0.173105	-0.392745
16450	0.257446	-0.173102	-0.392734
16460	0.257443	-0.173094	-0.392722
16470	0.25744	-0.173084	-0.39271
16480	0.257437	-0.173071	-0.392699
16490	0.257434	-0.173055	-0.392687
16500	0.257432	-0.173036	-0.392675
16510	0.257429	-0.173016	-0.392664
16520	0.257427	-0.172995	-0.392652
16530	0.257425	-0.172972	-0.392641
16540	0.257423	-0.172949	-0.392629
16550	0.25742	-0.172926	-0.392618
16560	0.257418	-0.172903	-0.392607
16570	0.257415	-0.172881	-0.392596
16580	0.257412	-0.17286	-0.392585
16590	0.257409	-0.17284	-0.392575
16600	0.257406	-0.172821	-0.392566
16610	0.257402	-0.172803	-0.392557
16620	0.257398	-0.172788	-0.39255
16630	0.257394	-0.172773	-0.392544
16640	0.25739	-0.172761	-0.392539
16650	0.257386	-0.17275	-0.392537
16660	0.257382	-0.172741	-0.392536
16670	0.257378	-0.172734	-0.392537
16680	0.257374	-0.172728	-0.39254
16690	0.257371	-0.172723	-0.392546
16700	0.257369	-0.172721	-0.392554
16710	0.257367	-0.172719	-0.392564
16720	0.257365	-0.172719	-0.392577
16730	0.257364	-0.172721	-0.392592
16740	0.257364	-0.172723	-0.39261
16750	0.257365	-0.172726	-0.392629
16760	0.257366	-0.17273	-0.392651
16770	0.257368	-0.172735	-0.392675
16780	0.257371	-0.17274	-0.392701
16790	0.257375	-0.172746	-0.392728
16800	0.257379	-0.172752	-0.392757
16810	0.257384	-0.172757	-0.392787
16820	0.25739	-0.172763	-0.392818
16830	0.257396	-0.172768	-0.392849
16840	0.257403	-0.172773	-0.392881
16850	0.25741	-0.172777	-0.392913
16860	0.257417	-0.17278	-0.392944
16870	0.257424	-0.172783	-0.392976
16880	0.257431	-0.172785	-0.393006
16890	0.257438	-0.172786	-0.393035
16900	0.257445	-0.172784	-0.393062
16910	0.257452	-0.17278	-0.393087
16920	0.257458	-0.172775	-0.39311
16930	0.257464	-0.172767	-0.393131
16940	0.257469	-0.172759	-0.39315
16950	0.257473	-0.17275	-0.393167
16960	0.257476	-0.17274	-0.393181
16970	0.257478	-0.17273	-0.393193
16980	0.257479	-0.172721	-0.393204
16990	0.257479	-0.172713	-0.393212
17000	0.257478	-0.172706	-0.393218
17010	0.257476	-0.172701	-0.393223
17020	0.257473	-0.172697	-0.393226
17030	0.257469	-0.172696	-0.393228
17040	0.257464	-0.172696	-0.393229
17050	0.257459	-0.172697	-0.393228
17060	0.257454	-0.1727	-0.393227
17070	0.257449	-0.172704	-0.393225
17080	0.257444	-0.172708	-0.393223
17090	0.25744	-0.172713	-0.39322
17100	0.257436	-0.172719	-0.393216
17110	0.257433	-0.172724	-0.393213
17120	0.257432	-0.172729	-0.393209
17130	0.257431	-0.172734	-0.393204
17140	0.257432	-0.172738	-0.393199
17150	0.257434	-0.172743	-0.393194
17160	0.257437	-0.172747	-0.393187
17170	0.257441	-0.172752	-0.39318
17180	0.257446	-0.172757	-0.393172
17190	0.257452	-0.172763	-0.393163
17200	0.257458	-0.17277	-0.393152
17210	0.257465	-0.172777	-0.393141
17220	0.257472	-0.172787	-0.393128
17230	0.257479	-0.172797	-0.393114
17240	0.257486	-0.17281	-0.393099
17250	0.257492	-0.172824	-0.393083
17260	0.257498	-0.172841	-0.393066
17270	0.257504	-0.172859	-0.39305
17280	0.257509	-0.172879	-0.393034
17290	0.257513	-0.172901	-0.393019
17300	0.257517	-0.172925	-0.393005
17310	0.25752	-0.17295	-0.392994
17320	0.257522	-0.172976	-0.392986
17330	0.257524	-0.173003	-0.39298
17340	0.257526	-0.17303	-0.392979
17350	0.257527	-0.173057	-0.392981
17360	0.257528	-0.173082	-0.392987
17370	0.25753	-0.173106	-0.392996
17380	0.257531	-0.173127	-0.39301
17390	0.257532	-0.173145	-0.393027
17400	0.257534	-0.17316	-0.393047
17410	0.257536	-0.17317	-0.393069
17420	0.257538	-0.173175	-0.393093
17430	0.25754	-0.173176	-0.393118
17440	0.257542	-0.173172	-0.393143
17450	0.257545	-0.173164	-0.393168
17460	0.257547	-0.173152	-0.393192
17470	0.257549	-0.173137	-0.393214
17480	0.257552	-0.17312	-0.393234
17490	0.257554	-0.173102	-0.393253
17500	0.257556	-0.173084	-0.393269
17510	0.257558	-0.173068	-0.393283
17520	0.25756	-0.173054	-0.393294
17530	0.257562	-0.173043	-0.393303
17540	0.257563	-0.173036	-0.393309
17550	0.257564	-0.173033	-0.393313
17560	0.257565	-0.173035	-0.393316
17570	0.257566	-0.17304	-0.393316
17580	0.257566	-0.173049	-0.393315
17590	0.257566	-0.17306	-0.393313
17600	0.257566	-0.173074	-0.39331
17610	0.257566	-0.173088	-0.393306
17620	0.257565	-0.173103	-0.393301
17630	0.257565	-0.173117	-0.393296
17640	0.257564	-0.17313	-0.393291
17650	0.257563	-0.17314	-0.393286
17660	0.257561	-0.173147	-0.393281
17670	0.25756	-0.173152	-0.393276
17680	0.257559	-0.173153	-0.393272
17690	0.257557	-0.173151	-0.393269
17700	0.257556	-0.173147	-0.393267
17710	0.257555	-0.17314	-0.393265
17720	0.257554	-0.173131	-0.393265
17730	0.257554	-0.17312	-0.393266
17740	0.257554	-0.173107	-0.393268
17750	0.257554	-0.173093	-0.393271
17760	0.257554	-0.173078	-0.393275
17770	0.257555	-0.173062	-0.393281
17780	0.257556	-0.173046	-0.393288
17790	0.257558	-0.173031	-0.393296
17800	0.25756	-0.173015	-0.393304
17810	0.257562	-0.173	-0.393313
17820	0.257564	-0.172987	-0.393323
17830	0.257567	-0.172974	-0.393332
17840	0.25757	-0.172963	-0.393342
17850	0.257572	-0.172954	-0.393351
17860	0.257575	-0.172946	-0.39336
17870	0.257577	-0.17294	-0.393368
17880	0.257579	-0.172937	-0.393376
17890	0.257581	-0.172936	-0.393382
17900	0.257583	-0.172936	-0.393387
17910	0.257584	-0.172939	-0.393391
17920	0.257585	-0.172944	-0.393394
17930	0.257586	-0.172951	-0.393394
17940	0.257587	-0.17296	-0.393393
17950	0.257587	-0.17297	-0.393389
17960	0.257587	-0.172981	-0.393384
17970	0.257586	-0.172994	-0.393376
17980	0.257586	-0.173007	-0.393367
17990	0.257585	-0.173022	-0.393355
18000	0.257584	-0.173037	-0.393342
