0	0	0	0
10	3.21488e-15	5.18517e-05	0
20	-4.5481e-12	9.21977e-05	0
30	-2.81601e-11	0.000132532	0
40	-4.54233e-11	0.000172835	0
50	-3.68428e-11	0.000213064	0
60	6.84752e-12	0.000253141	0
70	7.27724e-11	0.000292918	0
80	1.06535e-10	0.00033215	0
90	6.84778e-12	0.000370465	0
100	-5.56507e-11	0.000407347	0
110	-3.73738e-10	0.000442125	0
120	-1.16146e-09	0.000473989	0
130	-2.57147e-09	0.000502121	0
140	-4.52804e-09	0.000525585	0
150	-7.51055e-09	0.000543339	0
160	-1.10978e-08	0.000554293	0
170	-1.4576e-08	0.000557402	0
180	-1.75104e-08	0.0005518	0
190	-1.93987e-08	0.000536922	0
200	-1.98194e-08	0.000512595	0
210	-1.89681e-08	0.00047909	0
220	-2.27824e-08	0.000437098	0
230	-3.03452e-08	0.000387732	0
240	-4.40871e-08	0.000332599	0
250	-6.72752e-08	0.000273675	0
260	-1.0343e-07	0.000213205	0
270	-1.55716e-07	0.000153573	0
280	-2.23438e-07	9.72106e-05	0
290	-2.90386e-07	4.64853e-05	0
300	-3.21392e-07	3.46733e-06	0
310	-2.54342e-07	4.7238e-06	0
320	-2.013e-06	1.3382e-06	0
330	-2.14831e-06	3.14718e-07	0
340	-2.37598e-06	2.414e-06	0
350	-2.1516e-06	5.7282e-06	0
360	-2.19417e-06	1.46756e-05	0
370	-2.41543e-06	3.02074e-05	0
380	-2.64446e-06	5.06574e-05	0
390	-2.82839e-06	7.37207e-05	0
400	-2.97753e-06	9.67717e-05	0
410	-3.01493e-06	0.000117084	0
420	-2.80265e-06	0.000132109	0
430	-2.25039e-06	0.000140104	0
440	-1.32022e-06	0.000140339	0
450	-9.41836e-08	0.000132656	0
460	1.24633e-06	0.00011733	0
470	2.53792e-06	9.50298e-05	0
480	3.43753e-06	6.6948e-05	0
490	3.19696e-06	3.5233e-05	0
500	1.41233e-06	8.80162e-06	0
510	-3.19181e-06	-4.14633e-06	0
520	-7.52672e-06	-4.37546e-06	0
530	-1.07025e-05	-5.47551e-06	0
540	-1.31776e-05	-5.98189e-06	0
550	-1.41096e-05	-5.75819e-06	0
560	-1.34741e-05	-4.74125e-06	0
570	-1.11939e-05	-2.94133e-06	0
580	-7.08228e-06	-5.60087e-07	0
590	-1.31123e-06	1.80454e-06	0
600	6.36012e-06	3.93064e-06	0
610	1.62907e-05	5.46505e-06	0
620	2.88454e-05	6.55247e-06	0
630	4.38927e-05	6.78281e-06	0
640	6.09695e-05	2.29504e-06	0
650	8.04225e-05	-7.74325e-06	0
660	0.000102121	-2.37446e-05	0
670	0.000125855	-4.59757e-05	0
680	0.000151326	-7.45281e-05	0
690	0.000178141	-0.000109305	0
700	0.000205811	-0.000150027	0
710	0.000233755	-0.00019625	0
720	0.000261311	-0.00024741	0
730	0.000287746	-0.000302872	0
740	0.00031228	-0.000361996	0
750	0.000334113	-0.000424207	0
760	0.000352451	-0.000489053	0
770	0.000366546	-0.000556266	0
780	0.000375724	-0.000625796	0
790	0.000379426	-0.000697846	0
800	0.000377241	-0.000772882	0
810	0.000368936	-0.000851631	0
820	0.000354478	-0.000935059	0
830	0.000334061	-0.00102435	0
840	0.000308114	-0.00112087	0
850	0.000277337	-0.001226	0
860	0.000242673	-0.00134112	0
870	0.00020523	-0.0014677	0
880	0.000166214	-0.00160724	0
890	0.000126877	-0.00176134	0
900	8.84645e-05	-0.00193176	0
910	5.22592e-05	-0.00212157	0
920	1.94827e-05	-0.00233439	0
930	-8.67944e-06	-0.00257389	0
940	-3.12041e-05	-0.00284345	0
950	-4.74384e-05	-0.0031448	0
960	-5.71397e-05	-0.00347779	0
970	-6.04988e-05	-0.00384007	0
980	-5.81588e-05	-0.00422669	0
990	-5.12398e-05	-0.00463088	0
1000	-4.13775e-05	-0.00504423	0
1010	-3.04343e-05	-0.00545739	0
1020	-2.04663e-05	-0.00585983	0
1030	-1.36094e-05	-0.00624096	0
1040	-1.16356e-05	-0.00659037	0
1050	-1.58324e-05	-0.00689854	0
1060	-2.68585e-05	-0.00715784	0
1070	-4.46442e-05	-0.00736222	0
1080	-6.84293e-05	-0.00750801	0
1090	-9.67617e-05	-0.00759357	0
1100	-0.000127596	-0.00761959	0
1110	-0.000158377	-0.00758832	0
1120	-0.000186315	-0.00750353	0
1130	-0.000208606	-0.00737064	0
1140	-0.000222682	-0.00719597	0
1150	-0.000226396	-0.00698624	0
1160	-0.000218219	-0.00674819	0
1170	-0.000197354	-0.00648796	0
1180	-0.000163824	-0.00621075	0
1190	-0.000118499	-0.00592047	0
1200	-6.30424e-05	-0.00561959	0
1210	-1.61911e-07	-0.00530899	0
1220	6.67504e-05	-0.00498824	0
1230	0.000134515	-0.00465578	0
1240	0.000199908	-0.0043089	0
1250	0.000260183	-0.00394262	0
1260	0.000312693	-0.00355039	0
1270	0.000354763	-0.00312838	0
1280	0.000386612	-0.00266981	0
1290	0.000408306	-0.00217182	0
1300	0.000422009	-0.00165585	0
1310	0.000428933	-0.00114422	0
1320	0.000428913	-0.000645861	0
1330	0.000421385	-0.000194878	0
1340	0.000407775	0.000206236	0
1350	0.000388724	0.000584592	0
1360	0.000364778	0.000938918	0
1370	0.000336724	0.00126827	0
1380	0.000305493	0.00156727	0
1390	0.000272048	0.00182929	0
1400	0.000237321	0.00206437	0
1410	0.00020209	0.00227216	0
1420	0.000167085	0.0024531	0
1430	0.000132911	0.00260685	0
1440	0.000100106	0.00273417	0
1450	6.91101e-05	0.00283607	0
1460	4.01852e-05	0.0029144	0
1470	1.35775e-05	0.00297028	0
1480	-1.04624e-05	0.00300505	0
1490	-3.16223e-05	0.00302038	0
1500	-4.97313e-05	0.00301914	0
1510	-6.47226e-05	0.0030054	0
1520	-7.64718e-05	0.00298482	0
1530	-8.48383e-05	0.00296409	0
1540	-8.97857e-05	0.00295014	0
1550	-9.13778e-05	0.00294971	0
1560	-8.97674e-05	0.00296893	0
1570	-8.51776e-05	0.00301292	0
1580	-7.78739e-05	0.00308556	0
1590	-6.82018e-05	0.0031889	0
1600	-5.65853e-05	0.00332296	0
1610	-4.35096e-05	0.0034857	0
1620	-2.95018e-05	0.0036732	0
1630	-1.5116e-05	0.00387985	0
1640	-9.14736e-07	0.00409882	0
1650	1.25512e-05	0.00432243	0
1660	2.47644e-05	0.00454274	0
1670	3.5288e-05	0.00475219	0
1680	4.38468e-05	0.00494426	0
1690	5.01975e-05	0.00511355	0
1700	5.43632e-05	0.0052574	0
1710	5.6356e-05	0.00537413	0
1720	5.62071e-05	0.00546331	0
1730	5.37932e-05	0.00552565	0
1740	4.88937e-05	0.00556272	0
1750	4.19592e-05	0.00557814	0
1760	3.35739e-05	0.00557634	0
1770	2.41152e-05	0.00556161	0
1780	1.39806e-05	0.00553781	0
1790	3.8388e-06	0.00550917	0
1800	-5.41749e-06	0.00547953	0
1810	-1.33006e-05	0.00544971	0
1820	-1.93549e-05	0.00541893	0
1830	-2.31922e-05	0.00538477	0
1840	-2.45112e-05	0.00534346	0
1850	-2.31345e-05	0.00529011	0
1860	-1.90328e-05	0.00521918	0
1870	-1.23371e-05	0.00512501	0
1880	-3.3457e-06	0.00500234	0
1890	7.4797e-06	0.00484685	0
1900	1.95481e-05	0.00465567	0
1910	3.21642e-05	0.0044277	0
1920	4.45547e-05	0.00416375	0
1930	5.60313e-05	0.00386612	0
1940	6.62316e-05	0.00353797	0
1950	7.44764e-05	0.00318595	0
1960	8.01426e-05	0.00281817	0
1970	8.27403e-05	0.0024434	0
1980	8.19581e-05	0.00207056	0
1990	7.7656e-05	0.0017079	0
2000	6.98916e-05	0.00136256	0
2010	5.88982e-05	0.00103996	0
2020	4.50647e-05	0.00074357	0
2030	2.87769e-05	0.000474746	0
2040	1.03876e-05	0.000232706	0
2050	-1.05035e-05	1.77794e-05	0
2060	-3.00673e-05	-0.000116046	0
2070	-4.45516e-05	-0.000234076	0
2080	-5.53317e-05	-0.00034678	0
2090	-6.2418e-05	-0.000462229	0
2100	-6.55502e-05	-0.000587673	0
2110	-6.45215e-05	-0.000729328	0
2120	-5.92583e-05	-0.000891077	0
2130	-4.98446e-05	-0.00107488	0
2140	-3.65419e-05	-0.00128021	0
2150	-1.97827e-05	-0.00150408	0
2160	-1.39727e-07	-0.00174116	0
2170	2.1694e-05	-0.00198421	0
2180	4.49345e-05	-0.00222466	0
2190	6.87435e-05	-0.00245335	0
2200	9.22889e-05	-0.0026613	0
2210	0.000114721	-0.00284051	0
2220	0.000135256	-0.00298473	0
2230	0.000153226	-0.0030898	0
2240	0.000168201	-0.00315501	0
2250	0.00017984	-0.00318225	0
2260	0.000188018	-0.00317703	0
2270	0.000192806	-0.00314594	0
2280	0.00019432	-0.00309651	0
2290	0.000192902	-0.0030372	0
2300	0.000188928	-0.00297689	0
2310	0.00018287	-0.00292411	0
2320	0.000175201	-0.00288643	0
2330	0.000166362	-0.00286991	0
2340	0.000156771	-0.00287849	0
2350	0.000146708	-0.00291408	0
2360	0.000136437	-0.00297606	0
2370	0.000125971	-0.00306176	0
2380	0.000115296	-0.00316622	0
2390	0.000104252	-0.00328301	0
2400	9.25937e-05	-0.0034046	0
2410	8.00456e-05	-0.00352295	0
2420	6.63178e-05	-0.00363012	0
2430	5.11468e-05	-0.00371889	0
2440	3.43409e-05	-0.00378324	0
2450	1.58085e-05	-0.00381906	0
2460	-4.424e-06	-0.00382436	0
2470	-2.61683e-05	-0.00379924	0
2480	-4.90362e-05	-0.00374587	0
2490	-7.2596e-05	-0.00366834	0
2500	-9.61853e-05	-0.00357228	0
2510	-0.000119049	-0.00346458	0
2520	-0.000140177	-0.00335258	0
2530	-0.00015851	-0.00324337	0
2540	-0.000173119	-0.00314318	0
2550	-0.000183233	-0.0030569	0
2560	-0.000188229	-0.00298786	0
2570	-0.000187764	-0.00293729	0
2580	-0.000181729	-0.00290405	0
2590	-0.000170302	-0.00288468	0
2600	-0.000153958	-0.00287375	0
2610	-0.000133403	-0.00286425	0
2620	-0.000109534	-0.00284809	0
2630	-8.35047e-05	-0.00281696	0
2640	-5.65466e-05	-0.00276293	0
2650	-2.98846e-05	-0.00267908	0
2660	-4.67935e-06	-0.0025595	0
2670	1.80528e-05	-0.00240053	0
2680	3.74099e-05	-0.00220119	0
2690	5.27478e-05	-0.00196277	0
2700	6.36029e-05	-0.00168942	0
2710	6.97541e-05	-0.00138739	0
2720	7.12738e-05	-0.00106471	0
2730	6.84618e-05	-0.000730891	0
2740	6.16315e-05	-0.000396059	0
2750	5.066e-05	-7.58818e-05	0
2760	3.51358e-05	0.000177134	0
2770	1.84611e-05	0.000391089	0
2780	5.33852e-06	0.000565656	0
2790	-6.01352e-06	0.000710589	0
2800	-1.54674e-05	0.000825559	0
2810	-2.21005e-05	0.000912362	0
2820	-2.5529e-05	0.000974629	0
2830	-2.57663e-05	0.00101674	0
2840	-2.2819e-05	0.00104391	0
2850	-1.70988e-05	0.0010618	0
2860	-9.07799e-06	0.00107623	0
2870	6.42547e-07	0.00109317	0
2880	1.15226e-05	0.001118	0
2890	2.28384e-05	0.00115478	0
2900	3.39133e-05	0.00120618	0
2910	4.41729e-05	0.00127353	0
2920	5.30486e-05	0.00135679	0
2930	6.01162e-05	0.00145432	0
2940	6.50668e-05	0.00156295	0
2950	6.7699e-05	0.0016792	0
2960	6.79642e-05	0.00179913	0
2970	6.60007e-05	0.00191863	0
2980	6.20236e-05	0.00203392	0
2990	5.64452e-05	0.00214154	0
3000	4.97178e-05	0.00223888	0
3010	4.24103e-05	0.00232429	0
3020	3.50467e-05	0.0023971	0
3030	2.81598e-05	0.00245767	0
3040	2.22866e-05	0.00250734	0
3050	1.77278e-05	0.00254809	0
3060	1.47345e-05	0.0025825	0
3070	1.34739e-05	0.00261356	0
3080	1.39654e-05	0.00264421	0
3090	1.58989e-05	0.00267646	0
3100	1.90231e-05	0.00271161	0
3110	2.3039e-05	0.00275113	0
3120	2.7614e-05	0.00279589	0
3130	3.22994e-05	0.00284574	0
3140	3.66815e-05	0.0028995	0
3150	4.03484e-05	0.00295508	0
3160	4.29462e-05	0.00300942	0
3170	4.41845e-05	0.00305902	0
3180	4.38535e-05	0.00309958	0
3190	4.18314e-05	0.00312682	0
3200	3.80951e-05	0.00313677	0
3210	3.2898e-05	0.00312482	0
3220	2.69129e-05	0.00308599	0
3230	2.05396e-05	0.00301767	0
3240	1.39938e-05	0.00291983	0
3250	7.44311e-06	0.00279378	0
3260	1.06135e-06	0.00264216	0
3270	-4.91013e-06	0.00246906	0
3280	-1.01453e-05	0.00227885	0
3290	-1.45022e-05	0.00207719	0
3300	-1.78964e-05	0.00187059	0
3310	-2.02959e-05	0.00166561	0
3320	-2.16419e-05	0.0014686	0
3330	-2.19725e-05	0.00128425	0
3340	-2.12426e-05	0.00111549	0
3350	-1.95155e-05	0.000965905	0
3360	-1.6983e-05	0.000837651	0
3370	-1.37349e-05	0.000731516	0
3380	-9.89929e-06	0.000647066	0
3390	-5.65618e-06	0.000582771	0
3400	-1.12071e-06	0.000535979	0
3410	3.53898e-06	0.000503278	0
3420	8.1902e-06	0.000480816	0
3430	1.27024e-05	0.000464507	0
3440	1.69573e-05	0.000450436	0
3450	2.08716e-05	0.00043505	0
3460	2.44103e-05	0.000415371	0
3470	2.75817e-05	0.000388987	0
3480	3.05254e-05	0.000353892	0
3490	3.35277e-05	0.000309049	0
3500	3.69486e-05	0.000254583	0
3510	4.11477e-05	0.000192185	0
3520	4.55835e-05	0.000124811	0
3530	5.11839e-05	6.34178e-05	0
3540	5.58685e-05	3.79415e-05	0
3550	6.1149e-05	2.23412e-05	0
3560	6.19222e-05	1.24759e-05	0
3570	6.10691e-05	5.17972e-06	0
3580	5.8981e-05	6.98647e-07	0
3590	5.57498e-05	-8.14182e-07	0
3600	5.14364e-05	6.06672e-07	0
3610	4.61446e-05	9.03183e-06	0
3620	4.01003e-05	2.15509e-05	0
3630	3.36359e-05	3.7664e-05	0
3640	2.70236e-05	5.81471e-05	0
3650	2.04753e-05	7.97849e-05	0
3660	1.37304e-05	0.000101827	0
3670	7.51106e-06	0.000119611	0
3680	1.76136e-06	0.000131512	0
3690	-3.31867e-06	0.000135361	0
3700	-7.44291e-06	0.000129398	0
3710	-1.0446e-05	0.00011229	0
3720	-1.21864e-05	8.32016e-05	0
3730	-1.26018e-05	4.18886e-05	0
3740	-1.17396e-05	-1.13598e-05	0
3750	-9.62232e-06	-7.53117e-05	0
3760	-6.28287e-06	-0.000148118	0
3770	-1.87828e-06	-0.000227408	0
3780	3.44282e-06	-0.000310398	0
3790	9.47675e-06	-0.000393907	0
3800	1.59555e-05	-0.000474735	0
3810	2.26306e-05	-0.000549914	0
3820	2.91798e-05	-0.000616743	0
3830	3.53051e-05	-0.000672993	0
3840	4.07402e-05	-0.000717011	0
3850	4.5161e-05	-0.000748095	0
3860	4.83797e-05	-0.000766172	0
3870	5.02181e-05	-0.000772127	0
3880	5.05734e-05	-0.000767668	0
3890	4.93806e-05	-0.000755009	0
3900	4.66747e-05	-0.000737018	0
3910	4.25524e-05	-0.000716869	0
3920	3.71869e-05	-0.000697758	0
3930	3.08334e-05	-0.000682816	0
3940	2.37431e-05	-0.000674656	0
3950	1.61293e-05	-0.000675107	0
3960	8.2739e-06	-0.000685734	0
3970	4.78632e-07	-0.000707269	0
3980	-6.98731e-06	-0.000739536	0
3990	-1.38533e-05	-0.000781551	0
4000	-1.99312e-05	-0.000831378	0
4010	-2.50691e-05	-0.00088638	0
4020	-2.91265e-05	-0.000943299	0
4030	-3.2032e-05	-0.000998474	0
4040	-3.3766e-05	-0.00104829	0
4050	-3.43736e-05	-0.00108929	0
4060	-3.39866e-05	-0.0011184	0
4070	-3.27567e-05	-0.00113316	0
4080	-3.08189e-05	-0.00113184	0
4090	-2.83991e-05	-0.00111364	0
4100	-2.56756e-05	-0.00107864	0
4110	-2.28565e-05	-0.00102788	0
4120	-2.0136e-05	-0.000963131	0
4130	-1.76317e-05	-0.000887007	0
4140	-1.54281e-05	-0.000802531	0
4150	-1.35417e-05	-0.000713115	0
4160	-1.19288e-05	-0.000622147	0
4170	-1.05198e-05	-0.000533024	0
4180	-9.19851e-06	-0.000448736	0
4190	-7.83298e-06	-0.000371818	0
4200	-6.30375e-06	-0.000304137	0
4210	-4.50948e-06	-0.000246907	0
4220	-2.3872e-06	-0.000200589	0
4230	8.09825e-08	-0.000164952	0
4240	2.77062e-06	-0.000139172	0
4250	5.56851e-06	-0.000121895	0
4260	8.35416e-06	-0.000111356	0
4270	1.09972e-05	-0.000105517	0
4280	1.33117e-05	-0.000102275	0
4290	1.50999e-05	-9.96545e-05	0
4300	1.61673e-05	-9.59458e-05	0
4310	1.63369e-05	-8.97803e-05	0
4320	1.54488e-05	-8.0355e-05	0
4330	1.33739e-05	-6.72928e-05	0
4340	1.00271e-05	-5.0699e-05	0
4350	5.14154e-06	-3.11085e-05	0
4360	-1.74087e-06	-1.11682e-05	0
4370	-1.06116e-05	-5.92477e-06	0
4380	-1.67433e-05	-4.16505e-06	0
4390	-1.68797e-05	6.37166e-07	0
4400	-1.76341e-05	1.09571e-05	0
4410	-1.89058e-05	2.57632e-05	0
4420	-2.04535e-05	4.34406e-05	0
4430	-2.22123e-05	6.48179e-05	0
4440	-2.48035e-05	8.48491e-05	0
4450	-2.58182e-05	8.90934e-05	0
4460	-2.77905e-05	9.43611e-05	0
4470	-3.03819e-05	9.80804e-05	0
4480	-3.30984e-05	0.000100031	0
4490	-3.59011e-05	0.000101882	0
4500	-3.87465e-05	0.000105286	0
4510	-4.12623e-05	0.000113017	0
4520	-4.34977e-05	0.000126812	0
4530	-4.57015e-05	0.000146712	0
4540	-4.79303e-05	0.000172011	0
4550	-5.01907e-05	0.000201632	0
4560	-5.24552e-05	0.00023442	0
4570	-5.46797e-05	0.000268999	0
4580	-5.67749e-05	0.000303891	0
4590	-5.86277e-05	0.000337597	0
4600	-6.00932e-05	0.000368725	0
4610	-6.09899e-05	0.000396154	0
4620	-6.11249e-05	0.000418964	0
4630	-6.02833e-05	0.0004367	0
4640	-5.82714e-05	0.000449226	0
4650	-5.49526e-05	0.000456849	0
4660	-5.0231e-05	0.000460233	0
4670	-4.40214e-05	0.000460453	0
4680	-3.63037e-05	0.000458898	0
4690	-2.72355e-05	0.000456862	0
4700	-1.70097e-05	0.000455945	0
4710	-5.81959e-06	0.000457726	0
4720	6.09562e-06	0.000463749	0
4730	1.84743e-05	0.000475369	0
4740	3.09701e-05	0.00049345	0
4750	4.34181e-05	0.000518663	0
4760	5.55977e-05	0.000551052	0
4770	6.71667e-05	0.00059002	0
4780	7.80492e-05	0.00063559	0
4790	8.81946e-05	0.000687042	0
4800	9.73807e-05	0.000742529	0
4810	0.000105442	0.000800078	0
4820	0.000112243	0.000857253	0
4830	0.000117713	0.000911642	0
4840	0.000121851	0.000961066	0
4850	0.000124725	0.00100367	0
4860	0.000126434	0.00103793	0
4870	0.000127134	0.00106291	0
4880	0.000127042	0.00107813	0
4890	0.000126651	0.00108296	0
4900	0.000126341	0.00107741	0
4910	0.000126513	0.00106172	0
4920	0.000127288	0.00103792	0
4930	0.000128783	0.00100856	0
4940	0.000131016	0.000976446	0
4950	0.000133995	0.000944338	0
4960	0.000137647	0.000914767	0
4970	0.000141837	0.000890001	0
4980	0.000146385	0.000871979	0
4990	0.000151037	0.000861864	0
5000	0.000155498	0.000860138	0
5010	0.000159509	0.000866258	0
5020	0.000162851	0.000879057	0
5030	0.000165286	0.000896135	0
5040	0.000166525	0.000914816	0
5050	0.000166353	0.000931889	0
5060	0.000164682	0.00094393	0
5070	0.00016148	0.000947697	0
5080	0.00015673	0.000940161	0
5090	0.000150487	0.000918996	0
5100	0.000142853	0.000882022	0
5110	0.000133976	0.000827641	0
5120	0.000123781	0.000762159	0
5130	0.00011309	0.000689347	0
5140	0.000101752	0.00060244	0
5150	9.00007e-05	0.000504038	0
5160	7.81216e-05	0.000397091	0
5170	6.65523e-05	0.000285115	0
5180	5.59326e-05	0.000170317	0
5190	4.67373e-05	5.52601e-05	0
5200	3.93888e-05	-5.70931e-05	0
5210	3.43218e-05	-0.000130063	0
5220	3.06526e-05	-0.000188048	0
5230	2.88376e-05	-0.000239226	0
5240	2.87572e-05	-0.000283502	0
5250	3.02752e-05	-0.000321231	0
5260	3.30861e-05	-0.000352918	0
5270	3.70871e-05	-0.000378958	0
5280	4.19684e-05	-0.000399486	0
5290	4.74796e-05	-0.00041529	0
5300	5.34918e-05	-0.000426972	0
5310	5.97836e-05	-0.000435203	0
5320	6.60116e-05	-0.000441064	0
5330	7.19747e-05	-0.000446052	0
5340	7.74824e-05	-0.000451644	0
5350	8.23356e-05	-0.000459184	0
5360	8.63624e-05	-0.000469653	0
5370	8.94444e-05	-0.000484832	0
5380	9.14234e-05	-0.000505775	0
5390	9.22697e-05	-0.000533423	0
5400	9.19762e-05	-0.000568121	0
5410	9.05709e-05	-0.000610268	0
5420	8.81711e-05	-0.000659627	0
5430	8.48572e-05	-0.000715847	0
5440	8.0868e-05	-0.000778221	0
5450	7.63152e-05	-0.000846399	0
5460	7.144e-05	-0.000919812	0
5470	6.64807e-05	-0.000997967	0
5480	6.16733e-05	-0.00108032	0
5490	5.71978e-05	-0.00116653	0
5500	5.32591e-05	-0.00125634	0
5510	5.00791e-05	-0.00134967	0
5520	4.78413e-05	-0.00144635	0
5530	4.65782e-05	-0.00154632	0
5540	4.64739e-05	-0.0016493	0
5550	4.73835e-05	-0.0017552	0
5560	4.92536e-05	-0.0018634	0
5570	5.20055e-05	-0.0019728	0
5580	5.55432e-05	-0.00208156	0
5590	5.98061e-05	-0.00218828	0
5600	6.47223e-05	-0.00229211	0
5610	7.0149e-05	-0.00239009	0
5620	7.59823e-05	-0.00247786	0
5630	8.20546e-05	-0.00255057	0
5640	8.82362e-05	-0.00260311	0
5650	9.43699e-05	-0.00263045	0
5660	0.000100305	-0.00262798	0
5670	0.000105907	-0.00259199	0
5680	0.000110927	-0.00251939	0
5690	0.000115192	-0.00240787	0
5700	0.000118406	-0.00225665	0
5710	0.000120306	-0.00206613	0
5720	0.000120531	-0.00183831	0
5730	0.000118635	-0.00157663	0
5740	0.000114257	-0.00128624	0
5750	0.000107052	-0.000973802	0
5760	9.67342e-05	-0.000647136	0
5770	8.31313e-05	-0.000315476	0
5780	6.60906e-05	1.26068e-05	0
5790	4.56072e-05	0.00032883	0
5800	2.18806e-05	0.000625274	0
5810	-5.13415e-06	0.000855636	0
5820	-3.36839e-05	0.00103773	0
5830	-6.33179e-05	0.00118498	0
5840	-9.29331e-05	0.00129453	0
5850	-0.000121091	0.00136431	0
5860	-0.000146255	0.00139339	0
5870	-0.000166616	0.00138019	0
5880	-0.000184331	0.00132694	0
5890	-0.000198089	0.00124016	0
5900	-0.0002075	0.00112483	0
5910	-0.000212337	0.000986306	0
5920	-0.00021242	0.000830653	0
5930	-0.000207628	0.000663863	0
5940	-0.000198043	0.000491559	0
5950	-0.000183806	0.000319439	0
5960	-0.000165236	0.000152307	0
5970	-0.000142099	-1.31078e-05	0
5980	-0.00011623	-0.000176873	0
5990	-8.73383e-05	-0.000323753	0
6000	-5.59847e-05	-0.000448929	0
6010	-2.28124e-05	-0.000548323	0
6020	1.14733e-05	-0.000618738	0
6030	4.52829e-05	-0.000657819	0
6040	7.74275e-05	-0.000664636	0
6050	0.000107497	-0.000639506	0
6060	0.000134283	-0.000583885	0
6070	0.000156733	-0.000500189	0
6080	0.000173995	-0.000391703	0
6090	0.000185497	-0.000262149	0
6100	0.000190983	-0.000115673	0
6110	0.000190481	4.33562e-05	0
6120	0.000184279	0.000210473	0
6130	0.000172959	0.000381333	0
6140	0.000157273	0.000551658	0
6150	0.000138167	0.000717569	0
6160	0.000116688	0.00087551	0
6170	9.39056e-05	0.00102239	0
6180	7.08706e-05	0.00115555	0
6190	4.8569e-05	0.00127291	0
6200	2.7898e-05	0.00137291	0
6210	9.5689e-06	0.00145418	0
6220	-6.51193e-06	0.00151547	0
6230	-2.03186e-05	0.00155653	0
6240	-3.17168e-05	0.00157802	0
6250	-4.06435e-05	0.00158118	0
6260	-4.71233e-05	0.00156773	0
6270	-5.12554e-05	0.00153989	0
6280	-5.31788e-05	0.00150021	0
6290	-5.30485e-05	0.00145143	0
6300	-5.13361e-05	0.00139636	0
6310	-4.85484e-05	0.00133766	0
6320	-4.50743e-05	0.00127806	0
6330	-4.13142e-05	0.00122001	0
6340	-3.73188e-05	0.00116545	0
6350	-3.28979e-05	0.00111601	0
6360	-2.81226e-05	0.00107278	0
6370	-2.35616e-05	0.00103516	0
6380	-1.88348e-05	0.00100247	0
6390	-1.35772e-05	0.000972858	0
6400	-7.94268e-06	0.000945874	0
6410	-2.01827e-06	0.000921286	0
6420	4.07483e-06	0.000898039	0
6430	1.02203e-05	0.000874944	0
6440	1.63108e-05	0.000851081	0
6450	2.23021e-05	0.000825486	0
6460	2.79593e-05	0.000797288	0
6470	3.31733e-05	0.00076564	0
6480	3.7904e-05	0.000729712	0
6490	4.22229e-05	0.000689005	0
6500	4.63227e-05	0.000643334	0
6510	5.0323e-05	0.000592584	0
6520	5.42412e-05	0.000536746	0
6530	5.79557e-05	0.00047647	0
6540	6.12041e-05	0.000414075	0
6550	6.38726e-05	0.000350787	0
6560	6.57978e-05	0.000287914	0
6570	6.68287e-05	0.00022708	0
6580	6.67572e-05	0.00016974	0
6590	6.56813e-05	0.000117103	0
6600	6.3517e-05	7.04365e-05	0
6610	6.01043e-05	3.06589e-05	0
6620	5.53495e-05	-1.89265e-06	0
6630	4.92837e-05	-2.69912e-05	0
6640	4.19962e-05	-4.47099e-05	0
6650	3.36207e-05	-5.51241e-05	0
6660	2.44854e-05	-5.8343e-05	0
6670	1.4818e-05	-5.48669e-05	0
6680	4.76998e-06	-4.5446e-05	0
6690	-5.59746e-06	-3.12982e-05	0
6700	-1.63522e-05	-1.21095e-05	0
6710	-2.82013e-05	1.42519e-05	0
6720	-3.99465e-05	4.01049e-05	0
6730	-5.10442e-05	6.57172e-05	0
6740	-6.09716e-05	9.1537e-05	0
6750	-6.68915e-05	0.000117739	0
6760	-6.80364e-05	0.000145267	0
6770	-6.66024e-05	0.00017414	0
6780	-6.33827e-05	0.000202275	0
6790	-5.77957e-05	0.000229704	0
6800	-4.9608e-05	0.000261133	0
6810	-3.88667e-05	0.000294112	0
6820	-2.54525e-05	0.000328633	0
6830	-9.07034e-06	0.000361489	0
6840	9.89536e-06	0.000391271	0
6850	3.09876e-05	0.000417042	0
6860	5.33083e-05	0.000437674	0
6870	7.57401e-05	0.000451994	0
6880	9.70712e-05	0.000459157	0
6890	0.000116031	0.000459235	0
6900	0.000133169	0.0004515	0
6910	0.000147864	0.000433512	0
6920	0.000158923	0.000403913	0
6930	0.000165789	0.0003614	0
6940	0.000168296	0.000305179	0
6950	0.00016673	0.000235698	0
6960	0.000161563	0.000154434	0
6970	0.000151402	6.77657e-05	0
6980	0.000140914	8.48772e-06	0
6990	0.000128819	-5.68501e-05	0
7000	0.000115412	-0.000126065	0
7010	0.000101062	-0.000211348	0
7020	8.64861e-05	-0.000296213	0
7030	7.19875e-05	-0.000375893	0
7040	5.77805e-05	-0.000447513	0
7050	4.39659e-05	-0.00050844	0
7060	3.05327e-05	-0.000556422	0
7070	1.74008e-05	-0.00058971	0
7080	4.47242e-06	-0.000607115	0
7090	-8.32911e-06	-0.000608076	0
7100	-2.10027e-05	-0.000592665	0
7110	-3.33486e-05	-0.000560997	0
7120	-4.61989e-05	-0.000513942	0
7130	-5.74922e-05	-0.000441654	0
7140	-6.77692e-05	-0.000360082	0
7150	-7.73247e-05	-0.000272468	0
7160	-8.6265e-05	-0.000181662	0
7170	-9.46355e-05	-9.02528e-05	0
7180	-0.000102348	-5.44226e-07	0
7190	-0.000109198	8.53031e-05	0
7200	-0.000114935	0.000165316	0
7210	-0.000119158	0.000204535	0
7220	-0.000120983	0.00022157	0
7230	-0.000120426	0.000232474	0
7240	-0.000117133	0.000238332	0
7250	-0.00011095	0.000249383	0
7260	-0.000101884	0.000256875	0
7270	-9.00077e-05	0.000265692	0
7280	-7.56144e-05	0.00027134	0
7290	-5.87776e-05	0.000278149	0
7300	-4.02722e-05	0.000281409	0
7310	-2.01372e-05	0.000280758	0
7320	1.39083e-06	0.000280147	0
7330	2.26286e-05	0.000273146	0
7340	4.70559e-05	0.000264403	0
7350	6.94517e-05	0.000250761	0
7360	9.01773e-05	0.000232407	0
7370	0.000108732	0.000210076	0
7380	0.000124449	0.000183794	0
7390	0.000137041	0.000153942	0
7400	0.000146382	0.000120985	0
7410	0.000152458	8.55511e-05	0
7420	0.000155592	4.84908e-05	0
7430	0.000156231	2.05115e-05	0
7440	0.000154307	-4.99244e-06	0
7450	0.000150817	-3.06544e-05	0
7460	0.000145247	-5.98143e-05	0
7470	0.000138712	-9.52135e-05	0
7480	0.000132487	-0.000137463	0
7490	0.000127567	-0.000185678	0
7500	0.000124461	-0.000237658	0
7510	0.000122902	-0.000290976	0
7520	0.00012241	-0.000343542	0
7530	0.000122727	-0.000393653	0
7540	0.000124033	-0.000439906	0
7550	0.000125514	-0.000494082	0
7560	0.000124687	-0.000544775	0
7570	0.00012303	-0.000588157	0
7580	0.0001203	-0.000623555	0
7590	0.000116419	-0.000650445	0
7600	0.000111305	-0.000668636	0
7610	0.000104805	-0.000678232	0
7620	9.70119e-05	-0.000679881	0
7630	8.8091e-05	-0.000674333	0
7640	7.83658e-05	-0.000662101	0
7650	6.80774e-05	-0.000644255	0
7660	5.75765e-05	-0.000621741	0
7670	4.74949e-05	-0.000595292	0
7680	3.83274e-05	-0.000565553	0
7690	3.02863e-05	-0.000534075	0
7700	2.36234e-05	-0.000501763	0
7710	1.81862e-05	-0.000469357	0
7720	1.40007e-05	-0.000438169	0
7730	1.13475e-05	-0.000408177	0
7740	1.03318e-05	-0.000378507	0
7750	1.10787e-05	-0.000347802	0
7760	1.37192e-05	-0.000314351	0
7770	1.84544e-05	-0.000276599	0
7780	2.61669e-05	-0.000230845	0
7790	3.08305e-05	-0.000170959	0
7800	3.50189e-05	-0.000104528	0
7810	4.25071e-05	-4.70649e-05	0
7820	4.7296e-05	1.24099e-06	0
7830	5.14381e-05	5.48676e-05	0
7840	5.55477e-05	0.000113644	0
7850	6.0313e-05	0.000167944	0
7860	6.50231e-05	0.000222813	0
7870	6.72317e-05	0.000276497	0
7880	6.89051e-05	0.00034561	0
7890	6.91928e-05	0.000418624	0
7900	6.81082e-05	0.000495378	0
7910	6.54894e-05	0.000575559	0
7920	6.1289e-05	0.000658221	0
7930	5.53207e-05	0.000742071	0
7940	4.77624e-05	0.000825304	0
7950	3.92458e-05	0.000905331	0
7960	2.99932e-05	0.00097911	0
7970	2.03976e-05	0.00104362	0
7980	1.09553e-05	0.0010958	0
7990	2.18062e-06	0.00113261	0
8000	-5.43802e-06	0.00115116	0
8010	-1.15436e-05	0.00114872	0
8020	-1.58699e-05	0.00112303	0
8030	-1.84231e-05	0.0010723	0
8040	-1.87867e-05	0.000996094	0
8050	-1.65362e-05	0.000894887	0
8060	-1.11008e-05	0.000769579	0
8070	-2.54761e-06	0.000620346	0
8080	5.85952e-06	0.000449301	0
8090	1.27949e-05	0.000265201	0
8100	1.97171e-05	7.62659e-05	0
8110	2.5258e-05	-0.000105935	0
8120	3.26941e-05	-0.000252791	0
8130	4.01152e-05	-0.000389423	0
8140	4.75123e-05	-0.000511701	0
8150	5.61488e-05	-0.000617329	0
8160	6.48024e-05	-0.00070645	0
8170	7.33262e-05	-0.000777104	0
8180	8.14813e-05	-0.000827748	0
8190	8.792e-05	-0.000861421	0
8200	9.47032e-05	-0.000889047	0
8210	0.000100088	-0.000895154	0
8220	0.000103607	-0.00088029	0
8230	0.000104784	-0.000845661	0
8240	0.000103086	-0.000793313	0
8250	9.79456e-05	-0.000725632	0
8260	8.8892e-05	-0.000645123	0
8270	7.55626e-05	-0.000554333	0
8280	5.7735e-05	-0.000455748	0
8290	3.55327e-05	-0.000351539	0
8300	9.41607e-06	-0.000243443	0
8310	-1.99013e-05	-0.000133226	0
8320	-5.15177e-05	-2.34252e-05	0
8330	-8.35506e-05	8.08777e-05	0
8340	-0.000114668	0.000136793	0
8350	-0.000146517	0.000179234	0
8360	-0.000175729	0.000219554	0
8370	-0.000203323	0.000258172	0
8380	-0.000232374	0.000292741	0
8390	-0.000259064	0.000321764	0
8400	-0.000281397	0.000344443	0
8410	-0.000298295	0.000358973	0
8420	-0.000309024	0.000363273	0
8430	-0.000312561	0.0003666	0
8440	-0.000308222	0.00036005	0
8450	-0.000296199	0.000343192	0
8460	-0.000277063	0.000317486	0
8470	-0.000252069	0.00028529	0
8480	-0.000221899	0.000249307	0
8490	-0.000187402	0.000212617	0
8500	-0.000149682	0.000178554	0
8510	-0.000110341	0.00015059	0
8520	-7.25037e-05	0.000131956	0
8530	-3.94769e-05	0.000122502	0
8540	-1.01599e-05	0.000113275	0
8550	1.2662e-05	0.000114169	0
8560	3.25868e-05	0.000130822	0
8570	4.86664e-05	0.000161262	0
8580	6.06982e-05	0.000200671	0
8590	6.932e-05	0.000247087	0
8600	7.50683e-05	0.000297897	0
8610	7.83066e-05	0.000350375	0
8620	7.95721e-05	0.00040156	0
8630	7.95666e-05	0.000448416	0
8640	7.86422e-05	0.000488113	0
8650	7.71052e-05	0.000518112	0
8660	7.52318e-05	0.000536326	0
8670	7.32643e-05	0.000541287	0
8680	7.13891e-05	0.000532252	0
8690	6.96736e-05	0.00050923	0
8700	6.82252e-05	0.000472391	0
8710	6.71832e-05	0.000422744	0
8720	6.67039e-05	0.000362365	0
8730	6.68228e-05	0.000292241	0
8740	6.71097e-05	0.000202117	0
8750	6.86441e-05	0.000110045	0
8760	7.20955e-05	1.86577e-05	0
8770	7.58945e-05	-3.51079e-05	0
8780	8.48354e-05	-7.20174e-05	0
8790	9.56471e-05	-0.000100137	0
8800	0.000107712	-0.000120533	0
8810	0.000120202	-0.000134175	0
8820	0.000132402	-0.000142407	0
8830	0.000143743	-0.000146899	0
8840	0.000153661	-0.000149606	0
8850	0.000161694	-0.000152685	0
8860	0.000167579	-0.000158255	0
8870	0.000171437	-0.000168262	0
8880	0.000172705	-0.000184182	0
8890	0.000170984	-0.000207101	0
8900	0.00016595	-0.000237593	0
8910	0.000157483	-0.000275576	0
8920	0.000145758	-0.000320188	0
8930	0.000131191	-0.000369854	0
8940	0.000114301	-0.00042278	0
8950	9.55582e-05	-0.000476662	0
8960	7.53166e-05	-0.000528471	0
8970	5.42578e-05	-0.00057406	0
8980	3.3054e-05	-0.000609668	0
8990	1.23981e-05	-0.000631846	0
9000	-6.94501e-06	-0.000637748	0
9010	-2.38734e-05	-0.000625422	0
9020	-3.46833e-05	-0.000592793	0
9030	-4.01854e-05	-0.000534208	0
9040	-4.60639e-05	-0.000460797	0
9050	-5.05943e-05	-0.00037515	0
9060	-5.55683e-05	-0.000279914	0
9070	-5.93002e-05	-0.000191727	0
9080	-6.05158e-05	-0.000124215	0
9090	-6.08345e-05	-5.68334e-05	0
9100	-6.02179e-05	7.69677e-06	0
9110	-5.87618e-05	6.69358e-05	0
9120	-5.65121e-05	0.000119031	0
9130	-5.35245e-05	0.000162769	0
9140	-4.98262e-05	0.000197711	0
9150	-4.56475e-05	0.000224154	0
9160	-4.11001e-05	0.000243257	0
9170	-3.62458e-05	0.00025662	0
9180	-3.14094e-05	0.0002662	0
9190	-2.73985e-05	0.000273734	0
9200	-2.50061e-05	0.000279776	0
9210	-2.42477e-05	0.00028399	0
9220	-2.46867e-05	0.000286135	0
9230	-2.58996e-05	0.000286208	0
9240	-2.75386e-05	0.000284306	0
9250	-2.93527e-05	0.000280589	0
9260	-3.07186e-05	0.000269133	0
9270	-3.16251e-05	0.000256636	0
9280	-3.19983e-05	0.000240636	0
9290	-3.22271e-05	0.000226653	0
9300	-3.18828e-05	0.000215728	0
9310	-3.05559e-05	0.000207198	0
9320	-2.90309e-05	0.000201263	0
9330	-2.67271e-05	0.0002001	0
9340	-2.42339e-05	0.000202689	0
9350	-2.12874e-05	0.000208015	0
9360	-1.85358e-05	0.000215724	0
9370	-1.4795e-05	0.000223993	0
9380	-9.61023e-06	0.000231714	0
9390	-2.67482e-06	0.000236801	0
9400	5.31265e-06	0.00023691	0
9410	1.27183e-05	0.000231887	0
9420	1.91992e-05	0.000223521	0
9430	2.53122e-05	0.000211989	0
9440	3.20836e-05	0.000200085	0
9450	3.92311e-05	0.000187751	0
9460	4.66916e-05	0.000175338	0
9470	5.49919e-05	0.000165728	0
9480	6.39873e-05	0.000161776	0
9490	7.35793e-05	0.000164463	0
9500	8.34195e-05	0.000174485	0
9510	9.30243e-05	0.000192496	0
9520	0.000101716	0.00021874	0
9530	0.000108663	0.000253012	0
9540	0.000112947	0.000294575	0
9550	0.000113599	0.000342167	0
9560	0.000110508	0.000393813	0
9570	0.000105987	0.000447021	0
9580	9.69637e-05	0.000499619	0
9590	8.35564e-05	0.000548711	0
9600	6.59318e-05	0.000590378	0
9610	4.33312e-05	0.000621361	0
9620	1.69301e-05	0.000637008	0
9630	-1.30886e-05	0.000633226	0
9640	-4.5173e-05	0.000607163	0
9650	-7.76036e-05	0.000557609	0
9660	-0.000108082	0.000483501	0
9670	-0.000135391	0.000383971	0
9680	-0.000159216	0.000260094	0
9690	-0.000178917	0.000116185	0
9700	-0.000193618	-3.28109e-05	0
9710	-0.000201464	-0.000188055	0
9720	-0.000201498	-0.000345035	0
9730	-0.000192855	-0.000469288	0
9740	-0.000180244	-0.000572763	0
9750	-0.000160536	-0.000661121	0
9760	-0.000134682	-0.000730874	0
9770	-0.000103619	-0.000779736	0
9780	-6.83199e-05	-0.000807	0
9790	-3.23185e-05	-0.00081377	0
9800	-1.69432e-07	-0.000797345	0
9810	3.01155e-05	-0.000754958	0
9820	5.92203e-05	-0.000694694	0
9830	8.52558e-05	-0.000611941	0
9840	0.000108053	-0.000512385	0
9850	0.000123828	-0.000423062	0
9860	0.000137563	-0.000351248	0
9870	0.000145911	-0.000278314	0
9880	0.000148833	-0.000208314	0
9890	0.000145911	-0.000145127	0
9900	0.000136941	-9.1862e-05	0
9910	0.000121989	-5.08397e-05	0
9920	0.000101771	-2.44223e-05	0
9930	7.7127e-05	-1.36559e-05	0
9940	4.90387e-05	-1.82307e-05	0
9950	1.88102e-05	-3.71098e-05	0
9960	-1.21167e-05	-6.8696e-05	0
9970	-4.3408e-05	-0.000109746	0
9980	-6.78966e-05	-0.000114101	0
9990	-8.8891e-05	-0.000123262	0
10000	-0.000106446	-0.000136957	0
10010	-0.000120108	-0.000154512	0
10020	-0.000129017	-0.000174727	0
10030	-0.000132466	-0.00019602	0
10040	-0.000130118	-0.000227593	0
10050	-0.000120135	-0.000260381	0
10060	-0.000103332	-0.000286634	0
10070	-7.99663e-05	-0.00030317	0
10080	-5.09107e-05	-0.000306556	0
10090	-1.75089e-05	-0.000293732	0
10100	1.88218e-05	-0.000261594	0
10110	5.70249e-05	-0.000206819	0
10120	9.58172e-05	-0.000128567	0
10130	0.000133389	-2.69982e-05	0
10140	0.00016782	9.87777e-05	0
10150	0.00019724	0.000249109	0
10160	0.000219621	0.000423323	0
10170	0.00023294	0.000620222	0
10180	0.00023631	0.000793297	0
10190	0.000226576	0.000972424	0
10200	0.000204417	0.00116402	0
10210	0.000169838	0.0013612	0
10220	0.000126212	0.00155497	0
10230	7.3858e-05	0.00173924	0
10240	1.33431e-05	0.00190605	0
10250	-5.30804e-05	0.00204618	0
10260	-0.000122463	0.00215282	0
10270	-0.000191263	0.00222416	0
10280	-0.000256495	0.00224356	0
10290	-0.000314791	0.00220549	0
10300	-0.000362891	0.0021072	0
10310	-0.000397989	0.00194871	0
10320	-0.000417964	0.00173294	0
10330	-0.000421517	0.00146572	0
10340	-0.000408902	0.00115539	0
10350	-0.000380437	0.000812045	0
10360	-0.000337106	0.000446431	0
10370	-0.000280564	6.94061e-05	0
10380	-0.000213265	-0.000306185	0
10390	-0.000139027	-0.000650541	0
10400	-5.91011e-05	-0.000959988	0
10410	1.78839e-05	-0.00123322	0
10420	8.10844e-05	-0.00145953	0
10430	0.000136702	-0.00163999	0
10440	0.000182012	-0.00175438	0
10450	0.00021521	-0.00180009	0
10460	0.000235314	-0.00177886	0
10470	0.000241543	-0.00169605	0
10480	0.000233509	-0.0015591	0
10490	0.000211803	-0.00137745	0
10500	0.00017786	-0.00116263	0
10510	0.000133242	-0.000927913	0
10520	7.89069e-05	-0.000686251	0
10530	1.56483e-05	-0.000449743	0
10540	-6.27209e-05	-0.000240772	0
10550	-0.000133394	-9.71231e-05	0
10560	-0.000199564	1.69007e-05	0
10570	-0.000261544	0.000100102	0
10580	-0.000317897	0.000153206	0
10590	-0.000367312	0.000178515	0
10600	-0.000408558	0.000179016	0
10610	-0.000440367	0.000158526	0
10620	-0.000461564	0.000121499	0
10630	-0.000470127	8.46286e-05	0
10640	-0.000460133	5.52748e-05	0
10650	-0.000450111	4.46989e-05	0
10660	-0.000429693	2.65047e-05	0
10670	-0.000402481	-8.19754e-06	0
10680	-0.000365969	-5.20821e-05	0
10690	-0.000319122	-0.000102594	0
10700	-0.000265946	-0.000164396	0
10710	-0.000207276	-0.000231641	0
10720	-0.000144355	-0.0003137	0
10730	-7.7476e-05	-0.000411598	0
10740	-9.72595e-06	-0.000522454	0
10750	5.88971e-05	-0.000637757	0
10760	0.00012993	-0.000752879	0
10770	0.000201477	-0.000870592	0
10780	0.000273056	-0.000969481	0
10790	0.000343413	-0.00104178	0
10800	0.00041147	-0.00108098	0
10810	0.000476072	-0.00108034	0
10820	0.00053582	-0.00103271	0
10830	0.000589121	-0.000936835	0
10840	0.0006341	-0.000797243	0
10850	0.000669767	-0.000622496	0
10860	0.000693098	-0.000416298	0
10870	0.000701121	-0.000182514	0
10880	0.000691549	7.37371e-05	0
10890	0.000664593	0.000345379	0
10900	0.000624364	0.000584431	0
10910	0.000565487	0.000813529	0
10920	0.000491247	0.00104945	0
10930	0.000404861	0.00128124	0
10940	0.000308554	0.00150209	0
10950	0.000204831	0.00170661	0
10960	9.63512e-05	0.00189591	0
10970	-1.28863e-05	0.00205786	0
10980	-0.000116918	0.00218864	0
10990	-0.000210403	0.00228259	0
11000	-0.000290934	0.00233465	0
11010	-0.00035681	0.0023426	0
11020	-0.000406411	0.00230583	0
11030	-0.000439717	0.00222458	0
11040	-0.000456961	0.00209978	0
11050	-0.000458652	0.00193354	0
11060	-0.000446427	0.00172933	0
11070	-0.000422883	0.0014933	0
11080	-0.000391857	0.00123288	0
11090	-0.000358864	0.000952018	0
11100	-0.000319666	0.000650589	0
11110	-0.000278098	0.000348929	0
11120	-0.000238789	5.63854e-05	0
11130	-0.000208297	-0.000209101	0
11140	-0.000181659	-0.000427228	0
11150	-0.000160386	-0.000601817	0
11160	-0.000145314	-0.00074185	0
11170	-0.000135208	-0.000847115	0
11180	-0.000128665	-0.000919084	0
11190	-0.000124069	-0.000961017	0
11200	-0.000119004	-0.000977657	0
11210	-0.000109609	-0.00100329	0
11220	-0.00010408	-0.00103876	0
11230	-9.70884e-05	-0.00106546	0
11240	-8.74952e-05	-0.00108523	0
11250	-7.46886e-05	-0.0011014	0
11260	-5.85531e-05	-0.00111706	0
11270	-3.93385e-05	-0.00113459	0
11280	-1.71994e-05	-0.00115518	0
11290	8.29431e-06	-0.00115804	0
11300	2.92839e-05	-0.00114386	0
11310	4.82298e-05	-0.0011312	0
11320	6.43279e-05	-0.00111896	0
11330	7.60426e-05	-0.00110806	0
11340	8.2135e-05	-0.00109613	0
11350	8.27854e-05	-0.00107868	0
11360	7.87346e-05	-0.00105655	0
11370	6.99931e-05	-0.00102786	0
11380	5.72732e-05	-0.000989281	0
11390	4.17217e-05	-0.000937254	0
11400	2.49976e-05	-0.000868263	0
11410	8.77204e-06	-0.000779363	0
11420	-6.18446e-06	-0.000669793	0
11430	-1.85465e-05	-0.00053921	0
11440	-2.73663e-05	-0.00038749	0
11450	-3.19679e-05	-0.000214888	0
11460	-3.08699e-05	-2.2158e-05	0
11470	-2.64389e-05	0.000199814	0
11480	-1.72347e-05	0.000422527	0
11490	-9.33955e-06	0.000606758	0
11500	-9.18817e-07	0.000790312	0
11510	8.22667e-06	0.000970086	0
11520	1.75006e-05	0.00113996	0
11530	2.65133e-05	0.00129592	0
11540	3.45359e-05	0.00143246	0
11550	4.11392e-05	0.0015461	0
11560	4.51706e-05	0.00162707	0
11570	4.8631e-05	0.00166837	0
11580	5.08473e-05	0.00166782	0
11590	5.18627e-05	0.00162415	0
11600	5.1924e-05	0.00153789	0
11610	5.15882e-05	0.00141109	0
11620	5.14661e-05	0.00124748	0
11630	5.20346e-05	0.00105247	0
11640	5.37197e-05	0.000833151	0
11650	5.6684e-05	0.000597724	0
11660	6.0327e-05	0.000354917	0
11670	6.38041e-05	0.000141335	0
11680	7.20808e-05	-5.73447e-05	0
11690	8.20029e-05	-0.000240309	0
11700	9.30694e-05	-0.000400734	0
11710	0.00010481	-0.000532643	0
11720	0.000116536	-0.000631074	0
11730	0.000127522	-0.000692427	0
11740	0.000136978	-0.000715332	0
11750	0.000144084	-0.000700375	0
11760	0.000147979	-0.000650144	0
11770	0.000147895	-0.000568553	0
11780	0.000143716	-0.000460433	0
11790	0.000136019	-0.000332828	0
11800	0.000123798	-0.000193858	0
11810	0.00010671	-5.11402e-05	0
11820	8.51772e-05	8.78168e-05	0
11830	6.00636e-05	0.000215878	0
11840	3.29776e-05	0.000326051	0
11850	9.68845e-06	0.000411361	0
11860	-1.27242e-05	0.000428387	0
11870	-3.9137e-05	0.000412828	0
11880	-6.33173e-05	0.000367758	0
11890	-8.41939e-05	0.000294786	0
11900	-0.000101526	0.000196083	0
11910	-0.000114835	7.50862e-05	0
11920	-0.000123574	-6.29698e-05	0
11930	-0.000131053	-0.0002025	0
11940	-0.000132517	-0.000324306	0
11950	-0.000131548	-0.000450228	0
11960	-0.000129116	-0.000576268	0
11970	-0.000126187	-0.000698505	0
11980	-0.00012303	-0.000813231	0
11990	-0.000120414	-0.00091778	0
12000	-0.000119613	-0.00101132	0
12010	-0.000121142	-0.00111296	0
12020	-0.000121543	-0.0012049	0
12030	-0.000120572	-0.00127936	0
12040	-0.000119469	-0.00133347	0
12050	-0.000118888	-0.00136566	0
12060	-0.000119194	-0.0013752	0
12070	-0.000120622	-0.00136175	0
12080	-0.000123381	-0.00132515	0
12090	-0.000127516	-0.0012658	0
12100	-0.000133188	-0.00118533	0
12110	-0.000140153	-0.00108621	0
12120	-0.000147922	-0.000971308	0
12130	-0.000155498	-0.000845768	0
12140	-0.000162084	-0.000711793	0
12150	-0.000167139	-0.00057129	0
12160	-0.000170068	-0.000426172	0
12170	-0.000170295	-0.000278204	0
12180	-0.000167729	-0.000128725	0
12190	-0.000161995	2.11976e-05	0
12200	-0.000153194	0.000170562	0
12210	-0.000140917	0.000317989	0
12220	-0.000125463	0.000433247	0
12230	-0.000110929	0.000523467	0
12240	-9.48144e-05	0.000607841	0
12250	-7.7471e-05	0.000689262	0
12260	-5.92546e-05	0.000767352	0
12270	-4.04998e-05	0.000845613	0
12280	-2.24204e-05	0.000924172	0
12290	-5.25463e-06	0.000992759	0
12300	1.05386e-05	0.00104762	0
12310	2.4689e-05	0.00108503	0
12320	3.71118e-05	0.00110155	0
12330	4.78987e-05	0.00109437	0
12340	5.7277e-05	0.0010615	0
12350	6.54781e-05	0.00100202	0
12360	7.30861e-05	0.000916242	0
12370	8.11009e-05	0.000806088	0
12380	9.50046e-05	0.000688142	0
12390	9.90077e-05	0.000578991	0
12400	9.99943e-05	0.000455682	0
12410	9.87648e-05	0.00032291	0
12420	9.52472e-05	0.000186111	0
12430	8.92845e-05	5.10466e-05	0
12440	8.07494e-05	-7.65955e-05	0
12450	6.95344e-05	-0.000191524	0
12460	5.54827e-05	-0.000289487	0
12470	3.86216e-05	-0.000367649	0
12480	1.91405e-05	-0.000424271	0
12490	-4.15326e-06	-0.000463152	0
12500	-2.87918e-05	-0.00048324	0
12510	-5.35572e-05	-0.000486936	0
12520	-7.70656e-05	-0.000479262	0
12530	-9.75451e-05	-0.000466522	0
12540	-0.00011357	-0.000456102	0
12550	-0.000123738	-0.000454759	0
12560	-0.000124295	-0.000487987	0
12570	-0.000130047	-0.00055465	0
12580	-0.000131919	-0.000634531	0
12590	-0.000130547	-0.000690317	0
12600	-0.000124514	-0.000749583	0
12610	-0.000113011	-0.000813896	0
12620	-9.58983e-05	-0.000877413	0
12630	-7.31992e-05	-0.000933009	0
12640	-4.51875e-05	-0.000972708	0
12650	-1.24343e-05	-0.000988608	0
12660	2.40032e-05	-0.000973802	0
12670	6.19113e-05	-0.000923045	0
12680	9.55462e-05	-0.00083231	0
12690	0.000124333	-0.000697148	0
12700	0.00014674	-0.000533635	0
12710	0.000162452	-0.00033306	0
12720	0.000170698	-0.000102907	0
12730	0.000170167	0.000147114	0
12740	0.000160377	0.000405333	0
12750	0.000142732	0.000617602	0
12760	0.000111695	0.000802893	0
12770	7.0077e-05	0.000960392	0
12780	1.92956e-05	0.00108014	0
12790	-3.83096e-05	0.00115408	0
12800	-9.95626e-05	0.00117709	0
12810	-0.000161094	0.00114718	0
12820	-0.000219691	0.00106534	0
12830	-0.000272629	0.000934852	0
12840	-0.000317275	0.000761185	0
12850	-0.000351139	0.000551972	0
12860	-0.00037253	0.000316596	0
12870	-0.00038103	6.62403e-05	0
12880	-0.000376369	-0.000185732	0
12890	-0.00035674	-0.000426655	0
12900	-0.000321577	-0.000645098	0
12910	-0.000270772	-0.000806201	0
12920	-0.000213148	-0.000912236	0
12930	-0.000147591	-0.00097025	0
12940	-7.76253e-05	-0.000977382	0
12950	-1.24889e-05	-0.000934809	0
12960	4.36168e-05	-0.000838722	0
12970	9.59576e-05	-0.000699209	0
12980	0.00014279	-0.00052688	0
12990	0.000182914	-0.000333378	0
13000	0.000215213	-0.000131383	0
13010	0.000236318	6.30831e-05	0
13020	0.000256557	0.000193825	0
13030	0.000269536	0.000299749	0
13040	0.000275151	0.000375007	0
13050	0.000273652	0.000416088	0
13060	0.00026601	0.00042246	0
13070	0.000254056	0.000404901	0
13080	0.00023707	0.000363136	0
13090	0.000217674	0.000303899	0
13100	0.00019654	0.000235482	0
13110	0.000175688	0.00016489	0
13120	0.000156284	0.000101756	0
13130	0.000138829	5.58487e-05	0
13140	0.000123431	3.58498e-05	0
13150	0.000110406	4.81925e-05	0
13160	0.000100113	9.588e-05	0
13170	9.23489e-05	0.000178475	0
13180	8.62902e-05	0.000293533	0
13190	8.11089e-05	0.000434997	0
13200	7.58492e-05	0.000595517	0
13210	6.93978e-05	0.000765637	0
13220	6.08325e-05	0.000934045	0
13230	4.95494e-05	0.00108882	0
13240	3.50599e-05	0.00121738	0
13250	1.66446e-05	0.00130798	0
13260	3.23636e-07	0.00134487	0
13270	-1.6764e-05	0.00133616	0
13280	-3.35183e-05	0.00127832	0
13290	-4.96693e-05	0.00116943	0
13300	-6.46763e-05	0.0010143	0
13310	-7.82504e-05	0.000821782	0
13320	-8.97861e-05	0.000602928	0
13330	-9.85375e-05	0.00037062	0
13340	-0.000103832	0.000138183	0
13350	-0.000105132	-8.03554e-05	0
13360	-0.000102057	-0.000271552	0
13370	-9.42364e-05	-0.000423493	0
13380	-8.03261e-05	-0.000526299	0
13390	-5.58374e-05	-0.000548473	0
13400	-3.64833e-05	-0.000502225	0
13410	-1.71641e-05	-0.000404582	0
13420	3.34769e-06	-0.000255147	0
13430	2.8487e-05	-7.00937e-05	0
13440	4.7255e-05	9.93725e-05	0
13450	6.39545e-05	0.00027514	0
13460	7.80149e-05	0.000444366	0
13470	8.85063e-05	0.000594221	0
13480	9.46686e-05	0.000713295	0
13490	9.58096e-05	0.000791823	0
13500	9.14955e-05	0.000822746	0
13510	8.14492e-05	0.000800657	0
13520	6.58499e-05	0.000722921	0
13530	4.50991e-05	0.00059159	0
13540	2.02198e-05	0.000411806	0
13550	-6.99839e-06	0.00019224	0
13560	-3.4308e-05	-5.77514e-05	0
13570	-6.15217e-05	-0.000291845	0
13580	-8.87823e-05	-0.000535984	0
13590	-0.000115015	-0.000778734	0
13600	-0.00013945	-0.00100903	0
13610	-0.000161514	-0.0012177	0
13620	-0.000180569	-0.00139769	0
13630	-0.000195813	-0.00154416	0
13640	-0.000206555	-0.00165497	0
13650	-0.000212257	-0.00173021	0
13660	-0.000212599	-0.00177185	0
13670	-0.000207594	-0.00178359	0
13680	-0.000197408	-0.00177061	0
13690	-0.000182381	-0.00173869	0
13700	-0.000163085	-0.00169409	0
13710	-0.000140222	-0.00164265	0
13720	-0.000114644	-0.00158976	0
13730	-8.72651e-05	-0.00153954	0
13740	-5.90092e-05	-0.00149476	0
13750	-3.08011e-05	-0.00145668	0
13760	-3.58848e-06	-0.00142503	0
13770	2.17473e-05	-0.00139838	0
13780	4.47372e-05	-0.00137458	0
13790	6.49433e-05	-0.00135159	0
13800	8.23233e-05	-0.00132445	0
13810	9.71631e-05	-0.00128737	0
13820	0.000109803	-0.00123434	0
13830	0.000120611	-0.00115956	0
13840	0.000130041	-0.00105918	0
13850	0.000138324	-0.000930847	0
13860	0.000145746	-0.000773843	0
13870	0.00015279	-0.000589394	0
13880	0.000160753	-0.000381543	0
13890	0.000166152	-0.000167788	0
13900	0.000166591	5.90017e-05	0
13910	0.000163225	0.000293195	0
13920	0.00015532	0.00052796	0
13930	0.00014085	0.000756327	0
13940	0.000114147	0.000936741	0
13950	9.2999e-05	0.00107957	0
13960	6.84345e-05	0.00119848	0
13970	4.00919e-05	0.00128949	0
13980	8.54671e-06	0.00134906	0
13990	-2.52359e-05	0.00137445	0
14000	-5.99534e-05	0.00136366	0
14010	-9.41474e-05	0.00131592	0
14020	-0.000126332	0.00123112	0
14030	-0.000155766	0.00110927	0
14040	-0.000179692	0.000962197	0
14050	-0.000196813	0.0007832	0
14060	-0.000206039	0.000575615	0
14070	-0.000207364	0.000346505	0
14080	-0.000201183	0.000102706	0
14090	-0.000187992	-0.000149704	0
14100	-0.000171164	-0.000389406	0
14110	-0.000143471	-0.000594528	0
14120	-0.000109388	-0.000773364	0
14130	-7.09771e-05	-0.000916024	0
14140	-3.95463e-05	-0.00101176	0
14150	-1.32315e-05	-0.00106088	0
14160	1.20604e-05	-0.00105846	0
14170	3.52601e-05	-0.00100546	0
14180	5.54594e-05	-0.000906814	0
14190	7.23054e-05	-0.000769769	0
14200	8.5525e-05	-0.000601012	0
14210	9.39614e-05	-0.000423558	0
14220	0.000101944	-0.000264925	0
14230	0.000107398	-9.88202e-05	0
14240	0.000110107	6.55915e-05	0
14250	0.000110114	0.000218936	0
14260	0.000107643	0.00035157	0
14270	0.000103002	0.00045468	0
14280	9.65123e-05	0.000521085	0
14290	8.84758e-05	0.000545942	0
14300	7.94487e-05	0.000527148	0
14310	7.00222e-05	0.000465496	0
14320	6.03722e-05	0.00036448	0
14330	5.09091e-05	0.000231981	0
14340	4.19666e-05	7.78028e-05	0
14350	3.37025e-05	-8.67168e-05	0
14360	2.59454e-05	-0.000248851	0
14370	1.79169e-05	-0.000395271	0
14380	6.78528e-06	-0.000485515	0
14390	-9.10223e-07	-0.000522178	0
14400	-8.83475e-06	-0.000510262	0
14410	-1.79198e-05	-0.00044442	0
14420	-2.93748e-05	-0.000324053	0
14430	-4.31146e-05	-0.000155825	0
14440	-5.81582e-05	4.78936e-05	0
14450	-7.3033e-05	0.000236563	0
14460	-8.86078e-05	0.000450807	0
14470	-0.000104108	0.000681166	0
14480	-0.000119625	0.000916857	0
14490	-0.000134342	0.00114829	0
14500	-0.000147072	0.00136527	0
14510	-0.000157484	0.00155807	0
14520	-0.000165502	0.00171817	0
14530	-0.000170713	0.00183665	0
14540	-0.000172848	0.00190534	0
14550	-0.000171378	0.00191889	0
14560	-0.000165928	0.00187526	0
14570	-0.000156521	0.00177976	0
14580	-0.00014443	0.0016414	0
14590	-0.000128778	0.00145651	0
14600	-0.000109773	0.00123244	0
14610	-8.79829e-05	0.000977777	0
14620	-6.52662e-05	0.000702463	0
14630	-4.77199e-05	0.000423339	0
14640	-3.01763e-05	0.000155175	0
14650	-1.15623e-05	-9.74293e-05	0
14660	7.6955e-06	-0.000325761	0
14670	2.87117e-05	-0.000499417	0
14680	4.13578e-05	-0.000640088	0
14690	5.14368e-05	-0.000740945	0
14700	5.91299e-05	-0.000801677	0
14710	6.48808e-05	-0.000824286	0
14720	6.91341e-05	-0.000812419	0
14730	7.19053e-05	-0.000771388	0
14740	7.29282e-05	-0.00070781	0
14750	7.08732e-05	-0.000629394	0
14760	6.47156e-05	-0.000575872	0
14770	6.00679e-05	-0.000528427	0
14780	5.43788e-05	-0.000488691	0
14790	4.70392e-05	-0.00045885	0
14800	3.85534e-05	-0.000440767	0
14810	2.86333e-05	-0.000434415	0
14820	1.81449e-05	-0.000400198	0
14830	8.95163e-06	-0.000364169	0
14840	3.44433e-07	-0.000333026	0
14850	-7.77114e-06	-0.000303674	0
14860	-1.49199e-05	-0.000272699	0
14870	-2.0323e-05	-0.000236301	0
14880	-2.23251e-05	-0.000190931	0
14890	-2.24765e-05	-0.00013071	0
14900	-2.39175e-05	-5.61826e-05	0
14910	-2.63271e-05	3.20574e-05	0
14920	-2.99034e-05	0.00013424	0
14930	-3.66028e-05	0.000249556	0
14940	-4.87991e-05	0.000339258	0
14950	-5.4655e-05	0.000426355	0
14960	-6.02417e-05	0.000521001	0
14970	-6.55537e-05	0.000619721	0
14980	-7.03711e-05	0.000717783	0
14990	-7.43393e-05	0.000809387	0
15000	-7.7094e-05	0.000887747	0
15010	-7.90524e-05	0.000950981	0
15020	-7.54712e-05	0.000990983	0
15030	-6.81706e-05	0.000995986	0
15040	-5.67738e-05	0.000960715	0
15050	-4.33527e-05	0.000883809	0
15060	-2.8999e-05	0.000767207	0
15070	-1.41892e-05	0.000614249	0
15080	1.48331e-06	0.000431192	0
15090	1.75411e-05	0.000226811	0
15100	3.26618e-05	9.90695e-06	0
15110	4.79167e-05	-0.000178266	0
15120	6.24282e-05	-0.000365839	0
15130	7.71872e-05	-0.000545127	0
15140	9.23546e-05	-0.000707234	0
15150	0.00010703	-0.000843872	0
15160	0.000119842	-0.000947846	0
15170	0.000129615	-0.00101409	0
15180	0.000135817	-0.00103976	0
15190	0.000137543	-0.00102402	0
15200	0.00013389	-0.000968318	0
15210	0.000124501	-0.000876562	0
15220	0.000109397	-0.000754743	0
15230	8.9026e-05	-0.000610592	0
15240	6.42974e-05	-0.000453412	0
15250	3.60387e-05	-0.000294352	0
15260	5.04852e-06	-0.000144437	0
15270	-2.73764e-05	-1.32849e-05	0
15280	-5.90634e-05	9.11148e-05	0
15290	-8.50394e-05	0.000126124	0
15300	-0.000107417	0.000117807	0
15310	-0.00012047	7.65751e-05	0
15320	-0.000122737	3.09924e-05	0
15330	-0.000128598	-2.96312e-05	0
15340	-0.000130433	-0.000110602	0
15350	-0.000127846	-0.000203831	0
15360	-0.000121009	-0.000300453	0
15370	-0.000109882	-0.000390925	0
15380	-9.51558e-05	-0.000465876	0
15390	-7.86972e-05	-0.000518109	0
15400	-6.29373e-05	-0.000548497	0
15410	-4.28477e-05	-0.000552968	0
15420	-2.26443e-05	-0.00052333	0
15430	-1.58275e-05	-0.000464161	0
15440	-1.16487e-05	-0.00037891	0
15450	-8.53739e-06	-0.00027028	0
15460	-6.88144e-06	-0.000143994	0
15470	-7.22087e-06	-5.29698e-06	0
15480	-1.37574e-05	0.000111449	0
15490	-1.82558e-05	0.0002101	0
15500	-2.31047e-05	0.000307475	0
15510	-2.79154e-05	0.000399522	0
15520	-3.25023e-05	0.00048215	0
15530	-3.6609e-05	0.000551881	0
15540	-3.97905e-05	0.000605797	0
15550	-4.16732e-05	0.00064176	0
15560	-4.01525e-05	0.0006565	0
15570	-3.57086e-05	0.000651184	0
15580	-3.03363e-05	0.000627137	0
15590	-2.49666e-05	0.000583772	0
15600	-1.5377e-05	0.00051995	0
15610	-6.43134e-06	0.000443272	0
15620	-2.01275e-06	0.000362718	0
15630	-6.6217e-07	0.000268809	0
15640	6.23448e-07	0.000166288	0
15650	1.90843e-06	5.79885e-05	0
15660	4.06967e-06	-5.19711e-05	0
15670	9.70455e-06	-0.000137912	0
15680	1.06658e-05	-0.000206645	0
15690	1.11262e-05	-0.000268044	0
15700	1.18785e-05	-0.000318035	0
15710	1.20435e-05	-0.00035842	0
15720	1.27683e-05	-0.000388019	0
15730	1.31554e-05	-0.000408171	0
15740	1.33487e-05	-0.000416151	0
15750	1.27792e-05	-0.000415132	0
15760	1.17157e-05	-0.000402691	0
15770	9.82627e-06	-0.000382439	0
15780	7.36713e-06	-0.000352523	0
15790	4.12328e-06	-0.000317307	0
15800	1.34086e-07	-0.000276971	0
15810	-5.37079e-06	-0.000233692	0
15820	-1.6527e-05	-0.000202041	0
15830	-1.8129e-05	-0.000195698	0
15840	-2.00224e-05	-0.000190032	0
15850	-2.15965e-05	-0.000184224	0
15860	-2.31738e-05	-0.000178465	0
15870	-2.47929e-05	-0.000172443	0
15880	-2.66759e-05	-0.000165936	0
15890	-2.87073e-05	-0.000158619	0
15900	-3.0956e-05	-0.000150189	0
15910	-3.6089e-05	-0.000138324	0
15920	-4.04006e-05	-0.000122926	0
15930	-4.51507e-05	-0.000103567	0
15940	-4.67172e-05	-8.45116e-05	0
15950	-5.14151e-05	-6.63221e-05	0
15960	-5.84299e-05	-4.25546e-05	0
15970	-6.3574e-05	-1.17346e-05	0
15980	-7.1396e-05	2.55036e-05	0
15990	-7.77365e-05	6.70861e-05	0
16000	-8.38696e-05	0.000114472	0
16010	-8.97137e-05	0.000168358	0
16020	-9.56589e-05	0.00023139	0
16030	-0.000101597	0.000304643	0
16040	-0.000107125	0.000387985	0
16050	-0.000112824	0.000481658	0
16060	-0.000118103	0.000585437	0
16070	-0.000120178	0.000701186	0
16080	-0.000124099	0.000830012	0
16090	-0.000128392	0.000957861	0
16100	-0.000132127	0.0010788	0
16110	-0.000134848	0.0011858	0
16120	-0.000136234	0.00127216	0
16130	-0.000135792	0.00133212	0
16140	-0.000131731	0.00135737	0
16150	-0.000125193	0.00133371	0
16160	-0.000116418	0.00127339	0
16170	-0.000105191	0.00117671	0
16180	-9.15496e-05	0.00104564	0
16190	-7.56766e-05	0.000883747	0
16200	-5.79372e-05	0.000695934	0
16210	-3.89055e-05	0.000488191	0
16220	-1.94319e-05	0.000267187	0
16230	-8.12492e-07	4.02226e-05	0
16240	1.27582e-05	-0.000187919	0
16250	2.555e-05	-0.000398486	0
16260	4.01301e-05	-0.000582477	0
16270	5.24899e-05	-0.00074201	0
16280	6.17961e-05	-0.000871784	0
16290	6.75158e-05	-0.0009681	0
16300	6.9564e-05	-0.00102891	0
16310	6.79901e-05	-0.00105388	0
16320	6.3093e-05	-0.00104455	0
16330	5.47172e-05	-0.00100346	0
16340	4.2961e-05	-0.000934224	0
16350	2.83298e-05	-0.000841425	0
16360	1.11818e-05	-0.000731178	0
16370	-8.16421e-06	-0.000610127	0
16380	-2.94109e-05	-0.000485056	0
16390	-5.52791e-05	-0.000362437	0
16400	-7.5597e-05	-0.000281976	0
16410	-8.22773e-05	-0.000214651	0
16420	-8.51046e-05	-0.000146224	0
16430	-8.41881e-05	-7.34027e-05	0
16440	-7.97126e-05	-8.28583e-06	0
16450	-7.41565e-05	4.99515e-05	0
16460	-6.66591e-05	0.000100981	0
16470	-5.79699e-05	0.000144581	0
16480	-4.8661e-05	0.00018068	0
16490	-3.91549e-05	0.00020924	0
16500	-2.98245e-05	0.000230206	0
16510	-2.09803e-05	0.000243493	0
16520	-1.28957e-05	0.00024897	0
16530	-5.8287e-06	0.000246539	0
16540	5.42473e-09	0.000236208	0
16550	4.47048e-06	0.000218179	0
16560	7.22402e-06	0.000193058	0
16570	7.88232e-06	0.000161826	0
16580	1.03127e-05	0.000137097	0
16590	1.23947e-05	0.000111055	0
16600	1.3417e-05	7.89556e-05	0
16610	1.2955e-05	4.56299e-05	0
16620	1.17178e-05	1.19003e-05	0
16630	8.32593e-06	-1.18192e-05	0
16640	7.35585e-06	-3.02269e-05	0
16650	6.45874e-06	-4.67202e-05	0
16660	5.63077e-06	-6.07809e-05	0
16670	4.87576e-06	-7.19769e-05	0
16680	4.18714e-06	-7.96397e-05	0
16690	3.49542e-06	-8.31831e-05	0
16700	3.12599e-06	-8.20919e-05	0
16710	3.26132e-06	-7.61418e-05	0
16720	4.81615e-06	-6.45633e-05	0
16730	8.44051e-06	-4.74295e-05	0
16740	9.20067e-06	-4.2223e-05	0
16750	1.07245e-05	-3.11467e-05	0
16760	1.32278e-05	-2.28781e-05	0
16770	1.20377e-05	-1.64432e-05	0
16780	1.09982e-05	-7.00991e-06	0
16790	9.23108e-06	1.00053e-06	0
16800	6.58778e-06	1.13293e-05	0
16810	2.16246e-06	3.59778e-05	0
16820	-2.46044e-06	6.1371e-05	0
16830	-6.90678e-06	8.61513e-05	0
16840	-1.10685e-05	0.000109699	0
16850	-1.49825e-05	0.00013161	0
16860	-1.87668e-05	0.000151087	0
16870	-2.22209e-05	0.000167994	0
16880	-2.60958e-05	0.000175755	0
16890	-3.09201e-05	0.00017726	0
16900	-3.46289e-05	0.000173213	0
16910	-3.81236e-05	0.000163356	0
16920	-4.10852e-05	0.00014889	0
16930	-4.22421e-05	0.000132371	0
16940	-4.23813e-05	0.000112362	0
16950	-4.3583e-05	9.03239e-05	0
16960	-4.34141e-05	6.75212e-05	0
16970	-4.32002e-05	4.40108e-05	0
16980	-4.17803e-05	2.12043e-05	0
16990	-4.25697e-05	1.14311e-05	0
17000	-4.23772e-05	6.71265e-06	0
17010	-4.17598e-05	3.83394e-06	0
17020	-4.15151e-05	7.8909e-07	0
17030	-4.12912e-05	-1.88959e-06	0
17040	-4.09024e-05	-4.06428e-06	0
17050	-4.02114e-05	-5.86088e-06	0
17060	-3.91964e-05	-7.54407e-06	0
17070	-3.81171e-05	-9.15198e-06	0
17080	-3.64561e-05	-1.09519e-05	0
17090	-3.46703e-05	-1.30549e-05	0
17100	-3.28422e-05	-1.583e-05	0
17110	-3.12464e-05	-1.89615e-05	0
17120	-2.97177e-05	-2.26328e-05	0
17130	-2.83417e-05	-2.70702e-05	0
17140	-2.72256e-05	-3.24034e-05	0
17150	-2.64857e-05	-3.88724e-05	0
17160	-2.62564e-05	-4.63978e-05	0
17170	-2.64604e-05	-5.48241e-05	0
17180	-2.59837e-05	-6.39819e-05	0
17190	-2.59815e-05	-6.75496e-05	0
17200	-2.64169e-05	-6.76369e-05	0
17210	-2.967e-05	-6.72858e-05	0
17220	-3.26464e-05	-7.09296e-05	0
17230	-3.53971e-05	-7.2839e-05	0
17240	-3.89556e-05	-7.53024e-05	0
17250	-4.25921e-05	-7.80181e-05	0
17260	-4.63304e-05	-8.10342e-05	0
17270	-4.97449e-05	-8.39266e-05	0
17280	-5.30466e-05	-8.58595e-05	0
17290	-5.67195e-05	-8.67271e-05	0
17300	-6.02804e-05	-8.64318e-05	0
17310	-6.35226e-05	-8.42214e-05	0
17320	-6.58235e-05	-8.15439e-05	0
17330	-6.66086e-05	-8.06838e-05	0
17340	-6.67072e-05	-7.86006e-05	0
17350	-6.71167e-05	-7.49556e-05	0
17360	-6.72045e-05	-6.96488e-05	0
17370	-6.69289e-05	-6.27991e-05	0
17380	-6.66577e-05	-5.47577e-05	0
17390	-6.61444e-05	-4.52098e-05	0
17400	-6.52474e-05	-3.44438e-05	0
17410	-6.39531e-05	-2.20555e-05	0
17420	-6.28756e-05	-8.2737e-06	0
17430	-6.20267e-05	6.50359e-06	0
17440	-6.06858e-05	2.10979e-05	0
17450	-5.88763e-05	3.49895e-05	0
17460	-5.63162e-05	5.09192e-05	0
17470	-5.41278e-05	7.37476e-05	0
17480	-5.14833e-05	9.46797e-05	0
17490	-4.81625e-05	0.000115973	0
17500	-4.44646e-05	0.000134477	0
17510	-4.04357e-05	0.000149691	0
17520	-3.61318e-05	0.000161228	0
17530	-3.16711e-05	0.000168825	0
17540	-2.7151e-05	0.000172308	0
17550	-2.26181e-05	0.000171504	0
17560	-1.80954e-05	0.000166401	0
17570	-1.35566e-05	0.000157154	0
17580	-9.01212e-06	0.000143956	0
17590	-4.33842e-06	0.000127181	0
17600	1.8941e-06	0.000111482	0
17610	7.33791e-06	0.000114544	0
17620	1.08609e-05	0.000117816	0
17630	1.40754e-05	0.000120525	0
17640	1.79316e-05	0.000118636	0
17650	2.1501e-05	0.000117376	0
17660	2.52795e-05	0.000110764	0
17670	2.65098e-05	9.88171e-05	0
17680	2.76454e-05	8.8287e-05	0
17690	2.80333e-05	7.19988e-05	0
17700	2.70953e-05	5.51543e-05	0
17710	2.62055e-05	3.74379e-05	0
17720	2.33023e-05	2.64069e-05	0
17730	1.94972e-05	1.47092e-05	0
17740	1.48381e-05	3.29576e-06	0
17750	8.94405e-06	-5.21881e-06	0
17760	1.96911e-06	-2.48484e-05	0
17770	-5.74102e-06	-4.41191e-05	0
17780	-1.30879e-05	-6.12085e-05	0
17790	-1.9736e-05	-7.48914e-05	0
17800	-2.39917e-05	-8.5064e-05	0
17810	-2.61092e-05	-9.26763e-05	0
17820	-2.56913e-05	-9.60749e-05	0
17830	-2.36427e-05	-9.58335e-05	0
17840	-2.1706e-05	-9.26905e-05	0
17850	-2.11879e-05	-8.87663e-05	0
17860	-2.13852e-05	-8.42078e-05	0
17870	-2.02362e-05	-7.91598e-05	0
17880	-2.11018e-05	-7.85351e-05	0
17890	-1.86637e-05	-8.12843e-05	0
17900	-1.60892e-05	-8.33614e-05	0
17910	-1.43812e-05	-8.51944e-05	0
17920	-1.21619e-05	-8.71017e-05	0
17930	-1.02777e-05	-8.84984e-05	0
17940	-8.51972e-06	-8.88738e-05	0
17950	-6.70599e-06	-8.74603e-05	0
17960	-4.53891e-06	-8.51595e-05	0
17970	-2.10119e-06	-8.49271e-05	0
17980	1.01293e-06	-8.7116e-05	0
17990	4.64288e-06	-9.13787e-05	0
18000	8.88711e-06	-9.70914e-05	0
