0	0	0	0
100	-0.00763717	0.00440953	0
200	-0.0161342	0.00275286	0
300	-0.0225929	-0.00197076	0
400	-0.0227645	-0.0029552	0
500	-0.0191561	-0.00735455	0
600	-0.0134137	-0.0101876	0
700	-0.00946229	-0.00345334	0
800	-0.00989812	-0.001925	0
900	-0.0115237	-0.0058589	0
1000	-0.0114043	-0.00715753	0
1100	-0.0103187	-0.00545648	0
1200	-0.0107758	-0.00504852	0
1300	-0.012655	-0.00528265	0
1400	-0.0147937	-0.0061007	0
1500	-0.0174008	-0.00734092	0
1600	-0.0195179	-0.00828892	0
1700	-0.0201915	-0.00922261	0
1800	-0.0190191	-0.00758062	0
1900	-0.0166853	-0.0040209	0
2000	-0.014296	-0.00195652	0
2100	-0.012635	-0.00198576	0
2200	-0.0119453	-0.00273753	0
2300	-0.0125315	-0.00456927	0
2400	-0.0140223	-0.00700053	0
2500	-0.0153696	-0.00808371	0
2600	-0.0160982	-0.00717325	0
2700	-0.0167279	-0.00604429	0
2800	-0.0177928	-0.00593331	0
2900	-0.0193431	-0.00635371	0
3000	-0.0207177	-0.00591999	0
3100	-0.0212216	-0.00422613	0
3200	-0.0211318	-0.00212919	0
3300	-0.0209218	-0.00104665	0
3400	-0.0189524	-0.00133812	0
3500	-0.0152523	0.000970884	0
3600	-0.0118476	0.00110627	0
3700	-0.00973149	-0.00463567	0
3800	-0.00996362	-0.00796571	0
3900	-0.0110652	-0.00638253	0
4000	-0.011987	-0.00478923	0
4100	-0.0159973	-0.00686409	0
4200	-0.0228319	-0.00890971	0
4300	-0.0302654	-0.00649039	0
4400	-0.035815	-0.00191175	0
4500	-0.0371326	-0.00332823	0
4600	-0.0347654	-0.00657532	0
4700	-0.0310638	-0.00226755	0
4800	-0.0291347	-0.00121555	0
4900	-0.0292813	-0.00476333	0
5000	-0.0302262	-0.0100413	0
5100	-0.0305017	-0.014905	0
5200	-0.0299614	-0.0164266	0
5300	-0.0284389	-0.0139926	0
5400	-0.0268797	-0.0131073	0
5500	-0.0267064	-0.0112275	0
5600	-0.0286364	-0.00716391	0
5700	-0.0313576	-0.00504323	0
5800	-0.0335623	-0.00422357	0
5900	-0.0345308	-0.00420541	0
6000	-0.0336067	-0.0068051	0
6100	-0.0323464	-0.00725486	0
6200	-0.0316607	-0.00463925	0
6300	-0.0306442	-0.00302471	0
6400	-0.0299249	-0.00520681	0
6500	-0.0291516	-0.00967662	0
6600	-0.02705	-0.0106678	0
6700	-0.0243464	-0.0084426	0
6800	-0.0221461	-0.00808792	0
6900	-0.0214707	-0.0026762	0
7000	-0.0201059	-0.00417368	0
7100	-0.0192688	-0.00942042	0
7200	-0.0168938	-0.0104929	0
7300	-0.0109217	-0.0111722	0
7400	-0.00661812	-0.0128234	0
7500	-0.00546864	-0.0111856	0
7600	-0.00260831	-0.00917889	0
7700	-0.00192057	-0.00661681	0
7800	-0.00533034	4.73031e-05	0
7900	-0.00887289	0.00188791	0
8000	-0.0100487	0.00144721	0
8100	-0.00828953	0.00631931	0
8200	-0.0015021	-0.00253572	0
8300	0.0143692	-0.000749594	0
8400	0.0163885	0.00763091	0
8500	0.011825	0.00368779	0
8600	0.0109864	0.00115354	0
8700	0.00586062	-0.000558369	0
8800	0.00391436	0.00473927	0
8900	0.0117773	0.0128846	0
9000	0.0141383	0.0134472	0
9100	0.00803261	0.0111355	0
9200	-0.00193654	-0.0129479	0
9300	-0.0120226	-0.00947089	0
9400	-0.016074	0.00142933	0
9500	-0.0106624	-0.00535882	0
9600	-0.00313885	-0.00743858	0
9700	0.00225675	0.00108117	0
9800	0.00454629	0.00406736	0
9900	0.00508719	-0.00302921	0
10000	0.00342844	-0.00166454	0
10100	0.00211516	4.55056e-05	0
10200	0.00357853	0.00241265	0
10300	0.00511936	0.00500012	0
10400	0.00492614	0.00501715	0
10500	0.00477239	0.00776219	0
10600	0.0061094	-0.00204608	0
10700	-0.00491161	0.00920799	0
10800	-0.00864596	0.00503597	0
10900	-0.00155564	-0.00705996	0
11000	-0.000255685	0.0117405	0
11100	-0.00218012	0.00564085	0
11200	-0.00210517	-0.00454915	0
11300	-0.00278571	-0.00109719	0
11400	-0.00899304	6.35717e-05	0
11500	-0.0136457	-0.00653408	0
11600	-0.0131617	-0.00715846	0
11700	-0.00767036	0.000273976	0
11800	-0.00226869	-0.0082762	0
11900	-0.000832213	-0.00264568	0
12000	0.00378985	-0.0027833	0
12100	0.00576388	0.00463219	0
12200	0.00236487	0.00132163	0
12300	0.003202	-0.003211	0
12400	0.00274244	-0.00462891	0
12500	0.00185342	-0.00907458	0
12600	-0.00537902	0.00087558	0
12700	-0.0048458	-0.00802805	0
12800	-0.00329295	-0.00823446	0
12900	-0.00511113	-0.00396296	0
13000	-0.00325658	-0.0049846	0
13100	0.00138282	-0.000246868	0
13200	0.0018786	-0.00208745	0
13300	-0.00182435	-0.00368015	0
13400	-0.00296478	-0.00234728	0
13500	0.00141262	-0.00213407	0
13600	-0.000989447	0.000736269	0
13700	-0.00361785	-0.0016614	0
13800	0.00118378	0.00212748	0
13900	-0.00100846	0.0014605	0
14000	-0.0017107	-0.00266409	0
14100	-0.000104276	-0.000587004	0
14200	-0.0022105	0.00258624	0
14300	-0.00470236	0.00197296	0
14400	-0.00234511	0.00105234	0
14500	0.000936694	-0.00480939	0
14600	0.00199462	-0.000736617	0
14700	0.000487325	-0.000937027	0
14800	0.00110001	-0.00437687	0
14900	-0.00167898	-0.000938434	0
15000	-0.00312153	0.000785785	0
15100	0.000344871	-0.00107516	0
15200	0.0018013	0.000371278	0
15300	-0.000925106	-0.00417429	0
15400	-0.00219702	0.0028555	0
15500	-0.00124951	-0.000182293	0
15600	0.00181066	-0.00192735	0
15700	0.00196182	-0.000324649	0
15800	0.000433009	-5.59385e-05	0
15900	-0.000735504	-0.00208359	0
16000	-0.00175884	-0.00571023	0
16100	-0.0016729	-0.000533198	0
16200	-0.000182588	0.00233741	0
16300	0.00295291	-0.00250694	0
16400	0.00176735	-0.00182951	0
16500	-0.00159044	0.00157853	0
16600	-0.00037107	-0.00031138	0
16700	0.000159513	-0.00335575	0
16800	-0.000619625	-0.00140659	0
16900	0.000411696	0.00352214	0
17000	-0.000194436	0.00106567	0
17100	0.00141611	0.000941424	0
17200	0.00216928	-0.000465448	0
17300	0.000232419	-0.00363142	0
17400	0.000631834	-0.00176532	0
17500	0.000832836	-0.000292612	0
17600	-0.000160795	0.000102023	0
17700	0.000330055	-0.000243549	0
17800	-0.000642115	0.000479487	0
17900	-0.00161647	-0.000360115	0
18000	-0.00215537	-0.00334986	0
18100	-0.00194271	0.00080051	0
18200	0.000459925	0.0023852	0
18300	0.00310354	-0.00233863	0
18400	0.00161165	-0.000129609	0
18500	0.000226728	-0.00299506	0
18600	-5.0157e-06	0.000815558	0
18700	-0.000883499	-0.000301622	0
18800	0.000779379	1.12641e-05	0
18900	0.00137098	-1.86894e-05	0
19000	-0.000221538	-0.000348176	0
19100	0.000314004	0.00014936	0
19200	0.000962354	-0.000124076	0
19300	0.000144092	-0.000219727	0
19400	-0.000240744	4.71207e-05	0
19500	-0.000837753	0.00289515	0
19600	-0.000789245	0.00323499	0
19700	-0.000284013	-0.00160074	0
19800	-0.000535458	-0.000325045	0
19900	-0.000352122	0.000663885	0
20000	0.000497147	-0.000579974	0
20100	-0.000174702	-0.00104846	0
20200	-0.00101496	-0.000193135	0
20300	-4.92409e-05	0.000228703	0
20400	0.000598384	0.000358157	0
20500	0.000644264	-0.00120785	0
20600	-0.000212594	1.36567e-05	0
20700	-0.00131693	0.00146899	0
20800	-0.00175313	-0.000109807	0
20900	-0.00225077	-0.00141145	0
21000	-0.00128841	-0.000117516	0
21100	0.000263749	-0.00224084	0
21200	0.00116815	0.000145622	0
21300	0.00121431	0.0021849	0
21400	0.00128438	-0.00202032	0
21500	-0.000351378	-0.00019878	0
21600	-0.000651306	0.000281049	0
21700	-8.56699e-05	-0.00149156	0
21800	-0.0017739	0.000118107	0
21900	-0.00141685	0.00275904	0
22000	-0.0032084	0.000342281	0
22100	-0.00227536	-0.0038206	0
22200	-0.0015502	-0.00163495	0
22300	-7.03629e-05	4.1759e-05	0
22400	0.0014057	-0.00212328	0
22500	-0.00058238	0.00179133	0
22600	-0.00104666	-0.00129549	0
22700	-0.000339142	0.000306138	0
22800	-0.000488567	0.000507164	0
22900	2.29035e-05	-0.00131436	0
23000	6.44339e-05	0.00277436	0
23100	0.000145132	0.00460443	0
23200	-0.000845221	0.00240013	0
23300	-0.0019455	0.00178379	0
23400	-0.00117463	0.00228713	0
23500	-0.000196427	-0.00238082	0
23600	0.000101186	-0.00154104	0
23700	-0.000612574	0.000801423	0
23800	-0.00104622	0.000903547	0
23900	-0.000482677	-0.000162028	0
24000	0.00026719	-0.00031692	0
24100	-0.000764261	0.000106935	0
24200	-0.00154204	-0.00125682	0
24300	-0.000559709	-0.00184042	0
24400	-0.000693556	0.00249566	0
24500	-0.000738938	-0.00257998	0
24600	0.00060845	0.00040059	0
24700	7.0953e-05	-0.00154851	0
24800	-0.000316442	0.00081976	0
24900	-0.000834575	0.000897259	0
25000	0.000295095	-4.45383e-05	0
25100	-0.000204612	0.000170076	0
25200	-0.000604313	-0.000228808	0
25300	-0.000632198	-0.00114018	0
25400	0.000245736	9.83961e-05	0
25500	0.000244063	-0.00144821	0
25600	-0.000107656	-0.001288	0
25700	-0.000186626	-0.000632592	0
25800	-0.000198338	0.000546707	0
25900	0.000285227	-0.000636847	0
26000	0.000452454	-0.0008645	0
26100	4.88409e-08	0.000219328	0
26200	7.30775e-05	-0.000214746	0
26300	0.000416846	-0.000561328	0
26400	-1.83112e-05	0.000436064	0
26500	-0.000645436	0.000701506	0
26600	-0.00026632	-0.000336528	0
26700	-0.00025472	-0.000511757	0
26800	-0.000202043	-0.00137829	0
26900	0.00100474	0.000705813	0
27000	0.000445489	-0.000843031	0
27100	-5.13782e-05	-0.000367742	0
27200	0.000924754	-0.00137127	0
27300	0.000667166	-0.000531891	0
27400	-0.00100137	0.000702479	0
27500	-0.000603763	-0.000650452	0
27600	-0.000186095	-0.000407997	0
27700	0.000269115	0.000612915	0
27800	0.000276876	-0.000154995	0
27900	0.000498157	-0.000908875	0
28000	0.000309953	-0.000858045	0
28100	6.1678e-05	-0.000128705	0
28200	0.000156709	0.00038582	0
28300	0.000379544	2.21155e-06	0
28400	0.000705201	-0.00101956	0
28500	0.000402688	-6.06083e-05	0
28600	8.24657e-05	-0.000168379	0
28700	0.000225754	-0.000463668	0
28800	0.00027141	-0.000127606	0
28900	-1.53305e-05	3.86461e-05	0
29000	-0.000405539	-0.000661649	0
29100	-0.000125983	-4.09196e-05	0
29200	0.000517221	-0.000502953	0
29300	0.000882547	-0.000134367	0
29400	0.000642211	-0.00107669	0
29500	0.000837674	0.000519169	0
29600	-0.000574496	0.00153203	0
29700	-0.00047615	-0.00254841	0
29800	0.000507306	0.00167153	0
29900	0.000627055	-0.0020329	0
30000	0.000375374	-5.97721e-05	0
30100	-0.000750319	-0.00111531	0
30200	0.000420487	0.000172068	0
30300	0.000581971	-0.000446633	0
30400	0.00049888	-0.00034565	0
30500	-0.000356855	-0.000253141	0
30600	0.000101389	-0.000497743	0
30700	0.000634715	-0.000426449	0
30800	0.000495898	-0.000129761	0
30900	0.000849791	0.000309309	0
31000	0.000813841	-0.00253367	0
31100	-0.000718654	0.00133651	0
31200	-0.000235919	-0.00156927	0
31300	0.000919842	0.000277171	0
31400	0.000528355	-0.00183495	0
31500	-0.00047069	0.000235822	0
31600	-0.000752758	-0.00159896	0
31700	0.000465186	0.00244443	0
31800	0.000648865	-0.000770424	0
31900	0.000410646	-1.21545e-05	0
32000	-0.000372053	-0.000888875	0
32100	0.000425976	-0.000241321	0
32200	0.000442938	-0.000361299	0
32300	-0.000199075	-0.00052738	0
32400	-6.24362e-05	-0.0011144	0
32500	0.000399913	-0.00051192	0
32600	0.000335342	-0.000535615	0
32700	0.000236491	-0.000533727	0
32800	0.000185018	-0.000390003	0
32900	7.72302e-05	-0.000174756	0
33000	0.000255673	-0.000563634	0
33100	0.00023539	-0.000350665	0
33200	9.33013e-05	-0.000442	0
33300	0.000201421	-0.00050684	0
33400	0.000307863	-0.000409051	0
33500	0.000337014	-0.000438426	0
33600	0.000345857	-0.000420511	0
33700	0.000346736	-8.55489e-05	0
33800	0.000218507	-0.000292611	0
33900	0.000190108	-0.00065004	0
34000	0.000178612	-0.000448354	0
34100	0.000183105	-0.000400514	0
34200	0.000207155	-0.000397485	0
34300	0.00020139	-0.000216432	0
34400	0.000157027	-0.000440597	0
34500	0.000290788	-0.000508735	0
34600	0.000299723	-0.000547004	0
34700	0.000320644	-0.00045947	0
34800	0.00037492	-0.000396445	0
34900	0.000351929	-0.000420828	0
35000	0.000325868	-0.000430509	0
35100	0.00024135	-0.000487515	0
35200	-4.51048e-06	-0.000447145	0
35300	0.000258269	-0.00033433	0
35400	0.000495808	-0.000487211	0
35500	0.000325741	-0.000456433	0
35600	0.000303917	-0.000459863	0
35700	0.000370646	-0.000349237	0
35800	0.000382183	-0.00038248	0
35900	0.00036874	-0.000475726	0
36000	8.02314e-05	-0.000668485	0
36100	0.000341973	-0.000746913	0
36200	-3.46384e-05	-0.000928869	0
36300	0.000730299	-0.000576034	0
36400	0.000769937	-9.64426e-05	0
36500	0.000161447	-0.000323898	0
36600	0.000174255	-0.000161049	0
36700	0.00010944	-0.00054922	0
36800	0.000321474	-0.000365052	0
36900	0.000417256	-0.0005379	0
37000	0.000329081	-0.00058787	0
37100	0.000407605	-0.000418458	0
37200	0.000486577	-0.000419149	0
37300	0.000444394	-0.000414512	0
37400	0.00040297	-0.000425672	0
37500	0.000394893	-0.000416725	0
37600	0.000378444	-0.00047495	0
37700	0.000367027	-0.000486054	0
37800	0.000384244	-0.000474099	0
37900	0.000407874	-0.000421405	0
38000	0.000432251	-0.000407748	0
38100	0.00042406	-0.000451817	0
38200	0.000410037	-0.000491729	0
38300	0.000409397	-0.000416213	0
38400	0.000423968	-0.000425382	0
38500	0.000393929	-0.000484533	0
38600	0.000319355	-0.000468823	0
38700	0.000420934	-0.000117916	0
38800	0.000410912	-0.000322722	0
38900	0.0003995	-0.000499134	0
39000	0.00041871	-0.000425688	0
39100	0.000409346	-0.000443019	0
39200	0.000418175	-0.000429585	0
39300	0.000424369	-0.000421852	0
39400	0.000431251	-0.000417562	0
39500	0.000427836	-0.00042085	0
39600	0.000419041	-0.000419887	0
39700	0.000419562	-0.00042207	0
39800	0.000421298	-0.000418714	0
39900	0.000423621	-0.000414917	0
40000	0.000419995	-0.000417918	0
40100	0.00041704	-0.000403415	0
40200	0.000424673	-0.000411836	0
40300	0.000421373	-0.000403586	0
40400	0.000430038	-0.000416677	0
40500	0.000431564	-0.000415301	0
40600	0.000433336	-0.000416751	0
40700	0.000435726	-0.000417957	0
40800	0.000435678	-0.000417789	0
40900	0.000437667	-0.000416581	0
41000	0.00043846	-0.000415336	0
41100	0.000438694	-0.000415687	0
41200	0.000438978	-0.000416209	0
41300	0.000439752	-0.000416803	0
41400	0.000439353	-0.00041275	0
41500	0.00043954	-0.000413735	0
41600	0.000438807	-0.000412376	0
41700	0.000435889	-0.000406317	0
41800	0.000437509	-0.00040806	0
41900	0.000441548	-0.000411991	0
42000	0.000443077	-0.000408218	0
42100	0.00044756	-0.000412899	0
42200	0.000450451	-0.00041513	0
42300	0.000450764	-0.000415275	0
42400	0.000450611	-0.000415545	0
42500	0.000450856	-0.000415695	0
42600	0.000450766	-0.000415868	0
42700	0.000451318	-0.0004155	0
42800	0.00045076	-0.000415386	0
42900	0.000448488	-0.000415231	0
43000	0.00044953	-0.00041574	0
43100	0.0004498	-0.000415436	0
43200	0.00044787	-0.000415422	0
43300	0.00044728	-0.000415694	0
43400	0.000447701	-0.000415105	0
43500	0.000446095	-0.000416763	0
43600	0.000444934	-0.000416265	0
43700	0.000445415	-0.000417858	0
43800	0.000443158	-0.000416784	0
43900	0.000442312	-0.000417583	0
44000	0.00044275	-0.000418865	0
44100	0.000440963	-0.000417912	0
44200	0.000442628	-0.00041841	0
44300	0.000442187	-0.000415495	0
44400	0.00044068	-0.000416119	0
44500	0.000438623	-0.000417681	0
44600	0.000437177	-0.000417873	0
44700	0.000435827	-0.000418659	0
44800	0.000435799	-0.000416779	0
44900	0.000435814	-0.000417405	0
45000	0.00043522	-0.000418111	0
45100	0.000434269	-0.000417647	0
45200	0.000433553	-0.000419378	0
45300	0.000432104	-0.000419216	0
45400	0.000432158	-0.000419458	0
45500	0.000432359	-0.000419448	0
45600	0.000431775	-0.000419497	0
45700	0.000431195	-0.000419408	0
45800	0.000430641	-0.000419186	0
45900	0.000429941	-0.000419472	0
46000	0.000428928	-0.000419528	0
46100	0.000428416	-0.000420006	0
46200	0.000427323	-0.000419814	0
46300	0.000426806	-0.000419978	0
46400	0.000426169	-0.000420258	0
46500	0.000425563	-0.000420272	0
46600	0.000425095	-0.000420352	0
46700	0.000424896	-0.000420446	0
46800	0.000424362	-0.000420478	0
46900	0.000423845	-0.000420371	0
47000	0.000423646	-0.000420457	0
47100	0.000423302	-0.000420537	0
47200	0.000422941	-0.000420384	0
47300	0.000422603	-0.000420564	0
47400	0.000422017	-0.000420726	0
47500	0.000421567	-0.000420835	0
47600	0.000421143	-0.000420897	0
47700	0.000420987	-0.00042094	0
47800	0.000420859	-0.000420962	0
47900	0.000420148	-0.000420922	0
48000	0.000419995	-0.000420998	0
48100	0.000419545	-0.000420911	0
48200	0.00041894	-0.000420941	0
48300	0.000418674	-0.00042094	0
48400	0.000418329	-0.000420946	0
48500	0.000417614	-0.000420966	0
48600	0.000416909	-0.000421094	0
48700	0.000416282	-0.00042121	0
48800	0.000415736	-0.000421156	0
48900	0.000415536	-0.00042133	0
49000	0.00041525	-0.00042125	0
49100	0.000414857	-0.00042143	0
49200	0.000414802	-0.000421517	0
49300	0.000414261	-0.000421531	0
49400	0.000413906	-0.000421641	0
49500	0.000413752	-0.000421607	0
49600	0.000413264	-0.000421581	0
49700	0.000412978	-0.000421638	0
49800	0.000412606	-0.000421724	0
49900	0.000412335	-0.000421706	0
50000	0.00041218	-0.000421702	0
