0	0	0	0
10	-2.42498e-16	1.45576e-11	-2.9475e-17
20	3.8349e-14	6.00106e-10	3.0818e-13
30	3.46775e-13	3.58264e-09	3.12002e-12
40	8.9823e-13	1.12286e-08	8.90885e-12
50	1.86046e-12	2.45963e-08	1.80925e-11
60	3.76864e-12	4.15042e-08	3.12033e-11
70	7.8079e-12	5.46006e-08	4.88547e-11
80	1.62119e-11	5.03847e-08	7.18355e-11
90	3.26314e-11	8.72938e-09	1.00213e-10
100	6.10344e-11	-9.7156e-08	1.33677e-10
110	1.0804e-10	-2.99793e-07	1.70927e-10
120	1.87353e-10	-6.34891e-07	2.08946e-10
130	3.23623e-10	-1.13527e-06	2.43272e-10
140	5.63859e-10	-1.82477e-06	2.77402e-10
150	9.81808e-10	-2.71571e-06	3.1518e-10
160	1.67562e-09	-3.80748e-06	3.16419e-10
170	2.76643e-09	-5.08621e-06	2.43797e-10
180	4.39108e-09	-6.52469e-06	5.20323e-11
190	6.70356e-09	-8.08221e-06	-3.43015e-10
200	9.86252e-09	-9.70567e-06	-1.06419e-09
210	1.40112e-08	-1.13324e-05	-2.27573e-09
220	1.92125e-08	-1.28931e-05	-4.19967e-09
230	2.54982e-08	-1.43147e-05	-7.08396e-09
240	3.28842e-08	-1.55248e-05	-1.11741e-08
250	4.12635e-08	-1.64563e-05	-1.67237e-08
260	5.03378e-08	-1.7053e-05	-2.40067e-08
270	5.95345e-08	-1.72734e-05	-3.33583e-08
280	6.79699e-08	-1.70943e-05	-4.52132e-08
290	7.46362e-08	-1.65134e-05	-6.00762e-08
300	7.891e-08	-1.5551e-05	-7.84624e-08
310	8.45199e-08	-1.43379e-05	-8.7113e-08
320	9.30985e-08	-1.31277e-05	-9.32545e-08
330	1.00557e-07	-1.19334e-05	-1.02616e-07
340	1.06803e-07	-1.07436e-05	-1.1543e-07
350	1.11275e-07	-9.55965e-06	-1.3451e-07
360	1.14963e-07	-8.40361e-06	-1.69803e-07
370	1.17956e-07	-7.31462e-06	-2.25267e-07
380	1.18936e-07	-6.33571e-06	-3.02697e-07
390	1.17762e-07	-5.50642e-06	-4.02369e-07
400	1.15278e-07	-4.8582e-06	-5.24408e-07
410	1.10465e-07	-4.41124e-06	-6.67931e-07
420	1.05082e-07	-4.16444e-06	-8.25661e-07
430	1.01024e-07	-4.01561e-06	-9.86573e-07
440	1.02147e-07	-3.93656e-06	-1.13579e-06
450	1.10947e-07	-3.92837e-06	-1.26094e-06
460	1.37452e-07	-3.99463e-06	-1.35302e-06
470	1.88641e-07	-4.12947e-06	-1.40802e-06
480	2.70907e-07	-4.32306e-06	-1.42403e-06
490	3.84803e-07	-4.55514e-06	-1.40549e-06
500	5.25554e-07	-4.7562e-06	-1.36023e-06
510	6.96093e-07	-4.83623e-06	-1.3142e-06
520	9.0936e-07	-4.90134e-06	-1.2968e-06
530	1.20597e-06	-4.98687e-06	-1.30862e-06
540	1.63314e-06	-5.09837e-06	-1.35005e-06
550	2.2422e-06	-5.24139e-06	-1.43175e-06
560	3.08788e-06	-5.42289e-06	-1.56646e-06
570	4.22656e-06	-5.65133e-06	-1.77019e-06
580	5.71394e-06	-5.93958e-06	-2.0615e-06
590	7.60405e-06	-6.32881e-06	-2.45593e-06
600	9.94942e-06	-6.85383e-06	-2.97432e-06
610	1.28065e-05	-7.55133e-06	-3.63344e-06
620	1.62378e-05	-8.48051e-06	-4.44058e-06
630	2.03085e-05	-9.6982e-06	-5.40726e-06
640	2.50822e-05	-1.12503e-05	-6.53799e-06
650	3.06171e-05	-1.31748e-05	-7.83141e-06
660	3.69639e-05	-1.55091e-05	-9.28838e-06
670	4.41637e-05	-1.82892e-05	-1.09124e-05
680	5.22455e-05	-2.15499e-05	-1.27097e-05
690	6.1224e-05	-2.53242e-05	-1.46892e-05
700	7.10974e-05	-2.96435e-05	-1.68619e-05
710	8.18448e-05	-3.45371e-05	-1.92409e-05
720	9.34252e-05	-4.00322e-05	-2.18401e-05
730	0.000105776	-4.61535e-05	-2.46738e-05
740	0.000118813	-5.29236e-05	-2.77555e-05
750	0.000132428	-6.03619e-05	-3.10972e-05
760	0.000146495	-6.84855e-05	-3.47081e-05
770	0.000160868	-7.73083e-05	-3.85936e-05
780	0.000175384	-8.68414e-05	-4.2755e-05
790	0.00018987	-9.70928e-05	-4.7189e-05
800	0.000204144	-0.000108067	-5.18869e-05
810	0.000218021	-0.000119765	-5.68353e-05
820	0.000231319	-0.000132185	-6.20153e-05
830	0.000243867	-0.000145316	-6.74042e-05
840	0.000255504	-0.000159153	-7.29842e-05
850	0.000266095	-0.000173724	-7.87655e-05
860	0.000275527	-0.000188989	-8.47242e-05
870	0.000283718	-0.00020487	-9.08281e-05
880	0.00029062	-0.000221256	-9.70406e-05
890	0.000296218	-0.000238004	-0.000103319
900	0.00030053	-0.000254935	-0.000109613
910	0.000303611	-0.000271841	-0.000115866
920	0.00030555	-0.000288487	-0.000122011
930	0.000306468	-0.00030462	-0.000127973
940	0.000306515	-0.000319973	-0.00013367
950	0.00030586	-0.000334281	-0.000139015
960	0.000304681	-0.000347291	-0.00014392
970	0.000303155	-0.000358777	-0.000148298
980	0.000301445	-0.000368554	-0.000152065
990	0.000299694	-0.000376493	-0.00015515
1000	0.000298012	-0.000382528	-0.000157493
1010	0.000296474	-0.000386667	-0.000159049
1020	0.000295108	-0.000388984	-0.000159791
1030	0.000293904	-0.000389631	-0.000159707
1040	0.000292807	-0.000388822	-0.000158809
1050	0.000291735	-0.00038683	-0.000157127
1060	0.000290586	-0.000383965	-0.000154713
1070	0.000289251	-0.000380564	-0.000151638
1080	0.000287632	-0.000376973	-0.000147991
1090	0.000285649	-0.000373525	-0.000143878
1100	0.000283257	-0.000370527	-0.000139414
1110	0.000280455	-0.000368249	-0.000134724
1120	0.000277289	-0.000366916	-0.000129936
1130	0.000273858	-0.000366696	-0.000125177
1140	0.000270308	-0.000367703	-0.000120567
1150	0.000266822	-0.000369987	-0.000116215
1160	0.000263612	-0.000373541	-0.000112212
1170	0.000260905	-0.000378304	-0.000108633
1180	0.000258928	-0.000384169	-0.000105527
1190	0.00025789	-0.000390996	-0.000102927
1200	0.000257969	-0.000398619	-0.000100839
1210	0.000259304	-0.000406867	-9.9253e-05
1220	0.000261969	-0.000415569	-9.81356e-05
1230	0.000265979	-0.000424561	-9.7438e-05
1240	0.000271288	-0.000433701	-9.70998e-05
1250	0.000277791	-0.000442896	-9.70549e-05
1260	0.000285342	-0.000452137	-9.72407e-05
1270	0.000293748	-0.000461487	-9.76026e-05
1280	0.000302796	-0.000471082	-9.80992e-05
1290	0.000312282	-0.000481153	-9.87109e-05
1300	0.000322021	-0.000491877	-9.9409e-05
1310	0.000331887	-0.000503411	-0.000100209
1320	0.000341783	-0.000515835	-0.000101137
1330	0.000351619	-0.000529144	-0.000102208
1340	0.00036131	-0.000543135	-0.000103296
1350	0.000370775	-0.000557706	-0.000104409
1360	0.000379938	-0.000572761	-0.000105585
1370	0.000388724	-0.000588175	-0.000106851
1380	0.000397065	-0.000603793	-0.000108218
1390	0.000404906	-0.000619542	-0.000109611
1400	0.0004122	-0.000635226	-0.000110978
1410	0.000418905	-0.000650561	-0.000112286
1420	0.000424989	-0.000665249	-0.000113487
1430	0.000430424	-0.000679039	-0.000114512
1440	0.00043519	-0.000691614	-0.000115301
1450	0.000439275	-0.000702655	-0.000115795
1460	0.000442671	-0.000711863	-0.000115944
1470	0.000445382	-0.000718975	-0.000115708
1480	0.000447418	-0.000723775	-0.000115058
1490	0.000448806	-0.000726103	-0.000113981
1500	0.000449584	-0.00072586	-0.000112481
1510	0.000449806	-0.00072302	-0.000110582
1520	0.000449534	-0.000717631	-0.000108323
1530	0.000448848	-0.000709824	-0.000105764
1540	0.000447835	-0.000699812	-0.000102979
1550	0.000446593	-0.000687875	-0.000100052
1560	0.000445224	-0.000674352	-9.70734e-05
1570	0.00044383	-0.000659621	-9.41334e-05
1580	0.000442512	-0.000644086	-9.13187e-05
1590	0.000441365	-0.00062816	-8.87077e-05
1600	0.000440475	-0.00061224	-8.63656e-05
1610	0.000439916	-0.000596691	-8.43423e-05
1620	0.000439745	-0.000581828	-8.26712e-05
1630	0.000440004	-0.000567902	-8.13712e-05
1640	0.000440713	-0.000555097	-8.04486e-05
1650	0.000441873	-0.000543525	-7.9897e-05
1660	0.000443471	-0.000533221	-7.96985e-05
1670	0.000445474	-0.000524153	-7.98289e-05
1680	0.000447838	-0.000516239	-8.02646e-05
1690	0.00045051	-0.000509353	-8.09822e-05
1700	0.000453433	-0.000503357	-8.19616e-05
1710	0.000456552	-0.000498114	-8.31897e-05
1720	0.000459814	-0.000493497	-8.466e-05
1730	0.000463169	-0.000489401	-8.63739e-05
1740	0.000466565	-0.000485743	-8.83445e-05
1750	0.000469953	-0.000482479	-9.05922e-05
1760	0.000473299	-0.000479613	-9.31395e-05
1770	0.000476584	-0.000477187	-9.60078e-05
1780	0.000479798	-0.000475267	-9.92147e-05
1790	0.000482942	-0.000473937	-0.000102771
1800	0.000486029	-0.000473301	-0.00010668
1810	0.000489086	-0.000473454	-0.000110934
1820	0.000492144	-0.000474466	-0.000115504
1830	0.000495242	-0.000476368	-0.000120343
1840	0.000498426	-0.000479146	-0.000125384
1850	0.000501742	-0.000482732	-0.000130543
1860	0.000505235	-0.000487006	-0.000135719
1870	0.000508951	-0.000491798	-0.000140803
1880	0.000512927	-0.000496896	-0.000145678
1890	0.000517188	-0.000502059	-0.000150229
1900	0.00052175	-0.000507028	-0.000154351
1910	0.000526613	-0.000511549	-0.000157951
1920	0.000531762	-0.000515391	-0.000160954
1930	0.000537169	-0.000518372	-0.000163308
1940	0.000542796	-0.00052037	-0.000164984
1950	0.000548596	-0.000521331	-0.000165981
1960	0.000554513	-0.000521274	-0.000166326
1970	0.000560482	-0.000520294	-0.000166072
1980	0.000566428	-0.000518559	-0.000165293
1990	0.000572279	-0.000516299	-0.000164086
2000	0.000577958	-0.000513793	-0.000162555
2010	0.000583395	-0.000511351	-0.00016081
2020	0.000588528	-0.000509272	-0.000158964
2030	0.000593304	-0.000507818	-0.000157123
2040	0.000597682	-0.000507268	-0.000155379
2050	0.000601625	-0.000507924	-0.000153816
2060	0.000605091	-0.000510018	-0.000152553
2070	0.000608126	-0.000513721	-0.000151692
2080	0.0006108	-0.000519017	-0.000151223
2090	0.00061317	-0.000525786	-0.000151117
2100	0.000615299	-0.000533818	-0.000151326
2110	0.000617255	-0.000542825	-0.000151785
2120	0.000619109	-0.000552469	-0.000152419
2130	0.000620935	-0.000562379	-0.000153148
2140	0.000622803	-0.000572181	-0.000153894
2150	0.000624781	-0.000581528	-0.000154584
2160	0.000626932	-0.000590129	-0.000155158
2170	0.000629307	-0.000597768	-0.000155572
2180	0.000631945	-0.000604325	-0.000155802
2190	0.000634876	-0.000609787	-0.00015584
2200	0.000638111	-0.000614249	-0.0001557
2210	0.000641654	-0.000617904	-0.000155409
2220	0.000645489	-0.000621031	-0.000155014
2230	0.000649592	-0.00062397	-0.000154566
2240	0.000653928	-0.000627095	-0.000154127
2250	0.000658455	-0.000630779	-0.000153755
2260	0.000663126	-0.000635362	-0.000153506
2270	0.000667891	-0.000641126	-0.000153423
2280	0.000672703	-0.000648275	-0.000153535
2290	0.000677516	-0.000656915	-0.000153861
2300	0.000682286	-0.000667053	-0.000154399
2310	0.000686979	-0.0006786	-0.000155136
2320	0.000691565	-0.000691378	-0.000156041
2330	0.000696023	-0.00070513	-0.000157074
2340	0.000700336	-0.000719535	-0.000158187
2350	0.000704494	-0.000734236	-0.000159329
2360	0.00070849	-0.000748865	-0.000160446
2370	0.000712319	-0.00076307	-0.000161493
2380	0.000715976	-0.000776544	-0.00016243
2390	0.000719453	-0.000789043	-0.00016323
2400	0.000722737	-0.000800406	-0.000163877
2410	0.000725811	-0.00081056	-0.000164371
2420	0.00072865	-0.000819524	-0.000164723
2430	0.000731222	-0.000827401	-0.000164957
2440	0.000733488	-0.000834365	-0.000165105
2450	0.000735407	-0.00084064	-0.000165201
2460	0.000736934	-0.000846481	-0.000165282
2470	0.000738025	-0.000852154	-0.000165381
2480	0.000738639	-0.000857907	-0.000165523
2490	0.000738745	-0.000863948	-0.000165718
2500	0.00073832	-0.000870426	-0.000165969
2510	0.000737358	-0.000877409	-0.000166259
2520	0.00073587	-0.000884887	-0.000166562
2530	0.000733887	-0.000892767	-0.000166842
2540	0.000731464	-0.000900886	-0.000167055
2550	0.000728675	-0.000909018	-0.000167152
2560	0.00072561	-0.000916895	-0.000167087
2570	0.000722372	-0.000924222	-0.000166817
2580	0.000719071	-0.000930708	-0.000166315
2590	0.00071582	-0.000936086	-0.000165565
2600	0.000712731	-0.000940144	-0.000164572
2610	0.000709905	-0.000942735	-0.000163356
2620	0.000707433	-0.000943803	-0.000161957
2630	0.000705388	-0.000943389	-0.000160434
2640	0.000703822	-0.00094164	-0.000158858
2650	0.000702762	-0.00093879	-0.000157318
2660	0.000702215	-0.000935146	-0.00015591
2670	0.000702162	-0.000931072	-0.000154733
2680	0.00070257	-0.000926955	-0.000153884
2690	0.000703385	-0.00092318	-0.000153451
2700	0.000704544	-0.000920102	-0.000153503
2710	0.000705973	-0.00091802	-0.000154092
2720	0.000707596	-0.000917156	-0.000155248
2730	0.000709335	-0.00091764	-0.000156975
2740	0.000711118	-0.000919499	-0.000159251
2750	0.000712877	-0.000922659	-0.000162026
2760	0.000714539	-0.000926773	-0.000165081
2770	0.000716032	-0.000931424	-0.000168254
2780	0.000717386	-0.000936361	-0.000171463
2790	0.000718618	-0.00094131	-0.000174623
2800	0.000719736	-0.000946008	-0.000177666
2810	0.000720772	-0.000950234	-0.000180524
2820	0.000721781	-0.00095384	-0.000183122
2830	0.000722822	-0.000956656	-0.000185392
2840	0.00072395	-0.00095855	-0.000187282
2850	0.000725216	-0.000959448	-0.000188756
2860	0.000726662	-0.000959341	-0.000189793
2870	0.000728322	-0.000958283	-0.000190397
2880	0.000730219	-0.000956385	-0.000190587
2890	0.000732367	-0.000953807	-0.000190399
2900	0.000734766	-0.000950741	-0.000189879
2910	0.000737402	-0.0009474	-0.000189077
2920	0.000740251	-0.000944001	-0.000188049
2930	0.000743275	-0.000940752	-0.000186852
2940	0.00074643	-0.000937834	-0.000185541
2950	0.000749667	-0.000935395	-0.000184167
2960	0.000752932	-0.000933534	-0.00018278
2970	0.000756173	-0.0009323	-0.000181427
2980	0.000759342	-0.000931686	-0.000180145
2990	0.000762399	-0.000931636	-0.000178971
3000	0.000765311	-0.00093205	-0.000177933
3010	0.000768063	-0.000932797	-0.000177063
3020	0.000770648	-0.000933723	-0.000176388
3030	0.000773077	-0.000934668	-0.000175932
3040	0.000775369	-0.000935481	-0.000175722
3050	0.00077756	-0.000936027	-0.00017578
3060	0.000779686	-0.000936209	-0.000176133
3070	0.000781792	-0.000935965	-0.000176808
3080	0.000783923	-0.000935283	-0.000177827
3090	0.000786124	-0.000934185	-0.000179207
3100	0.000788433	-0.000932725	-0.000180961
3110	0.000790884	-0.000931001	-0.00018309
3120	0.000793503	-0.000929141	-0.000185583
3130	0.000796303	-0.000927295	-0.000188418
3140	0.00079929	-0.000925625	-0.000191562
3150	0.000802457	-0.000924292	-0.00019497
3160	0.000805784	-0.000923449	-0.000198586
3170	0.000809246	-0.00092322	-0.000202345
3180	0.000812808	-0.000923701	-0.00020617
3190	0.000816429	-0.000924947	-0.000209981
3200	0.000820065	-0.000926966	-0.000213693
3210	0.000823673	-0.000929723	-0.000217223
3220	0.000827218	-0.000933133	-0.000220489
3230	0.000830673	-0.000937069	-0.000223418
3240	0.000834019	-0.000941374	-0.000225944
3250	0.000837236	-0.000945873	-0.000228015
3260	0.00084031	-0.000950381	-0.000229596
3270	0.000843233	-0.000954717	-0.000230668
3280	0.000846	-0.000958707	-0.000231228
3290	0.000848612	-0.000962202	-0.000231292
3300	0.000851075	-0.000965081	-0.000230892
3310	0.000853395	-0.000967264	-0.000230071
3320	0.000855577	-0.00096871	-0.000228887
3330	0.000857628	-0.000969418	-0.000227403
3340	0.000859556	-0.000969424	-0.000225687
3350	0.000861367	-0.000968797	-0.000223806
3360	0.000863065	-0.000967635	-0.000221828
3370	0.000864651	-0.000966057	-0.000219815
3380	0.000866123	-0.000964197	-0.000217821
3390	0.000867476	-0.000962187	-0.000215894
3400	0.000868702	-0.000960154	-0.000214069
3410	0.000869793	-0.00095821	-0.000212374
3420	0.000870738	-0.000956449	-0.000210822
3430	0.000871526	-0.00095494	-0.000209423
3440	0.000872148	-0.000953723	-0.000208177
3450	0.000872596	-0.00095281	-0.000207081
3460	0.000872866	-0.000952187	-0.000206127
3470	0.000872957	-0.000951815	-0.000205309
3480	0.000872876	-0.000951633	-0.00020462
3490	0.000872642	-0.00095157	-0.000204053
3500	0.000872286	-0.000951544	-0.000203601
3510	0.000871854	-0.000951509	-0.000203284
3520	0.000871389	-0.000951366	-0.000203104
3530	0.000870921	-0.000951011	-0.000203062
3540	0.000870491	-0.000950498	-0.000203264
3550	0.00087015	-0.000949902	-0.000203732
3560	0.000869861	-0.000949288	-0.000204402
3570	0.000869585	-0.000948656	-0.000205254
3580	0.000869315	-0.000948002	-0.000206278
3590	0.000869044	-0.000947324	-0.000207467
3600	0.000868766	-0.000946629	-0.000208807
3610	0.000868464	-0.000945932	-0.000210284
3620	0.000868101	-0.000945239	-0.000211879
3630	0.000867675	-0.000944569	-0.000213576
3640	0.000867186	-0.000943945	-0.00021536
3650	0.000866636	-0.000943383	-0.000217217
3660	0.000866028	-0.000942899	-0.000219133
3670	0.000865366	-0.000942476	-0.000221092
3680	0.000864653	-0.000942166	-0.000223054
3690	0.000863894	-0.000942022	-0.000224983
3700	0.000863094	-0.000942092	-0.000226842
3710	0.000862262	-0.000942411	-0.000228594
3720	0.000861408	-0.000943003	-0.00023021
3730	0.000860546	-0.000943875	-0.000231664
3740	0.000859693	-0.000945014	-0.000232934
3750	0.000858867	-0.00094639	-0.000234008
3760	0.000858086	-0.000947956	-0.000234878
3770	0.00085737	-0.00094965	-0.000235546
3780	0.000856738	-0.000951401	-0.00023602
3790	0.000856205	-0.000953127	-0.000236319
3800	0.000855785	-0.000954746	-0.000236463
3810	0.000855487	-0.00095618	-0.000236482
3820	0.000855316	-0.00095736	-0.000236407
3830	0.000855269	-0.000958234	-0.000236271
3840	0.000855341	-0.000958767	-0.000236109
3850	0.000855518	-0.000958944	-0.000235952
3860	0.000855785	-0.000958774	-0.000235829
3870	0.000856119	-0.000958288	-0.000235765
3880	0.000856498	-0.000957539	-0.000235776
3890	0.000856894	-0.000956596	-0.000235876
3900	0.000857283	-0.000955538	-0.000236066
3910	0.000857638	-0.000954453	-0.000236344
3920	0.000857937	-0.000953431	-0.0002367
3930	0.000858159	-0.000952557	-0.00023712
3940	0.000858291	-0.000951903	-0.000237582
3950	0.000858321	-0.000951526	-0.000238063
3960	0.000858247	-0.000951465	-0.000238539
3970	0.000858069	-0.000951729	-0.000238983
3980	0.000857793	-0.000952302	-0.000239371
3990	0.000857429	-0.000953146	-0.000239682
4000	0.000856993	-0.0009542	-0.000239897
4010	0.0008565	-0.000955388	-0.000240002
4020	0.00085597	-0.000956626	-0.000239991
4030	0.000855422	-0.00095783	-0.000239865
4040	0.000854877	-0.000958922	-0.000239633
4050	0.000854352	-0.000959833	-0.000239307
4060	0.000853861	-0.000960514	-0.000238909
4070	0.000853415	-0.000960934	-0.000238466
4080	0.000853021	-0.000961085	-0.000238008
4090	0.000852682	-0.000960982	-0.000237568
4100	0.000852397	-0.000960663	-0.000237178
4110	0.00085216	-0.000960182	-0.000236871
4120	0.000851964	-0.000959608	-0.000236675
4130	0.000851797	-0.000959015	-0.000236616
4140	0.000851649	-0.000958482	-0.000236711
4150	0.000851509	-0.000958081	-0.000236973
4160	0.000851367	-0.000957872	-0.000237403
4170	0.000851218	-0.000957901	-0.000238001
4180	0.00085106	-0.000958195	-0.000238753
4190	0.000850895	-0.000958758	-0.000239643
4200	0.000850729	-0.000959577	-0.000240646
4210	0.000850574	-0.000960616	-0.000241735
4220	0.000850443	-0.000961824	-0.000242876
4230	0.000850352	-0.000963138	-0.000244037
4240	0.000850317	-0.000964486	-0.000245183
4250	0.000850352	-0.000965797	-0.000246281
4260	0.000850468	-0.000967	-0.000247299
4270	0.00085067	-0.000968037	-0.000248212
4280	0.000850962	-0.000968864	-0.000248997
4290	0.000851339	-0.000969452	-0.000249638
4300	0.000851791	-0.000969793	-0.000250122
4310	0.000852304	-0.000969896	-0.000250446
4320	0.000852855	-0.000969789	-0.00025061
4330	0.000853418	-0.00096954	-0.000250616
4340	0.000853964	-0.0009692	-0.000250478
4350	0.000854463	-0.000968798	-0.000250221
4360	0.00085488	-0.000968359	-0.000249876
4370	0.000855186	-0.00096798	-0.00024943
4380	0.000855387	-0.00096766	-0.000248916
4390	0.000855552	-0.000967326	-0.000248408
4400	0.000855729	-0.000966991	-0.000247927
4410	0.000855917	-0.000966662	-0.000247491
4420	0.000856116	-0.000966346	-0.000247125
4430	0.000856327	-0.000966044	-0.000246848
4440	0.000856549	-0.000965755	-0.000246674
4450	0.000856782	-0.00096542	-0.00024653
4460	0.000857024	-0.000965018	-0.000246383
4470	0.000857272	-0.000964598	-0.00024622
4480	0.000857525	-0.00096417	-0.000246036
4490	0.000857781	-0.000963735	-0.000245833
4500	0.000858041	-0.000963292	-0.000245619
4510	0.000858304	-0.00096285	-0.000245406
4520	0.000858571	-0.000962431	-0.000245205
4530	0.00085884	-0.000962064	-0.000245026
4540	0.000859105	-0.000961776	-0.000244876
4550	0.000859362	-0.000961592	-0.000244753
4560	0.000859602	-0.000961531	-0.000244653
4570	0.000859818	-0.000961603	-0.000244567
4580	0.000860004	-0.00096181	-0.000244479
4590	0.000860154	-0.000962149	-0.000244376
4600	0.000860266	-0.000962612	-0.000244244
4610	0.00086034	-0.000963181	-0.000244069
4620	0.00086038	-0.000963832	-0.000243837
4630	0.000860394	-0.000964533	-0.000243534
4640	0.000860397	-0.000965251	-0.000243149
4650	0.000860406	-0.000965951	-0.000242677
4660	0.000860442	-0.000966601	-0.000242113
4670	0.000860528	-0.000967172	-0.00024146
4680	0.000860692	-0.000967643	-0.000240727
4690	0.000860961	-0.000968003	-0.000239926
4700	0.000861357	-0.000968253	-0.000239077
4710	0.000861905	-0.000968406	-0.000238205
4720	0.000862623	-0.000968486	-0.000237337
4730	0.000863529	-0.000968528	-0.000236504
4740	0.000864635	-0.000968575	-0.00023574
4750	0.000865951	-0.000968677	-0.000235076
4760	0.000867483	-0.000968891	-0.000234541
4770	0.000869233	-0.000969273	-0.000234165
4780	0.000871197	-0.000969879	-0.000233975
4790	0.000873371	-0.000970765	-0.000233996
4800	0.000875746	-0.000971984	-0.000234249
4810	0.000878309	-0.000973576	-0.000234748
4820	0.000881044	-0.000975564	-0.000235502
4830	0.000883929	-0.000977957	-0.000236512
4840	0.00088694	-0.000980748	-0.000237772
4850	0.000890057	-0.000983914	-0.000239269
4860	0.00089326	-0.00098742	-0.000240986
4870	0.000896532	-0.000991221	-0.000242899
4880	0.000899857	-0.000995267	-0.000244985
4890	0.000903228	-0.000999499	-0.000247216
4900	0.000906648	-0.00100385	-0.000249566
4910	0.000910127	-0.00100827	-0.000252006
4920	0.000913681	-0.00101268	-0.000254512
4930	0.00091733	-0.00101704	-0.000257058
4940	0.000921093	-0.00102132	-0.000259625
4950	0.000924993	-0.0010255	-0.000262195
4960	0.00092905	-0.00102955	-0.000264761
4970	0.000933286	-0.00103344	-0.000267322
4980	0.000937716	-0.00103719	-0.000269874
4990	0.000942354	-0.00104086	-0.000272416
5000	0.000947209	-0.00104451	-0.000274948
5010	0.000952284	-0.0010482	-0.000277469
5020	0.000957577	-0.00105202	-0.000279981
5030	0.000963079	-0.00105604	-0.000282486
5040	0.000968777	-0.00106033	-0.000284983
5050	0.000974652	-0.00106496	-0.000287475
5060	0.000980681	-0.00106999	-0.000289958
5070	0.000986838	-0.00107545	-0.000292425
5080	0.000993096	-0.00108138	-0.000294863
5090	0.000999425	-0.00108777	-0.000297257
5100	0.0010058	-0.00109461	-0.000299584
5110	0.00101218	-0.00110188	-0.000301817
5120	0.00101856	-0.00110952	-0.000303932
5130	0.00102489	-0.00111736	-0.000305968
5140	0.00103116	-0.00112531	-0.000307908
5150	0.00103735	-0.00113333	-0.000309715
5160	0.00104342	-0.00114139	-0.000311351
5170	0.00104937	-0.00114949	-0.000312777
5180	0.00105518	-0.00115761	-0.000313961
5190	0.00106086	-0.00116575	-0.000314872
5200	0.00106641	-0.00117391	-0.000315486
5210	0.00107185	-0.00118214	-0.00031584
5220	0.00107719	-0.00119056	-0.000316044
5230	0.00108244	-0.00119916	-0.000316106
5240	0.00108761	-0.00120792	-0.000316031
5250	0.00109271	-0.00121681	-0.00031583
5260	0.00109775	-0.0012258	-0.000315527
5270	0.00110272	-0.00123489	-0.000315176
5280	0.00110763	-0.00124406	-0.000314812
5290	0.00111248	-0.00125326	-0.000314468
5300	0.00111727	-0.00126242	-0.000314184
5310	0.001122	-0.0012715	-0.000314006
5320	0.00112668	-0.00128043	-0.000313981
5330	0.00113128	-0.00128917	-0.000314155
5340	0.00113581	-0.00129766	-0.000314572
5350	0.00114026	-0.00130587	-0.000315267
5360	0.0011446	-0.00131378	-0.000316272
5370	0.00114884	-0.00132136	-0.000317608
5380	0.00115296	-0.00132862	-0.000319284
5390	0.00115696	-0.00133557	-0.000321295
5400	0.00116082	-0.00134223	-0.000323629
5410	0.00116453	-0.00134864	-0.000326258
5420	0.00116811	-0.00135484	-0.000329141
5430	0.00117154	-0.00136089	-0.000332228
5440	0.00117484	-0.00136683	-0.000335459
5450	0.001178	-0.00137273	-0.000338764
5460	0.00118105	-0.00137865	-0.000342066
5470	0.00118399	-0.00138463	-0.000345283
5480	0.00118684	-0.00139072	-0.000348334
5490	0.0011896	-0.00139695	-0.000351137
5500	0.00119231	-0.00140335	-0.000353613
5510	0.00119496	-0.0014099	-0.000355692
5520	0.00119757	-0.0014166	-0.000357313
5530	0.00120014	-0.00142339	-0.000358423
5540	0.00120268	-0.00143022	-0.000358985
5550	0.00120519	-0.00143701	-0.000358974
5560	0.00120767	-0.00144367	-0.00035838
5570	0.00121012	-0.00145011	-0.00035721
5580	0.00121253	-0.0014562	-0.000355485
5590	0.0012149	-0.00146184	-0.000353241
5600	0.00121723	-0.00146695	-0.00035052
5610	0.00121953	-0.00147145	-0.00034737
5620	0.00122178	-0.00147529	-0.000343856
5630	0.00122401	-0.00147841	-0.000340055
5640	0.0012262	-0.00148078	-0.000336058
5650	0.00122837	-0.00148241	-0.00033197
5660	0.00123051	-0.0014833	-0.000327904
5670	0.00123264	-0.00148352	-0.00032398
5680	0.00123477	-0.00148312	-0.00032032
5690	0.0012369	-0.0014822	-0.000317049
5700	0.00123902	-0.00148085	-0.000314284
5710	0.00124112	-0.0014792	-0.00031214
5720	0.0012432	-0.00147735	-0.000310718
5730	0.00124523	-0.00147543	-0.000310106
5740	0.0012472	-0.00147355	-0.000310368
5750	0.00124908	-0.00147185	-0.000311547
5760	0.00125085	-0.00147043	-0.000313654
5770	0.00125247	-0.00146942	-0.000316668
5780	0.00125392	-0.00146889	-0.000320543
5790	0.00125517	-0.00146895	-0.000325203
5800	0.00125617	-0.00146968	-0.000330548
5810	0.00125689	-0.00147109	-0.000336403
5820	0.00125731	-0.00147303	-0.00034246
5830	0.00125738	-0.00147549	-0.000348566
5840	0.00125711	-0.00147844	-0.000354576
5850	0.00125651	-0.00148188	-0.00036033
5860	0.00125561	-0.00148578	-0.00036567
5870	0.00125448	-0.00149011	-0.000370451
5880	0.00125317	-0.00149489	-0.000374596
5890	0.00125169	-0.00150002	-0.00037804
5900	0.00125009	-0.0015054	-0.000380712
5910	0.00124841	-0.00151088	-0.000382571
5920	0.00124669	-0.00151622	-0.00038359
5930	0.001245	-0.00152115	-0.000383734
5940	0.00124338	-0.00152547	-0.000383033
5950	0.00124187	-0.00152898	-0.000381542
5960	0.00124051	-0.00153151	-0.00037934
5970	0.00123933	-0.00153293	-0.000376512
5980	0.00123836	-0.00153331	-0.000373076
5990	0.00123763	-0.00153267	-0.000369128
6000	0.00123715	-0.00153104	-0.0003648
6010	0.00123693	-0.00152846	-0.000360233
6020	0.00123697	-0.00152503	-0.000355573
6030	0.00123726	-0.00152089	-0.000350966
6040	0.0012378	-0.00151616	-0.000346549
6050	0.00123856	-0.00151101	-0.000342451
6060	0.0012395	-0.00150558	-0.000338791
6070	0.00124059	-0.00150001	-0.00033567
6080	0.00124176	-0.00149444	-0.000333174
6090	0.00124296	-0.00148897	-0.000331361
6100	0.00124414	-0.0014837	-0.000330267
6110	0.00124523	-0.00147868	-0.000329902
6120	0.00124619	-0.00147399	-0.000330255
6130	0.00124698	-0.00146963	-0.000331289
6140	0.00124756	-0.00146563	-0.000332949
6150	0.00124793	-0.00146199	-0.000335163
6160	0.00124808	-0.00145872	-0.000337842
6170	0.00124802	-0.00145581	-0.000340891
6180	0.0012478	-0.00145327	-0.000344207
6190	0.00124744	-0.00145112	-0.000347688
6200	0.00124699	-0.00144936	-0.000351226
6210	0.0012465	-0.00144801	-0.000354721
6220	0.00124604	-0.00144708	-0.000358073
6230	0.00124563	-0.00144656	-0.000361191
6240	0.00124532	-0.00144645	-0.000363994
6250	0.00124513	-0.00144672	-0.000366413
6260	0.0012451	-0.00144738	-0.00036839
6270	0.00124522	-0.00144839	-0.000369887
6280	0.00124551	-0.00144973	-0.000370882
6290	0.00124597	-0.00145135	-0.000371376
6300	0.0012466	-0.00145321	-0.000371383
6310	0.00124737	-0.00145525	-0.000370935
6320	0.00124827	-0.0014574	-0.000370079
6330	0.00124925	-0.00145961	-0.000368871
6340	0.0012503	-0.00146178	-0.000367379
6350	0.00125137	-0.00146385	-0.000365678
6360	0.00125243	-0.00146573	-0.000363845
6370	0.00125347	-0.00146731	-0.000361964
6380	0.00125445	-0.00146851	-0.000360121
6390	0.00125536	-0.00146925	-0.000358387
6400	0.00125619	-0.00146947	-0.00035682
6410	0.00125695	-0.00146915	-0.000355467
6420	0.00125762	-0.00146828	-0.000354367
6430	0.00125821	-0.00146686	-0.000353543
6440	0.00125871	-0.00146492	-0.000353008
6450	0.00125914	-0.00146249	-0.000352758
6460	0.00125947	-0.00145965	-0.000352776
6470	0.00125972	-0.00145646	-0.000353028
6480	0.00125989	-0.00145303	-0.000353464
6490	0.00125998	-0.00144947	-0.000354029
6500	0.00126	-0.00144588	-0.000354655
6510	0.00125998	-0.00144238	-0.000355274
6520	0.00125994	-0.00143906	-0.00035582
6530	0.00125991	-0.00143597	-0.000356229
6540	0.00125991	-0.00143317	-0.00035645
6550	0.00125997	-0.00143068	-0.000356446
6560	0.0012601	-0.00142853	-0.000356194
6570	0.00126032	-0.0014267	-0.000355681
6580	0.00126064	-0.00142518	-0.000354902
6590	0.00126107	-0.00142396	-0.000353867
6600	0.00126159	-0.00142301	-0.000352592
6610	0.00126222	-0.00142231	-0.000351102
6620	0.00126293	-0.00142184	-0.00034943
6630	0.00126372	-0.00142157	-0.000347622
6640	0.00126456	-0.00142147	-0.000345724
6650	0.00126543	-0.00142151	-0.000343782
6660	0.0012663	-0.00142168	-0.000341844
6670	0.00126716	-0.00142194	-0.000339951
6680	0.00126796	-0.00142229	-0.000338141
6690	0.00126868	-0.0014227	-0.00033645
6700	0.00126928	-0.00142311	-0.000334916
6710	0.00126973	-0.00142344	-0.000333604
6720	0.00127002	-0.00142369	-0.000332549
6730	0.00127011	-0.00142385	-0.000331754
6740	0.00126998	-0.00142395	-0.000331222
6750	0.00126964	-0.00142399	-0.000330958
6760	0.00126912	-0.00142399	-0.000330959
6770	0.00126846	-0.00142399	-0.000331197
6780	0.00126766	-0.00142404	-0.000331636
6790	0.00126672	-0.00142418	-0.00033225
6800	0.00126566	-0.00142441	-0.000333036
6810	0.00126449	-0.00142473	-0.000334006
6820	0.00126328	-0.00142516	-0.000335149
6830	0.00126209	-0.00142576	-0.000336431
6840	0.00126094	-0.00142659	-0.000337836
6850	0.00125989	-0.00142769	-0.00033935
6860	0.00125898	-0.00142914	-0.000340956
6870	0.00125822	-0.00143097	-0.000342649
6880	0.00125765	-0.00143325	-0.00034443
6890	0.00125725	-0.00143596	-0.000346279
6900	0.00125701	-0.00143899	-0.000348154
6910	0.00125694	-0.00144227	-0.000350007
6920	0.00125705	-0.00144571	-0.000351802
6930	0.0012573	-0.00144919	-0.000353502
6940	0.00125762	-0.00145259	-0.000355069
6950	0.00125799	-0.00145576	-0.000356455
6960	0.00125838	-0.00145855	-0.000357621
6970	0.00125877	-0.00146082	-0.000358534
6980	0.00125918	-0.00146251	-0.000359256
6990	0.00125956	-0.00146355	-0.000359856
7000	0.00125993	-0.00146379	-0.000360327
7010	0.00126028	-0.00146324	-0.00036062
7020	0.0012606	-0.00146199	-0.000360662
7030	0.00126089	-0.00146005	-0.000360457
7040	0.00126114	-0.00145745	-0.000360023
7050	0.00126135	-0.00145427	-0.000359382
7060	0.00126151	-0.00145062	-0.000358561
7070	0.00126164	-0.00144665	-0.000357583
7080	0.00126171	-0.0014425	-0.000356469
7090	0.00126171	-0.00143834	-0.000355241
7100	0.00126165	-0.00143435	-0.000353918
7110	0.0012615	-0.00143068	-0.000352528
7120	0.00126126	-0.00142747	-0.000351107
7130	0.00126092	-0.00142476	-0.00034974
7140	0.00126048	-0.00142255	-0.000348497
7150	0.00125994	-0.00142089	-0.000347405
7160	0.00125928	-0.00141982	-0.000346491
7170	0.00125852	-0.00141934	-0.000345777
7180	0.00125765	-0.00141943	-0.000345282
7190	0.00125666	-0.00142006	-0.000345027
7200	0.00125556	-0.0014212	-0.000345033
7210	0.00125437	-0.00142277	-0.000345268
7220	0.00125311	-0.00142458	-0.000345579
7230	0.0012518	-0.00142651	-0.000345965
7240	0.00125048	-0.00142847	-0.00034645
7250	0.00124918	-0.00143038	-0.000347079
7260	0.00124793	-0.00143218	-0.000347908
7270	0.00124676	-0.00143384	-0.000348973
7280	0.00124569	-0.00143529	-0.000350311
7290	0.00124475	-0.00143653	-0.000351946
7300	0.00124397	-0.00143755	-0.0003539
7310	0.00124336	-0.00143834	-0.000356185
7320	0.00124295	-0.00143891	-0.000358795
7330	0.00124276	-0.0014393	-0.000361706
7340	0.00124283	-0.00143953	-0.000364826
7350	0.00124316	-0.00143964	-0.000368086
7360	0.00124373	-0.0014397	-0.000371403
7370	0.00124449	-0.00143977	-0.000374693
7380	0.00124542	-0.00143992	-0.000377866
7390	0.00124647	-0.00144026	-0.000380833
7400	0.00124759	-0.00144082	-0.000383529
7410	0.00124876	-0.00144167	-0.000385901
7420	0.00124991	-0.00144281	-0.000387911
7430	0.00125103	-0.00144424	-0.000389529
7440	0.00125206	-0.00144591	-0.000390747
7450	0.00125301	-0.00144778	-0.000391564
7460	0.00125384	-0.00144977	-0.000391992
7470	0.00125454	-0.00145182	-0.000392061
7480	0.00125513	-0.00145379	-0.000391803
7490	0.00125563	-0.00145559	-0.000391257
7500	0.00125608	-0.00145709	-0.000390455
7510	0.00125653	-0.00145823	-0.000389424
7520	0.00125701	-0.00145893	-0.000388174
7530	0.00125755	-0.00145915	-0.00038671
7540	0.00125817	-0.00145892	-0.000385026
7550	0.00125886	-0.00145829	-0.000383079
7560	0.00125963	-0.0014574	-0.000380828
7570	0.0012605	-0.00145626	-0.000378297
7580	0.00126145	-0.00145493	-0.000375513
7590	0.00126248	-0.00145343	-0.00037251
7600	0.00126356	-0.00145182	-0.000369332
7610	0.00126467	-0.00145014	-0.000366028
7620	0.00126578	-0.00144843	-0.000362653
7630	0.00126687	-0.00144676	-0.000359264
7640	0.00126792	-0.00144517	-0.000355918
7650	0.00126892	-0.00144372	-0.000352668
7660	0.00126985	-0.00144246	-0.000349567
7670	0.0012707	-0.00144142	-0.000346658
7680	0.00127147	-0.00144057	-0.000343941
7690	0.00127218	-0.00143992	-0.000341435
7700	0.00127283	-0.00143946	-0.000339165
7710	0.00127343	-0.00143918	-0.000337149
7720	0.00127401	-0.00143904	-0.000335394
7730	0.00127457	-0.00143902	-0.000333893
7740	0.00127513	-0.00143906	-0.000332633
7750	0.0012757	-0.00143911	-0.000331601
7760	0.00127631	-0.00143913	-0.00033079
7770	0.00127696	-0.00143907	-0.000330196
7780	0.00127768	-0.0014389	-0.000329825
7790	0.00127847	-0.00143866	-0.000329664
7800	0.00127926	-0.00143837	-0.000329694
7810	0.00128003	-0.00143801	-0.000329935
7820	0.0012808	-0.00143749	-0.000330319
7830	0.00128158	-0.00143682	-0.000330842
7840	0.00128239	-0.00143605	-0.000331517
7850	0.00128322	-0.00143523	-0.000332348
7860	0.00128407	-0.00143443	-0.000333327
7870	0.00128494	-0.00143376	-0.000334462
7880	0.00128582	-0.00143325	-0.000335812
7890	0.00128672	-0.00143292	-0.000337407
7900	0.00128762	-0.0014329	-0.000339242
7910	0.0012885	-0.00143327	-0.000341308
7920	0.00128934	-0.00143415	-0.000343593
7930	0.00129013	-0.00143559	-0.000346081
7940	0.00129084	-0.00143767	-0.00034876
7950	0.00129145	-0.00144041	-0.000351608
7960	0.00129195	-0.00144383	-0.000354582
7970	0.00129233	-0.00144791	-0.00035763
7980	0.0012926	-0.0014526	-0.000360685
7990	0.00129276	-0.00145786	-0.000363673
8000	0.00129283	-0.0014636	-0.000366516
8010	0.00129281	-0.00146972	-0.000369135
8020	0.00129273	-0.00147612	-0.000371456
8030	0.0012926	-0.00148267	-0.000373407
8040	0.00129245	-0.00148926	-0.000374928
8050	0.00129229	-0.00149578	-0.000375967
8060	0.00129216	-0.00150214	-0.000376489
8070	0.0012921	-0.00150832	-0.000376467
8080	0.00129212	-0.00151419	-0.00037591
8090	0.00129216	-0.00151965	-0.000374826
8100	0.00129219	-0.00152462	-0.000373205
8110	0.00129219	-0.001529	-0.000371037
8120	0.00129214	-0.00153283	-0.000368437
8130	0.001292	-0.00153611	-0.000365532
8140	0.00129178	-0.00153882	-0.000362395
8150	0.00129147	-0.00154084	-0.000359066
8160	0.0012911	-0.00154214	-0.000355597
8170	0.0012907	-0.0015427	-0.000352059
8180	0.00129027	-0.00154248	-0.000348523
8190	0.00128984	-0.00154148	-0.000345071
8200	0.00128944	-0.00153981	-0.000341715
8210	0.00128907	-0.00153752	-0.000338484
8220	0.00128878	-0.00153456	-0.000335465
8230	0.00128858	-0.00153088	-0.000332735
8240	0.00128849	-0.00152643	-0.000330368
8250	0.00128851	-0.00152119	-0.000328422
8260	0.00128865	-0.00151517	-0.00032693
8270	0.0012889	-0.00150846	-0.000325916
8280	0.00128923	-0.0015012	-0.000325387
8290	0.00128959	-0.00149359	-0.000325352
8300	0.0012899	-0.00148585	-0.000325796
8310	0.00129012	-0.00147822	-0.000326685
8320	0.00129022	-0.00147095	-0.000327972
8330	0.00129015	-0.00146422	-0.000329598
8340	0.00128988	-0.00145814	-0.000331456
8350	0.00128945	-0.00145269	-0.000333345
8360	0.00128887	-0.00144801	-0.000335206
8370	0.00128818	-0.0014442	-0.000336992
8380	0.00128732	-0.0014414	-0.000338678
8390	0.00128622	-0.00143971	-0.000340268
8400	0.00128489	-0.00143909	-0.000341695
8410	0.00128338	-0.00143948	-0.000342937
8420	0.00128172	-0.00144083	-0.00034398
8430	0.00127998	-0.00144295	-0.000344847
8440	0.00127822	-0.00144561	-0.000345584
8450	0.00127652	-0.00144859	-0.000346189
8460	0.00127495	-0.00145167	-0.000346664
8470	0.00127358	-0.00145464	-0.000347012
8480	0.00127247	-0.00145731	-0.000347236
8490	0.00127164	-0.00145953	-0.000347349
8500	0.00127115	-0.0014612	-0.000347363
8510	0.00127103	-0.00146226	-0.000347288
8520	0.00127126	-0.00146272	-0.000347116
8530	0.0012718	-0.00146263	-0.000346833
8540	0.00127254	-0.00146211	-0.000346423
8550	0.00127344	-0.00146138	-0.000345878
8560	0.00127449	-0.00146054	-0.000345271
8570	0.00127563	-0.00145971	-0.000344671
8580	0.00127686	-0.00145912	-0.000344155
8590	0.00127812	-0.00145893	-0.000343763
8600	0.0012794	-0.00145927	-0.000343524
8610	0.00128067	-0.00146022	-0.000343463
8620	0.00128191	-0.00146181	-0.000343601
8630	0.00128313	-0.00146404	-0.000343951
8640	0.0012843	-0.00146682	-0.000344519
8650	0.00128541	-0.00147006	-0.0003453
8660	0.00128646	-0.00147361	-0.000346278
8670	0.00128743	-0.00147732	-0.000347424
8680	0.00128831	-0.001481	-0.0003487
8690	0.00128909	-0.00148449	-0.00035006
8700	0.00128975	-0.00148765	-0.00035145
8710	0.00129028	-0.00149032	-0.000352796
8720	0.00129069	-0.00149239	-0.000354026
8730	0.00129101	-0.0014938	-0.000355109
8740	0.00129123	-0.00149462	-0.000355955
8750	0.00129135	-0.00149495	-0.000356495
8760	0.00129139	-0.00149482	-0.000356732
8770	0.00129141	-0.0014943	-0.00035673
8780	0.00129142	-0.00149354	-0.000356585
8790	0.00129146	-0.00149257	-0.000356278
8800	0.00129156	-0.00149148	-0.000355824
8810	0.00129172	-0.00149036	-0.000355244
8820	0.00129197	-0.00148929	-0.000354568
8830	0.0012923	-0.0014883	-0.000353832
8840	0.00129272	-0.00148747	-0.000353056
8850	0.00129323	-0.00148683	-0.000352256
8860	0.00129382	-0.00148638	-0.000351445
8870	0.00129448	-0.00148609	-0.000350636
8880	0.00129518	-0.00148592	-0.000349837
8890	0.00129592	-0.00148578	-0.000349054
8900	0.00129667	-0.00148559	-0.000348286
8910	0.00129742	-0.00148525	-0.000347527
8920	0.00129814	-0.00148467	-0.00034677
8930	0.00129884	-0.00148377	-0.000346004
8940	0.00129948	-0.00148251	-0.000345214
8950	0.00130006	-0.00148086	-0.000344381
8960	0.00130053	-0.00147884	-0.000343484
8970	0.00130086	-0.00147647	-0.000342525
8980	0.00130104	-0.00147383	-0.000341521
8990	0.00130109	-0.00147102	-0.000340484
9000	0.00130101	-0.00146812	-0.000339435
9010	0.00130083	-0.00146527	-0.000338408
9020	0.0013006	-0.00146258	-0.000337445
9030	0.00130042	-0.00146021	-0.000336567
9040	0.00130032	-0.00145831	-0.00033578
9050	0.00130029	-0.00145701	-0.000335137
9060	0.00130029	-0.0014564	-0.000334715
9070	0.00130028	-0.00145645	-0.000334555
9080	0.00130028	-0.00145696	-0.000334513
9090	0.00130028	-0.00145793	-0.000334508
9100	0.00130028	-0.00145933	-0.000334512
9110	0.00130026	-0.00146108	-0.000334496
9120	0.00130024	-0.0014631	-0.000334434
9130	0.00130022	-0.00146529	-0.000334303
9140	0.00130019	-0.00146755	-0.000334089
9150	0.00130016	-0.00146983	-0.000333817
9160	0.00130013	-0.00147204	-0.000333508
9170	0.00130011	-0.0014741	-0.00033318
9180	0.00130011	-0.00147595	-0.000332857
9190	0.00130013	-0.00147754	-0.000332561
9200	0.00130017	-0.00147883	-0.000332315
9210	0.00130021	-0.00147983	-0.000332142
9220	0.00130024	-0.00148054	-0.00033207
9230	0.00130025	-0.00148097	-0.000332123
9240	0.00130022	-0.00148115	-0.000332322
9250	0.00130016	-0.00148112	-0.000332681
9260	0.00130006	-0.00148095	-0.000333187
9270	0.00129993	-0.00148076	-0.000333801
9280	0.00129977	-0.00148053	-0.000334522
9290	0.00129958	-0.0014803	-0.000335337
9300	0.00129938	-0.00148008	-0.000336228
9310	0.00129917	-0.00147989	-0.000337183
9320	0.00129896	-0.00147975	-0.000338177
9330	0.00129875	-0.00147966	-0.000339169
9340	0.00129853	-0.00147959	-0.000340108
9350	0.00129829	-0.00147956	-0.000340977
9360	0.00129802	-0.0014796	-0.000341747
9370	0.00129772	-0.00147972	-0.000342398
9380	0.00129742	-0.00147993	-0.000342915
9390	0.00129713	-0.00148023	-0.00034329
9400	0.00129689	-0.00148062	-0.000343526
9410	0.00129669	-0.00148107	-0.000343626
9420	0.00129649	-0.00148155	-0.000343587
9430	0.00129629	-0.00148205	-0.000343403
9440	0.00129607	-0.00148257	-0.000343076
9450	0.00129583	-0.0014831	-0.000342611
9460	0.00129561	-0.00148366	-0.000342013
9470	0.00129543	-0.00148424	-0.000341291
9480	0.00129529	-0.00148481	-0.00034048
9490	0.00129523	-0.00148533	-0.000339633
9500	0.00129527	-0.00148574	-0.000338811
9510	0.00129543	-0.001486	-0.000338079
9520	0.00129572	-0.00148606	-0.000337504
9530	0.00129615	-0.00148587	-0.000337152
9540	0.00129672	-0.00148541	-0.000337084
9550	0.00129741	-0.0014847	-0.000337375
9560	0.0012982	-0.00148378	-0.000338078
9570	0.00129911	-0.0014827	-0.000339208
9580	0.00130013	-0.00148151	-0.000340747
9590	0.00130122	-0.00148025	-0.000342677
9600	0.00130234	-0.001479	-0.000344965
9610	0.00130343	-0.00147782	-0.000347559
9620	0.00130444	-0.00147681	-0.000350391
9630	0.00130531	-0.00147602	-0.000353375
9640	0.00130598	-0.0014755	-0.000356406
9650	0.00130637	-0.0014753	-0.000359373
9660	0.00130646	-0.00147541	-0.000362187
9670	0.00130628	-0.00147583	-0.000364766
9680	0.00130583	-0.00147648	-0.000367036
9690	0.00130512	-0.0014773	-0.000368931
9700	0.00130418	-0.00147818	-0.000370419
9710	0.00130303	-0.0014789	-0.000371491
9720	0.00130174	-0.00147934	-0.000372077
9730	0.00130035	-0.0014795	-0.000372186
9740	0.00129897	-0.00147949	-0.000371899
9750	0.0012977	-0.00147932	-0.000371219
9760	0.00129665	-0.001479	-0.00037016
9770	0.00129589	-0.00147855	-0.00036876
9780	0.00129553	-0.00147802	-0.000367076
9790	0.0012956	-0.00147741	-0.000365189
9800	0.0012961	-0.00147676	-0.000363179
9810	0.00129699	-0.00147615	-0.000361104
9820	0.00129824	-0.00147571	-0.000358996
9830	0.00129986	-0.0014756	-0.0003569
9840	0.00130184	-0.00147588	-0.000354891
9850	0.00130413	-0.0014766	-0.000353016
9860	0.00130669	-0.00147761	-0.000351211
9870	0.00130945	-0.00147895	-0.000349497
9880	0.00131235	-0.00148066	-0.000347902
9890	0.0013153	-0.00148277	-0.000346445
9900	0.00131821	-0.0014853	-0.000345127
9910	0.00132101	-0.00148821	-0.000343938
9920	0.00132359	-0.00149148	-0.000342863
9930	0.00132588	-0.00149507	-0.000341897
9940	0.0013278	-0.00149889	-0.000340994
9950	0.00132932	-0.00150278	-0.000340084
9960	0.00133039	-0.00150658	-0.000339097
9970	0.00133102	-0.00151014	-0.000337969
9980	0.00133124	-0.00151342	-0.000336716
9990	0.0013311	-0.00151638	-0.000335364
10000	0.00133062	-0.00151894	-0.000333845
10010	0.00132985	-0.00152102	-0.000332099
10020	0.00132882	-0.00152256	-0.000330079
10030	0.00132762	-0.00152353	-0.000327748
10040	0.00132633	-0.00152396	-0.000325077
10050	0.00132507	-0.00152397	-0.000321989
10060	0.00132391	-0.00152358	-0.000318507
10070	0.00132297	-0.00152284	-0.000314686
10080	0.00132231	-0.00152177	-0.000310602
10090	0.00132202	-0.0015204	-0.000306358
10100	0.00132213	-0.00151878	-0.000302109
10110	0.00132272	-0.00151694	-0.000298054
10120	0.00132384	-0.0015149	-0.000294356
10130	0.0013255	-0.0015127	-0.000291177
10140	0.00132768	-0.00151032	-0.000288678
10150	0.00133034	-0.00150779	-0.000287022
10160	0.0013334	-0.00150516	-0.000286364
10170	0.00133675	-0.00150248	-0.000286845
10180	0.00134025	-0.0014998	-0.000288525
10190	0.00134377	-0.00149711	-0.000291335
10200	0.00134714	-0.0014946	-0.000295326
10210	0.00135016	-0.00149249	-0.00030052
10220	0.0013527	-0.00149109	-0.000306895
10230	0.00135467	-0.00149063	-0.000314354
10240	0.00135594	-0.00149131	-0.000322764
10250	0.00135641	-0.00149333	-0.000331952
10260	0.00135601	-0.0014968	-0.000341711
10270	0.0013547	-0.0015017	-0.000351848
10280	0.00135253	-0.00150796	-0.000362124
10290	0.00134955	-0.00151548	-0.00037226
10300	0.00134588	-0.001524	-0.000381978
10310	0.00134168	-0.00153313	-0.000390971
10320	0.00133712	-0.00154245	-0.000398995
10330	0.0013324	-0.00155157	-0.000405838
10340	0.00132771	-0.00156009	-0.000411316
10350	0.00132328	-0.00156764	-0.000415287
10360	0.00131928	-0.00157391	-0.000417654
10370	0.00131591	-0.00157864	-0.000418371
10380	0.00131332	-0.00158164	-0.000417438
10390	0.00131164	-0.00158283	-0.000414925
10400	0.00131093	-0.00158222	-0.000411022
10410	0.00131119	-0.00157985	-0.000405924
10420	0.00131228	-0.00157582	-0.000399847
10430	0.001314	-0.00157046	-0.000392934
10440	0.00131618	-0.00156417	-0.00038537
10450	0.00131865	-0.00155722	-0.000377434
10460	0.00132125	-0.0015499	-0.000369414
10470	0.00132378	-0.00154251	-0.000361596
10480	0.00132607	-0.00153526	-0.000354247
10490	0.00132797	-0.00152835	-0.000347608
10500	0.00132933	-0.00152194	-0.000341905
10510	0.00133009	-0.0015162	-0.000337298
10520	0.00133019	-0.00151118	-0.000333888
10530	0.0013296	-0.00150695	-0.000331726
10540	0.00132832	-0.00150348	-0.000330788
10550	0.00132641	-0.00150061	-0.000330869
10560	0.00132386	-0.00149819	-0.000331833
10570	0.00132077	-0.00149619	-0.000333556
10580	0.00131721	-0.00149454	-0.000335886
10590	0.00131324	-0.00149324	-0.000338616
10600	0.00130898	-0.00149226	-0.000341558
10610	0.00130453	-0.00149162	-0.00034453
10620	0.00130001	-0.00149132	-0.000347356
10630	0.00129553	-0.00149134	-0.000349926
10640	0.0012912	-0.00149164	-0.000352159
10650	0.00128713	-0.00149236	-0.000354051
10660	0.0012834	-0.00149356	-0.000355515
10670	0.00128009	-0.00149526	-0.000356472
10680	0.00127725	-0.00149745	-0.000356862
10690	0.00127495	-0.00150007	-0.000356633
10700	0.00127324	-0.00150305	-0.000355775
10710	0.00127216	-0.00150623	-0.000354315
10720	0.00127177	-0.00150937	-0.000352275
10730	0.00127208	-0.00151219	-0.000349697
10740	0.00127306	-0.00151444	-0.000346666
10750	0.00127468	-0.00151587	-0.000343264
10760	0.00127689	-0.0015163	-0.000339568
10770	0.00127969	-0.00151573	-0.000335574
10780	0.00128309	-0.00151411	-0.00033134
10790	0.00128712	-0.00151136	-0.000327011
10800	0.00129175	-0.00150748	-0.00032271
10810	0.00129695	-0.00150257	-0.000318561
10820	0.0013027	-0.00149678	-0.000314696
10830	0.00130895	-0.00149033	-0.000311284
10840	0.00131565	-0.00148345	-0.000308505
10850	0.00132272	-0.00147636	-0.000306511
10860	0.00133005	-0.00146924	-0.000305418
10870	0.00133754	-0.00146234	-0.000305321
10880	0.001345	-0.00145592	-0.000306308
10890	0.00135225	-0.00145026	-0.000308442
10900	0.00135919	-0.00144565	-0.000311713
10910	0.00136566	-0.00144216	-0.000315901
10920	0.00137149	-0.00144004	-0.000320924
10930	0.0013765	-0.00143949	-0.000326704
10940	0.00138059	-0.0014406	-0.000333139
10950	0.00138361	-0.00144344	-0.000340104
10960	0.00138548	-0.0014479	-0.000347488
10970	0.00138614	-0.00145384	-0.000355158
10980	0.0013856	-0.00146106	-0.000362947
10990	0.00138394	-0.00146931	-0.000370703
11000	0.00138132	-0.00147826	-0.000378275
11010	0.00137791	-0.00148756	-0.000385511
11020	0.00137389	-0.00149683	-0.000392268
11030	0.00136949	-0.00150573	-0.000398403
11040	0.00136491	-0.00151396	-0.000403785
11050	0.00136037	-0.00152122	-0.000408301
11060	0.00135608	-0.00152726	-0.000411865
11070	0.00135222	-0.00153191	-0.000414418
11080	0.00134893	-0.00153512	-0.000415931
11090	0.00134633	-0.00153691	-0.000416415
11100	0.00134447	-0.00153753	-0.000415852
11110	0.00134333	-0.00153721	-0.000414209
11120	0.00134289	-0.00153615	-0.00041153
11130	0.00134303	-0.00153455	-0.000407913
11140	0.00134364	-0.00153275	-0.000403588
11150	0.00134454	-0.00153096	-0.000398808
11160	0.00134559	-0.00152938	-0.00039375
11170	0.00134667	-0.00152825	-0.000388558
11180	0.00134772	-0.00152776	-0.000383372
11190	0.00134868	-0.00152801	-0.000378327
11200	0.00134952	-0.00152903	-0.000373542
11210	0.00135019	-0.00153069	-0.000369088
11220	0.00135072	-0.00153285	-0.00036483
11230	0.00135113	-0.00153533	-0.000360724
11240	0.00135145	-0.00153786	-0.000356786
11250	0.00135174	-0.00154012	-0.000353024
11260	0.00135206	-0.00154179	-0.000349428
11270	0.00135248	-0.00154253	-0.000345987
11280	0.00135305	-0.0015421	-0.000342682
11290	0.00135379	-0.00154036	-0.000339491
11300	0.00135475	-0.00153733	-0.00033647
11310	0.00135592	-0.00153304	-0.000333561
11320	0.00135729	-0.00152761	-0.000330673
11330	0.00135882	-0.00152123	-0.000327695
11340	0.00136042	-0.00151418	-0.000324589
11350	0.00136202	-0.00150667	-0.000321279
11360	0.00136354	-0.00149892	-0.000317705
11370	0.00136492	-0.00149123	-0.000313837
11380	0.00136608	-0.00148393	-0.000309697
11390	0.00136694	-0.0014773	-0.000305341
11400	0.00136745	-0.00147149	-0.00030086
11410	0.0013676	-0.00146661	-0.000296405
11420	0.00136742	-0.00146269	-0.000292185
11430	0.00136698	-0.00145973	-0.000288386
11440	0.00136631	-0.00145768	-0.000285177
11450	0.00136549	-0.00145647	-0.000282718
11460	0.00136458	-0.00145597	-0.000281167
11470	0.00136365	-0.00145607	-0.000280677
11480	0.00136278	-0.00145664	-0.000281403
11490	0.00136199	-0.00145756	-0.000283219
11500	0.00136131	-0.00145874	-0.000285997
11510	0.00136077	-0.00146021	-0.000289702
11520	0.00136037	-0.00146196	-0.000294302
11530	0.00136012	-0.00146399	-0.000299736
11540	0.00136001	-0.00146627	-0.00030593
11550	0.00136003	-0.00146879	-0.00031278
11560	0.00136013	-0.00147155	-0.000320182
11570	0.00136025	-0.00147466	-0.000328046
11580	0.00136036	-0.00147818	-0.000336183
11590	0.00136043	-0.0014821	-0.000344401
11600	0.00136043	-0.00148633	-0.000352501
11610	0.00136037	-0.00149079	-0.000360284
11620	0.00136025	-0.00149535	-0.000367558
11630	0.00136009	-0.00149987	-0.000374147
11640	0.00135991	-0.00150417	-0.000379894
11650	0.00135977	-0.00150801	-0.000384625
11660	0.0013597	-0.00151128	-0.00038824
11670	0.00135977	-0.00151392	-0.000390715
11680	0.00136	-0.00151591	-0.000392147
11690	0.00136042	-0.00151716	-0.00039257
11700	0.00136107	-0.00151763	-0.00039204
11710	0.00136197	-0.00151732	-0.000390659
11720	0.00136308	-0.00151631	-0.000388584
11730	0.00136439	-0.00151466	-0.000386002
11740	0.00136586	-0.00151248	-0.000383093
11750	0.00136746	-0.00150993	-0.000380005
11760	0.00136917	-0.00150715	-0.000376896
11770	0.00137095	-0.00150437	-0.000373916
11780	0.00137276	-0.00150176	-0.000371212
11790	0.00137456	-0.00149954	-0.000368885
11800	0.00137634	-0.00149791	-0.000367022
11810	0.00137804	-0.00149705	-0.000365708
11820	0.00137961	-0.00149714	-0.000365008
11830	0.00138096	-0.00149826	-0.000364961
11840	0.00138207	-0.00150043	-0.000365588
11850	0.00138291	-0.00150366	-0.000366888
11860	0.00138348	-0.00150782	-0.000368777
11870	0.00138382	-0.00151267	-0.000371076
11880	0.00138398	-0.00151806	-0.000373705
11890	0.00138404	-0.0015238	-0.000376578
11900	0.00138404	-0.00152966	-0.000379586
11910	0.00138405	-0.00153543	-0.00038261
11920	0.00138415	-0.00154091	-0.000385524
11930	0.00138438	-0.00154592	-0.000388202
11940	0.00138484	-0.00155033	-0.00039056
11950	0.00138555	-0.00155405	-0.000392519
11960	0.00138654	-0.00155702	-0.000393987
11970	0.00138781	-0.00155919	-0.000394889
11980	0.00138935	-0.00156057	-0.000395163
11990	0.00139113	-0.00156122	-0.00039477
12000	0.00139312	-0.00156122	-0.000393692
12010	0.00139523	-0.00156072	-0.000391882
12020	0.00139745	-0.00155989	-0.000389357
12030	0.00139979	-0.00155884	-0.000386214
12040	0.00140224	-0.00155766	-0.000382546
12050	0.00140477	-0.00155644	-0.000378455
12060	0.00140734	-0.00155525	-0.000374053
12070	0.0014099	-0.00155415	-0.000369457
12080	0.0014124	-0.00155316	-0.000364785
12090	0.00141477	-0.00155229	-0.00036015
12100	0.00141697	-0.00155152	-0.000355652
12110	0.00141893	-0.00155081	-0.000351375
12120	0.0014206	-0.0015501	-0.000347388
12130	0.00142195	-0.00154926	-0.000343759
12140	0.00142295	-0.00154815	-0.000340551
12150	0.00142362	-0.00154669	-0.00033779
12160	0.00142396	-0.00154483	-0.000335499
12170	0.00142398	-0.00154257	-0.000333693
12180	0.0014237	-0.00153996	-0.000332399
12190	0.00142317	-0.00153711	-0.000331638
12200	0.00142244	-0.00153414	-0.000331414
12210	0.00142155	-0.00153119	-0.000331737
12220	0.00142054	-0.00152841	-0.000332588
12230	0.00141948	-0.00152583	-0.00033382
12240	0.0014184	-0.00152361	-0.000335393
12250	0.00141738	-0.00152194	-0.000337302
12260	0.00141645	-0.00152101	-0.000339542
12270	0.00141568	-0.00152095	-0.000342112
12280	0.0014151	-0.00152182	-0.000345064
12290	0.00141473	-0.00152367	-0.000348406
12300	0.0014146	-0.00152657	-0.000352115
12310	0.0014147	-0.00153049	-0.000356164
12320	0.00141502	-0.00153535	-0.000360515
12330	0.00141556	-0.00154102	-0.000365125
12340	0.00141628	-0.00154732	-0.000369943
12350	0.00141715	-0.00155402	-0.000374907
12360	0.00141809	-0.00156085	-0.000379935
12370	0.00141904	-0.00156756	-0.000384966
12380	0.00141997	-0.00157387	-0.000389943
12390	0.00142086	-0.00157967	-0.000394891
12400	0.00142171	-0.0015848	-0.000399727
12410	0.00142251	-0.00158906	-0.000404349
12420	0.00142322	-0.0015923	-0.000408659
12430	0.00142384	-0.00159443	-0.000412566
12440	0.00142434	-0.0015954	-0.000415994
12450	0.00142472	-0.00159525	-0.000418879
12460	0.00142497	-0.00159404	-0.000421169
12470	0.00142508	-0.00159194	-0.000422831
12480	0.00142504	-0.00158912	-0.000423843
12490	0.00142481	-0.00158588	-0.000424204
12500	0.00142437	-0.00158258	-0.000423996
12510	0.00142372	-0.00157946	-0.000423241
12520	0.00142288	-0.00157676	-0.00042197
12530	0.00142188	-0.00157468	-0.00042023
12540	0.00142074	-0.00157341	-0.000418053
12550	0.00141951	-0.00157294	-0.000415466
12560	0.00141815	-0.0015732	-0.000412508
12570	0.00141667	-0.00157398	-0.000409101
12580	0.00141509	-0.00157518	-0.000405258
12590	0.00141342	-0.00157674	-0.000401105
12600	0.00141168	-0.00157862	-0.000396799
12610	0.00140993	-0.00158072	-0.000392398
12620	0.00140822	-0.00158285	-0.000387959
12630	0.00140661	-0.00158486	-0.000383552
12640	0.00140519	-0.00158656	-0.000379262
12650	0.00140406	-0.00158775	-0.00037519
12660	0.00140328	-0.00158827	-0.000371442
12670	0.00140293	-0.00158802	-0.000368117
12680	0.00140301	-0.00158695	-0.000365319
12690	0.00140342	-0.00158511	-0.000363125
12700	0.00140413	-0.0015827	-0.000361522
12710	0.00140516	-0.00157995	-0.000360583
12720	0.00140647	-0.00157699	-0.000360377
12730	0.00140803	-0.00157399	-0.000360934
12740	0.00140975	-0.00157108	-0.000362259
12750	0.00141153	-0.00156837	-0.000364272
12760	0.00141323	-0.00156584	-0.000366761
12770	0.00141475	-0.00156359	-0.000369638
12780	0.00141595	-0.00156173	-0.000372802
12790	0.0014167	-0.00156038	-0.000376105
12800	0.0014169	-0.00155959	-0.000379399
12810	0.00141649	-0.00155942	-0.000382547
12820	0.00141548	-0.00155986	-0.000385419
12830	0.00141389	-0.00156096	-0.000387872
12840	0.00141178	-0.0015626	-0.000389787
12850	0.00140926	-0.00156458	-0.000391038
12860	0.00140647	-0.00156666	-0.000391566
12870	0.00140353	-0.00156864	-0.000391357
12880	0.00140054	-0.00157026	-0.000390456
12890	0.00139766	-0.00157125	-0.000388932
12900	0.00139506	-0.0015714	-0.000386871
12910	0.00139291	-0.00157056	-0.000384418
12920	0.00139138	-0.00156874	-0.000381804
12930	0.0013906	-0.00156593	-0.000379172
12940	0.00139065	-0.00156219	-0.000376657
12950	0.00139153	-0.00155763	-0.000374395
12960	0.00139311	-0.00155245	-0.000372447
12970	0.00139529	-0.00154694	-0.000370861
12980	0.00139803	-0.00154135	-0.000369715
12990	0.00140124	-0.00153597	-0.000369079
13000	0.00140484	-0.00153111	-0.000369009
13010	0.00140876	-0.00152707	-0.000369511
13020	0.0014129	-0.00152396	-0.000370439
13030	0.00141717	-0.00152183	-0.000371647
13040	0.0014215	-0.0015208	-0.000373066
13050	0.00142581	-0.0015209	-0.000374623
13060	0.00142999	-0.00152212	-0.000376241
13070	0.00143396	-0.00152434	-0.000377863
13080	0.00143764	-0.00152735	-0.000379499
13090	0.00144102	-0.00153095	-0.000381138
13100	0.00144411	-0.00153495	-0.000382737
13110	0.00144694	-0.00153923	-0.000384275
13120	0.00144956	-0.00154366	-0.000385758
13130	0.00145203	-0.00154807	-0.000387242
13140	0.00145441	-0.00155234	-0.000388801
13150	0.00145677	-0.00155635	-0.000390526
13160	0.00145918	-0.00156008	-0.000392509
13170	0.00146169	-0.00156351	-0.000394834
13180	0.00146435	-0.00156672	-0.000397557
13190	0.0014672	-0.00156981	-0.000400713
13200	0.00147025	-0.00157295	-0.000404306
13210	0.0014735	-0.00157631	-0.000408312
13220	0.00147695	-0.00158008	-0.000412679
13230	0.00148054	-0.00158442	-0.000417337
13240	0.00148424	-0.00158945	-0.000422192
13250	0.00148799	-0.00159522	-0.000427141
13260	0.00149175	-0.00160178	-0.000432013
13270	0.00149548	-0.00160908	-0.000436637
13280	0.00149916	-0.00161694	-0.000440906
13290	0.00150277	-0.00162516	-0.000444694
13300	0.00150631	-0.00163354	-0.000447871
13310	0.00150977	-0.00164185	-0.000450322
13320	0.00151317	-0.00164983	-0.00045195
13330	0.0015165	-0.00165727	-0.000452691
13340	0.00151981	-0.00166397	-0.00045252
13350	0.0015231	-0.00166976	-0.00045145
13360	0.00152642	-0.00167454	-0.000449537
13370	0.00152981	-0.00167827	-0.000446876
13380	0.0015333	-0.00168098	-0.0004436
13390	0.00153689	-0.0016828	-0.000439918
13400	0.00154063	-0.00168407	-0.000436109
13410	0.00154454	-0.00168514	-0.000432304
13420	0.00154865	-0.00168632	-0.00042869
13430	0.00155296	-0.00168785	-0.000425474
13440	0.00155745	-0.0016898	-0.000422753
13450	0.00156215	-0.00169224	-0.000420584
13460	0.001567	-0.00169538	-0.000419079
13470	0.00157198	-0.00169936	-0.000418303
13480	0.00157702	-0.00170428	-0.000418284
13490	0.00158203	-0.00171019	-0.000419011
13500	0.00158693	-0.00171708	-0.000420441
13510	0.00159163	-0.00172487	-0.000422502
13520	0.00159604	-0.00173339	-0.000425092
13530	0.00160007	-0.00174242	-0.000428082
13540	0.00160364	-0.00175166	-0.000431324
13550	0.00160668	-0.0017608	-0.000434656
13560	0.00160917	-0.0017695	-0.000437885
13570	0.00161108	-0.00177745	-0.000440918
13580	0.0016124	-0.00178447	-0.000443712
13590	0.00161314	-0.00179037	-0.000446158
13600	0.00161333	-0.00179504	-0.000448175
13610	0.001613	-0.00179844	-0.000449709
13620	0.00161219	-0.0018006	-0.000450733
13630	0.00161096	-0.00180164	-0.000451248
13640	0.00160939	-0.00180176	-0.000451283
13650	0.00160756	-0.00180125	-0.000450918
13660	0.00160557	-0.00180042	-0.000450222
13670	0.00160352	-0.00179953	-0.000449265
13680	0.00160153	-0.00179885	-0.000448119
13690	0.00159969	-0.00179861	-0.000446855
13700	0.0015981	-0.001799	-0.000445532
13710	0.00159684	-0.0018001	-0.000444202
13720	0.00159596	-0.00180196	-0.000442899
13730	0.00159549	-0.00180451	-0.00044164
13740	0.00159544	-0.00180763	-0.000440424
13750	0.0015958	-0.00181114	-0.000439233
13760	0.00159651	-0.00181481	-0.000438035
13770	0.00159752	-0.00181836	-0.000436794
13780	0.00159875	-0.00182155	-0.000435469
13790	0.00160011	-0.00182412	-0.000434022
13800	0.00160153	-0.00182589	-0.00043242
13810	0.00160294	-0.00182672	-0.000430649
13820	0.00160428	-0.00182653	-0.000428718
13830	0.00160551	-0.00182531	-0.000426662
13840	0.0016066	-0.00182313	-0.000424547
13850	0.00160753	-0.0018201	-0.000422464
13860	0.00160831	-0.00181637	-0.000420532
13870	0.00160896	-0.00181215	-0.000418888
13880	0.0016095	-0.00180765	-0.000417672
13890	0.00160993	-0.00180319	-0.000416963
13900	0.00161029	-0.00179908	-0.000416884
13910	0.00161062	-0.00179554	-0.000417573
13920	0.00161093	-0.00179271	-0.000419132
13930	0.00161121	-0.00179073	-0.00042163
13940	0.00161151	-0.00178964	-0.000425035
13950	0.00161178	-0.0017893	-0.000429197
13960	0.00161199	-0.00178967	-0.000434067
13970	0.00161209	-0.00179071	-0.000439554
13980	0.00161204	-0.00179234	-0.000445517
13990	0.00161178	-0.00179449	-0.000451771
14000	0.0016113	-0.00179707	-0.000458116
14010	0.00161059	-0.0018	-0.000464337
14020	0.00160966	-0.00180316	-0.000470214
14030	0.00160855	-0.0018065	-0.000475527
14040	0.00160729	-0.00180986	-0.000480138
14050	0.00160589	-0.00181305	-0.000483967
14060	0.00160442	-0.00181585	-0.000486861
14070	0.00160296	-0.00181809	-0.000488742
14080	0.00160161	-0.00181962	-0.000489613
14090	0.00160045	-0.00182034	-0.000489467
14100	0.0015996	-0.00182022	-0.00048833
14110	0.00159913	-0.00181936	-0.00048636
14120	0.00159909	-0.00181782	-0.000483748
14130	0.00159955	-0.00181563	-0.000480693
14140	0.00160054	-0.00181289	-0.000477385
14150	0.00160186	-0.00180972	-0.000473991
14160	0.00160343	-0.00180628	-0.000470722
14170	0.00160522	-0.00180279	-0.000467768
14180	0.00160717	-0.00179942	-0.000465273
14190	0.00160925	-0.00179638	-0.000463335
14200	0.00161139	-0.00179382	-0.000462003
14210	0.00161355	-0.0017919	-0.000461267
14220	0.0016157	-0.00179063	-0.000460943
14230	0.00161779	-0.00179012	-0.000460902
14240	0.00161982	-0.00179053	-0.000461046
14250	0.00162177	-0.00179196	-0.00046124
14260	0.00162362	-0.00179445	-0.00046133
14270	0.00162536	-0.00179798	-0.00046116
14280	0.00162696	-0.00180243	-0.000460576
14290	0.00162842	-0.00180761	-0.000459448
14300	0.00162973	-0.00181326	-0.000457685
14310	0.0016309	-0.00181901	-0.000455299
14320	0.00163196	-0.00182445	-0.000452298
14330	0.00163293	-0.00182924	-0.000448709
14340	0.00163384	-0.00183302	-0.000444581
14350	0.00163472	-0.00183551	-0.000440003
14360	0.00163561	-0.00183648	-0.0004351
14370	0.00163652	-0.00183576	-0.000430025
14380	0.00163749	-0.00183334	-0.000424978
14390	0.00163853	-0.00182939	-0.000420276
14400	0.00163964	-0.00182405	-0.000416134
14410	0.0016408	-0.00181756	-0.000412737
14420	0.00164197	-0.00181025	-0.000410251
14430	0.00164311	-0.00180246	-0.000408791
14440	0.00164416	-0.00179451	-0.000408429
14450	0.00164508	-0.0017866	-0.00040908
14460	0.00164584	-0.00177895	-0.000410643
14470	0.00164641	-0.00177188	-0.000413075
14480	0.00164677	-0.00176577	-0.000416331
14490	0.0016469	-0.00176092	-0.000420332
14500	0.0016468	-0.00175759	-0.000424963
14510	0.00164651	-0.00175599	-0.000430097
14520	0.00164604	-0.00175625	-0.000435595
14530	0.00164544	-0.00175841	-0.000441312
14540	0.00164475	-0.00176239	-0.000447101
14550	0.00164402	-0.00176802	-0.000452823
14560	0.00164332	-0.001775	-0.000458347
14570	0.00164268	-0.00178297	-0.000463558
14580	0.00164215	-0.00179138	-0.000468416
14590	0.0016418	-0.00179966	-0.000472819
14600	0.00164171	-0.00180739	-0.000476678
14610	0.00164193	-0.00181422	-0.000479937
14620	0.00164252	-0.00181987	-0.000482553
14630	0.00164344	-0.00182417	-0.000484504
14640	0.00164462	-0.0018271	-0.00048571
14650	0.0016461	-0.00182867	-0.00048615
14660	0.00164785	-0.00182896	-0.000485852
14670	0.00164983	-0.00182816	-0.000484886
14680	0.00165201	-0.0018267	-0.000483329
14690	0.00165437	-0.00182485	-0.000481278
14700	0.00165685	-0.0018229	-0.000478826
14710	0.00165941	-0.00182109	-0.000476061
14720	0.00166198	-0.00181966	-0.00047307
14730	0.00166453	-0.0018188	-0.000469937
14740	0.00166702	-0.00181865	-0.000466734
14750	0.00166942	-0.00181927	-0.000463514
14760	0.0016717	-0.00182057	-0.000460276
14770	0.00167382	-0.00182227	-0.000456998
14780	0.00167577	-0.00182429	-0.000453706
14790	0.00167751	-0.00182651	-0.000450418
14800	0.00167904	-0.0018288	-0.000447148
14810	0.00168036	-0.001831	-0.00044391
14820	0.00168147	-0.00183301	-0.000440788
14830	0.00168238	-0.00183479	-0.000437956
14840	0.00168311	-0.00183617	-0.000435462
14850	0.00168371	-0.00183702	-0.000433358
14860	0.00168419	-0.0018372	-0.000431702
14870	0.00168461	-0.00183668	-0.000430533
14880	0.00168499	-0.00183546	-0.000429878
14890	0.00168539	-0.00183361	-0.000429738
14900	0.0016858	-0.00183129	-0.000430104
14910	0.0016862	-0.00182865	-0.000430994
14920	0.00168658	-0.00182585	-0.000432411
14930	0.00168692	-0.00182306	-0.000434357
14940	0.00168721	-0.0018204	-0.000436752
14950	0.00168741	-0.00181794	-0.000439448
14960	0.00168747	-0.00181589	-0.000442413
14970	0.00168733	-0.00181444	-0.000445604
14980	0.00168697	-0.00181379	-0.000448965
14990	0.00168637	-0.0018141	-0.000452435
15000	0.00168551	-0.0018155	-0.000455948
15010	0.00168444	-0.00181802	-0.000459463
15020	0.00168319	-0.00182153	-0.000462943
15030	0.00168182	-0.00182592	-0.000466268
15040	0.00168043	-0.00183104	-0.000469298
15050	0.00167909	-0.00183666	-0.000471915
15060	0.00167789	-0.00184253	-0.000474029
15070	0.00167687	-0.00184838	-0.000475574
15080	0.00167609	-0.00185394	-0.000476517
15090	0.00167563	-0.00185896	-0.000476852
15100	0.00167552	-0.00186324	-0.000476576
15110	0.00167575	-0.00186658	-0.000475748
15120	0.00167637	-0.00186891	-0.000474512
15130	0.00167738	-0.00187017	-0.00047296
15140	0.00167883	-0.00187035	-0.000471197
15150	0.0016807	-0.00186952	-0.000469342
15160	0.00168296	-0.00186782	-0.000467518
15170	0.00168557	-0.00186546	-0.00046585
15180	0.00168844	-0.00186266	-0.000464463
15190	0.00169149	-0.00185973	-0.000463485
15200	0.00169464	-0.00185697	-0.000462983
15210	0.00169778	-0.00185461	-0.000462999
15220	0.0017008	-0.00185288	-0.000463545
15230	0.00170361	-0.00185196	-0.00046461
15240	0.00170613	-0.00185197	-0.00046615
15250	0.00170827	-0.00185296	-0.000468096
15260	0.00170998	-0.00185488	-0.000470346
15270	0.00171123	-0.00185764	-0.000472769
15280	0.001712	-0.00186108	-0.000475218
15290	0.00171231	-0.00186494	-0.000477493
15300	0.00171219	-0.00186884	-0.00047931
15310	0.00171172	-0.00187251	-0.000480532
15320	0.00171093	-0.00187576	-0.000481118
15330	0.00170993	-0.00187846	-0.000481083
15340	0.00170882	-0.00188043	-0.000480377
15350	0.00170769	-0.00188157	-0.000478992
15360	0.00170662	-0.00188183	-0.000476974
15370	0.00170568	-0.00188124	-0.000474413
15380	0.00170496	-0.00187989	-0.000471415
15390	0.00170452	-0.00187786	-0.000468113
15400	0.0017044	-0.00187529	-0.000464696
15410	0.00170461	-0.00187241	-0.000461284
15420	0.00170514	-0.00186945	-0.000458011
15430	0.00170591	-0.00186664	-0.000454987
15440	0.00170678	-0.00186413	-0.000452338
15450	0.00170769	-0.00186203	-0.000450207
15460	0.00170862	-0.00186041	-0.000448708
15470	0.00170955	-0.00185931	-0.000447927
15480	0.00171045	-0.00185869	-0.000447881
15490	0.0017113	-0.00185842	-0.000448441
15500	0.00171208	-0.00185847	-0.000449584
15510	0.00171277	-0.00185883	-0.000451277
15520	0.00171336	-0.00185949	-0.00045347
15530	0.00171384	-0.00186038	-0.000456103
15540	0.0017142	-0.00186148	-0.00045906
15550	0.00171445	-0.00186275	-0.000462204
15560	0.00171462	-0.00186422	-0.000465454
15570	0.00171476	-0.00186592	-0.000468678
15580	0.00171487	-0.00186777	-0.000471731
15590	0.00171493	-0.00186973	-0.000474511
15600	0.00171496	-0.00187173	-0.000476967
15610	0.00171496	-0.00187367	-0.000479072
15620	0.00171494	-0.00187539	-0.000480817
15630	0.00171494	-0.00187679	-0.000482226
15640	0.00171502	-0.00187784	-0.000483262
15650	0.00171518	-0.00187852	-0.000483894
15660	0.00171544	-0.0018788	-0.000484108
15670	0.00171581	-0.00187872	-0.000483941
15680	0.00171628	-0.00187843	-0.000483496
15690	0.00171687	-0.00187798	-0.000482795
15700	0.00171754	-0.00187739	-0.00048187
15710	0.00171829	-0.0018767	-0.000480747
15720	0.00171909	-0.00187593	-0.000479459
15730	0.00171992	-0.00187512	-0.000478036
15740	0.00172076	-0.00187431	-0.000476503
15750	0.00172159	-0.00187353	-0.000474885
15760	0.0017224	-0.00187283	-0.000473207
15770	0.00172317	-0.00187225	-0.000471487
15780	0.0017239	-0.00187182	-0.000469745
15790	0.0017246	-0.00187158	-0.000467993
15800	0.00172527	-0.00187157	-0.000466246
15810	0.00172592	-0.00187183	-0.000464508
15820	0.00172657	-0.00187236	-0.000462753
15830	0.0017272	-0.00187304	-0.000460889
15840	0.0017278	-0.0018738	-0.000458907
15850	0.00172838	-0.00187463	-0.000456819
15860	0.00172892	-0.00187552	-0.000454646
15870	0.00172944	-0.00187643	-0.000452422
15880	0.00172993	-0.0018773	-0.000450198
15890	0.00173041	-0.00187808	-0.000448033
15900	0.00173087	-0.00187871	-0.000445988
15910	0.00173131	-0.00187912	-0.000444124
15920	0.0017317	-0.00187927	-0.000442499
15930	0.00173207	-0.00187908	-0.000441171
15940	0.0017324	-0.00187853	-0.000440209
15950	0.00173271	-0.00187756	-0.000439691
15960	0.001733	-0.00187617	-0.000439665
15970	0.00173327	-0.00187435	-0.00044012
15980	0.00173352	-0.00187217	-0.00044096
15990	0.00173377	-0.00186968	-0.000442204
16000	0.00173403	-0.00186693	-0.000443876
16010	0.00173431	-0.00186403	-0.00044597
16020	0.00173463	-0.0018611	-0.000448463
16030	0.00173499	-0.00185828	-0.000451321
16040	0.0017354	-0.00185574	-0.0004545
16050	0.00173585	-0.00185371	-0.000457982
16060	0.00173632	-0.00185236	-0.000461718
16070	0.00173679	-0.00185185	-0.000465638
16080	0.00173726	-0.00185224	-0.000469705
16090	0.0017377	-0.00185359	-0.000473883
16100	0.00173812	-0.00185597	-0.000478085
16110	0.00173849	-0.00185941	-0.000482209
16120	0.00173881	-0.00186388	-0.000486138
16130	0.00173907	-0.00186929	-0.000489687
16140	0.0017393	-0.00187551	-0.000492723
16150	0.00173951	-0.00188229	-0.000495293
16160	0.00173972	-0.00188938	-0.000497388
16170	0.00173994	-0.00189657	-0.000498944
16180	0.00174017	-0.0019036	-0.000499918
16190	0.00174044	-0.00191024	-0.000500284
16200	0.00174077	-0.00191627	-0.000500029
16210	0.00174116	-0.00192146	-0.000499168
16220	0.00174165	-0.00192555	-0.000497689
16230	0.00174226	-0.00192839	-0.000495646
16240	0.00174302	-0.00192988	-0.00049313
16250	0.00174394	-0.00193012	-0.000490215
16260	0.00174499	-0.00192927	-0.000487009
16270	0.00174615	-0.0019274	-0.000483615
16280	0.00174739	-0.00192459	-0.000480131
16290	0.00174867	-0.00192099	-0.000476651
16300	0.00174996	-0.00191677	-0.000473277
16310	0.00175121	-0.00191214	-0.000470104
16320	0.00175237	-0.0019073	-0.000467214
16330	0.00175342	-0.00190248	-0.000464677
16340	0.00175431	-0.00189788	-0.000462524
16350	0.00175502	-0.00189372	-0.000460771
16360	0.00175553	-0.00189014	-0.00045944
16370	0.00175584	-0.00188724	-0.000458551
16380	0.00175595	-0.00188507	-0.000458091
16390	0.00175587	-0.00188364	-0.000458016
16400	0.00175567	-0.00188286	-0.000458192
16410	0.00175532	-0.00188261	-0.000458492
16420	0.00175486	-0.00188286	-0.000458856
16430	0.00175435	-0.00188358	-0.00045922
16440	0.00175382	-0.00188465	-0.000459566
16450	0.00175332	-0.00188609	-0.000459887
16460	0.00175286	-0.00188786	-0.000460162
16470	0.00175245	-0.00188992	-0.000460387
16480	0.00175208	-0.00189224	-0.000460568
16490	0.00175175	-0.00189473	-0.000460721
16500	0.00175146	-0.00189732	-0.00046086
16510	0.00175123	-0.00189995	-0.000460999
16520	0.00175104	-0.00190255	-0.000461151
16530	0.00175091	-0.00190504	-0.000461328
16540	0.00175082	-0.00190736	-0.000461541
16550	0.00175077	-0.00190945	-0.000461787
16560	0.00175074	-0.00191124	-0.000462065
16570	0.00175075	-0.00191268	-0.000462373
16580	0.00175079	-0.00191375	-0.000462724
16590	0.00175084	-0.00191445	-0.000463142
16600	0.0017509	-0.00191476	-0.000463625
16610	0.00175096	-0.00191472	-0.000464165
16620	0.00175103	-0.0019145	-0.00046472
16630	0.00175109	-0.00191415	-0.000465265
16640	0.00175115	-0.00191363	-0.00046578
16650	0.00175123	-0.00191296	-0.000466255
16660	0.00175132	-0.00191212	-0.000466684
16670	0.00175143	-0.00191112	-0.000467059
16680	0.00175157	-0.00190998	-0.000467382
16690	0.00175173	-0.00190871	-0.000467653
16700	0.00175194	-0.00190733	-0.000467879
16710	0.0017522	-0.0019059	-0.000468074
16720	0.00175251	-0.00190447	-0.0004683
16730	0.00175285	-0.00190308	-0.000468576
16740	0.00175323	-0.00190178	-0.000468884
16750	0.00175366	-0.00190057	-0.000469173
16760	0.00175412	-0.00189949	-0.000469433
16770	0.00175462	-0.00189858	-0.000469648
16780	0.00175514	-0.00189788	-0.000469801
16790	0.00175565	-0.00189741	-0.000469884
16800	0.00175614	-0.00189719	-0.000469896
16810	0.0017566	-0.00189719	-0.000469894
16820	0.001757	-0.00189735	-0.000469941
16830	0.00175734	-0.00189765	-0.000470049
16840	0.00175765	-0.00189809	-0.000470231
16850	0.00175792	-0.00189864	-0.000470507
16860	0.00175815	-0.00189926	-0.000470882
16870	0.00175835	-0.00189994	-0.000471351
16880	0.00175854	-0.00190063	-0.000471874
16890	0.00175871	-0.00190134	-0.000472421
16900	0.00175885	-0.00190202	-0.00047297
16910	0.00175897	-0.00190267	-0.000473501
16920	0.00175906	-0.00190325	-0.000473999
16930	0.00175913	-0.00190375	-0.000474445
16940	0.00175919	-0.00190418	-0.000474815
16950	0.00175925	-0.00190452	-0.000475101
16960	0.00175932	-0.00190477	-0.000475295
16970	0.00175939	-0.00190493	-0.000475393
16980	0.00175946	-0.001905	-0.000475398
16990	0.00175952	-0.00190499	-0.000475342
17000	0.00175959	-0.00190498	-0.000475283
17010	0.00175965	-0.00190496	-0.000475234
17020	0.00175972	-0.00190493	-0.000475194
17030	0.00175981	-0.00190491	-0.000475149
17040	0.00175991	-0.0019049	-0.000475094
17050	0.00176005	-0.00190492	-0.000475027
17060	0.00176023	-0.00190498	-0.000474948
17070	0.00176045	-0.00190509	-0.000474854
17080	0.00176071	-0.00190526	-0.00047475
17090	0.00176102	-0.00190546	-0.000474638
17100	0.00176138	-0.00190571	-0.000474519
17110	0.00176179	-0.00190601	-0.000474393
17120	0.00176226	-0.00190637	-0.000474261
17130	0.00176278	-0.00190679	-0.000474123
17140	0.00176337	-0.00190727	-0.000473978
17150	0.00176401	-0.00190782	-0.000473825
17160	0.00176472	-0.00190842	-0.000473667
17170	0.00176548	-0.00190906	-0.000473495
17180	0.0017663	-0.00190972	-0.000473283
17190	0.00176718	-0.00191037	-0.00047304
17200	0.00176809	-0.00191105	-0.000472789
17210	0.00176904	-0.00191176	-0.000472534
17220	0.00177002	-0.00191249	-0.000472286
17230	0.001771	-0.00191324	-0.000472037
17240	0.00177199	-0.001914	-0.000471794
17250	0.00177297	-0.00191477	-0.00047155
17260	0.00177392	-0.00191553	-0.000471307
17270	0.00177483	-0.00191628	-0.000471068
17280	0.00177571	-0.00191701	-0.000470842
17290	0.00177654	-0.00191769	-0.000470636
17300	0.00177732	-0.00191831	-0.000470459
17310	0.00177806	-0.00191884	-0.000470321
17320	0.00177875	-0.00191927	-0.00047023
17330	0.00177939	-0.00191959	-0.000470203
17340	0.00178	-0.00191979	-0.000470206
17350	0.00178059	-0.00191989	-0.000470209
17360	0.00178114	-0.00191989	-0.000470214
17370	0.00178167	-0.00191979	-0.00047022
17380	0.00178216	-0.00191962	-0.000470227
17390	0.00178262	-0.00191937	-0.000470232
17400	0.00178304	-0.00191909	-0.000470237
17410	0.00178342	-0.00191879	-0.00047024
17420	0.00178377	-0.0019185	-0.00047024
17430	0.00178408	-0.00191825	-0.000470236
17440	0.00178437	-0.00191809	-0.000470251
17450	0.00178463	-0.0019181	-0.000470329
17460	0.00178488	-0.00191827	-0.00047048
17470	0.00178512	-0.00191856	-0.000470762
17480	0.00178538	-0.00191893	-0.000471215
17490	0.00178566	-0.00191937	-0.000471848
17500	0.00178598	-0.0019199	-0.000472665
17510	0.00178634	-0.00192051	-0.000473656
17520	0.00178675	-0.00192123	-0.000474808
17530	0.00178723	-0.00192207	-0.000476102
17540	0.00178776	-0.00192303	-0.000477517
17550	0.00178837	-0.00192411	-0.000479023
17560	0.00178905	-0.00192532	-0.000480592
17570	0.0017898	-0.00192663	-0.00048219
17580	0.00179062	-0.00192804	-0.000483786
17590	0.00179151	-0.00192954	-0.000485349
17600	0.00179247	-0.0019311	-0.000486854
17610	0.00179349	-0.00193276	-0.000488333
17620	0.00179458	-0.00193455	-0.000489817
17630	0.00179572	-0.00193645	-0.000491289
17640	0.00179692	-0.00193843	-0.000492738
17650	0.00179817	-0.00194046	-0.000494156
17660	0.00179946	-0.00194251	-0.000495524
17670	0.00180078	-0.00194455	-0.000496816
17680	0.00180215	-0.00194656	-0.000498018
17690	0.00180354	-0.0019485	-0.000499127
17700	0.00180494	-0.00195031	-0.000500141
17710	0.00180633	-0.00195197	-0.000501054
17720	0.0018077	-0.00195343	-0.000501863
17730	0.00180903	-0.00195466	-0.000502571
17740	0.0018103	-0.00195563	-0.000503174
17750	0.00181149	-0.0019563	-0.000503673
17760	0.00181258	-0.00195674	-0.000504047
17770	0.00181356	-0.00195705	-0.000504222
17780	0.0018144	-0.00195723	-0.000504208
17790	0.00181512	-0.00195729	-0.000504019
17800	0.00181571	-0.00195726	-0.000503676
17810	0.0018162	-0.00195714	-0.000503207
17820	0.00181663	-0.00195697	-0.000502651
17830	0.00181701	-0.00195674	-0.000502052
17840	0.00181735	-0.00195649	-0.000501444
17850	0.00181766	-0.00195623	-0.000500853
17860	0.00181794	-0.00195602	-0.000500288
17870	0.0018182	-0.00195591	-0.000499749
17880	0.00181843	-0.00195596	-0.000499231
17890	0.00181865	-0.00195618	-0.000498712
17900	0.00181884	-0.0019566	-0.000498196
17910	0.00181902	-0.00195724	-0.000497689
17920	0.00181917	-0.0019581	-0.000497198
17930	0.00181931	-0.00195914	-0.000496727
17940	0.00181944	-0.00196033	-0.000496281
17950	0.00181956	-0.00196165	-0.000495867
17960	0.0018197	-0.00196306	-0.000495504
17970	0.00181987	-0.00196453	-0.000495214
17980	0.00182007	-0.001966	-0.000495015
17990	0.00182033	-0.00196743	-0.000494923
18000	0.00182065	-0.00196876	-0.000494952
