0	0	0	0
10	1.80297e-15	2.30778e-07	-3.53291e-16
20	4.8649e-12	7.8856e-07	-9.86984e-13
30	2.87765e-11	1.64218e-06	-5.83902e-12
40	5.96317e-11	2.75898e-06	-1.20145e-11
50	8.86915e-11	4.09771e-06	-1.76513e-11
60	1.15812e-10	5.61125e-06	-2.26035e-11
70	1.44958e-10	7.24974e-06	-2.74028e-11
80	1.79861e-10	8.96369e-06	-3.21675e-11
90	2.23012e-10	1.07071e-05	-3.60804e-11
100	2.76734e-10	1.24399e-05	-3.70778e-11
110	3.4366e-10	1.41303e-05	-3.10649e-11
120	4.27221e-10	1.57558e-05	-1.0618e-11
130	5.32872e-10	1.73042e-05	3.67914e-11
140	6.70566e-10	1.87727e-05	1.30994e-10
150	8.59309e-10	2.01676e-05	3.01717e-10
160	1.12767e-09	2.15019e-05	5.92958e-10
170	1.51935e-09	2.27938e-05	1.06728e-09
180	2.0851e-09	2.40639e-05	1.8134e-09
190	2.89488e-09	2.53327e-05	2.94938e-09
200	4.0689e-09	2.66183e-05	4.62311e-09
210	5.77384e-09	2.79338e-05	7.02249e-09
220	8.21906e-09	2.92862e-05	1.0387e-08
230	1.16737e-08	3.0675e-05	1.50151e-08
240	1.64606e-08	3.20916e-05	2.12744e-08
250	2.29486e-08	3.35197e-05	2.96062e-08
260	3.15599e-08	3.49355e-05	4.05165e-08
270	4.27163e-08	3.63094e-05	5.45625e-08
280	5.67916e-08	3.76075e-05	7.23052e-08
290	7.40473e-08	3.87931e-05	9.42324e-08
300	9.45036e-08	3.9829e-05	1.20672e-07
310	1.17758e-07	4.06795e-05	1.51719e-07
320	1.42506e-07	4.13126e-05	1.87017e-07
330	1.66131e-07	4.17029e-05	2.2546e-07
340	1.82937e-07	4.18365e-05	2.64661e-07
350	1.82722e-07	4.18403e-05	2.77586e-07
360	1.85592e-07	4.18438e-05	2.76015e-07
370	1.85943e-07	4.18462e-05	2.76083e-07
380	1.89477e-07	4.18482e-05	2.77386e-07
390	1.90469e-07	4.18508e-05	2.77834e-07
400	1.91404e-07	4.1854e-05	2.81437e-07
410	1.92362e-07	4.18553e-05	2.85966e-07
420	1.93433e-07	4.18625e-05	2.88292e-07
430	1.94771e-07	4.18721e-05	2.89893e-07
440	1.94587e-07	4.18794e-05	2.94891e-07
450	1.98331e-07	4.18899e-05	3.03747e-07
460	2.08991e-07	4.18978e-05	3.18901e-07
470	2.29937e-07	4.19141e-05	3.52633e-07
480	2.70377e-07	4.1946e-05	4.1819e-07
490	3.37801e-07	4.20003e-05	5.30459e-07
500	4.42338e-07	4.20864e-05	7.06564e-07
510	5.92977e-07	4.22144e-05	9.65988e-07
520	7.9926e-07	4.23953e-05	1.32851e-06
530	1.07046e-06	4.26416e-05	1.81395e-06
540	1.41701e-06	4.29805e-05	2.44099e-06
550	1.85078e-06	4.34768e-05	3.22376e-06
560	2.38351e-06	4.42162e-05	4.1714e-06
570	3.02804e-06	4.52815e-05	5.29157e-06
580	3.79593e-06	4.67513e-05	6.58982e-06
590	4.69706e-06	4.87002e-05	8.06828e-06
600	5.73929e-06	5.11947e-05	9.72551e-06
610	6.92793e-06	5.42897e-05	1.15563e-05
620	8.26567e-06	5.803e-05	1.35517e-05
630	9.75248e-06	6.24536e-05	1.56982e-05
640	1.13848e-05	6.75821e-05	1.79788e-05
650	1.31552e-05	7.34199e-05	2.03724e-05
660	1.50521e-05	7.99537e-05	2.28544e-05
670	1.706e-05	8.71539e-05	2.53967e-05
680	1.91591e-05	9.49756e-05	2.79682e-05
690	2.1325e-05	0.00010336	3.05347e-05
700	2.35287e-05	0.000112237	3.3059e-05
710	2.57359e-05	0.000121524	3.54994e-05
720	2.79065e-05	0.000131132	3.78098e-05
730	2.99943e-05	0.00014096	3.99395e-05
740	3.19495e-05	0.000150901	4.18336e-05
750	3.37142e-05	0.000160833	4.34326e-05
760	3.5224e-05	0.000170622	4.46725e-05
770	3.64168e-05	0.000180123	4.54937e-05
780	3.72217e-05	0.000189188	4.58444e-05
790	3.75661e-05	0.000197648	4.5659e-05
800	3.73829e-05	0.000205321	4.48791e-05
810	3.66154e-05	0.000212012	4.34584e-05
820	3.52207e-05	0.000217532	4.13707e-05
830	3.31688e-05	0.000221715	3.86093e-05
840	3.04504e-05	0.000224409	3.51847e-05
850	2.7083e-05	0.000225485	3.11282e-05
860	2.31133e-05	0.000224847	2.64949e-05
870	1.86188e-05	0.000222579	2.13361e-05
880	1.3706e-05	0.000218707	1.57505e-05
890	8.50793e-06	0.000213229	9.87444e-06
900	3.17829e-06	0.000206221	3.85577e-06
910	-2.11484e-06	0.000197743	-2.13347e-06
920	-7.19704e-06	0.000187877	-7.91156e-06
930	-1.1896e-05	0.000176731	-1.32979e-05
940	-1.60502e-05	0.000164437	-1.81219e-05
950	-1.95181e-05	0.000151142	-2.22319e-05
960	-2.21856e-05	0.000137006	-2.55034e-05
970	-2.39734e-05	0.00012219	-2.78468e-05
980	-2.48408e-05	0.000106844	-2.92122e-05
990	-2.47876e-05	9.10983e-05	-2.95927e-05
1000	-2.38515e-05	7.50507e-05	-2.90225e-05
1010	-2.21045e-05	5.87635e-05	-2.75724e-05
1020	-1.96484e-05	4.22627e-05	-2.53443e-05
1030	-1.66097e-05	2.55415e-05	-2.2464e-05
1040	-1.31336e-05	8.56417e-06	-1.90749e-05
1050	-9.37714e-06	-8.7321e-06	-1.53307e-05
1060	-5.50143e-06	-2.64315e-05	-1.13872e-05
1070	-1.6637e-06	-4.46438e-05	-7.3925e-06
1080	1.99e-06	-6.34775e-05	-3.48123e-06
1090	5.33151e-06	-8.30188e-05	2.29661e-07
1100	8.25596e-06	-0.000103318	3.64506e-06
1110	1.06858e-05	-0.000124379	6.6942e-06
1120	1.25729e-05	-0.000146144	9.33136e-06
1130	1.38992e-05	-0.000168494	1.1535e-05
1140	1.46754e-05	-0.00019124	1.33054e-05
1150	1.49381e-05	-0.000214124	1.46613e-05
1160	1.47461e-05	-0.000236827	1.56354e-05
1170	1.41752e-05	-0.000258977	1.62702e-05
1180	1.33141e-05	-0.000280168	1.66143e-05
1190	1.22572e-05	-0.000299973	1.67179e-05
1200	1.10998e-05	-0.000317955	1.66288e-05
1210	9.9324e-06	-0.000333686	1.63885e-05
1220	8.83686e-06	-0.000346771	1.60308e-05
1230	7.88275e-06	-0.000356877	1.55817e-05
1240	7.12511e-06	-0.000363749	1.50612e-05
1250	6.60318e-06	-0.000367235	1.44844e-05
1260	6.34241e-06	-0.000367396	1.38807e-05
1270	6.33626e-06	-0.000364689	1.32948e-05
1280	6.54171e-06	-0.000359431	1.27016e-05
1290	6.94696e-06	-0.000351869	1.21015e-05
1300	7.53167e-06	-0.000342312	1.15107e-05
1310	8.26837e-06	-0.000331129	1.0952e-05
1320	9.12433e-06	-0.000318736	1.04521e-05
1330	1.00632e-05	-0.00030558	1.00396e-05
1340	1.10464e-05	-0.000292118	9.7428e-06
1350	1.20344e-05	-0.000278796	9.58687e-06
1360	1.29883e-05	-0.000266028	9.59133e-06
1370	1.38711e-05	-0.000254179	9.76795e-06
1380	1.46492e-05	-0.000243545	1.01192e-05
1390	1.52936e-05	-0.000234342	1.06378e-05
1400	1.57811e-05	-0.000226702	1.13065e-05
1410	1.60949e-05	-0.000220666	1.20986e-05
1420	1.62253e-05	-0.000216189	1.29793e-05
1430	1.61703e-05	-0.000213147	1.39072e-05
1440	1.59357e-05	-0.000211349	1.48365e-05
1450	1.55346e-05	-0.000210465	1.57024e-05
1460	1.49873e-05	-0.000210064	1.64255e-05
1470	1.43189e-05	-0.000209855	1.69624e-05
1480	1.35589e-05	-0.000209563	1.72774e-05
1490	1.27407e-05	-0.000208944	1.73448e-05
1500	1.19002e-05	-0.000207947	1.71823e-05
1510	1.10759e-05	-0.000206534	1.68136e-05
1520	1.03054e-05	-0.000204585	1.62482e-05
1530	9.62521e-06	-0.000202013	1.55065e-05
1540	9.0677e-06	-0.000198768	1.46182e-05
1550	8.65951e-06	-0.000194828	1.36204e-05
1560	8.41862e-06	-0.000190195	1.25542e-05
1570	8.35193e-06	-0.000184886	1.1461e-05
1580	8.45413e-06	-0.000178921	1.03798e-05
1590	8.71022e-06	-0.00017231	9.3488e-06
1600	9.10685e-06	-0.000165055	8.4154e-06
1610	9.62792e-06	-0.000157164	7.62444e-06
1620	1.0254e-05	-0.000148652	7.01403e-06
1630	1.09619e-05	-0.000139538	6.61439e-06
1640	1.17257e-05	-0.000129846	6.44678e-06
1650	1.25175e-05	-0.000119608	6.52302e-06
1660	1.33092e-05	-0.000108864	6.8455e-06
1670	1.40731e-05	-9.76633e-05	7.40775e-06
1680	1.47838e-05	-8.60643e-05	8.19507e-06
1690	1.54188e-05	-7.41351e-05	9.18553e-06
1700	1.59595e-05	-6.19527e-05	1.0351e-05
1710	1.63921e-05	-4.96009e-05	1.16582e-05
1720	1.6708e-05	-3.71674e-05	1.30703e-05
1730	1.69038e-05	-2.47395e-05	1.45478e-05
1740	1.69813e-05	-1.23998e-05	1.60499e-05
1750	1.69469e-05	-2.21167e-07	1.75353e-05
1760	1.68111e-05	1.17388e-05	1.89634e-05
1770	1.65869e-05	2.34416e-05	2.02946e-05
1780	1.62897e-05	3.48717e-05	2.14913e-05
1790	1.5935e-05	4.60378e-05	2.25183e-05
1800	1.55382e-05	5.69731e-05	2.33433e-05
1810	1.51133e-05	6.77334e-05	2.39378e-05
1820	1.46722e-05	7.83931e-05	2.42772e-05
1830	1.4224e-05	8.90392e-05	2.43422e-05
1840	1.37751e-05	9.97639e-05	2.41191e-05
1850	1.3329e-05	0.000110655	2.36008e-05
1860	1.28863e-05	0.000121787	2.27873e-05
1870	1.24457e-05	0.000133209	2.16865e-05
1880	1.2004e-05	0.00014494	2.03146e-05
1890	1.15572e-05	0.000156957	1.86959e-05
1900	1.11012e-05	0.000169193	1.68631e-05
1910	1.06325e-05	0.000181532	1.48568e-05
1920	1.01492e-05	0.000193815	1.27247e-05
1930	9.65124e-06	0.00020584	1.05203e-05
1940	9.14138e-06	0.000217376	8.30239e-06
1950	8.62522e-06	0.000228169	6.13233e-06
1960	8.1114e-06	0.000237958	4.07286e-06
1970	7.61151e-06	0.000246493	2.18585e-06
1980	7.13973e-06	0.000253546	5.30418e-07
1990	6.71232e-06	0.000258933	-8.39078e-07
2000	6.34694e-06	0.000262523	-1.87489e-06
2010	6.06187e-06	0.000264255	-2.53748e-06
2020	5.87179e-06	0.000264221	-2.80795e-06
2030	5.78469e-06	0.000262764	-2.6985e-06
2040	5.7953e-06	0.000260094	-2.21639e-06
2050	5.89563e-06	0.000256387	-1.38989e-06
2060	6.08171e-06	0.00025183	-2.58291e-07
2070	6.34927e-06	0.000246635	1.13212e-06
2080	6.69241e-06	0.000241024	2.72911e-06
2090	7.1034e-06	0.000235221	4.47588e-06
2100	7.57265e-06	0.00022944	6.31276e-06
2110	8.08873e-06	0.000223874	8.17938e-06
2120	8.63843e-06	0.000218678	1.00169e-05
2130	9.20675e-06	0.000213971	1.177e-05
2140	9.77707e-06	0.000209819	1.33878e-05
2150	1.0332e-05	0.000206242	1.48248e-05
2160	1.08545e-05	0.00020321	1.60432e-05
2170	1.13282e-05	0.000200651	1.70142e-05
2180	1.17383e-05	0.000198456	1.77185e-05
2190	1.20717e-05	0.000196492	1.81466e-05
2200	1.23164e-05	0.000194606	1.82973e-05
2210	1.2461e-05	0.000192638	1.81757e-05
2220	1.24937e-05	0.000190427	1.77913e-05
2230	1.24028e-05	0.000187827	1.71569e-05
2240	1.21771e-05	0.000184719	1.62871e-05
2250	1.18079e-05	0.000181017	1.5199e-05
2260	1.1289e-05	0.000176673	1.39115e-05
2270	1.06185e-05	0.00017168	1.24454e-05
2280	9.79933e-06	0.00016607	1.08236e-05
2290	8.83999e-06	0.000159908	9.07128e-06
2300	7.75507e-06	0.000153284	7.21566e-06
2310	6.56532e-06	0.000146307	5.28654e-06
2320	5.29744e-06	0.000139092	3.31616e-06
2330	3.98357e-06	0.000131754	1.33913e-06
2340	2.66035e-06	0.000124395	-6.0781e-07
2350	1.3677e-06	0.0001171	-2.48623e-06
2360	1.47302e-07	0.000109934	-4.25667e-06
2370	-9.59188e-07	0.000102933	-5.87953e-06
2380	-1.91206e-06	9.61085e-05	-7.31612e-06
2390	-2.67559e-06	8.94501e-05	-8.52999e-06
2400	-3.21993e-06	8.29262e-05	-9.48831e-06
2410	-3.52295e-06	7.64905e-05	-1.01634e-05
2420	-3.57148e-06	7.00872e-05	-1.0534e-05
2430	-3.362e-06	6.36555e-05	-1.05866e-05
2440	-2.90047e-06	5.71349e-05	-1.03158e-05
2450	-2.20163e-06	5.04697e-05	-9.72465e-06
2460	-1.28815e-06	4.36145e-05	-8.82363e-06
2470	-1.89751e-07	3.65378e-05	-7.63071e-06
2480	1.05776e-06	2.92243e-05	-6.17072e-06
2490	2.4138e-06	2.16753e-05	-4.47492e-06
2500	3.8345e-06	1.39067e-05	-2.5804e-06
2510	5.27453e-06	5.94633e-06	-5.29313e-07
2520	6.68894e-06	-2.16954e-06	1.6322e-06
2530	8.03504e-06	-1.03999e-05	3.85517e-06
2540	9.27417e-06	-1.87023e-05	6.08913e-06
2550	1.03733e-05	-2.70347e-05	8.28351e-06
2560	1.13062e-05	-3.53575e-05	1.0389e-05
2570	1.20545e-05	-4.3633e-05	1.23589e-05
2580	1.26077e-05	-5.18246e-05	1.41501e-05
2590	1.29632e-05	-5.98959e-05	1.57238e-05
2600	1.31249e-05	-6.78091e-05	1.70445e-05
2610	1.31038e-05	-7.55241e-05	1.80806e-05
2620	1.29182e-05	-8.29933e-05	1.88099e-05
2630	1.25909e-05	-9.01563e-05	1.9221e-05
2640	1.2148e-05	-9.69394e-05	1.93119e-05
2650	1.1617e-05	-0.000103257	1.90883e-05
2660	1.10257e-05	-0.000109014	1.85639e-05
2670	1.04008e-05	-0.000114111	1.77591e-05
2680	9.76722e-06	-0.000118451	1.67014e-05
2690	9.14706e-06	-0.000121947	1.54247e-05
2700	8.55914e-06	-0.000124529	1.39685e-05
2710	8.01873e-06	-0.00012615	1.23777e-05
2720	7.53726e-06	-0.000126923	1.07273e-05
2730	7.12304e-06	-0.000127012	9.09803e-06
2740	6.78065e-06	-0.000126451	7.53721e-06
2750	6.51211e-06	-0.0001253	6.08968e-06
2760	6.31779e-06	-0.00012364	4.79634e-06
2770	6.19881e-06	-0.000121581	3.69336e-06
2780	6.15906e-06	-0.000119278	2.80943e-06
2790	6.17485e-06	-0.000116965	2.14527e-06
2800	6.22021e-06	-0.000114806	1.68439e-06
2810	6.29326e-06	-0.000112912	1.4133e-06
2820	6.38788e-06	-0.000111361	1.33142e-06
2830	6.49914e-06	-0.000110238	1.44449e-06
2840	6.62192e-06	-0.000109544	1.74214e-06
2850	6.7535e-06	-0.000109194	2.19445e-06
2860	6.88704e-06	-0.000108936	2.7453e-06
2870	7.02028e-06	-0.000108656	3.36738e-06
2880	7.15054e-06	-0.000108247	4.03359e-06
2890	7.27543e-06	-0.00010765	4.72772e-06
2900	7.39307e-06	-0.00010694	5.46094e-06
2910	7.50191e-06	-0.000106019	6.20926e-06
2920	7.60086e-06	-0.000104781	6.94648e-06
2930	7.68925e-06	-0.000103131	7.64822e-06
2940	7.76658e-06	-0.000100991	8.2929e-06
2950	7.83285e-06	-9.83073e-05	8.86242e-06
2960	7.88826e-06	-9.50531e-05	9.34275e-06
2970	7.93318e-06	-9.12321e-05	9.7243e-06
2980	7.96805e-06	-8.68773e-05	1.00021e-05
2990	7.99333e-06	-8.20484e-05	1.01755e-05
3000	8.00943e-06	-7.68274e-05	1.02484e-05
3010	8.01665e-06	-7.13124e-05	1.02278e-05
3020	8.01509e-06	-6.56101e-05	1.01242e-05
3030	8.00462e-06	-5.98284e-05	9.94989e-06
3040	7.9848e-06	-5.40683e-05	9.7185e-06
3050	7.95497e-06	-4.8417e-05	9.44411e-06
3060	7.9142e-06	-4.29422e-05	9.1404e-06
3070	7.86143e-06	-3.76881e-05	8.82e-06
3080	7.79555e-06	-3.2673e-05	8.49395e-06
3090	7.71554e-06	-2.78902e-05	8.17138e-06
3100	7.62054e-06	-2.33095e-05	7.85923e-06
3110	7.51002e-06	-1.88818e-05	7.56221e-06
3120	7.38385e-06	-1.45444e-05	7.28286e-06
3130	7.24239e-06	-1.02279e-05	7.0217e-06
3140	7.0866e-06	-5.86269e-06	6.77747e-06
3150	6.9182e-06	-1.38621e-06	6.54756e-06
3160	6.73972e-06	3.25173e-06	6.32835e-06
3170	6.55453e-06	8.08447e-06	6.11583e-06
3180	6.36689e-06	1.31259e-05	5.906e-06
3190	6.1818e-06	1.83694e-05	5.6952e-06
3200	6.00496e-06	2.37893e-05	5.4804e-06
3210	5.84243e-06	2.93439e-05	5.25944e-06
3220	5.70036e-06	3.49795e-05	5.03108e-06
3230	5.58461e-06	4.06366e-05	4.79505e-06
3240	5.5003e-06	4.62553e-05	4.55198e-06
3250	5.45141e-06	5.17819e-05	4.3032e-06
3260	5.44041e-06	5.7173e-05	4.05066e-06
3270	5.46793e-06	6.24005e-05	3.79671e-06
3280	5.53256e-06	6.74526e-05	3.54401e-06
3290	5.63078e-06	7.2335e-05	3.29546e-06
3300	5.75712e-06	7.70682e-05	3.05423e-06
3310	5.9044e-06	8.16846e-05	2.82383e-06
3320	6.06424e-06	8.62225e-05	2.60832e-06
3330	6.22758e-06	9.07205e-05	2.41247e-06
3340	6.38523e-06	9.52103e-05	2.24197e-06
3350	6.52847e-06	9.97106e-05	2.10342e-06
3360	6.64952e-06	0.000104222	2.00427e-06
3370	6.74189e-06	0.000108724	1.9525e-06
3380	6.80066e-06	0.000113172	1.95621e-06
3390	6.82274e-06	0.0001175	2.02315e-06
3400	6.807e-06	0.000121621	2.1602e-06
3410	6.75438e-06	0.000125436	2.37285e-06
3420	6.66791e-06	0.000128838	2.6647e-06
3430	6.55257e-06	0.00013172	3.03691e-06
3440	6.41508e-06	0.000133988	3.48783e-06
3450	6.26358e-06	0.000135564	4.0126e-06
3460	6.10721e-06	0.000136414	4.59976e-06
3470	5.95555e-06	0.000136703	5.19879e-06
3480	5.81773e-06	0.000136493	5.78433e-06
3490	5.70219e-06	0.000135822	6.34063e-06
3500	5.61647e-06	0.000134772	6.84592e-06
3510	5.5699e-06	0.000133495	7.27868e-06
3520	5.56853e-06	0.000132173	7.64137e-06
3530	5.58561e-06	0.000131007	7.92245e-06
3540	5.61722e-06	0.000130098	8.09891e-06
3550	5.66427e-06	0.000129524	8.16083e-06
3560	5.72571e-06	0.000129342	8.12052e-06
3570	5.79683e-06	0.000129393	8.01282e-06
3580	5.87443e-06	0.000129613	7.85251e-06
3590	5.95491e-06	0.000130004	7.63949e-06
3600	6.03485e-06	0.000130558	7.37598e-06
3610	6.11131e-06	0.000131254	7.06659e-06
3620	6.18206e-06	0.000132067	6.71833e-06
3630	6.24571e-06	0.000132961	6.34052e-06
3640	6.30172e-06	0.000133898	5.94458e-06
3650	6.35037e-06	0.000134833	5.54358e-06
3660	6.39298e-06	0.000135719	5.15248e-06
3670	6.4366e-06	0.000136523	4.79714e-06
3680	6.48112e-06	0.000137215	4.49541e-06
3690	6.52518e-06	0.000137759	4.25591e-06
3700	6.5673e-06	0.000138128	4.08393e-06
3710	6.60472e-06	0.00013828	3.9848e-06
3720	6.63509e-06	0.000138224	3.94612e-06
3730	6.65605e-06	0.000138135	3.93016e-06
3740	6.66584e-06	0.000138058	3.92869e-06
3750	6.66527e-06	0.000137996	3.93885e-06
3760	6.66459e-06	0.000137925	3.96163e-06
3770	6.66571e-06	0.0001378	4.00182e-06
3780	6.66627e-06	0.000137603	4.06447e-06
3790	6.66628e-06	0.00013732	4.15455e-06
3800	6.66601e-06	0.000136923	4.27552e-06
3810	6.66542e-06	0.000136366	4.42566e-06
3820	6.66393e-06	0.000135602	4.60106e-06
3830	6.66078e-06	0.000134587	4.79678e-06
3840	6.65517e-06	0.000133284	5.00701e-06
3850	6.64623e-06	0.000131668	5.22526e-06
3860	6.63306e-06	0.00012973	5.44459e-06
3870	6.6148e-06	0.000127474	5.65783e-06
3880	6.59061e-06	0.000124923	5.8578e-06
3890	6.55975e-06	0.000122114	6.03755e-06
3900	6.52163e-06	0.000119097	6.19057e-06
3910	6.47581e-06	0.000115933	6.31098e-06
3920	6.42204e-06	0.000112687	6.3937e-06
3930	6.36028e-06	0.000109425	6.43458e-06
3940	6.29067e-06	0.000106209	6.43045e-06
3950	6.21355e-06	0.000103094	6.37921e-06
3960	6.1294e-06	0.000100121	6.27979e-06
3970	6.03881e-06	9.73185e-05	6.13211e-06
3980	5.9424e-06	9.46999e-05	5.93706e-06
3990	5.84083e-06	9.22638e-05	5.69636e-06
4000	5.73466e-06	8.9996e-05	5.4125e-06
4010	5.62439e-06	8.7873e-05	5.08862e-06
4020	5.51036e-06	8.58649e-05	4.72843e-06
4030	5.39283e-06	8.39402e-05	4.33617e-06
4040	5.27194e-06	8.20697e-05	3.91653e-06
4050	5.14779e-06	8.02298e-05	3.47466e-06
4060	5.02052e-06	7.84056e-05	3.01616e-06
4070	4.89032e-06	7.65922e-05	2.54709e-06
4080	4.75756e-06	7.4795e-05	2.07397e-06
4090	4.62276e-06	7.30283e-05	1.60377e-06
4100	4.48662e-06	7.13133e-05	1.14388e-06
4110	4.35004e-06	6.96743e-05	7.02025e-07
4120	4.21415e-06	6.81353e-05	2.86279e-07
4130	4.08022e-06	6.67152e-05	-9.50493e-08
4140	3.94975e-06	6.54246e-05	-4.3346e-07
4150	3.82446e-06	6.42619e-05	-7.20375e-07
4160	3.70622e-06	6.32121e-05	-9.47263e-07
4170	3.59702e-06	6.22453e-05	-1.10583e-06
4180	3.49874e-06	6.13184e-05	-1.18825e-06
4190	3.41291e-06	6.03776e-05	-1.18755e-06
4200	3.34023e-06	5.93631e-05	-1.09812e-06
4210	3.28004e-06	5.8215e-05	-9.1638e-07
4220	3.23007e-06	5.68792e-05	-6.41418e-07
4230	3.18708e-06	5.53123e-05	-2.75357e-07
4240	3.14746e-06	5.34854e-05	1.77051e-07
4250	3.10835e-06	5.13868e-05	7.08929e-07
4260	3.06771e-06	4.9025e-05	1.31151e-06
4270	3.02409e-06	4.64301e-05	1.97404e-06
4280	2.97641e-06	4.36537e-05	2.68361e-06
4290	2.9239e-06	4.07663e-05	3.42507e-06
4300	2.8659e-06	3.78532e-05	4.18073e-06
4310	2.80209e-06	3.50083e-05	4.93043e-06
4320	2.73299e-06	3.23273e-05	5.65178e-06
4330	2.66011e-06	2.98851e-05	6.32447e-06
4340	2.58629e-06	2.77037e-05	6.93125e-06
4350	2.51415e-06	2.58435e-05	7.44748e-06
4360	2.4463e-06	2.4362e-05	7.85033e-06
4370	2.38664e-06	2.33022e-05	8.12112e-06
4380	2.33504e-06	2.2665e-05	8.24026e-06
4390	2.28959e-06	2.25125e-05	8.18176e-06
4400	2.24718e-06	2.26811e-05	7.97162e-06
4410	2.20479e-06	2.30885e-05	7.62664e-06
4420	2.16405e-06	2.37158e-05	7.14625e-06
4430	2.12869e-06	2.4536e-05	6.5347e-06
4440	2.1036e-06	2.55214e-05	5.80415e-06
4450	2.09313e-06	2.66458e-05	4.9718e-06
4460	2.10139e-06	2.78855e-05	4.05903e-06
4470	2.13219e-06	2.92201e-05	3.09085e-06
4480	2.18885e-06	3.06321e-05	2.09506e-06
4490	2.27364e-06	3.21049e-05	1.10112e-06
4500	2.38755e-06	3.3622e-05	1.39237e-07
4510	2.52918e-06	3.51657e-05	-7.61747e-07
4520	2.69475e-06	3.6716e-05	-1.57648e-06
4530	2.87869e-06	3.82489e-05	-2.28284e-06
4540	3.0744e-06	3.97344e-05	-2.86304e-06
4550	3.27425e-06	4.11353e-05	-3.30529e-06
4560	3.47078e-06	4.24067e-05	-3.60426e-06
4570	3.65907e-06	4.34989e-05	-3.75933e-06
4580	3.83702e-06	4.432e-05	-3.76253e-06
4590	4.00392e-06	4.48168e-05	-3.61253e-06
4600	4.15905e-06	4.49998e-05	-3.31943e-06
4610	4.30408e-06	4.50535e-05	-2.93035e-06
4620	4.44089e-06	4.50515e-05	-2.47149e-06
4630	4.57012e-06	4.50267e-05	-1.95908e-06
4640	4.6923e-06	4.50172e-05	-1.41037e-06
4650	4.80788e-06	4.50639e-05	-8.42842e-07
4660	4.91739e-06	4.52085e-05	-2.73201e-07
4670	5.02135e-06	4.5492e-05	2.83871e-07
4680	5.11966e-06	4.59249e-05	8.2429e-07
4690	5.21638e-06	4.63891e-05	1.36705e-06
4700	5.31243e-06	4.68796e-05	1.90956e-06
4710	5.41045e-06	4.74205e-05	2.44881e-06
4720	5.51297e-06	4.8063e-05	2.97792e-06
4730	5.62288e-06	4.88605e-05	3.49254e-06
4740	5.74333e-06	4.98647e-05	3.99029e-06
4750	5.87748e-06	5.11222e-05	4.47057e-06
4760	6.02861e-06	5.26715e-05	4.93441e-06
4770	6.20013e-06	5.45401e-05	5.38444e-06
4780	6.39548e-06	5.67428e-05	5.82493e-06
4790	6.61793e-06	5.92813e-05	6.26182e-06
4800	6.87019e-06	6.21436e-05	6.7024e-06
4810	7.15413e-06	6.53051e-05	7.15466e-06
4820	7.47063e-06	6.8729e-05	7.62663e-06
4830	7.8195e-06	7.23688e-05	8.12572e-06
4840	8.1995e-06	7.61706e-05	8.65824e-06
4850	8.60831e-06	8.00762e-05	9.22884e-06
4860	9.04251e-06	8.40261e-05	9.8401e-06
4870	9.49773e-06	8.79625e-05	1.04922e-05
4880	9.9688e-06	9.18326e-05	1.11828e-05
4890	1.04498e-05	9.55903e-05	1.1907e-05
4900	1.09344e-05	9.91991e-05	1.2657e-05
4910	1.14158e-05	0.000102633	1.3423e-05
4920	1.1887e-05	0.000105876	1.41929e-05
4930	1.23413e-05	0.000108926	1.49529e-05
4940	1.27724e-05	0.000111788	1.56882e-05
4950	1.31742e-05	0.000114479	1.63836e-05
4960	1.35418e-05	0.000117022	1.70238e-05
4970	1.38711e-05	0.000119445	1.75946e-05
4980	1.41591e-05	0.000121782	1.80832e-05
4990	1.44041e-05	0.000124066	1.84789e-05
5000	1.46056e-05	0.000126326	1.87737e-05
5010	1.47642e-05	0.000128593	1.89628e-05
5020	1.48818e-05	0.00013089	1.90446e-05
5030	1.4961e-05	0.000133235	1.90209e-05
5040	1.50054e-05	0.00013564	1.8897e-05
5050	1.50191e-05	0.000138108	1.86813e-05
5060	1.50066e-05	0.000140636	1.83849e-05
5070	1.49722e-05	0.000143216	1.8021e-05
5080	1.492e-05	0.000145833	1.76042e-05
5090	1.48533e-05	0.000148465	1.71499e-05
5100	1.47748e-05	0.000151089	1.66736e-05
5110	1.46868e-05	0.000153677	1.61902e-05
5120	1.45906e-05	0.000156197	1.57135e-05
5130	1.44875e-05	0.000158619	1.52556e-05
5140	1.43782e-05	0.00016091	1.48266e-05
5150	1.42632e-05	0.000163038	1.44342e-05
5160	1.41431e-05	0.000164975	1.40839e-05
5170	1.40182e-05	0.000166698	1.3779e-05
5180	1.3889e-05	0.000168185	1.35211e-05
5190	1.37565e-05	0.000169425	1.33101e-05
5200	1.3622e-05	0.000170409	1.31451e-05
5210	1.34874e-05	0.000171138	1.30242e-05
5220	1.33549e-05	0.000171615	1.29458e-05
5230	1.32252e-05	0.000171856	1.29115e-05
5240	1.31036e-05	0.000171989	1.29005e-05
5250	1.29979e-05	0.000172099	1.28794e-05
5260	1.29147e-05	0.000172184	1.28416e-05
5270	1.28557e-05	0.000172236	1.27914e-05
5280	1.28258e-05	0.000172257	1.27354e-05
5290	1.28278e-05	0.000172256	1.26851e-05
5300	1.2848e-05	0.000172253	1.26562e-05
5310	1.28629e-05	0.00017226	1.26422e-05
5320	1.28771e-05	0.000172262	1.26286e-05
5330	1.2887e-05	0.000172254	1.26066e-05
5340	1.28858e-05	0.000172228	1.25614e-05
5350	1.28662e-05	0.000172171	1.24774e-05
5360	1.28222e-05	0.000172072	1.23382e-05
5370	1.27472e-05	0.000171885	1.21343e-05
5380	1.26359e-05	0.000171526	1.18665e-05
5390	1.2484e-05	0.000170905	1.1539e-05
5400	1.22891e-05	0.000169939	1.11586e-05
5410	1.20508e-05	0.000168557	1.07341e-05
5420	1.17703e-05	0.000166701	1.02768e-05
5430	1.14512e-05	0.000164337	9.79927e-06
5440	1.10986e-05	0.000161449	9.31529e-06
5450	1.07194e-05	0.000158049	8.83929e-06
5460	1.03216e-05	0.000154169	8.3857e-06
5470	9.91415e-06	0.000149863	7.96837e-06
5480	9.50648e-06	0.000145199	7.60001e-06
5490	9.108e-06	0.000140257	7.2917e-06
5500	8.7277e-06	0.000135123	7.0525e-06
5510	8.3737e-06	0.000129881	6.88909e-06
5520	8.05287e-06	0.000124607	6.80559e-06
5530	7.77053e-06	0.000119367	6.80341e-06
5540	7.53025e-06	0.00011421	6.88123e-06
5550	7.33364e-06	0.000109167	7.03504e-06
5560	7.18037e-06	0.000104251	7.25828e-06
5570	7.0683e-06	9.94566e-05	7.542e-06
5580	6.99366e-06	9.47618e-05	7.87514e-06
5590	6.95144e-06	9.01345e-05	8.24492e-06
5600	6.93563e-06	8.55357e-05	8.63721e-06
5610	6.93981e-06	8.09251e-05	9.03684e-06
5620	6.95741e-06	7.62673e-05	9.428e-06
5630	6.98196e-06	7.15368e-05	9.7945e-06
5640	7.00731e-06	6.67221e-05	1.01201e-05
5650	7.02787e-06	6.18295e-05	1.03885e-05
5660	7.0386e-06	5.6884e-05	1.05837e-05
5670	7.03522e-06	5.19298e-05	1.06902e-05
5680	7.01423e-06	4.70288e-05	1.06932e-05
5690	6.973e-06	4.22572e-05	1.05794e-05
5700	6.90978e-06	3.7702e-05	1.03373e-05
5710	6.82367e-06	3.3455e-05	9.95808e-06
5720	6.71451e-06	2.96079e-05	9.43602e-06
5730	6.58277e-06	2.62462e-05	8.76932e-06
5740	6.42948e-06	2.3444e-05	7.96083e-06
5750	6.25614e-06	2.12592e-05	7.01887e-06
5760	6.06432e-06	1.97292e-05	5.95839e-06
5770	5.85075e-06	1.88268e-05	4.82022e-06
5780	5.62732e-06	1.83446e-05	3.66724e-06
5790	5.399e-06	1.82404e-05	2.51514e-06
5800	5.16948e-06	1.8492e-05	1.38873e-06
5810	4.94357e-06	1.90674e-05	3.1522e-07
5820	4.72677e-06	1.99221e-05	-6.76839e-07
5830	4.52541e-06	2.09967e-05	-1.5589e-06
5840	4.34583e-06	2.22088e-05	-2.30552e-06
5850	4.18791e-06	2.34385e-05	-2.90205e-06
5860	4.04278e-06	2.45489e-05	-3.34485e-06
5870	3.90426e-06	2.5438e-05	-3.62799e-06
5880	3.76917e-06	2.60421e-05	-3.74351e-06
5890	3.63053e-06	2.63429e-05	-3.68037e-06
5900	3.49493e-06	2.64868e-05	-3.47195e-06
5910	3.36715e-06	2.6505e-05	-3.15228e-06
5920	3.24983e-06	2.63913e-05	-2.7308e-06
5930	3.14794e-06	2.61331e-05	-2.21828e-06
5940	3.06278e-06	2.56611e-05	-1.62994e-06
5950	2.99797e-06	2.49742e-05	-9.84532e-07
5960	2.95569e-06	2.41048e-05	-2.98067e-07
5970	2.93668e-06	2.30952e-05	4.11455e-07
5980	2.94022e-06	2.19959e-05	1.12405e-06
5990	2.96423e-06	2.08666e-05	1.81841e-06
6000	3.00558e-06	1.97751e-05	2.47273e-06
6010	3.05923e-06	1.8795e-05	3.06564e-06
6020	3.11987e-06	1.8002e-05	3.57686e-06
6030	3.18243e-06	1.74687e-05	3.98833e-06
6040	3.24278e-06	1.726e-05	4.28517e-06
6050	3.29995e-06	1.73843e-05	4.4616e-06
6060	3.34873e-06	1.76726e-05	4.55411e-06
6070	3.38624e-06	1.8125e-05	4.56867e-06
6080	3.41126e-06	1.87613e-05	4.50476e-06
6090	3.42346e-06	1.9592e-05	4.36393e-06
6100	3.42375e-06	2.06172e-05	4.15021e-06
6110	3.41387e-06	2.18282e-05	3.87027e-06
6120	3.39626e-06	2.32095e-05	3.53309e-06
6130	3.37348e-06	2.4742e-05	3.14942e-06
6140	3.3478e-06	2.64041e-05	2.73119e-06
6150	3.3211e-06	2.81746e-05	2.29096e-06
6160	3.29438e-06	3.00338e-05	1.84156e-06
6170	3.26819e-06	3.19668e-05	1.39754e-06
6180	3.24444e-06	3.39646e-05	9.77391e-07
6190	3.22542e-06	3.60202e-05	5.99679e-07
6200	3.21317e-06	3.81274e-05	2.79691e-07
6210	3.2092e-06	4.02808e-05	2.95677e-08
6220	3.2145e-06	4.24758e-05	-1.41393e-07
6230	3.22962e-06	4.47077e-05	-2.2659e-07
6240	3.25465e-06	4.69707e-05	-2.21996e-07
6250	3.28943e-06	4.92569e-05	-1.25976e-07
6260	3.33372e-06	5.15559e-05	6.10738e-08
6270	3.38727e-06	5.38543e-05	3.37186e-07
6280	3.44982e-06	5.61358e-05	6.99125e-07
6290	3.52101e-06	5.83818e-05	1.14239e-06
6300	3.60026e-06	6.05715e-05	1.66094e-06
6310	3.68658e-06	6.26829e-05	2.24683e-06
6320	3.7786e-06	6.46943e-05	2.88986e-06
6330	3.87446e-06	6.65857e-05	3.57742e-06
6340	3.97185e-06	6.83417e-05	4.29427e-06
6350	4.06802e-06	6.99529e-05	5.02264e-06
6360	4.15995e-06	7.14192e-05	5.74229e-06
6370	4.24452e-06	7.27515e-05	6.43079e-06
6380	4.31912e-06	7.39735e-05	7.06358e-06
6390	4.38227e-06	7.51227e-05	7.61403e-06
6400	4.43227e-06	7.62507e-05	8.05442e-06
6410	4.46909e-06	7.74223e-05	8.35671e-06
6420	4.49363e-06	7.87136e-05	8.49509e-06
6430	4.50779e-06	8.02088e-05	8.44802e-06
6440	4.51468e-06	8.19959e-05	8.1999e-06
6450	4.51864e-06	8.41614e-05	7.7423e-06
6460	4.52484e-06	8.67848e-05	7.07472e-06
6470	4.53854e-06	8.99317e-05	6.2048e-06
6480	4.56444e-06	9.3648e-05	5.14802e-06
6490	4.60664e-06	9.79549e-05	3.92743e-06
6500	4.66951e-06	0.000102846	2.57418e-06
6510	4.75849e-06	0.000108287	1.12794e-06
6520	4.88019e-06	0.00011421	-3.63401e-07
6530	5.04222e-06	0.000120519	-1.84467e-06
6540	5.25304e-06	0.00012709	-3.25346e-06
6550	5.51909e-06	0.000133778	-4.52123e-06
6560	5.84247e-06	0.000140419	-5.58438e-06
6570	6.2224e-06	0.000146831	-6.38822e-06
6580	6.65515e-06	0.000152824	-6.88634e-06
6590	7.13412e-06	0.00015821	-7.04213e-06
6600	7.64989e-06	0.000162817	-6.83058e-06
6610	8.19047e-06	0.000166491	-6.24004e-06
6620	8.74138e-06	0.000169109	-5.27456e-06
6630	9.28364e-06	0.000170583	-3.95747e-06
6640	9.79674e-06	0.00017096	-2.34802e-06
6650	1.02582e-05	0.000170355	-5.01229e-07
6660	1.06516e-05	0.000168816	1.54069e-06
6670	1.09611e-05	0.000166437	3.72788e-06
6680	1.11801e-05	0.000163362	6.01184e-06
6690	1.13085e-05	0.000159738	8.34348e-06
6700	1.13453e-05	0.000155726	1.06667e-05
6710	1.1294e-05	0.0001515	1.29241e-05
6720	1.1162e-05	0.00014725	1.5064e-05
6730	1.0959e-05	0.000143165	1.70391e-05
6740	1.06955e-05	0.00013942	1.88056e-05
6750	1.03833e-05	0.000136172	2.03265e-05
6760	1.00358e-05	0.000133546	2.15721e-05
6770	9.66622e-06	0.00013163	2.25212e-05
6780	9.28915e-06	0.000130479	2.31613e-05
6790	8.91798e-06	0.000130107	2.34895e-05
6800	8.56526e-06	0.000130464	2.35188e-05
6810	8.24343e-06	0.000131277	2.33104e-05
6820	7.96304e-06	0.000132447	2.28892e-05
6830	7.72978e-06	0.00013392	2.22747e-05
6840	7.54194e-06	0.000135626	2.14806e-05
6850	7.39934e-06	0.000137512	2.05301e-05
6860	7.29526e-06	0.000139551	1.94498e-05
6870	7.22235e-06	0.000141701	1.82633e-05
6880	7.17512e-06	0.000143911	1.69941e-05
6890	7.14865e-06	0.000146124	1.56663e-05
6900	7.13902e-06	0.000148288	1.42982e-05
6910	7.14126e-06	0.000150399	1.29042e-05
6920	7.14934e-06	0.000152419	1.15104e-05
6930	7.15868e-06	0.000154301	1.01378e-05
6940	7.16536e-06	0.000156005	8.80526e-06
6950	7.16628e-06	0.000157498	7.5287e-06
6960	7.16017e-06	0.000158758	6.32144e-06
6970	7.14473e-06	0.000159768	5.19418e-06
6980	7.12014e-06	0.000160524	4.15463e-06
6990	7.08724e-06	0.000161025	3.20801e-06
7000	7.04751e-06	0.000161279	2.35743e-06
7010	7.00327e-06	0.000161299	1.60438e-06
7020	6.95731e-06	0.000161102	9.49177e-07
7030	6.91289e-06	0.000160709	3.91973e-07
7040	6.87622e-06	0.000160268	-9.48412e-08
7050	6.85249e-06	0.000159871	-5.316e-07
7060	6.84545e-06	0.000159513	-9.12693e-07
7070	6.85894e-06	0.000159205	-1.23099e-06
7080	6.89765e-06	0.000158953	-1.46283e-06
7090	6.95931e-06	0.000158761	-1.60952e-06
7100	7.03565e-06	0.000158617	-1.67811e-06
7110	7.11587e-06	0.000158507	-1.6841e-06
7120	7.18948e-06	0.000158375	-1.63722e-06
7130	7.24942e-06	0.000158168	-1.54586e-06
7140	7.2908e-06	0.000157848	-1.41558e-06
7150	7.31081e-06	0.000157383	-1.24554e-06
7160	7.31316e-06	0.000156719	-1.02186e-06
7170	7.30888e-06	0.000155874	-7.37962e-07
7180	7.3073e-06	0.000154835	-3.86384e-07
7190	7.30554e-06	0.000153602	2.86882e-08
7200	7.30469e-06	0.000152199	5.01312e-07
7210	7.30295e-06	0.000150652	1.0218e-06
7220	7.30156e-06	0.000148996	1.57918e-06
7230	7.29577e-06	0.000147262	2.16526e-06
7240	7.27745e-06	0.000145489	2.76658e-06
7250	7.24174e-06	0.000143718	3.37115e-06
7260	7.18567e-06	0.000141984	3.96941e-06
7270	7.10855e-06	0.000140319	4.55424e-06
7280	7.01147e-06	0.000138744	5.12088e-06
7290	6.89743e-06	0.000137268	5.66711e-06
7300	6.77118e-06	0.000135892	6.19268e-06
7310	6.63871e-06	0.000134607	6.69909e-06
7320	6.50659e-06	0.000133398	7.18882e-06
7330	6.38124e-06	0.000132246	7.66453e-06
7340	6.26822e-06	0.000131131	8.12814e-06
7350	6.17143e-06	0.000130038	8.57975e-06
7360	6.09342e-06	0.000128952	9.01689e-06
7370	6.0361e-06	0.000127868	9.4359e-06
7380	6.00197e-06	0.000126793	9.83532e-06
7390	5.98579e-06	0.000125758	1.02171e-05
7400	5.96583e-06	0.000124836	1.05621e-05
7410	5.94817e-06	0.000124059	1.08566e-05
7420	5.93394e-06	0.000123446	1.10917e-05
7430	5.92441e-06	0.000123016	1.12594e-05
7440	5.92012e-06	0.00012278	1.13545e-05
7450	5.92154e-06	0.00012274	1.13748e-05
7460	5.91599e-06	0.000122751	1.13551e-05
7470	5.90156e-06	0.000122792	1.13036e-05
7480	5.87695e-06	0.000122854	1.12159e-05
7490	5.83996e-06	0.000122928	1.10864e-05
7500	5.78866e-06	0.000123005	1.09095e-05
7510	5.72197e-06	0.000123079	1.06792e-05
7520	5.63978e-06	0.000123146	1.03894e-05
7530	5.54329e-06	0.000123209	1.00344e-05
7540	5.4352e-06	0.000123271	9.6093e-06
7550	5.31956e-06	0.000123344	9.11117e-06
7560	5.20147e-06	0.000123445	8.53968e-06
7570	5.08682e-06	0.000123592	7.89693e-06
7580	4.9821e-06	0.000123806	7.1876e-06
7590	4.8943e-06	0.000124107	6.41932e-06
7600	4.831e-06	0.000124512	5.60361e-06
7610	4.79778e-06	0.000125035	4.75702e-06
7620	4.79886e-06	0.000125682	3.8966e-06
7630	4.83661e-06	0.000126447	3.03779e-06
7640	4.91127e-06	0.000127316	2.19826e-06
7650	5.021e-06	0.000128264	1.39553e-06
7660	5.16298e-06	0.000129259	6.4729e-07
7670	5.33216e-06	0.000130269	-2.77e-08
7680	5.51952e-06	0.000131261	-6.12386e-07
7690	5.71391e-06	0.000132189	-1.09618e-06
7700	5.905e-06	0.000133002	-1.47062e-06
7710	6.08506e-06	0.000133651	-1.72668e-06
7720	6.24981e-06	0.000134072	-1.85602e-06
7730	6.39221e-06	0.000134165	-1.84067e-06
7740	6.51094e-06	0.000133999	-1.7155e-06
7750	6.58777e-06	0.000133676	-1.49829e-06
7760	6.61888e-06	0.000133165	-1.19142e-06
7770	6.60677e-06	0.000132425	-8.02639e-07
7780	6.56384e-06	0.000131431	-3.31021e-07
7790	6.50107e-06	0.000130188	2.32113e-07
7800	6.42055e-06	0.000128738	8.86579e-07
7810	6.32052e-06	0.000127137	1.6208e-06
7820	6.19837e-06	0.000125451	2.41671e-06
7830	6.0511e-06	0.000123752	3.25257e-06
7840	5.87413e-06	0.000122112	4.10411e-06
7850	5.65577e-06	0.000120594	4.9334e-06
7860	5.39575e-06	0.000119252	5.7037e-06
7870	5.09415e-06	0.000118135	6.39245e-06
7880	4.75468e-06	0.000117281	6.97958e-06
7890	4.38375e-06	0.000116712	7.44854e-06
7900	3.99037e-06	0.000116436	7.78745e-06
7910	3.58576e-06	0.000116444	7.99006e-06
7920	3.18237e-06	0.000116714	8.05805e-06
7930	2.79094e-06	0.00011713	8.02898e-06
7940	2.43324e-06	0.000117532	7.93419e-06
7950	2.12625e-06	0.000117901	7.78459e-06
7960	1.88668e-06	0.000118231	7.59339e-06
7970	1.72924e-06	0.000118534	7.37363e-06
7980	1.66563e-06	0.000118837	7.13708e-06
7990	1.70309e-06	0.000119188	6.89587e-06
8000	1.80812e-06	0.000119681	6.6494e-06
8010	1.95662e-06	0.000120332	6.36086e-06
8020	2.15892e-06	0.000121132	6.0333e-06
8030	2.41516e-06	0.000122073	5.67667e-06
8040	2.7219e-06	0.00012314	5.30106e-06
8050	3.07327e-06	0.000124305	4.91652e-06
8060	3.4617e-06	0.000125532	4.53376e-06
8070	3.8787e-06	0.000126775	4.16441e-06
8080	4.31488e-06	0.000127981	3.81942e-06
8090	4.75886e-06	0.000129094	3.50613e-06
8100	5.19727e-06	0.000130059	3.22755e-06
8110	5.61588e-06	0.00013081	2.98525e-06
8120	5.9997e-06	0.000131276	2.7886e-06
8130	6.3355e-06	0.000131437	2.63482e-06
8140	6.61133e-06	0.000131291	2.52107e-06
8150	6.81805e-06	0.00013092	2.43332e-06
8160	6.95989e-06	0.000130502	2.31362e-06
8170	7.03346e-06	0.00013008	2.14785e-06
8180	7.04207e-06	0.000129694	1.93286e-06
8190	6.99537e-06	0.000129374	1.66829e-06
8200	6.90207e-06	0.000129102	1.37724e-06
8210	6.77364e-06	0.000128883	1.09351e-06
8220	6.62115e-06	0.000128722	8.37608e-07
8230	6.45907e-06	0.000128618	6.14025e-07
8240	6.29733e-06	0.000128567	4.31668e-07
8250	6.14636e-06	0.000128562	2.95879e-07
8260	6.01101e-06	0.000128595	2.0692e-07
8270	5.89358e-06	0.00012866	1.61879e-07
8280	5.79473e-06	0.00012875	1.57145e-07
8290	5.71564e-06	0.000128863	1.89534e-07
8300	5.65783e-06	0.000129001	2.60162e-07
8310	5.62216e-06	0.00012916	3.73564e-07
8320	5.61234e-06	0.000129339	5.29227e-07
8330	5.62829e-06	0.000129535	7.28897e-07
8340	5.66912e-06	0.000129749	9.7079e-07
8350	5.73258e-06	0.000129979	1.25214e-06
8360	5.81104e-06	0.000130216	1.57137e-06
8370	5.89931e-06	0.000130459	1.91231e-06
8380	5.99446e-06	0.000130705	2.2668e-06
8390	6.09346e-06	0.000130949	2.63051e-06
8400	6.19237e-06	0.000131178	3.00488e-06
8410	6.2884e-06	0.00013137	3.396e-06
8420	6.37947e-06	0.000131506	3.80803e-06
8430	6.46317e-06	0.000131572	4.24243e-06
8440	6.53663e-06	0.000131561	4.6977e-06
8450	6.59671e-06	0.00013147	5.16925e-06
8460	6.64121e-06	0.000131299	5.6505e-06
8470	6.66996e-06	0.000131055	6.13533e-06
8480	6.68437e-06	0.000130756	6.61824e-06
8490	6.68638e-06	0.000130427	7.09342e-06
8500	6.67799e-06	0.000130098	7.55425e-06
8510	6.66099e-06	0.000129799	7.99328e-06
8520	6.63709e-06	0.00012956	8.40256e-06
8530	6.60773e-06	0.000129406	8.77417e-06
8540	6.5745e-06	0.000129357	9.10034e-06
8550	6.53951e-06	0.000129461	9.36565e-06
8560	6.50528e-06	0.000129703	9.5665e-06
8570	6.469e-06	0.00012994	9.73866e-06
8580	6.4342e-06	0.000130156	9.88589e-06
8590	6.40442e-06	0.000130346	1.00052e-05
8600	6.38368e-06	0.000130502	1.00936e-05
8610	6.37716e-06	0.000130615	1.01465e-05
8620	6.40257e-06	0.000130662	1.01613e-05
8630	6.43982e-06	0.000130675	1.01426e-05
8640	6.48953e-06	0.000130712	1.01088e-05
8650	6.5597e-06	0.000130782	1.00608e-05
8660	6.65145e-06	0.000130898	9.99867e-06
8670	6.76494e-06	0.000131073	9.92498e-06
8680	6.9007e-06	0.000131316	9.8402e-06
8690	7.05822e-06	0.000131635	9.74257e-06
8700	7.23594e-06	0.000132032	9.62982e-06
8710	7.43141e-06	0.000132456	9.51185e-06
8720	7.64133e-06	0.000132888	9.39286e-06
8730	7.86152e-06	0.000133333	9.26981e-06
8740	8.08665e-06	0.000133792	9.13892e-06
8750	8.31033e-06	0.000134266	8.99591e-06
8760	8.52583e-06	0.000134754	8.83618e-06
8770	8.72612e-06	0.000135251	8.65461e-06
8780	8.9039e-06	0.000135759	8.44614e-06
8790	9.05247e-06	0.00013631	8.1969e-06
8800	9.16571e-06	0.000136915	7.89915e-06
8810	9.23908e-06	0.000137569	7.55079e-06
8820	9.27069e-06	0.000138262	7.15294e-06
8830	9.26199e-06	0.000138978	6.71037e-06
8840	9.21644e-06	0.000139688	6.23114e-06
8850	9.13624e-06	0.000140352	5.72418e-06
8860	9.0193e-06	0.000140931	5.19621e-06
8870	8.86819e-06	0.000141396	4.66854e-06
8880	8.68439e-06	0.000141721	4.14824e-06
8890	8.46766e-06	0.000141885	3.63847e-06
8900	8.21743e-06	0.000141884	3.13927e-06
8910	7.93381e-06	0.000141722	2.64729e-06
8920	7.62203e-06	0.000141514	2.1302e-06
8930	7.28429e-06	0.000141299	1.57356e-06
8940	6.92548e-06	0.000141073	9.78414e-07
8950	6.55117e-06	0.000140837	3.53339e-07
8960	6.16946e-06	0.000140595	-2.9103e-07
8970	5.79044e-06	0.000140352	-9.39166e-07
8980	5.4257e-06	0.000140115	-1.57095e-06
8990	5.08771e-06	0.000139898	-2.16235e-06
9000	4.78905e-06	0.000139726	-2.68655e-06
9010	4.54272e-06	0.000139633	-3.11447e-06
9020	4.36249e-06	0.000139646	-3.41526e-06
9030	4.26084e-06	0.000139765	-3.55699e-06
9040	4.23001e-06	0.00013994	-3.51896e-06
9050	4.25129e-06	0.00014015	-3.31895e-06
9060	4.32516e-06	0.000140431	-2.9533e-06
9070	4.44951e-06	0.000140846	-2.3919e-06
9080	4.62581e-06	0.000141423	-1.60668e-06
9090	4.84692e-06	0.000142182	-5.82934e-07
9100	5.09861e-06	0.000143136	6.78137e-07
9110	5.37495e-06	0.000144254	2.17861e-06
9120	5.66864e-06	0.000145435	3.92644e-06
9130	5.97194e-06	0.000146544	5.9194e-06
9140	6.27552e-06	0.000147428	8.14184e-06
9150	6.56852e-06	0.000147929	1.05639e-05
9160	6.83978e-06	0.000147894	1.31418e-05
9170	7.07879e-06	0.00014719	1.58192e-05
9180	7.27619e-06	0.000145718	1.85298e-05
9190	7.42367e-06	0.000143424	2.11994e-05
9200	7.51398e-06	0.000140312	2.37464e-05
9210	7.54143e-06	0.000136444	2.60844e-05
9220	7.50363e-06	0.000131948	2.81242e-05
9230	7.40975e-06	0.000127025	2.97788e-05
9240	7.26143e-06	0.00012199	3.09916e-05
9250	7.0495e-06	0.000117149	3.16908e-05
9260	6.77868e-06	0.000112787	3.18106e-05
9270	6.45894e-06	0.000109185	3.13054e-05
9280	6.10838e-06	0.000106604	3.01519e-05
9290	5.7517e-06	0.000105218	2.83462e-05
9300	5.4022e-06	0.00010492	2.59579e-05
9310	5.07277e-06	0.000105776	2.30379e-05
9320	4.77751e-06	0.000107865	1.96345e-05
9330	4.52927e-06	0.000111212	1.58148e-05
9340	4.34044e-06	0.000115795	1.16601e-05
9350	4.22209e-06	0.000121556	7.26251e-06
9360	4.18249e-06	0.000128347	2.7336e-06
9370	4.22726e-06	0.000135964	-1.80537e-06
9380	4.35861e-06	0.00014416	-6.22828e-06
9390	4.57463e-06	0.000152654	-1.04088e-05
9400	4.86904e-06	0.000161145	-1.42254e-05
9410	5.23105e-06	0.000169318	-1.75663e-05
9420	5.64593e-06	0.000176862	-2.0334e-05
9430	6.09673e-06	0.000183479	-2.24501e-05
9440	6.56802e-06	0.000188897	-2.38596e-05
9450	7.04909e-06	0.000192896	-2.45286e-05
9460	7.533e-06	0.000195323	-2.44399e-05
9470	8.0136e-06	0.000196118	-2.35942e-05
9480	8.48461e-06	0.000195389	-2.20297e-05
9490	8.93998e-06	0.000193266	-1.97934e-05
9500	9.37304e-06	0.000189902	-1.69447e-05
9510	9.77628e-06	0.000185502	-1.35623e-05
9520	1.01419e-05	0.000180298	-9.74254e-06
9530	1.04623e-05	0.000174538	-5.59568e-06
9540	1.07307e-05	0.000168473	-1.24266e-06
9550	1.09423e-05	0.000162341	3.19086e-06
9560	1.10975e-05	0.000156362	7.58325e-06
9570	1.1199e-05	0.000150709	1.18244e-05
9580	1.12517e-05	0.000145445	1.58224e-05
9590	1.1263e-05	0.000140659	1.94755e-05
9600	1.12404e-05	0.00013643	2.26951e-05
9610	1.11917e-05	0.000132805	2.54077e-05
9620	1.1125e-05	0.000129814	2.75562e-05
9630	1.10481e-05	0.000127466	2.91006e-05
9640	1.09689e-05	0.000125759	3.00194e-05
9650	1.09017e-05	0.0001247	3.0314e-05
9660	1.08418e-05	0.000124355	3.00234e-05
9670	1.07758e-05	0.000124523	2.92209e-05
9680	1.07016e-05	0.000125124	2.79536e-05
9690	1.06189e-05	0.000126157	2.62793e-05
9700	1.05294e-05	0.000127625	2.4269e-05
9710	1.04297e-05	0.000129533	2.19932e-05
9720	1.03153e-05	0.000131882	1.95264e-05
9730	1.01812e-05	0.000134663	1.6947e-05
9740	1.00225e-05	0.000137853	1.43356e-05
9750	9.83493e-06	0.000141398	1.17718e-05
9760	9.6181e-06	0.000145205	9.33163e-06
9770	9.38073e-06	0.000149157	7.09352e-06
9780	9.13918e-06	0.000153131	5.13388e-06
9790	8.91355e-06	0.000156948	3.52635e-06
9800	8.71106e-06	0.000160372	2.32476e-06
9810	8.52655e-06	0.000163191	1.55907e-06
9820	8.36235e-06	0.000165251	1.2488e-06
9830	8.22431e-06	0.000166439	1.40367e-06
9840	8.117e-06	0.000166761	2.00769e-06
9850	8.04993e-06	0.000166312	3.00901e-06
9860	8.02795e-06	0.000165087	4.37121e-06
9870	8.05392e-06	0.000163112	6.0435e-06
9880	8.12459e-06	0.000160445	7.95596e-06
9890	8.23324e-06	0.000157187	1.00289e-05
9900	8.37124e-06	0.000153483	1.21829e-05
9910	8.52782e-06	0.000149506	1.43345e-05
9920	8.69212e-06	0.000145446	1.63968e-05
9930	8.85112e-06	0.000141443	1.8296e-05
9940	8.98904e-06	0.000137682	1.99556e-05
9950	9.08908e-06	0.000134373	2.1298e-05
9960	9.13929e-06	0.000131732	2.22638e-05
9970	9.14632e-06	0.000129956	2.28194e-05
9980	9.11618e-06	0.000129158	2.2929e-05
9990	9.04935e-06	0.000129251	2.25739e-05
10000	8.92672e-06	0.000130015	2.17963e-05
10010	8.74292e-06	0.000131383	2.06034e-05
10020	8.4939e-06	0.000133267	1.90075e-05
10030	8.17911e-06	0.000135566	1.70336e-05
10040	7.8022e-06	0.000138169	1.47208e-05
10050	7.37021e-06	0.000140971	1.21218e-05
10060	6.89349e-06	0.000143869	9.30016e-06
10070	6.38382e-06	0.000146781	6.32661e-06
10080	5.85387e-06	0.00014965	3.276e-06
10090	5.31914e-06	0.000152484	2.1637e-07
10100	4.79748e-06	0.000155271	-2.77721e-06
10110	4.30685e-06	0.000158001	-5.62516e-06
10120	3.86497e-06	0.000160669	-8.24977e-06
10130	3.48885e-06	0.00016327	-1.05774e-05
10140	3.19412e-06	0.000165795	-1.25412e-05
10150	2.99539e-06	0.000168218	-1.4083e-05
10160	2.90918e-06	0.000170479	-1.51561e-05
10170	2.9258e-06	0.000172418	-1.57506e-05
10180	3.01143e-06	0.000173898	-1.58778e-05
10190	3.16047e-06	0.000174876	-1.55402e-05
10200	3.36019e-06	0.000175377	-1.47466e-05
10210	3.61103e-06	0.000175514	-1.35563e-05
10220	3.9032e-06	0.000175274	-1.20119e-05
10230	4.22532e-06	0.000174638	-1.01597e-05
10240	4.56113e-06	0.000173596	-8.06122e-06
10250	4.89709e-06	0.000172168	-5.77738e-06
10260	5.22633e-06	0.000170366	-3.35232e-06
10270	5.53828e-06	0.000168143	-8.24784e-07
10280	5.82088e-06	0.000165543	1.74395e-06
10290	6.06362e-06	0.000162635	4.28802e-06
10300	6.25806e-06	0.000159503	6.74237e-06
10310	6.3987e-06	0.00015624	9.04463e-06
10320	6.48328e-06	0.000152946	1.11362e-05
10330	6.51145e-06	0.000149724	1.29638e-05
10340	6.48682e-06	0.000146678	1.44813e-05
10350	6.42174e-06	0.000143913	1.5648e-05
10360	6.34174e-06	0.000141609	1.64562e-05
10370	6.24006e-06	0.00013993	1.69237e-05
10380	6.11914e-06	0.000138939	1.70368e-05
10390	5.98821e-06	0.00013865	1.6806e-05
10400	5.84148e-06	0.000138844	1.6303e-05
10410	5.68016e-06	0.000139436	1.55766e-05
10420	5.5062e-06	0.000140389	1.4656e-05
10430	5.32016e-06	0.000141655	1.35746e-05
10440	5.12185e-06	0.000143176	1.23697e-05
10450	4.91076e-06	0.00014491	1.10769e-05
10460	4.68638e-06	0.000146778	9.74003e-06
10470	4.44848e-06	0.000148682	8.40619e-06
10480	4.19731e-06	0.000150517	7.12292e-06
10490	3.93327e-06	0.000152171	5.93603e-06
10500	3.657e-06	0.000153528	4.88896e-06
10510	3.37672e-06	0.000154453	4.02751e-06
10520	3.09683e-06	0.000154838	3.39113e-06
10530	2.80975e-06	0.000154668	3.02152e-06
10540	2.53411e-06	0.000154038	2.88686e-06
10550	2.27216e-06	0.000152914	2.96933e-06
10560	2.02575e-06	0.000151273	3.26359e-06
10570	1.79991e-06	0.000149112	3.75688e-06
10580	1.59781e-06	0.000146455	4.41851e-06
10590	1.4146e-06	0.000143363	5.19891e-06
10600	1.24483e-06	0.000139941	6.04877e-06
10610	1.0822e-06	0.00013632	6.91869e-06
10620	9.20247e-07	0.00013264	7.75581e-06
10630	7.52036e-07	0.000128985	8.51901e-06
10640	5.68892e-07	0.000125489	9.16589e-06
10650	3.64095e-07	0.000122313	9.64013e-06
10660	1.31582e-07	0.000119609	9.88556e-06
10670	-1.33579e-07	0.000117518	9.84845e-06
10680	-4.33534e-07	0.00011616	9.47832e-06
10690	-7.58004e-07	0.000115593	8.72052e-06
10700	-1.11966e-06	0.000115678	7.58987e-06
10710	-1.52127e-06	0.000116418	6.12126e-06
10720	-1.95527e-06	0.000117825	4.3227e-06
10730	-2.40378e-06	0.000119867	2.21559e-06
10740	-2.8444e-06	0.000122536	-1.53299e-07
10750	-3.25362e-06	0.000125807	-2.72445e-06
10760	-3.60369e-06	0.000129638	-5.4206e-06
10770	-3.87005e-06	0.000133975	-8.14545e-06
10780	-4.02578e-06	0.000138734	-1.07985e-05
10790	-4.04673e-06	0.000143811	-1.32681e-05
10800	-3.92105e-06	0.000149106	-1.54362e-05
10810	-3.64692e-06	0.00015446	-1.72183e-05
10820	-3.20867e-06	0.000159631	-1.85539e-05
10830	-2.58342e-06	0.000164415	-1.93613e-05
10840	-1.76176e-06	0.000168639	-1.95584e-05
10850	-7.45896e-07	0.000172154	-1.90807e-05
10860	4.50673e-07	0.000174826	-1.78865e-05
10870	1.80176e-06	0.000176547	-1.59584e-05
10880	3.26543e-06	0.000177305	-1.3306e-05
10890	4.81064e-06	0.000177143	-1.00138e-05
10900	6.38472e-06	0.000176029	-6.16926e-06
10910	7.93014e-06	0.000173956	-1.87709e-06
10920	9.38733e-06	0.000170947	2.73596e-06
10930	1.06979e-05	0.00016706	7.52547e-06
10940	1.18084e-05	0.000162386	1.2336e-05
10950	1.26736e-05	0.000157055	1.70097e-05
10960	1.32589e-05	0.000151198	2.14013e-05
10970	1.35463e-05	0.000144973	2.53632e-05
10980	1.35364e-05	0.00013862	2.87593e-05
10990	1.32511e-05	0.0001324	3.14759e-05
11000	1.27226e-05	0.000126606	3.34276e-05
11010	1.19854e-05	0.000121549	3.4563e-05
11020	1.10762e-05	0.000117527	3.48479e-05
11030	1.00401e-05	0.000114802	3.42655e-05
11040	8.93313e-06	0.000113588	3.28201e-05
11050	7.81507e-06	0.000113829	3.05746e-05
11060	6.73264e-06	0.000115513	2.76375e-05
11070	5.74072e-06	0.000118712	2.4095e-05
11080	4.88714e-06	0.000123453	2.0049e-05
11090	4.2129e-06	0.00012971	1.56178e-05
11100	3.75096e-06	0.000137403	1.09317e-05
11110	3.52407e-06	0.000146392	6.12915e-06
11120	3.54188e-06	0.000156483	1.35605e-06
11130	3.79566e-06	0.000167427	-3.2448e-06
11140	4.26397e-06	0.000178908	-7.54443e-06
11150	4.91651e-06	0.000190559	-1.1428e-05
11160	5.71837e-06	0.000201979	-1.47967e-05
11170	6.63226e-06	0.000212759	-1.75636e-05
11180	7.61853e-06	0.000222508	-1.96523e-05
11190	8.63543e-06	0.00023087	-2.09984e-05
11200	9.64019e-06	0.000237537	-2.15506e-05
11210	1.05896e-05	0.000242275	-2.12689e-05
11220	1.14459e-05	0.000244952	-2.01515e-05
11230	1.21786e-05	0.000245509	-1.8233e-05
11240	1.27657e-05	0.00024399	-1.55664e-05
11250	1.31879e-05	0.000240425	-1.22081e-05
11260	1.34381e-05	0.000234901	-8.24551e-06
11270	1.35188e-05	0.000227607	-3.78337e-06
11280	1.34348e-05	0.000218811	1.05486e-06
11290	1.31941e-05	0.000208838	6.13576e-06
11300	1.28092e-05	0.000198058	1.13178e-05
11310	1.22958e-05	0.00018687	1.64542e-05
11320	1.16734e-05	0.000175689	2.13974e-05
11330	1.09643e-05	0.000164931	2.60046e-05
11340	1.01934e-05	0.000154989	3.01417e-05
11350	9.38748e-06	0.00014623	3.36881e-05
11360	8.57419e-06	0.000138971	3.65411e-05
11370	7.78162e-06	0.000133476	3.86189e-05
11380	7.03742e-06	0.000129941	3.98642e-05
11390	6.37008e-06	0.000128493	4.02466e-05
11400	5.81773e-06	0.0001291	3.97673e-05
11410	5.3781e-06	0.000131468	3.85235e-05
11420	5.05294e-06	0.000135514	3.65903e-05
11430	4.83723e-06	0.000141117	3.40369e-05
11440	4.72409e-06	0.000148081	3.09453e-05
11450	4.70734e-06	0.000156152	2.74121e-05
11460	4.78062e-06	0.000165029	2.3548e-05
11470	4.9376e-06	0.000174375	1.94731e-05
11480	5.1727e-06	0.000183857	1.53057e-05
11490	5.47692e-06	0.000193134	1.11849e-05
11500	5.84265e-06	0.000201848	7.24701e-06
11510	6.26219e-06	0.000209671	3.61809e-06
11520	6.72752e-06	0.000216313	4.08875e-07
11530	7.22996e-06	0.000221533	-2.29229e-06
11540	7.75474e-06	0.000225149	-4.42961e-06
11550	8.28689e-06	0.000227063	-5.96749e-06
11560	8.81255e-06	0.00022726	-6.88587e-06
11570	9.31735e-06	0.00022585	-7.19016e-06
11580	9.79502e-06	0.00022308	-6.93063e-06
11590	1.0237e-05	0.000219154	-6.15788e-06
11600	1.0636e-05	0.000214323	-4.93647e-06
11610	1.09858e-05	0.000208873	-3.34625e-06
11620	1.12802e-05	0.0002031	-1.47943e-06
11630	1.15135e-05	0.00019729	5.618e-07
11640	1.16856e-05	0.000191687	2.67029e-06
11650	1.18114e-05	0.000186488	4.75287e-06
11660	1.19075e-05	0.00018188	6.73672e-06
11670	1.19827e-05	0.000178032	8.55816e-06
11680	1.20425e-05	0.000175073	1.0164e-05
11690	1.20881e-05	0.000173077	1.15156e-05
11700	1.21168e-05	0.000172058	1.26061e-05
11710	1.21353e-05	0.000171934	1.34282e-05
11720	1.21418e-05	0.000172556	1.39986e-05
11730	1.21424e-05	0.000173586	1.43663e-05
11740	1.21343e-05	0.000174849	1.45451e-05
11750	1.21127e-05	0.000176197	1.45599e-05
11760	1.20746e-05	0.0001775	1.4429e-05
11770	1.2023e-05	0.000178636	1.41717e-05
11780	1.19735e-05	0.000179567	1.38358e-05
11790	1.19054e-05	0.000180313	1.34594e-05
11800	1.18155e-05	0.000180817	1.30574e-05
11810	1.17028e-05	0.000181039	1.26474e-05
11820	1.15682e-05	0.000180966	1.22452e-05
11830	1.14155e-05	0.000180697	1.18411e-05
11840	1.12425e-05	0.00018041	1.14275e-05
11850	1.1058e-05	0.000180126	1.10127e-05
11860	1.08778e-05	0.000179862	1.06081e-05
11870	1.07133e-05	0.000179649	1.02329e-05
11880	1.05776e-05	0.000179506	9.90735e-06
11890	1.04852e-05	0.000179414	9.65928e-06
11900	1.04562e-05	0.000179365	9.51605e-06
11910	1.05031e-05	0.000179359	9.48646e-06
11920	1.05646e-05	0.000179373	9.52286e-06
11930	1.06628e-05	0.000179411	9.62543e-06
11940	1.08012e-05	0.000179487	9.80052e-06
11950	1.09797e-05	0.000179597	1.00552e-05
11960	1.11971e-05	0.000179747	1.03909e-05
11970	1.14506e-05	0.000179931	1.08063e-05
11980	1.17351e-05	0.000180127	1.12962e-05
11990	1.20344e-05	0.0001803	1.18443e-05
12000	1.2337e-05	0.000180399	1.24333e-05
12010	1.26315e-05	0.000180353	1.30584e-05
12020	1.291e-05	0.000180078	1.37217e-05
12030	1.31664e-05	0.00017952	1.44223e-05
12040	1.33914e-05	0.000178647	1.5152e-05
12050	1.35786e-05	0.000177448	1.58995e-05
12060	1.37219e-05	0.000175936	1.66519e-05
12070	1.38174e-05	0.000174156	1.73968e-05
12080	1.3863e-05	0.000172175	1.81223e-05
12090	1.3864e-05	0.000170092	1.88224e-05
12100	1.38359e-05	0.000168018	1.94971e-05
12110	1.37969e-05	0.000166047	2.01341e-05
12120	1.37538e-05	0.000164239	2.07115e-05
12130	1.37073e-05	0.000162652	2.12135e-05
12140	1.36555e-05	0.000161347	2.16163e-05
12150	1.35957e-05	0.000160377	2.1902e-05
12160	1.35244e-05	0.000159786	2.20544e-05
12170	1.34374e-05	0.000159606	2.20612e-05
12180	1.33302e-05	0.000159705	2.19523e-05
12190	1.32028e-05	0.000159993	2.17484e-05
12200	1.30548e-05	0.000160515	2.14348e-05
12210	1.28869e-05	0.000161253	2.10117e-05
12220	1.26995e-05	0.000162172	2.04804e-05
12230	1.2488e-05	0.000163221	1.98368e-05
12240	1.22509e-05	0.000164347	1.90876e-05
12250	1.19892e-05	0.000165522	1.82502e-05
12260	1.17006e-05	0.000166683	1.73329e-05
12270	1.13858e-05	0.000167745	1.63454e-05
12280	1.10448e-05	0.000168623	1.5295e-05
12290	1.06791e-05	0.00016924	1.41887e-05
12300	1.02893e-05	0.000169536	1.30306e-05
12310	9.87704e-06	0.000169474	1.1824e-05
12320	9.44502e-06	0.000169048	1.05724e-05
12330	8.99676e-06	0.000168285	9.27964e-06
12340	8.54008e-06	0.000167397	7.9138e-06
12350	8.07921e-06	0.00016646	6.47739e-06
12360	7.61741e-06	0.000165492	4.99692e-06
12370	7.16068e-06	0.000164515	3.49928e-06
12380	6.71603e-06	0.000163586	2.01156e-06
12390	6.29191e-06	0.000162807	5.58537e-07
12400	5.89873e-06	0.000162282	-8.29802e-07
12410	5.54885e-06	0.000162106	-2.116e-06
12420	5.25682e-06	0.00016235	-3.25471e-06
12430	5.04013e-06	0.00016305	-4.1938e-06
12440	4.91994e-06	0.000164187	-4.87643e-06
12450	4.90187e-06	0.000165619	-5.25901e-06
12460	4.96165e-06	0.000167171	-5.32523e-06
12470	5.10393e-06	0.000168717	-5.04197e-06
12480	5.3345e-06	0.000170108	-4.37388e-06
12490	5.65678e-06	0.000171172	-3.29645e-06
12500	6.07075e-06	0.000171826	-1.82759e-06
12510	6.56605e-06	0.000171943	3.86695e-09
12520	7.12563e-06	0.000171306	2.15492e-06
12530	7.73186e-06	0.000169672	4.58366e-06
12540	8.35977e-06	0.000166853	7.24733e-06
12550	8.98335e-06	0.000162766	1.00667e-05
12560	9.57406e-06	0.000157406	1.29455e-05
12570	1.0104e-05	0.000150866	1.57762e-05
12580	1.05501e-05	0.000143337	1.84483e-05
12590	1.08974e-05	0.000135097	2.08557e-05
12600	1.11325e-05	0.00012648	2.2897e-05
12610	1.12432e-05	0.000117872	2.44772e-05
12620	1.12206e-05	0.000109698	2.55152e-05
12630	1.10609e-05	0.000102408	2.5951e-05
12640	1.07654e-05	9.64428e-05	2.57492e-05
12650	1.03361e-05	9.21736e-05	2.48914e-05
12660	9.79108e-06	8.99113e-05	2.34072e-05
12670	9.15979e-06	8.97286e-05	2.13806e-05
12680	8.46752e-06	9.15794e-05	1.89394e-05
12690	7.7497e-06	9.54735e-05	1.61906e-05
12700	7.04209e-06	0.000101285	1.32579e-05
12710	6.37568e-06	0.000108748	1.02727e-05
12720	5.77006e-06	0.00011748	7.35998e-06
12730	5.23866e-06	0.00012703	4.63319e-06
12740	4.79368e-06	0.000136901	2.19642e-06
12750	4.44465e-06	0.000146575	1.40334e-07
12760	4.19668e-06	0.000155535	-1.46417e-06
12770	4.0474e-06	0.000163295	-2.5735e-06
12780	3.99244e-06	0.000169415	-3.19097e-06
12790	4.02656e-06	0.000173563	-3.3263e-06
12800	4.13972e-06	0.000175534	-3.00887e-06
12810	4.31994e-06	0.000175306	-2.30527e-06
12820	4.53714e-06	0.000173031	-1.28686e-06
12830	4.78981e-06	0.000168968	-2.84752e-08
12840	5.08603e-06	0.000163477	1.41445e-06
12850	5.42337e-06	0.000156976	2.96783e-06
12860	5.79984e-06	0.00014994	4.55336e-06
12870	6.21495e-06	0.000142868	6.09775e-06
12880	6.66939e-06	0.000136251	7.53783e-06
12890	7.16424e-06	0.000130534	8.82403e-06
12900	7.6998e-06	0.000126088	9.92236e-06
12910	8.27467e-06	0.000123175	1.08151e-05
12920	8.88702e-06	0.000121927	1.15015e-05
12930	9.53132e-06	0.000122273	1.20297e-05
12940	1.02262e-05	0.000123902	1.24628e-05
12950	1.0971e-05	0.000126639	1.2823e-05
12960	1.17552e-05	0.000130277	1.31349e-05
12970	1.25603e-05	0.000134596	1.34091e-05
12980	1.33566e-05	0.00013932	1.3669e-05
12990	1.41157e-05	0.000144146	1.39297e-05
13000	1.48101e-05	0.000148789	1.42016e-05
13010	1.54132e-05	0.000153001	1.44885e-05
13020	1.59008e-05	0.000156566	1.47864e-05
13030	1.62482e-05	0.000159301	1.51113e-05
13040	1.6438e-05	0.000161139	1.5458e-05
13050	1.64616e-05	0.000162085	1.58148e-05
13060	1.63289e-05	0.000162254	1.61561e-05
13070	1.60584e-05	0.000161947	1.64474e-05
13080	1.56661e-05	0.000161368	1.66919e-05
13090	1.51656e-05	0.000160708	1.68885e-05
13100	1.45757e-05	0.000160139	1.70365e-05
13110	1.39197e-05	0.000159799	1.71374e-05
13120	1.32241e-05	0.000159787	1.71962e-05
13130	1.25177e-05	0.00016016	1.72211e-05
13140	1.18257e-05	0.000160902	1.72409e-05
13150	1.1183e-05	0.000161793	1.73182e-05
13160	1.06184e-05	0.000162746	1.74631e-05
13170	1.01522e-05	0.0001637	1.76843e-05
13180	9.79904e-06	0.00016459	1.79843e-05
13190	9.56566e-06	0.000165355	1.83538e-05
13200	9.45735e-06	0.000166005	1.87446e-05
13210	9.47159e-06	0.000166512	1.91157e-05
13220	9.59401e-06	0.000166852	1.94348e-05
13230	9.79932e-06	0.000167009	1.9664e-05
13240	1.00549e-05	0.00016704	1.97668e-05
13250	1.03495e-05	0.000167107	1.97138e-05
13260	1.06695e-05	0.000167363	1.94767e-05
13270	1.09979e-05	0.000167949	1.90312e-05
13280	1.13195e-05	0.000169004	1.8362e-05
13290	1.16221e-05	0.000170651	1.74658e-05
13300	1.1897e-05	0.000172984	1.63523e-05
13310	1.21401e-05	0.000176062	1.50463e-05
13320	1.23496e-05	0.000179894	1.35862e-05
13330	1.25249e-05	0.000184439	1.20111e-05
13340	1.2663e-05	0.000189612	1.03653e-05
13350	1.27688e-05	0.000195211	8.70759e-06
13360	1.28654e-05	0.000200991	7.10392e-06
13370	1.29683e-05	0.000206728	5.6328e-06
13380	1.30863e-05	0.00021221	4.3657e-06
13390	1.32244e-05	0.000217232	3.36219e-06
13400	1.33838e-05	0.000221614	2.66753e-06
13410	1.35612e-05	0.000225202	2.30999e-06
13420	1.37469e-05	0.000227884	2.29645e-06
13430	1.39286e-05	0.000229586	2.60916e-06
13440	1.40927e-05	0.000230299	3.22396e-06
13450	1.42293e-05	0.000230198	4.08455e-06
13460	1.4332e-05	0.000229389	5.12122e-06
13470	1.43892e-05	0.000227938	6.28536e-06
13480	1.43932e-05	0.000225997	7.51192e-06
13490	1.43394e-05	0.000223743	8.7349e-06
13500	1.4227e-05	0.000221358	9.89188e-06
13510	1.40577e-05	0.00021902	1.09286e-05
13520	1.38344e-05	0.000216895	1.18018e-05
13530	1.35619e-05	0.000215131	1.2484e-05
13540	1.32528e-05	0.000213842	1.29635e-05
13550	1.29182e-05	0.000213082	1.32361e-05
13560	1.25732e-05	0.000212865	1.33168e-05
13570	1.22434e-05	0.00021312	1.32263e-05
13580	1.19325e-05	0.000213582	1.3029e-05
13590	1.16509e-05	0.000214134	1.27818e-05
13600	1.14103e-05	0.000214675	1.25238e-05
13610	1.12197e-05	0.0002151	1.2293e-05
13620	1.10861e-05	0.000215318	1.21219e-05
13630	1.10183e-05	0.000215285	1.20124e-05
13640	1.09948e-05	0.000215094	1.19495e-05
13650	1.09892e-05	0.000214742	1.19683e-05
13660	1.09827e-05	0.000214182	1.20874e-05
13670	1.09661e-05	0.00021333	1.23055e-05
13680	1.09308e-05	0.000212101	1.26189e-05
13690	1.08686e-05	0.000210421	1.3022e-05
13700	1.07712e-05	0.000208229	1.3504e-05
13710	1.0631e-05	0.000205512	1.40429e-05
13720	1.04428e-05	0.000202283	1.46092e-05
13730	1.02037e-05	0.00019854	1.51794e-05
13740	9.91395e-06	0.000194307	1.57298e-05
13750	9.57698e-06	0.000189627	1.62377e-05
13760	9.19965e-06	0.000184568	1.66824e-05
13770	8.79174e-06	0.000179219	1.70467e-05
13780	8.36553e-06	0.000173681	1.73162e-05
13790	7.9353e-06	0.000168073	1.74807e-05
13800	7.51673e-06	0.00016252	1.7534e-05
13810	7.12601e-06	0.000157149	1.74742e-05
13820	6.77861e-06	0.000152089	1.73032e-05
13830	6.48838e-06	0.000147462	1.70261e-05
13840	6.26689e-06	0.000143376	1.66503e-05
13850	6.12222e-06	0.000139924	1.61851e-05
13860	6.05851e-06	0.000137174	1.564e-05
13870	6.07562e-06	0.00013517	1.50251e-05
13880	6.16812e-06	0.000133923	1.43513e-05
13890	6.32434e-06	0.00013331	1.36589e-05
13900	6.5407e-06	0.000133104	1.29837e-05
13910	6.80412e-06	0.000133239	1.23289e-05
13920	7.1022e-06	0.00013364	1.17009e-05
13930	7.42367e-06	0.000134228	1.11052e-05
13940	7.75912e-06	0.000134921	1.05468e-05
13950	8.10069e-06	0.000135648	1.00293e-05
13960	8.44188e-06	0.000136344	9.55434e-06
13970	8.77961e-06	0.000136959	9.11707e-06
13980	9.11928e-06	0.000137462	8.70946e-06
13990	9.47016e-06	0.000137851	8.36432e-06
14000	9.83114e-06	0.000138139	8.08916e-06
14010	1.01976e-05	0.000138351	7.88328e-06
14020	1.05618e-05	0.000138501	7.75346e-06
14030	1.09155e-05	0.000138568	7.70602e-06
14040	1.12494e-05	0.000138594	7.72993e-06
14050	1.15526e-05	0.000138614	7.8158e-06
14060	1.18127e-05	0.000138646	7.95551e-06
14070	1.20165e-05	0.000138692	8.14376e-06
14080	1.21505e-05	0.000138749	8.38032e-06
14090	1.22235e-05	0.000138853	8.62798e-06
14100	1.22395e-05	0.000138988	8.86128e-06
14110	1.22045e-05	0.000139139	9.06964e-06
14120	1.21218e-05	0.000139262	9.24732e-06
14130	1.19911e-05	0.000139318	9.3887e-06
14140	1.18104e-05	0.000139278	9.49057e-06
14150	1.15763e-05	0.000139123	9.55074e-06
14160	1.12858e-05	0.00013884	9.5688e-06
14170	1.09363e-05	0.000138429	9.54631e-06
14180	1.05265e-05	0.000137901	9.48544e-06
14190	1.00567e-05	0.000137279	9.38725e-06
14200	9.52934e-06	0.000136593	9.25146e-06
14210	8.94968e-06	0.000135884	9.07662e-06
14220	8.32611e-06	0.000135198	8.85895e-06
14230	7.67272e-06	0.000134584	8.59702e-06
14240	7.00667e-06	0.000134091	8.2928e-06
14250	6.3501e-06	0.000133765	7.95122e-06
14260	5.72668e-06	0.000133647	7.58146e-06
14270	5.15883e-06	0.000133771	7.19746e-06
14280	4.66842e-06	0.000134004	6.84363e-06
14290	4.27656e-06	0.000134225	6.55041e-06
14300	4.00816e-06	0.000134449	6.34081e-06
14310	3.88124e-06	0.000134705	6.23488e-06
14320	3.90177e-06	0.000135016	6.24419e-06
14330	4.05737e-06	0.00013541	6.36401e-06
14340	4.342e-06	0.00013595	6.59371e-06
14350	4.75948e-06	0.000136702	6.94626e-06
14360	5.30927e-06	0.000137714	7.43476e-06
14370	5.98531e-06	0.000139018	8.06887e-06
14380	6.77626e-06	0.000140625	8.8542e-06
14390	7.66563e-06	0.000142529	9.79181e-06
14400	8.63219e-06	0.000144701	1.08778e-05
14410	9.65056e-06	0.000147092	1.21032e-05
14420	1.06922e-05	0.000149633	1.34538e-05
14430	1.17266e-05	0.000152241	1.49108e-05
14440	1.2725e-05	0.00015482	1.64523e-05
14450	1.36657e-05	0.00015726	1.80513e-05
14460	1.45183e-05	0.000159454	1.96638e-05
14470	1.52558e-05	0.000161313	2.1247e-05
14480	1.58549e-05	0.00016277	2.27563e-05
14490	1.62999e-05	0.000163784	2.41409e-05
14500	1.65885e-05	0.00016443	2.53109e-05
14510	1.66971e-05	0.000164873	2.6223e-05
14520	1.66336e-05	0.000165149	2.68651e-05
14530	1.64166e-05	0.000165306	2.72174e-05
14540	1.60694e-05	0.000165426	2.72721e-05
14550	1.56111e-05	0.000165553	2.70505e-05
14560	1.50649e-05	0.000165599	2.65949e-05
14570	1.44543e-05	0.000165637	2.59064e-05
14580	1.38041e-05	0.000165764	2.49823e-05
14590	1.31404e-05	0.00016607	2.38242e-05
14600	1.24893e-05	0.000166638	2.24396e-05
14610	1.18754e-05	0.000167538	2.08426e-05
14620	1.13214e-05	0.000168823	1.90557e-05
14630	1.08485e-05	0.000170526	1.71078e-05
14640	1.04733e-05	0.000172656	1.50341e-05
14650	1.02065e-05	0.000175198	1.28767e-05
14660	1.00528e-05	0.000178112	1.06841e-05
14670	1.001e-05	0.000181339	8.51091e-06
14680	1.00685e-05	0.0001848	6.4175e-06
14690	1.02148e-05	0.000188401	4.47314e-06
14700	1.04333e-05	0.000192024	2.74909e-06
14710	1.07052e-05	0.000195527	1.30022e-06
14720	1.10101e-05	0.000198761	1.61189e-07
14730	1.13285e-05	0.000201587	-6.42621e-07
14740	1.16437e-05	0.00020388	-1.09319e-06
14750	1.19407e-05	0.000205541	-1.18105e-06
14760	1.22079e-05	0.000206497	-9.07805e-07
14770	1.24433e-05	0.000206768	-3.06855e-07
14780	1.26351e-05	0.000206522	5.58526e-07
14790	1.27712e-05	0.000205814	1.688e-06
14800	1.28496e-05	0.000204684	3.0639e-06
14810	1.287e-05	0.000203176	4.65626e-06
14820	1.28365e-05	0.00020135	6.42172e-06
14830	1.27574e-05	0.000199284	8.31764e-06
14840	1.26433e-05	0.000197072	1.02979e-05
14850	1.25029e-05	0.00019482	1.23036e-05
14860	1.23438e-05	0.000192633	1.42749e-05
14870	1.21741e-05	0.000190603	1.61553e-05
14880	1.20005e-05	0.000188809	1.78936e-05
14890	1.18272e-05	0.000187309	1.94465e-05
14900	1.16591e-05	0.000186147	2.07828e-05
14910	1.15012e-05	0.000185345	2.18836e-05
14920	1.13577e-05	0.000184906	2.27407e-05
14930	1.12296e-05	0.000184813	2.33572e-05
14940	1.11137e-05	0.000185026	2.37499e-05
14950	1.09973e-05	0.000185457	2.39633e-05
14960	1.08944e-05	0.000185873	2.40449e-05
14970	1.08243e-05	0.000186163	2.3963e-05
14980	1.07877e-05	0.000186349	2.37305e-05
14990	1.07601e-05	0.000186484	2.33344e-05
15000	1.07318e-05	0.000186584	2.2765e-05
15010	1.06983e-05	0.000186657	2.20267e-05
15020	1.06557e-05	0.000186713	2.11256e-05
15030	1.06035e-05	0.000186774	2.00724e-05
15040	1.05417e-05	0.000186876	1.88828e-05
15050	1.04679e-05	0.000187085	1.75641e-05
15060	1.03767e-05	0.000187453	1.61452e-05
15070	1.02653e-05	0.000188001	1.46519e-05
15080	1.01333e-05	0.000188741	1.31097e-05
15090	9.98216e-06	0.000189679	1.1547e-05
15100	9.81571e-06	0.000190804	9.99516e-06
15110	9.63981e-06	0.000192096	8.48861e-06
15120	9.46249e-06	0.000193513	7.06405e-06
15130	9.29351e-06	0.000194998	5.75966e-06
15140	9.14384e-06	0.000196475	4.61406e-06
15150	9.02482e-06	0.000197853	3.66531e-06
15160	8.94646e-06	0.000199027	2.95147e-06
15170	8.91299e-06	0.000199851	2.52978e-06
15180	8.91524e-06	0.000200131	2.40828e-06
15190	8.90841e-06	0.000199866	2.4954e-06
15200	8.902e-06	0.000199124	2.71972e-06
15210	8.89673e-06	0.000197924	3.07418e-06
15220	8.89586e-06	0.000196301	3.57035e-06
15230	8.89891e-06	0.000194297	4.20296e-06
15240	8.90693e-06	0.000191968	4.95559e-06
15250	8.92137e-06	0.000189382	5.80618e-06
15260	8.94368e-06	0.000186619	6.72428e-06
15270	8.97551e-06	0.00018377	7.67291e-06
15280	9.01932e-06	0.000180924	8.60917e-06
15290	9.07597e-06	0.000178151	9.50212e-06
15300	9.14445e-06	0.000175549	1.03263e-05
15310	9.22487e-06	0.000173213	1.10639e-05
15320	9.31718e-06	0.000171212	1.17012e-05
15330	9.41951e-06	0.00016958	1.22275e-05
15340	9.52888e-06	0.000168333	1.26363e-05
15350	9.64118e-06	0.00016746	1.29263e-05
15360	9.75186e-06	0.000166923	1.31033e-05
15370	9.8576e-06	0.000166651	1.31764e-05
15380	9.95323e-06	0.000166518	1.31673e-05
15390	1.00216e-05	0.000166384	1.31352e-05
15400	1.00618e-05	0.000166251	1.30948e-05
15410	1.00739e-05	0.00016609	1.3052e-05
15420	1.00578e-05	0.000165851	1.30178e-05
15430	1.00149e-05	0.000165492	1.30053e-05
15440	9.94428e-06	0.000164979	1.30225e-05
15450	9.83855e-06	0.000164274	1.30555e-05
15460	9.69397e-06	0.000163345	1.30737e-05
15470	9.5132e-06	0.000162227	1.30595e-05
15480	9.30055e-06	0.000160996	1.29866e-05
15490	9.06034e-06	0.000159768	1.28316e-05
15500	8.79444e-06	0.000158664	1.259e-05
15510	8.51172e-06	0.000157795	1.22624e-05
15520	8.2317e-06	0.000157265	1.1863e-05
15530	7.97311e-06	0.000157098	1.13885e-05
15540	7.74001e-06	0.000157158	1.08894e-05
15550	7.54509e-06	0.000157479	1.03895e-05
15560	7.40198e-06	0.000158096	9.90169e-06
15570	7.32385e-06	0.000159016	9.44076e-06
15580	7.32156e-06	0.00016021	9.02084e-06
15590	7.37095e-06	0.000161587	8.61656e-06
15600	7.4544e-06	0.000163097	8.20983e-06
15610	7.58784e-06	0.000164717	7.84842e-06
15620	7.77931e-06	0.000166414	7.57555e-06
15630	8.03009e-06	0.000168113	7.41123e-06
15640	8.33496e-06	0.000169728	7.36484e-06
15650	8.68137e-06	0.000171153	7.44538e-06
15660	9.05919e-06	0.000172271	7.67149e-06
15670	9.45877e-06	0.000173013	8.04666e-06
15680	9.8675e-06	0.00017333	8.57112e-06
15690	1.02757e-05	0.000173338	9.21501e-06
15700	1.06781e-05	0.000173107	9.9387e-06
15710	1.10635e-05	0.000172637	1.07265e-05
15720	1.1421e-05	0.00017194	1.15595e-05
15730	1.17403e-05	0.000171042	1.24146e-05
15740	1.20116e-05	0.000169984	1.32656e-05
15750	1.22257e-05	0.000168818	1.40835e-05
15760	1.23756e-05	0.000167606	1.48379e-05
15770	1.24556e-05	0.000166419	1.54983e-05
15780	1.24638e-05	0.000165327	1.60354e-05
15790	1.2418e-05	0.000164383	1.64299e-05
15800	1.23747e-05	0.000163691	1.67049e-05
15810	1.23235e-05	0.000163351	1.6852e-05
15820	1.22731e-05	0.00016339	1.68471e-05
15830	1.22148e-05	0.000163674	1.67172e-05
15840	1.21514e-05	0.000164206	1.64905e-05
15850	1.2088e-05	0.000164994	1.6174e-05
15860	1.20296e-05	0.000166029	1.57768e-05
15870	1.19817e-05	0.000167289	1.53107e-05
15880	1.19501e-05	0.000168739	1.47897e-05
15890	1.19427e-05	0.000170333	1.42278e-05
15900	1.19669e-05	0.000172004	1.36483e-05
15910	1.19904e-05	0.000173711	1.30429e-05
15920	1.20058e-05	0.000175416	1.24405e-05
15930	1.20227e-05	0.000177	1.18923e-05
15940	1.20442e-05	0.000178393	1.14177e-05
15950	1.20708e-05	0.000179537	1.10345e-05
15960	1.21022e-05	0.000180389	1.07565e-05
15970	1.21371e-05	0.00018092	1.05935e-05
15980	1.21746e-05	0.000181116	1.05484e-05
15990	1.22201e-05	0.000181039	1.05886e-05
16000	1.22522e-05	0.000180858	1.06826e-05
16010	1.22634e-05	0.000180582	1.08286e-05
16020	1.22529e-05	0.000180199	1.10138e-05
16030	1.22285e-05	0.000179692	1.12371e-05
16040	1.22083e-05	0.000179065	1.15048e-05
16050	1.21889e-05	0.000178352	1.17987e-05
16060	1.21677e-05	0.000177603	1.2108e-05
16070	1.2139e-05	0.00017688	1.24214e-05
16080	1.20996e-05	0.000176252	1.27209e-05
16090	1.20462e-05	0.000175804	1.29919e-05
16100	1.19742e-05	0.000175578	1.3237e-05
16110	1.18825e-05	0.000175587	1.34514e-05
16120	1.17695e-05	0.000175824	1.36331e-05
16130	1.16415e-05	0.000176127	1.38105e-05
16140	1.15126e-05	0.000176434	1.39885e-05
16150	1.13897e-05	0.000176738	1.41654e-05
16160	1.12779e-05	0.000177028	1.43359e-05
16170	1.11817e-05	0.000177295	1.44954e-05
16180	1.11039e-05	0.000177532	1.46397e-05
16190	1.10408e-05	0.000177735	1.4762e-05
16200	1.09931e-05	0.000177894	1.48513e-05
16210	1.09631e-05	0.000178005	1.49062e-05
16220	1.09523e-05	0.000178072	1.49338e-05
16230	1.09595e-05	0.000178099	1.49373e-05
16240	1.09647e-05	0.000178127	1.49186e-05
16250	1.0966e-05	0.0001782	1.48802e-05
16260	1.09673e-05	0.000178328	1.48269e-05
16270	1.09652e-05	0.00017852	1.47608e-05
16280	1.09608e-05	0.000178778	1.46796e-05
16290	1.0955e-05	0.000179105	1.45856e-05
16300	1.09495e-05	0.000179507	1.44871e-05
16310	1.09442e-05	0.000179984	1.43912e-05
16320	1.09386e-05	0.000180532	1.43035e-05
16330	1.09306e-05	0.000181139	1.42271e-05
16340	1.09179e-05	0.000181788	1.41622e-05
16350	1.08975e-05	0.000182459	1.4106e-05
16360	1.08666e-05	0.000183127	1.40527e-05
16370	1.08233e-05	0.000183769	1.39947e-05
16380	1.07677e-05	0.000184364	1.39236e-05
16390	1.07071e-05	0.000184911	1.38201e-05
16400	1.06432e-05	0.000185446	1.36602e-05
16410	1.05722e-05	0.000185983	1.34412e-05
16420	1.04895e-05	0.000186564	1.31481e-05
16430	1.03906e-05	0.000187201	1.27805e-05
16440	1.02756e-05	0.00018788	1.23376e-05
16450	1.01464e-05	0.000188587	1.18242e-05
16460	1.00058e-05	0.000189312	1.12547e-05
16470	9.85619e-06	0.000190045	1.06436e-05
16480	9.70138e-06	0.000190768	1.00031e-05
16490	9.54612e-06	0.000191463	9.34938e-06
16500	9.3964e-06	0.000192113	8.70225e-06
16510	9.25895e-06	0.000192706	8.08433e-06
16520	9.14007e-06	0.000193233	7.52084e-06
16530	9.04438e-06	0.000193686	7.03918e-06
16540	8.97459e-06	0.000194049	6.66356e-06
16550	8.93328e-06	0.000194296	6.41328e-06
16560	8.91796e-06	0.000194387	6.30484e-06
16570	8.91992e-06	0.000194393	6.31235e-06
16580	8.92954e-06	0.00019436	6.3673e-06
16590	8.94221e-06	0.000194266	6.46659e-06
16600	8.95788e-06	0.0001941	6.61431e-06
16610	8.97624e-06	0.000193855	6.81269e-06
16620	8.99723e-06	0.000193525	7.06061e-06
16630	9.021e-06	0.000193095	7.35658e-06
16640	9.04502e-06	0.000192525	7.70635e-06
16650	9.0661e-06	0.00019181	8.09528e-06
16660	9.07947e-06	0.000190954	8.50632e-06
16670	9.08072e-06	0.000189978	8.92512e-06
16680	9.06615e-06	0.000188919	9.34048e-06
16690	9.04185e-06	0.000187835	9.74991e-06
16700	9.01763e-06	0.000186782	1.01617e-05
16710	8.99316e-06	0.000185795	1.05606e-05
16720	8.96825e-06	0.000184903	1.09282e-05
16730	8.94654e-06	0.000184134	1.12457e-05
16740	8.93277e-06	0.000183515	1.15055e-05
16750	8.92907e-06	0.000183066	1.17014e-05
16760	8.93583e-06	0.000182798	1.18289e-05
16770	8.95127e-06	0.000182714	1.18863e-05
16780	8.96563e-06	0.000182726	1.19029e-05
16790	8.97476e-06	0.000182735	1.19103e-05
16800	8.97896e-06	0.000182741	1.19111e-05
16810	8.98181e-06	0.00018275	1.19096e-05
16820	8.98677e-06	0.000182755	1.1909e-05
16830	8.99007e-06	0.000182762	1.19118e-05
16840	8.99405e-06	0.000182767	1.19156e-05
16850	8.99634e-06	0.000182772	1.19182e-05
16860	8.99708e-06	0.000182777	1.19177e-05
16870	8.99889e-06	0.000182784	1.19161e-05
16880	9.00306e-06	0.000182791	1.19151e-05
16890	9.00652e-06	0.000182796	1.19155e-05
16900	9.00941e-06	0.000182802	1.19149e-05
16910	9.01104e-06	0.000182807	1.19146e-05
16920	9.01218e-06	0.000182809	1.19143e-05
16930	9.01246e-06	0.000182811	1.19128e-05
16940	9.01196e-06	0.000182811	1.19099e-05
16950	9.01119e-06	0.000182809	1.1905e-05
16960	9.01048e-06	0.000182803	1.1897e-05
16970	9.00966e-06	0.000182793	1.18837e-05
16980	9.00769e-06	0.000182776	1.18622e-05
16990	9.00293e-06	0.00018275	1.18284e-05
17000	8.9933e-06	0.000182711	1.17776e-05
17010	8.97714e-06	0.000182657	1.17053e-05
17020	8.95272e-06	0.000182587	1.1608e-05
17030	8.91899e-06	0.0001825	1.14832e-05
17040	8.87636e-06	0.000182396	1.13307e-05
17050	8.82593e-06	0.000182277	1.1152e-05
17060	8.77026e-06	0.000182155	1.09489e-05
17070	8.71237e-06	0.000182054	1.07229e-05
17080	8.65623e-06	0.000182005	1.04759e-05
17090	8.6061e-06	0.000182037	1.02111e-05
17100	8.56742e-06	0.000182177	9.93517e-06
17110	8.54593e-06	0.000182443	9.65756e-06
17120	8.54342e-06	0.000182847	9.38403e-06
17130	8.56002e-06	0.00018339	9.11828e-06
17140	8.57594e-06	0.000184029	8.86661e-06
17150	8.58913e-06	0.000184664	8.62983e-06
17160	8.60097e-06	0.000185269	8.40689e-06
17170	8.61296e-06	0.000185827	8.1981e-06
17180	8.63035e-06	0.000186319	8.01117e-06
17190	8.65915e-06	0.000186712	7.87268e-06
17200	8.70452e-06	0.000186995	7.80255e-06
17210	8.76861e-06	0.000187169	7.81557e-06
17220	8.85434e-06	0.000187247	7.92625e-06
17230	8.96841e-06	0.000187341	8.1166e-06
17240	9.11469e-06	0.000187477	8.37738e-06
17250	9.29039e-06	0.000187658	8.71404e-06
17260	9.49351e-06	0.000187883	9.12458e-06
17270	9.7186e-06	0.000188151	9.60453e-06
17280	9.96076e-06	0.000188459	1.01459e-05
17290	1.02128e-05	0.0001888	1.07369e-05
17300	1.04682e-05	0.000189166	1.13644e-05
17310	1.07197e-05	0.000189537	1.20147e-05
17320	1.096e-05	0.000189874	1.26795e-05
17330	1.11835e-05	0.000190143	1.3352e-05
17340	1.13868e-05	0.000190312	1.40284e-05
17350	1.1568e-05	0.000190354	1.47028e-05
17360	1.17217e-05	0.000190257	1.536e-05
17370	1.18435e-05	0.000190019	1.59842e-05
17380	1.19304e-05	0.000189651	1.65592e-05
17390	1.19807e-05	0.000189173	1.70689e-05
17400	1.20018e-05	0.000188633	1.7477e-05
17410	1.19944e-05	0.000188081	1.77418e-05
17420	1.19772e-05	0.000187595	1.78871e-05
17430	1.19705e-05	0.000187252	1.79755e-05
17440	1.19654e-05	0.000187074	1.80014e-05
17450	1.19543e-05	0.000187051	1.79728e-05
17460	1.19438e-05	0.000187009	1.79158e-05
17470	1.19363e-05	0.00018693	1.78241e-05
17480	1.19342e-05	0.000186816	1.76958e-05
17490	1.19395e-05	0.00018667	1.75306e-05
17500	1.19538e-05	0.000186505	1.7328e-05
17510	1.1978e-05	0.000186339	1.70878e-05
17520	1.20119e-05	0.000186196	1.68101e-05
17530	1.20545e-05	0.000186103	1.64955e-05
17540	1.21035e-05	0.000186091	1.61447e-05
17550	1.21563e-05	0.000186189	1.57596e-05
17560	1.22092e-05	0.000186422	1.53427e-05
17570	1.22582e-05	0.000186811	1.48981e-05
17580	1.22993e-05	0.000187369	1.44319e-05
17590	1.23305e-05	0.000188099	1.39544e-05
17600	1.23555e-05	0.000188993	1.34797e-05
17610	1.23708e-05	0.000190024	1.30147e-05
17620	1.23775e-05	0.000191158	1.25655e-05
17630	1.23843e-05	0.000192326	1.21493e-05
17640	1.23944e-05	0.000193421	1.17742e-05
17650	1.2403e-05	0.000194401	1.14418e-05
17660	1.24089e-05	0.000195243	1.11622e-05
17670	1.24129e-05	0.000195927	1.09409e-05
17680	1.24144e-05	0.000196439	1.07839e-05
17690	1.24143e-05	0.000196772	1.06965e-05
17700	1.24138e-05	0.000196918	1.06759e-05
17710	1.24252e-05	0.000196914	1.06905e-05
17720	1.2435e-05	0.000196851	1.07168e-05
17730	1.24412e-05	0.000196727	1.07659e-05
17740	1.24457e-05	0.000196545	1.08388e-05
17750	1.2449e-05	0.000196304	1.0935e-05
17760	1.2451e-05	0.000196005	1.1053e-05
17770	1.24519e-05	0.000195649	1.11914e-05
17780	1.24524e-05	0.000195241	1.1347e-05
17790	1.2455e-05	0.000194794	1.15193e-05
17800	1.2463e-05	0.000194332	1.17134e-05
17810	1.24796e-05	0.000193874	1.19361e-05
17820	1.25072e-05	0.000193436	1.21946e-05
17830	1.25472e-05	0.000193028	1.24959e-05
17840	1.25999e-05	0.000192654	1.28457e-05
17850	1.26644e-05	0.000192308	1.32475e-05
17860	1.27378e-05	0.000191981	1.37039e-05
17870	1.28181e-05	0.000191657	1.42173e-05
17880	1.2902e-05	0.000191314	1.47826e-05
17890	1.29841e-05	0.000190927	1.53891e-05
17900	1.30557e-05	0.000190456	1.60024e-05
17910	1.31117e-05	0.000189877	1.66016e-05
17920	1.31478e-05	0.000189184	1.7172e-05
17930	1.31613e-05	0.00018838	1.76985e-05
17940	1.31515e-05	0.000187479	1.81669e-05
17950	1.31209e-05	0.000186506	1.85649e-05
17960	1.30788e-05	0.000185502	1.88857e-05
17970	1.30364e-05	0.000184536	1.91215e-05
17980	1.29825e-05	0.000183713	1.92586e-05
17990	1.29084e-05	0.000183085	1.92872e-05
18000	1.28115e-05	0.000182682	1.91937e-05
