0	-419.377	-1677.51	0
10	-556.165	-1439.85	0
20	-556.01	-1439.23	0
30	-555.773	-1438.28	0
40	-555.463	-1437.04	0
50	-555.091	-1435.56	0
60	-554.67	-1433.87	0
70	-554.215	-1432.05	0
80	-553.739	-1430.15	0
90	-553.255	-1428.21	0
100	-552.773	-1426.29	0
110	-552.304	-1424.41	0
120	-551.852	-1422.6	0
130	-551.422	-1420.88	0
140	-551.014	-1419.25	0
150	-550.626	-1417.7	0
160	-550.255	-1416.22	0
170	-549.896	-1414.78	0
180	-549.542	-1413.37	0
190	-549.189	-1411.96	0
200	-548.831	-1410.53	0
210	-548.463	-1409.07	0
220	-548.085	-1407.57	0
230	-547.695	-1406.02	0
240	-547.297	-1404.45	0
250	-546.893	-1402.86	0
260	-546.49	-1401.28	0
270	-546.096	-1399.75	0
280	-545.72	-1398.31	0
290	-545.371	-1396.99	0
300	-545.061	-1395.83	0
310	-544.799	-1394.88	0
320	-544.595	-1394.17	0
330	-544.46	-1393.73	0
340	-544.405	-1393.57	0
350	-544.404	-1393.57	0
360	-544.4	-1393.56	0
370	-544.399	-1393.56	0
380	-544.394	-1393.56	0
390	-544.392	-1393.56	0
400	-544.39	-1393.55	0
410	-544.389	-1393.55	0
420	-544.386	-1393.54	0
430	-544.382	-1393.53	0
440	-544.38	-1393.52	0
450	-544.373	-1393.51	0
460	-544.359	-1393.5	0
470	-544.331	-1393.47	0
480	-544.277	-1393.43	0
490	-544.187	-1393.35	0
500	-544.047	-1393.22	0
510	-543.844	-1393.04	0
520	-543.565	-1392.78	0
530	-543.195	-1392.43	0
540	-542.716	-1391.96	0
550	-542.096	-1391.29	0
560	-541.299	-1390.32	0
570	-540.287	-1388.96	0
580	-539.025	-1387.11	0
590	-537.482	-1384.69	0
600	-535.631	-1381.63	0
610	-533.451	-1377.86	0
620	-530.926	-1373.34	0
630	-528.045	-1368.01	0
640	-524.807	-1361.86	0
650	-521.218	-1354.88	0
660	-517.295	-1347.09	0
670	-513.064	-1338.53	0
680	-508.559	-1329.26	0
690	-503.824	-1319.34	0
700	-498.909	-1308.87	0
710	-493.877	-1297.93	0
720	-488.797	-1286.66	0
730	-483.747	-1275.16	0
740	-478.813	-1263.57	0
750	-474.093	-1252.04	0
760	-469.696	-1240.74	0
770	-465.732	-1229.86	0
780	-462.32	-1219.56	0
790	-459.587	-1210.07	0
800	-457.659	-1201.59	0
810	-456.653	-1194.37	0
820	-456.669	-1188.62	0
830	-457.788	-1184.55	0
840	-460.059	-1182.31	0
850	-463.502	-1182.05	0
860	-468.09	-1183.86	0
870	-473.714	-1187.63	0
880	-480.248	-1193.29	0
890	-487.546	-1200.83	0
900	-495.414	-1210.09	0
910	-503.65	-1220.98	0
920	-512.038	-1233.36	0
930	-520.355	-1247.05	0
940	-528.386	-1261.86	0
950	-535.932	-1277.6	0
960	-542.823	-1294.04	0
970	-548.925	-1311	0
980	-554.151	-1328.29	0
990	-558.466	-1345.77	0
1000	-561.883	-1363.35	0
1010	-564.467	-1380.96	0
1020	-566.321	-1398.61	0
1030	-567.59	-1416.34	0
1040	-568.443	-1434.24	0
1050	-569.074	-1452.42	0
1060	-569.684	-1469.32	0
1070	-570.479	-1486.34	0
1080	-571.651	-1504.07	0
1090	-573.366	-1522.65	0
1100	-575.755	-1542.17	0
1110	-578.906	-1562.67	0
1120	-582.855	-1584.11	0
1130	-587.589	-1606.37	0
1140	-593.045	-1629.26	0
1150	-599.11	-1652.51	0
1160	-605.63	-1675.75	0
1170	-613.055	-1698.12	0
1180	-620.782	-1719.45	0
1190	-628.042	-1739.66	0
1200	-634.83	-1758.21	0
1210	-640.631	-1774.54	0
1220	-645.608	-1788.25	0
1230	-649.475	-1798.95	0
1240	-652.226	-1806.27	0
1250	-653.774	-1810.05	0
1260	-654.109	-1810.27	0
1270	-653.364	-1807.27	0
1280	-651.675	-1801.37	0
1290	-649.124	-1792.85	0
1300	-645.82	-1782.07	0
1310	-641.895	-1769.44	0
1320	-637.501	-1755.44	0
1330	-632.803	-1740.56	0
1340	-627.972	-1725.33	0
1350	-623.173	-1710.25	0
1360	-618.567	-1695.8	0
1370	-614.294	-1682.39	0
1380	-610.476	-1670.35	0
1390	-607.204	-1659.95	0
1400	-604.54	-1651.33	0
1410	-602.514	-1644.53	0
1420	-601.126	-1639.52	0
1430	-600.342	-1636.16	0
1440	-600.103	-1634.22	0
1450	-600.303	-1633.35	0
1460	-600.8	-1633.06	0
1470	-601.485	-1633.01	0
1480	-602.248	-1632.9	0
1490	-602.985	-1632.44	0
1500	-603.642	-1631.57	0
1510	-604.165	-1630.22	0
1520	-604.48	-1628.27	0
1530	-604.522	-1625.6	0
1540	-604.24	-1622.15	0
1550	-603.599	-1617.89	0
1560	-602.579	-1612.81	0
1570	-601.179	-1606.93	0
1580	-599.408	-1600.27	0
1590	-597.287	-1592.85	0
1600	-594.831	-1584.68	0
1610	-592.06	-1575.77	0
1620	-589	-1566.14	0
1630	-585.682	-1555.82	0
1640	-582.141	-1544.83	0
1650	-578.417	-1533.24	0
1660	-574.553	-1521.08	0
1670	-570.593	-1508.42	0
1680	-566.582	-1495.34	0
1690	-562.563	-1481.91	0
1700	-558.578	-1468.22	0
1710	-554.666	-1454.38	0
1720	-550.861	-1440.47	0
1730	-547.192	-1426.61	0
1740	-543.678	-1412.88	0
1750	-540.333	-1399.36	0
1760	-537.162	-1386.11	0
1770	-534.16	-1373.16	0
1780	-531.315	-1360.55	0
1790	-528.608	-1348.24	0
1800	-526.011	-1336.2	0
1810	-523.494	-1324.36	0
1820	-521.023	-1312.64	0
1830	-518.564	-1300.94	0
1840	-516.084	-1289.14	0
1850	-513.554	-1277.17	0
1860	-510.954	-1264.92	0
1870	-508.27	-1252.35	0
1880	-505.502	-1239.44	0
1890	-502.661	-1226.21	0
1900	-499.769	-1212.74	0
1910	-496.862	-1199.16	0
1920	-493.987	-1185.65	0
1930	-491.2	-1172.43	0
1940	-488.562	-1159.75	0
1950	-486.138	-1147.9	0
1960	-483.989	-1137.17	0
1970	-482.174	-1127.82	0
1980	-480.739	-1120.12	0
1990	-479.717	-1114.25	0
2000	-479.126	-1110.36	0
2010	-478.962	-1108.52	0
2020	-479.183	-1108.61	0
2030	-479.684	-1110.25	0
2040	-480.414	-1113.22	0
2050	-481.332	-1117.31	0
2060	-482.391	-1122.32	0
2070	-483.537	-1128.02	0
2080	-484.714	-1134.16	0
2090	-485.87	-1140.49	0
2100	-486.954	-1146.78	0
2110	-487.927	-1152.82	0
2120	-488.759	-1158.44	0
2130	-489.435	-1163.52	0
2140	-489.955	-1167.97	0
2150	-490.332	-1171.79	0
2160	-490.594	-1175.01	0
2170	-490.778	-1177.73	0
2180	-490.932	-1180.05	0
2190	-491.107	-1182.14	0
2200	-491.359	-1184.17	0
2210	-491.745	-1186.31	0
2220	-492.323	-1188.76	0
2230	-493.146	-1191.68	0
2240	-494.26	-1195.19	0
2250	-495.699	-1199.41	0
2260	-497.482	-1204.38	0
2270	-499.614	-1210.11	0
2280	-502.083	-1216.57	0
2290	-504.86	-1223.69	0
2300	-507.906	-1231.35	0
2310	-511.166	-1239.43	0
2320	-514.579	-1247.8	0
2330	-518.077	-1256.32	0
2340	-521.591	-1264.86	0
2350	-525.054	-1273.33	0
2360	-528.401	-1281.63	0
2370	-531.575	-1289.72	0
2380	-534.529	-1297.56	0
2390	-537.227	-1305.17	0
2400	-539.644	-1312.57	0
2410	-541.768	-1319.81	0
2420	-543.601	-1326.94	0
2430	-545.155	-1334.02	0
2440	-546.453	-1341.14	0
2450	-547.528	-1348.35	0
2460	-548.418	-1355.72	0
2470	-549.163	-1363.27	0
2480	-549.808	-1371.05	0
2490	-550.399	-1379.06	0
2500	-550.978	-1387.3	0
2510	-551.589	-1395.75	0
2520	-552.272	-1404.37	0
2530	-553.062	-1413.14	0
2540	-553.992	-1422.02	0
2550	-555.085	-1430.98	0
2560	-556.361	-1439.96	0
2570	-557.828	-1448.95	0
2580	-559.489	-1457.9	0
2590	-561.336	-1466.77	0
2600	-563.354	-1475.52	0
2610	-565.521	-1484.09	0
2620	-567.802	-1492.45	0
2630	-570.155	-1500.49	0
2640	-572.531	-1508.15	0
2650	-574.876	-1515.32	0
2660	-577.132	-1521.88	0
2670	-579.243	-1527.72	0
2680	-581.152	-1532.72	0
2690	-582.812	-1536.77	0
2700	-584.183	-1539.81	0
2710	-585.234	-1541.76	0
2720	-585.983	-1542.75	0
2730	-586.468	-1542.96	0
2740	-586.693	-1542.44	0
2750	-586.671	-1541.23	0
2760	-586.426	-1539.44	0
2770	-585.986	-1537.19	0
2780	-585.391	-1534.64	0
2790	-584.731	-1532.06	0
2800	-584.081	-1529.65	0
2810	-583.473	-1527.53	0
2820	-582.937	-1525.78	0
2830	-582.502	-1524.5	0
2840	-582.173	-1523.69	0
2850	-581.929	-1523.27	0
2860	-581.709	-1522.95	0
2870	-581.483	-1522.6	0
2880	-581.225	-1522.11	0
2890	-580.921	-1521.41	0
2900	-580.592	-1520.59	0
2910	-580.216	-1519.53	0
2920	-579.762	-1518.13	0
2930	-579.205	-1516.27	0
2940	-578.525	-1513.87	0
2950	-577.706	-1510.87	0
2960	-576.74	-1507.24	0
2970	-575.629	-1502.98	0
2980	-574.381	-1498.14	0
2990	-573.011	-1492.76	0
3000	-571.543	-1486.96	0
3010	-570.003	-1480.83	0
3020	-568.421	-1474.49	0
3030	-566.826	-1468.07	0
3040	-565.248	-1461.68	0
3050	-563.712	-1455.41	0
3060	-562.236	-1449.33	0
3070	-560.835	-1443.51	0
3080	-559.516	-1437.96	0
3090	-558.276	-1432.66	0
3100	-557.109	-1427.6	0
3110	-556.002	-1422.71	0
3120	-554.937	-1417.93	0
3130	-553.895	-1413.17	0
3140	-552.856	-1408.36	0
3150	-551.8	-1403.44	0
3160	-550.71	-1398.33	0
3170	-549.573	-1393.02	0
3180	-548.381	-1387.47	0
3190	-547.13	-1381.69	0
3200	-545.821	-1375.72	0
3210	-544.459	-1369.59	0
3220	-543.051	-1363.37	0
3230	-541.608	-1357.12	0
3240	-540.141	-1350.9	0
3250	-538.66	-1344.77	0
3260	-537.175	-1338.78	0
3270	-535.692	-1332.97	0
3280	-534.217	-1327.33	0
3290	-532.752	-1321.88	0
3300	-531.297	-1316.59	0
3310	-529.851	-1311.42	0
3320	-528.413	-1306.33	0
3330	-526.982	-1301.29	0
3340	-525.559	-1296.26	0
3350	-524.15	-1291.22	0
3360	-522.762	-1286.17	0
3370	-521.409	-1281.14	0
3380	-520.108	-1276.18	0
3390	-518.882	-1271.37	0
3400	-517.754	-1266.79	0
3410	-516.753	-1262.57	0
3420	-515.904	-1258.81	0
3430	-515.232	-1255.64	0
3440	-514.755	-1253.16	0
3450	-514.485	-1251.45	0
3460	-514.423	-1250.55	0
3470	-514.511	-1250.27	0
3480	-514.722	-1250.54	0
3490	-515.037	-1251.32	0
3500	-515.424	-1252.51	0
3510	-515.831	-1253.94	0
3520	-516.2	-1255.41	0
3530	-516.505	-1256.7	0
3540	-516.722	-1257.7	0
3550	-516.829	-1258.33	0
3560	-516.811	-1258.52	0
3570	-516.718	-1258.44	0
3580	-516.571	-1258.17	0
3590	-516.373	-1257.72	0
3600	-516.13	-1257.08	0
3610	-515.852	-1256.28	0
3620	-515.547	-1255.36	0
3630	-515.228	-1254.35	0
3640	-514.906	-1253.29	0
3650	-514.592	-1252.24	0
3660	-514.298	-1251.24	0
3670	-514.027	-1250.34	0
3680	-513.785	-1249.56	0
3690	-513.585	-1248.94	0
3700	-513.436	-1248.52	0
3710	-513.352	-1248.34	0
3720	-513.334	-1248.39	0
3730	-513.335	-1248.49	0
3740	-513.346	-1248.57	0
3750	-513.363	-1248.64	0
3760	-513.384	-1248.72	0
3770	-513.417	-1248.86	0
3780	-513.471	-1249.07	0
3790	-513.55	-1249.39	0
3800	-513.661	-1249.83	0
3810	-513.816	-1250.45	0
3820	-514.03	-1251.3	0
3830	-514.315	-1252.43	0
3840	-514.684	-1253.88	0
3850	-515.142	-1255.67	0
3860	-515.695	-1257.83	0
3870	-516.342	-1260.34	0
3880	-517.078	-1263.18	0
3890	-517.892	-1266.31	0
3900	-518.773	-1269.68	0
3910	-519.702	-1273.21	0
3920	-520.664	-1276.83	0
3930	-521.639	-1280.47	0
3940	-522.609	-1284.06	0
3950	-523.56	-1287.54	0
3960	-524.48	-1290.87	0
3970	-525.359	-1294.01	0
3980	-526.193	-1296.95	0
3990	-526.983	-1299.68	0
4000	-527.731	-1302.23	0
4010	-528.443	-1304.62	0
4020	-529.127	-1306.88	0
4030	-529.793	-1309.05	0
4040	-530.447	-1311.17	0
4050	-531.096	-1313.24	0
4060	-531.744	-1315.31	0
4070	-532.392	-1317.36	0
4080	-533.039	-1319.39	0
4090	-533.679	-1321.39	0
4100	-534.307	-1323.34	0
4110	-534.914	-1325.19	0
4120	-535.493	-1326.94	0
4130	-536.036	-1328.56	0
4140	-536.539	-1330.03	0
4150	-537.001	-1331.35	0
4160	-537.424	-1332.55	0
4170	-537.814	-1333.66	0
4180	-538.181	-1334.72	0
4190	-538.538	-1335.78	0
4200	-538.9	-1336.93	0
4210	-539.286	-1338.22	0
4220	-539.713	-1339.72	0
4230	-540.196	-1341.48	0
4240	-540.747	-1343.52	0
4250	-541.374	-1345.86	0
4260	-542.075	-1348.49	0
4270	-542.844	-1351.39	0
4280	-543.668	-1354.49	0
4290	-544.529	-1357.71	0
4300	-545.402	-1360.96	0
4310	-546.263	-1364.14	0
4320	-547.085	-1367.14	0
4330	-547.844	-1369.87	0
4340	-548.532	-1372.32	0
4350	-549.129	-1374.41	0
4360	-549.616	-1376.07	0
4370	-549.977	-1377.26	0
4380	-550.211	-1377.99	0
4390	-550.304	-1378.17	0
4400	-550.304	-1377.99	0
4410	-550.238	-1377.55	0
4420	-550.109	-1376.87	0
4430	-549.921	-1375.97	0
4440	-549.675	-1374.88	0
4450	-549.374	-1373.63	0
4460	-549.021	-1372.25	0
4470	-548.616	-1370.76	0
4480	-548.16	-1369.18	0
4490	-547.657	-1367.52	0
4500	-547.109	-1365.8	0
4510	-546.523	-1364.04	0
4520	-545.908	-1362.27	0
4530	-545.278	-1360.52	0
4540	-544.648	-1358.82	0
4550	-544.037	-1357.2	0
4560	-543.465	-1355.74	0
4570	-542.953	-1354.47	0
4580	-542.527	-1353.51	0
4590	-542.204	-1352.91	0
4600	-541.98	-1352.66	0
4610	-541.804	-1352.56	0
4620	-541.653	-1352.53	0
4630	-541.516	-1352.52	0
4640	-541.383	-1352.5	0
4650	-541.242	-1352.41	0
4660	-541.08	-1352.22	0
4670	-540.885	-1351.88	0
4680	-540.656	-1351.37	0
4690	-540.42	-1350.83	0
4700	-540.177	-1350.25	0
4710	-539.917	-1349.63	0
4720	-539.625	-1348.88	0
4730	-539.281	-1347.97	0
4740	-538.869	-1346.82	0
4750	-538.37	-1345.38	0
4760	-537.772	-1343.62	0
4770	-537.062	-1341.5	0
4780	-536.233	-1338.99	0
4790	-535.281	-1336.11	0
4800	-534.206	-1332.86	0
4810	-533.012	-1329.27	0
4820	-531.709	-1325.38	0
4830	-530.311	-1321.24	0
4840	-528.832	-1316.91	0
4850	-527.293	-1312.45	0
4860	-525.714	-1307.94	0
4870	-524.114	-1303.44	0
4880	-522.516	-1299.01	0
4890	-520.938	-1294.7	0
4900	-519.397	-1290.56	0
4910	-517.908	-1286.61	0
4920	-516.484	-1282.88	0
4930	-515.132	-1279.36	0
4940	-513.858	-1276.06	0
4950	-512.664	-1272.96	0
4960	-511.549	-1270.03	0
4970	-510.51	-1267.25	0
4980	-509.541	-1264.57	0
4990	-508.634	-1261.97	0
5000	-507.782	-1259.4	0
5010	-506.976	-1256.84	0
5020	-506.208	-1254.25	0
5030	-505.468	-1251.62	0
5040	-504.751	-1248.94	0
5050	-504.05	-1246.19	0
5060	-503.362	-1243.39	0
5070	-502.683	-1240.53	0
5080	-502.015	-1237.64	0
5090	-501.358	-1234.73	0
5100	-500.716	-1231.84	0
5110	-500.095	-1228.99	0
5120	-499.501	-1226.21	0
5130	-498.943	-1223.55	0
5140	-498.429	-1221.04	0
5150	-497.965	-1218.7	0
5160	-497.56	-1216.58	0
5170	-497.221	-1214.71	0
5180	-496.951	-1213.09	0
5190	-496.754	-1211.75	0
5200	-496.63	-1210.69	0
5210	-496.577	-1209.92	0
5220	-496.592	-1209.43	0
5230	-496.669	-1209.19	0
5240	-496.767	-1209.08	0
5250	-496.854	-1208.99	0
5260	-496.923	-1208.92	0
5270	-496.974	-1208.87	0
5280	-497.001	-1208.86	0
5290	-497	-1208.86	0
5300	-496.978	-1208.86	0
5310	-496.959	-1208.85	0
5320	-496.943	-1208.84	0
5330	-496.934	-1208.85	0
5340	-496.943	-1208.88	0
5350	-496.98	-1208.94	0
5360	-497.057	-1209.07	0
5370	-497.192	-1209.29	0
5380	-497.416	-1209.72	0
5390	-497.757	-1210.46	0
5400	-498.242	-1211.58	0
5410	-498.89	-1213.19	0
5420	-499.717	-1215.33	0
5430	-500.729	-1218.04	0
5440	-501.923	-1221.35	0
5450	-503.288	-1225.23	0
5460	-504.808	-1229.65	0
5470	-506.457	-1234.55	0
5480	-508.206	-1239.85	0
5490	-510.021	-1245.45	0
5500	-511.87	-1251.26	0
5510	-513.719	-1257.18	0
5520	-515.541	-1263.13	0
5530	-517.31	-1269.03	0
5540	-519.01	-1274.83	0
5550	-520.629	-1280.48	0
5560	-522.165	-1285.99	0
5570	-523.621	-1291.35	0
5580	-525.008	-1296.59	0
5590	-526.34	-1301.74	0
5600	-527.635	-1306.85	0
5610	-528.911	-1311.97	0
5620	-530.186	-1317.14	0
5630	-531.472	-1322.39	0
5640	-532.782	-1327.74	0
5650	-534.118	-1333.17	0
5660	-535.48	-1338.66	0
5670	-536.86	-1344.16	0
5680	-538.244	-1349.62	0
5690	-539.616	-1354.93	0
5700	-540.951	-1360.01	0
5710	-542.227	-1364.75	0
5720	-543.416	-1369.06	0
5730	-544.497	-1372.83	0
5740	-545.445	-1375.98	0
5750	-546.245	-1378.46	0
5760	-546.883	-1380.21	0
5770	-547.371	-1381.27	0
5780	-547.753	-1381.87	0
5790	-548.036	-1382.05	0
5800	-548.221	-1381.84	0
5810	-548.312	-1381.26	0
5820	-548.316	-1380.37	0
5830	-548.241	-1379.23	0
5840	-548.104	-1377.94	0
5850	-547.938	-1376.61	0
5860	-547.79	-1375.42	0
5870	-547.697	-1374.47	0
5880	-547.68	-1373.84	0
5890	-547.75	-1373.54	0
5900	-547.861	-1373.42	0
5910	-547.998	-1373.43	0
5920	-548.16	-1373.59	0
5930	-548.345	-1373.91	0
5940	-548.57	-1374.46	0
5950	-548.833	-1375.24	0
5960	-549.122	-1376.21	0
5970	-549.423	-1377.34	0
5980	-549.725	-1378.56	0
5990	-550.012	-1379.81	0
6000	-550.269	-1381.01	0
6010	-550.481	-1382.09	0
6020	-550.634	-1382.95	0
6030	-550.713	-1383.52	0
6040	-550.704	-1383.74	0
6050	-550.606	-1383.59	0
6060	-550.472	-1383.25	0
6070	-550.304	-1382.74	0
6080	-550.1	-1382.03	0
6090	-549.855	-1381.1	0
6100	-549.57	-1379.96	0
6110	-549.245	-1378.62	0
6120	-548.881	-1377.09	0
6130	-548.48	-1375.39	0
6140	-548.047	-1373.55	0
6150	-547.585	-1371.59	0
6160	-547.098	-1369.53	0
6170	-546.59	-1367.39	0
6180	-546.062	-1365.18	0
6190	-545.512	-1362.9	0
6200	-544.94	-1360.56	0
6210	-544.347	-1358.17	0
6220	-543.731	-1355.73	0
6230	-543.094	-1353.25	0
6240	-542.438	-1350.72	0
6250	-541.764	-1348.18	0
6260	-541.076	-1345.61	0
6270	-540.378	-1343.04	0
6280	-539.675	-1340.49	0
6290	-538.972	-1337.97	0
6300	-538.276	-1335.52	0
6310	-537.593	-1333.15	0
6320	-536.932	-1330.89	0
6330	-536.3	-1328.76	0
6340	-535.704	-1326.78	0
6350	-535.15	-1324.96	0
6360	-534.641	-1323.31	0
6370	-534.177	-1321.8	0
6380	-533.754	-1320.43	0
6390	-533.365	-1319.13	0
6400	-532.996	-1317.86	0
6410	-532.63	-1316.55	0
6420	-532.244	-1315.11	0
6430	-531.813	-1313.45	0
6440	-531.308	-1311.46	0
6450	-530.703	-1309.05	0
6460	-529.967	-1306.13	0
6470	-529.078	-1302.63	0
6480	-528.017	-1298.5	0
6490	-526.773	-1293.7	0
6500	-525.345	-1288.25	0
6510	-523.735	-1282.18	0
6520	-521.954	-1275.56	0
6530	-520.022	-1268.51	0
6540	-517.962	-1261.15	0
6550	-515.809	-1253.64	0
6560	-513.604	-1246.17	0
6570	-511.401	-1238.94	0
6580	-509.256	-1232.17	0
6590	-507.227	-1226.05	0
6600	-505.375	-1220.79	0
6610	-503.753	-1216.55	0
6620	-502.414	-1213.49	0
6630	-501.402	-1211.7	0
6640	-500.727	-1211.14	0
6650	-500.383	-1211.69	0
6660	-500.373	-1213.29	0
6670	-500.69	-1215.84	0
6680	-501.301	-1219.2	0
6690	-502.165	-1223.19	0
6700	-503.238	-1227.64	0
6710	-504.469	-1232.35	0
6720	-505.796	-1237.11	0
6730	-507.157	-1241.7	0
6740	-508.49	-1245.94	0
6750	-509.739	-1249.63	0
6760	-510.855	-1252.65	0
6770	-511.797	-1254.88	0
6780	-512.536	-1256.26	0
6790	-513.052	-1256.78	0
6800	-513.345	-1256.48	0
6810	-513.476	-1255.67	0
6820	-513.463	-1254.44	0
6830	-513.313	-1252.87	0
6840	-513.048	-1251.03	0
6850	-512.682	-1248.97	0
6860	-512.232	-1246.74	0
6870	-511.715	-1244.37	0
6880	-511.154	-1241.92	0
6890	-510.569	-1239.47	0
6900	-509.978	-1237.07	0
6910	-509.389	-1234.72	0
6920	-508.819	-1232.48	0
6930	-508.286	-1230.38	0
6940	-507.805	-1228.49	0
6950	-507.389	-1226.83	0
6960	-507.046	-1225.43	0
6970	-506.783	-1224.31	0
6980	-506.6	-1223.48	0
6990	-506.498	-1222.93	0
7000	-506.471	-1222.66	0
7010	-506.515	-1222.65	0
7020	-506.62	-1222.88	0
7030	-506.779	-1223.33	0
7040	-506.942	-1223.83	0
7050	-507.079	-1224.28	0
7060	-507.186	-1224.68	0
7070	-507.257	-1225.02	0
7080	-507.284	-1225.29	0
7090	-507.269	-1225.48	0
7100	-507.224	-1225.62	0
7110	-507.165	-1225.72	0
7120	-507.12	-1225.85	0
7130	-507.111	-1226.06	0
7140	-507.154	-1226.41	0
7150	-507.261	-1226.92	0
7160	-507.443	-1227.66	0
7170	-507.682	-1228.59	0
7180	-507.973	-1229.75	0
7190	-508.317	-1231.12	0
7200	-508.708	-1232.68	0
7210	-509.139	-1234.4	0
7220	-509.601	-1236.24	0
7230	-510.089	-1238.17	0
7240	-510.602	-1240.14	0
7250	-511.133	-1242.12	0
7260	-511.677	-1244.06	0
7270	-512.225	-1245.93	0
7280	-512.771	-1247.71	0
7290	-513.308	-1249.38	0
7300	-513.83	-1250.95	0
7310	-514.334	-1252.41	0
7320	-514.817	-1253.79	0
7330	-515.276	-1255.11	0
7340	-515.711	-1256.38	0
7350	-516.123	-1257.62	0
7360	-516.511	-1258.85	0
7370	-516.876	-1260.07	0
7380	-517.212	-1261.27	0
7390	-517.518	-1262.42	0
7400	-517.796	-1263.45	0
7410	-518.032	-1264.32	0
7420	-518.218	-1265.01	0
7430	-518.348	-1265.49	0
7440	-518.418	-1265.75	0
7450	-518.428	-1265.8	0
7460	-518.431	-1265.79	0
7470	-518.435	-1265.74	0
7480	-518.445	-1265.68	0
7490	-518.466	-1265.61	0
7500	-518.502	-1265.54	0
7510	-518.555	-1265.47	0
7520	-518.628	-1265.42	0
7530	-518.718	-1265.38	0
7540	-518.82	-1265.34	0
7550	-518.928	-1265.29	0
7560	-519.032	-1265.21	0
7570	-519.118	-1265.08	0
7580	-519.175	-1264.87	0
7590	-519.189	-1264.56	0
7600	-519.147	-1264.13	0
7610	-519.039	-1263.56	0
7620	-518.858	-1262.84	0
7630	-518.603	-1261.98	0
7640	-518.279	-1260.99	0
7650	-517.894	-1259.91	0
7660	-517.46	-1258.76	0
7670	-516.991	-1257.59	0
7680	-516.507	-1256.44	0
7690	-516.034	-1255.36	0
7700	-515.595	-1254.4	0
7710	-515.215	-1253.63	0
7720	-514.915	-1253.11	0
7730	-514.731	-1252.97	0
7740	-514.645	-1253.12	0
7750	-514.649	-1253.46	0
7760	-514.757	-1254.02	0
7770	-514.976	-1254.84	0
7780	-515.3	-1255.96	0
7790	-515.715	-1257.36	0
7800	-516.207	-1258.99	0
7810	-516.763	-1260.8	0
7820	-517.367	-1262.71	0
7830	-518.002	-1264.64	0
7840	-518.655	-1266.51	0
7850	-519.319	-1268.25	0
7860	-519.981	-1269.82	0
7870	-520.626	-1271.14	0
7880	-521.241	-1272.19	0
7890	-521.811	-1272.92	0
7900	-522.324	-1273.34	0
7910	-522.772	-1273.44	0
7920	-523.145	-1273.25	0
7930	-523.464	-1272.9	0
7940	-523.75	-1272.55	0
7950	-523.989	-1272.23	0
7960	-524.163	-1271.93	0
7970	-524.254	-1271.63	0
7980	-524.241	-1271.32	0
7990	-524.101	-1270.91	0
8000	-523.848	-1270.34	0
8010	-523.502	-1269.57	0
8020	-523.055	-1268.63	0
8030	-522.509	-1267.51	0
8040	-521.872	-1266.24	0
8050	-521.157	-1264.85	0
8060	-520.385	-1263.38	0
8070	-519.577	-1261.88	0
8080	-518.757	-1260.42	0
8090	-517.954	-1259.06	0
8100	-517.199	-1257.87	0
8110	-516.525	-1256.91	0
8120	-515.97	-1256.29	0
8130	-515.552	-1256.02	0
8140	-515.286	-1256.1	0
8150	-515.159	-1256.46	0
8160	-515.118	-1256.88	0
8170	-515.153	-1257.33	0
8180	-515.251	-1257.76	0
8190	-515.392	-1258.13	0
8200	-515.571	-1258.45	0
8210	-515.774	-1258.73	0
8220	-515.989	-1258.96	0
8230	-516.197	-1259.12	0
8240	-516.391	-1259.22	0
8250	-516.561	-1259.27	0
8260	-516.702	-1259.27	0
8270	-516.814	-1259.23	0
8280	-516.899	-1259.15	0
8290	-516.955	-1259.05	0
8300	-516.981	-1258.91	0
8310	-516.977	-1258.75	0
8320	-516.938	-1258.55	0
8330	-516.866	-1258.33	0
8340	-516.761	-1258.08	0
8350	-516.627	-1257.81	0
8360	-516.474	-1257.52	0
8370	-516.308	-1257.23	0
8380	-516.134	-1256.93	0
8390	-515.956	-1256.63	0
8400	-515.783	-1256.35	0
8410	-515.623	-1256.11	0
8420	-515.484	-1255.93	0
8430	-515.372	-1255.83	0
8440	-515.294	-1255.82	0
8450	-515.252	-1255.91	0
8460	-515.25	-1256.09	0
8470	-515.286	-1256.35	0
8480	-515.353	-1256.68	0
8490	-515.442	-1257.04	0
8500	-515.543	-1257.41	0
8510	-515.645	-1257.75	0
8520	-515.738	-1258.02	0
8530	-515.814	-1258.2	0
8540	-515.864	-1258.26	0
8550	-515.874	-1258.16	0
8560	-515.845	-1257.9	0
8570	-515.819	-1257.64	0
8580	-515.798	-1257.41	0
8590	-515.778	-1257.21	0
8600	-515.758	-1257.04	0
8610	-515.734	-1256.92	0
8620	-515.692	-1256.86	0
8630	-515.647	-1256.83	0
8640	-515.582	-1256.78	0
8650	-515.485	-1256.68	0
8660	-515.35	-1256.53	0
8670	-515.176	-1256.3	0
8680	-514.957	-1255.99	0
8690	-514.694	-1255.6	0
8700	-514.386	-1255.11	0
8710	-514.051	-1254.58	0
8720	-513.698	-1254.04	0
8730	-513.33	-1253.49	0
8740	-512.952	-1252.91	0
8750	-512.571	-1252.33	0
8760	-512.197	-1251.72	0
8770	-511.836	-1251.12	0
8780	-511.497	-1250.5	0
8790	-511.179	-1249.85	0
8800	-510.885	-1249.14	0
8810	-510.622	-1248.4	0
8820	-510.394	-1247.62	0
8830	-510.205	-1246.83	0
8840	-510.059	-1246.05	0
8850	-509.963	-1245.33	0
8860	-509.932	-1244.72	0
8870	-509.971	-1244.25	0
8880	-510.085	-1243.94	0
8890	-510.28	-1243.82	0
8900	-510.559	-1243.89	0
8910	-510.919	-1244.15	0
8920	-511.323	-1244.46	0
8930	-511.758	-1244.8	0
8940	-512.219	-1245.15	0
8950	-512.701	-1245.51	0
8960	-513.192	-1245.89	0
8970	-513.681	-1246.26	0
8980	-514.152	-1246.63	0
8990	-514.588	-1246.96	0
9000	-514.967	-1247.24	0
9010	-515.267	-1247.41	0
9020	-515.464	-1247.45	0
9030	-515.543	-1247.34	0
9040	-515.529	-1247.16	0
9050	-515.447	-1246.92	0
9060	-515.287	-1246.58	0
9070	-515.034	-1246.09	0
9080	-514.678	-1245.4	0
9090	-514.221	-1244.49	0
9100	-513.676	-1243.36	0
9110	-513.059	-1242.04	0
9120	-512.404	-1240.65	0
9130	-511.759	-1239.33	0
9140	-511.177	-1238.27	0
9150	-510.712	-1237.63	0
9160	-510.42	-1237.59	0
9170	-510.35	-1238.31	0
9180	-510.54	-1239.89	0
9190	-511.013	-1242.4	0
9200	-511.777	-1245.83	0
9210	-512.821	-1250.12	0
9220	-514.112	-1255.12	0
9230	-515.584	-1260.62	0
9240	-517.147	-1266.26	0
9250	-518.727	-1271.69	0
9260	-520.24	-1276.62	0
9270	-521.596	-1280.71	0
9280	-522.702	-1283.67	0
9290	-523.483	-1285.31	0
9300	-523.955	-1285.74	0
9310	-524.083	-1284.88	0
9320	-523.831	-1282.64	0
9330	-523.177	-1278.99	0
9340	-522.114	-1273.95	0
9350	-520.645	-1267.58	0
9360	-518.802	-1260.05	0
9370	-516.637	-1251.57	0
9380	-514.214	-1242.43	0
9390	-511.615	-1232.93	0
9400	-508.929	-1223.42	0
9410	-506.256	-1214.23	0
9420	-503.7	-1205.74	0
9430	-501.361	-1198.26	0
9440	-499.332	-1192.11	0
9450	-497.687	-1187.53	0
9460	-496.475	-1184.7	0
9470	-495.72	-1183.68	0
9480	-495.399	-1184.36	0
9490	-495.483	-1186.6	0
9500	-495.936	-1190.21	0
9510	-496.711	-1194.99	0
9520	-497.75	-1200.67	0
9530	-498.994	-1206.98	0
9540	-500.38	-1213.65	0
9550	-501.849	-1220.4	0
9560	-503.337	-1227	0
9570	-504.795	-1233.25	0
9580	-506.198	-1239.09	0
9590	-507.515	-1244.4	0
9600	-508.715	-1249.11	0
9610	-509.776	-1253.15	0
9620	-510.681	-1256.49	0
9630	-511.419	-1259.12	0
9640	-511.981	-1261.04	0
9650	-512.35	-1262.23	0
9660	-512.512	-1262.63	0
9670	-512.539	-1262.47	0
9680	-512.454	-1261.82	0
9690	-512.259	-1260.69	0
9700	-511.951	-1259.09	0
9710	-511.532	-1257	0
9720	-511.006	-1254.42	0
9730	-510.383	-1251.36	0
9740	-509.673	-1247.86	0
9750	-508.897	-1243.98	0
9760	-508.08	-1239.81	0
9770	-507.246	-1235.48	0
9780	-506.41	-1231.13	0
9790	-505.601	-1226.96	0
9800	-504.875	-1223.21	0
9810	-504.297	-1220.13	0
9820	-503.907	-1217.88	0
9830	-503.73	-1216.6	0
9840	-503.76	-1216.27	0
9850	-503.959	-1216.79	0
9860	-504.324	-1218.16	0
9870	-504.844	-1220.35	0
9880	-505.506	-1223.29	0
9890	-506.29	-1226.88	0
9900	-507.166	-1230.96	0
9910	-508.097	-1235.33	0
9920	-509.042	-1239.8	0
9930	-509.977	-1244.2	0
9940	-510.869	-1248.34	0
9950	-511.677	-1251.99	0
9960	-512.355	-1254.91	0
9970	-512.84	-1256.88	0
9980	-513.095	-1257.78	0
9990	-513.143	-1257.69	0
10000	-513.067	-1256.88	0
10010	-512.892	-1255.41	0
10020	-512.645	-1253.38	0
10030	-512.356	-1250.92	0
10040	-512.052	-1248.13	0
10050	-511.754	-1245.14	0
10060	-511.478	-1242.05	0
10070	-511.236	-1238.96	0
10080	-511.028	-1235.91	0
10090	-510.835	-1232.91	0
10100	-510.64	-1229.96	0
10110	-510.427	-1227.07	0
10120	-510.177	-1224.22	0
10130	-509.872	-1221.44	0
10140	-509.498	-1218.71	0
10150	-509.046	-1216.08	0
10160	-508.514	-1213.59	0
10170	-507.957	-1211.43	0
10180	-507.45	-1209.76	0
10190	-507.013	-1208.63	0
10200	-506.652	-1208.02	0
10210	-506.335	-1207.8	0
10220	-506.077	-1207.99	0
10230	-505.896	-1208.6	0
10240	-505.812	-1209.67	0
10250	-505.836	-1211.16	0
10260	-505.97	-1213.07	0
10270	-506.242	-1215.46	0
10280	-506.65	-1218.27	0
10290	-507.188	-1221.43	0
10300	-507.842	-1224.85	0
10310	-508.592	-1228.44	0
10320	-509.413	-1232.08	0
10330	-510.277	-1235.65	0
10340	-511.15	-1239.04	0
10350	-511.99	-1242.13	0
10360	-512.719	-1244.71	0
10370	-513.299	-1246.61	0
10380	-513.708	-1247.74	0
10390	-513.934	-1248.1	0
10400	-514.043	-1247.93	0
10410	-514.058	-1247.31	0
10420	-513.987	-1246.3	0
10430	-513.842	-1244.95	0
10440	-513.639	-1243.31	0
10450	-513.392	-1241.44	0
10460	-513.123	-1239.43	0
10470	-512.858	-1237.38	0
10480	-512.627	-1235.41	0
10490	-512.461	-1233.65	0
10500	-512.391	-1232.22	0
10510	-512.446	-1231.27	0
10520	-512.65	-1230.92	0
10530	-513.016	-1231.19	0
10540	-513.498	-1231.96	0
10550	-514.101	-1233.28	0
10560	-514.83	-1235.18	0
10570	-515.682	-1237.64	0
10580	-516.644	-1240.65	0
10590	-517.707	-1244.13	0
10600	-518.846	-1247.98	0
10610	-520.032	-1252.05	0
10620	-521.235	-1256.19	0
10630	-522.437	-1260.29	0
10640	-523.611	-1264.23	0
10650	-524.721	-1267.81	0
10660	-525.73	-1270.88	0
10670	-526.606	-1273.28	0
10680	-527.316	-1274.87	0
10690	-527.834	-1275.59	0
10700	-528.213	-1275.6	0
10710	-528.453	-1274.89	0
10720	-528.545	-1273.45	0
10730	-528.476	-1271.3	0
10740	-528.224	-1268.46	0
10750	-527.77	-1264.94	0
10760	-527.095	-1260.78	0
10770	-526.186	-1256.03	0
10780	-525.037	-1250.79	0
10790	-523.65	-1245.15	0
10800	-522.04	-1239.23	0
10810	-520.248	-1233.21	0
10820	-518.325	-1227.34	0
10830	-516.301	-1221.85	0
10840	-514.215	-1216.93	0
10850	-512.11	-1212.74	0
10860	-510.038	-1209.44	0
10870	-508.059	-1207.15	0
10880	-506.222	-1205.91	0
10890	-504.55	-1205.66	0
10900	-503.11	-1206.46	0
10910	-501.969	-1208.33	0
10920	-501.186	-1211.27	0
10930	-500.809	-1215.22	0
10940	-500.874	-1220.11	0
10950	-501.393	-1225.79	0
10960	-502.37	-1232.14	0
10970	-503.78	-1238.98	0
10980	-505.555	-1246.04	0
10990	-507.6	-1253.03	0
11000	-509.797	-1259.61	0
11010	-512.021	-1265.44	0
11020	-514.148	-1270.16	0
11030	-516.056	-1273.47	0
11040	-517.624	-1275.13	0
11050	-518.799	-1275.17	0
11060	-519.534	-1273.6	0
11070	-519.747	-1270.32	0
11080	-519.379	-1265.29	0
11090	-518.39	-1258.53	0
11100	-516.766	-1250.11	0
11110	-514.521	-1240.18	0
11120	-511.699	-1228.96	0
11130	-508.377	-1216.73	0
11140	-504.667	-1203.85	0
11150	-500.706	-1190.72	0
11160	-496.642	-1177.81	0
11170	-492.632	-1165.58	0
11180	-488.829	-1154.47	0
11190	-485.376	-1144.9	0
11200	-482.408	-1137.21	0
11210	-480.037	-1131.68	0
11220	-478.342	-1128.47	0
11230	-477.373	-1127.65	0
11240	-477.142	-1129.17	0
11250	-477.663	-1133.02	0
11260	-478.92	-1139.08	0
11270	-480.857	-1147.17	0
11280	-483.393	-1156.96	0
11290	-486.431	-1168.11	0
11300	-489.853	-1180.2	0
11310	-493.531	-1192.77	0
11320	-497.328	-1205.37	0
11330	-501.105	-1217.52	0
11340	-504.723	-1228.78	0
11350	-508.051	-1238.73	0
11360	-510.971	-1247.02	0
11370	-513.379	-1253.35	0
11380	-515.187	-1257.48	0
11390	-516.331	-1259.28	0
11400	-516.776	-1258.76	0
11410	-516.607	-1256.25	0
11420	-515.844	-1251.84	0
11430	-514.528	-1245.68	0
11440	-512.719	-1237.97	0
11450	-510.495	-1229.01	0
11460	-507.948	-1219.13	0
11470	-505.178	-1208.7	0
11480	-502.283	-1198.1	0
11490	-499.368	-1187.7	0
11500	-496.541	-1177.92	0
11510	-493.902	-1169.11	0
11520	-491.54	-1161.6	0
11530	-489.531	-1155.66	0
11540	-487.944	-1151.5	0
11550	-486.821	-1149.22	0
11560	-486.182	-1148.86	0
11570	-486.013	-1150.29	0
11580	-486.252	-1153.23	0
11590	-486.851	-1157.47	0
11600	-487.749	-1162.73	0
11610	-488.875	-1168.69	0
11620	-490.151	-1175.02	0
11630	-491.506	-1181.41	0
11640	-492.871	-1187.59	0
11650	-494.175	-1193.33	0
11660	-495.349	-1198.42	0
11670	-496.334	-1202.68	0
11680	-497.09	-1205.95	0
11690	-497.593	-1208.15	0
11700	-497.844	-1209.28	0
11710	-497.858	-1209.41	0
11720	-497.678	-1208.72	0
11730	-497.392	-1207.57	0
11740	-497.05	-1206.17	0
11750	-496.699	-1204.68	0
11760	-496.38	-1203.24	0
11770	-496.122	-1201.99	0
11780	-495.918	-1200.97	0
11790	-495.786	-1200.16	0
11800	-495.746	-1199.63	0
11810	-495.81	-1199.41	0
11820	-495.98	-1199.53	0
11830	-496.224	-1199.87	0
11840	-496.496	-1200.24	0
11850	-496.78	-1200.61	0
11860	-497.053	-1200.95	0
11870	-497.295	-1201.23	0
11880	-497.486	-1201.43	0
11890	-497.614	-1201.56	0
11900	-497.66	-1201.62	0
11910	-497.609	-1201.61	0
11920	-497.537	-1201.58	0
11930	-497.417	-1201.51	0
11940	-497.243	-1201.39	0
11950	-497.014	-1201.22	0
11960	-496.731	-1200.99	0
11970	-496.398	-1200.71	0
11980	-496.027	-1200.42	0
11990	-495.646	-1200.14	0
12000	-495.283	-1199.95	0
12010	-494.968	-1199.92	0
12020	-494.735	-1200.15	0
12030	-494.606	-1200.69	0
12040	-494.598	-1201.6	0
12050	-494.723	-1202.88	0
12060	-494.984	-1204.52	0
12070	-495.372	-1206.47	0
12080	-495.872	-1208.66	0
12090	-496.449	-1210.98	0
12100	-497.056	-1213.29	0
12110	-497.647	-1215.49	0
12120	-498.197	-1217.51	0
12130	-498.69	-1219.29	0
12140	-499.11	-1220.75	0
12150	-499.446	-1221.85	0
12160	-499.689	-1222.52	0
12170	-499.836	-1222.75	0
12180	-499.928	-1222.67	0
12190	-499.989	-1222.38	0
12200	-500.009	-1221.84	0
12210	-499.99	-1221.07	0
12220	-499.943	-1220.1	0
12230	-499.887	-1218.99	0
12240	-499.837	-1217.81	0
12250	-499.802	-1216.58	0
12260	-499.8	-1215.36	0
12270	-499.855	-1214.27	0
12280	-499.99	-1213.39	0
12290	-500.225	-1212.81	0
12300	-500.576	-1212.59	0
12310	-501.051	-1212.77	0
12320	-501.649	-1213.36	0
12330	-502.359	-1214.34	0
12340	-503.113	-1215.45	0
12350	-503.886	-1216.62	0
12360	-504.668	-1217.82	0
12370	-505.446	-1219.03	0
12380	-506.199	-1220.19	0
12390	-506.886	-1221.17	0
12400	-507.469	-1221.87	0
12410	-507.907	-1222.16	0
12420	-508.163	-1221.97	0
12430	-508.21	-1221.25	0
12440	-508.027	-1220.02	0
12450	-507.65	-1218.44	0
12460	-507.152	-1216.69	0
12470	-506.565	-1214.94	0
12480	-505.922	-1213.33	0
12490	-505.268	-1212.06	0
12500	-504.627	-1211.21	0
12510	-504.044	-1210.95	0
12520	-503.599	-1211.5	0
12530	-503.379	-1213.15	0
12540	-503.465	-1216.1	0
12550	-503.907	-1220.47	0
12560	-504.74	-1226.26	0
12570	-505.968	-1233.38	0
12580	-507.563	-1241.62	0
12590	-509.466	-1250.68	0
12600	-511.599	-1260.19	0
12610	-513.867	-1269.73	0
12620	-516.162	-1278.81	0
12630	-518.365	-1286.96	0
12640	-520.35	-1293.67	0
12650	-522.013	-1298.53	0
12660	-523.247	-1301.2	0
12670	-523.999	-1301.58	0
12680	-524.254	-1299.71	0
12690	-523.97	-1295.58	0
12700	-523.142	-1289.32	0
12710	-521.81	-1281.22	0
12720	-520.057	-1271.68	0
12730	-517.995	-1261.22	0
12740	-515.747	-1250.37	0
12750	-513.448	-1239.72	0
12760	-511.234	-1229.84	0
12770	-509.245	-1221.26	0
12780	-507.606	-1214.47	0
12790	-506.415	-1209.85	0
12800	-505.742	-1207.63	0
12810	-505.605	-1207.83	0
12820	-505.996	-1210.3	0
12830	-506.844	-1214.75	0
12840	-508.04	-1220.76	0
12850	-509.471	-1227.89	0
12860	-511.007	-1235.61	0
12870	-512.51	-1243.35	0
12880	-513.844	-1250.58	0
12890	-514.882	-1256.79	0
12900	-515.522	-1261.58	0
12910	-515.692	-1264.66	0
12920	-515.358	-1265.88	0
12930	-514.546	-1265.31	0
12940	-513.322	-1263.31	0
12950	-511.734	-1260.06	0
12960	-509.852	-1255.8	0
12970	-507.758	-1250.78	0
12980	-505.561	-1245.31	0
12990	-503.377	-1239.74	0
13000	-501.316	-1234.38	0
13010	-499.476	-1229.54	0
13020	-497.943	-1225.44	0
13030	-496.797	-1222.3	0
13040	-496.076	-1220.21	0
13050	-495.787	-1219.15	0
13060	-495.888	-1219	0
13070	-496.273	-1219.42	0
13080	-496.87	-1220.17	0
13090	-497.61	-1221.04	0
13100	-498.423	-1221.84	0
13110	-499.247	-1222.4	0
13120	-500.023	-1222.6	0
13130	-500.704	-1222.39	0
13140	-501.267	-1221.75	0
13150	-501.733	-1220.94	0
13160	-502.096	-1220.04	0
13170	-502.349	-1219.11	0
13180	-502.494	-1218.22	0
13190	-502.541	-1217.43	0
13200	-502.481	-1216.74	0
13210	-502.324	-1216.17	0
13220	-502.094	-1215.76	0
13230	-501.822	-1215.53	0
13240	-501.529	-1215.43	0
13250	-501.183	-1215.27	0
13260	-500.757	-1214.9	0
13270	-500.229	-1214.15	0
13280	-499.579	-1212.89	0
13290	-498.785	-1210.98	0
13300	-497.831	-1208.31	0
13310	-496.706	-1204.82	0
13320	-495.409	-1200.51	0
13330	-493.952	-1195.41	0
13340	-492.361	-1189.62	0
13350	-490.688	-1183.37	0
13360	-488.976	-1176.92	0
13370	-487.268	-1170.52	0
13380	-485.614	-1164.4	0
13390	-484.065	-1158.78	0
13400	-482.671	-1153.86	0
13410	-481.477	-1149.83	0
13420	-480.526	-1146.8	0
13430	-479.851	-1144.85	0
13440	-479.471	-1144.02	0
13450	-479.347	-1144.09	0
13460	-479.458	-1144.96	0
13470	-479.797	-1146.56	0
13480	-480.332	-1148.71	0
13490	-481.018	-1151.23	0
13500	-481.805	-1153.91	0
13510	-482.643	-1156.56	0
13520	-483.481	-1158.98	0
13530	-484.274	-1161.02	0
13540	-484.975	-1162.53	0
13550	-485.559	-1163.47	0
13560	-486.002	-1163.81	0
13570	-486.298	-1163.62	0
13580	-486.515	-1163.19	0
13590	-486.674	-1162.66	0
13600	-486.791	-1162.12	0
13610	-486.885	-1161.7	0
13620	-486.973	-1161.5	0
13630	-487.058	-1161.55	0
13640	-487.137	-1161.77	0
13650	-487.241	-1162.16	0
13660	-487.403	-1162.79	0
13670	-487.659	-1163.74	0
13680	-488.039	-1165.11	0
13690	-488.575	-1167	0
13700	-489.292	-1169.46	0
13710	-490.203	-1172.52	0
13720	-491.309	-1176.16	0
13730	-492.614	-1180.38	0
13740	-494.112	-1185.17	0
13750	-495.786	-1190.46	0
13760	-497.611	-1196.19	0
13770	-499.55	-1202.24	0
13780	-501.562	-1208.52	0
13790	-503.597	-1214.87	0
13800	-505.605	-1221.15	0
13810	-507.531	-1227.23	0
13820	-509.323	-1232.95	0
13830	-510.93	-1238.17	0
13840	-512.311	-1242.77	0
13850	-513.431	-1246.65	0
13860	-514.266	-1249.72	0
13870	-514.804	-1251.94	0
13880	-515.047	-1253.3	0
13890	-515.044	-1253.94	0
13900	-514.861	-1254.11	0
13910	-514.53	-1253.89	0
13920	-514.088	-1253.36	0
13930	-513.567	-1252.61	0
13940	-513.002	-1251.75	0
13950	-512.421	-1250.85	0
13960	-511.848	-1249.98	0
13970	-511.302	-1249.2	0
13980	-510.785	-1248.55	0
13990	-510.287	-1248.02	0
14000	-509.806	-1247.6	0
14010	-509.34	-1247.26	0
14020	-508.894	-1246.99	0
14030	-508.482	-1246.82	0
14040	-508.104	-1246.7	0
14050	-507.761	-1246.59	0
14060	-507.463	-1246.49	0
14070	-507.224	-1246.38	0
14080	-507.06	-1246.28	0
14090	-506.95	-1246.14	0
14100	-506.894	-1245.99	0
14110	-506.891	-1245.83	0
14120	-506.949	-1245.72	0
14130	-507.079	-1245.69	0
14140	-507.29	-1245.78	0
14150	-507.594	-1246.02	0
14160	-507.995	-1246.42	0
14170	-508.498	-1246.97	0
14180	-509.099	-1247.67	0
14190	-509.794	-1248.49	0
14200	-510.571	-1249.4	0
14210	-511.412	-1250.35	0
14220	-512.295	-1251.29	0
14230	-513.192	-1252.15	0
14240	-514.069	-1252.88	0
14250	-514.889	-1253.43	0
14260	-515.614	-1253.73	0
14270	-516.211	-1253.75	0
14280	-516.691	-1253.63	0
14290	-517.065	-1253.49	0
14300	-517.301	-1253.32	0
14310	-517.371	-1253.07	0
14320	-517.262	-1252.72	0
14330	-516.979	-1252.24	0
14340	-516.513	-1251.56	0
14350	-515.84	-1250.61	0
14360	-514.948	-1249.33	0
14370	-513.835	-1247.69	0
14380	-512.51	-1245.69	0
14390	-510.993	-1243.32	0
14400	-509.315	-1240.64	0
14410	-507.52	-1237.7	0
14420	-505.656	-1234.59	0
14430	-503.783	-1231.4	0
14440	-501.957	-1228.26	0
14450	-500.234	-1225.29	0
14460	-498.677	-1222.61	0
14470	-497.341	-1220.34	0
14480	-496.271	-1218.56	0
14490	-495.495	-1217.31	0
14500	-494.995	-1216.51	0
14510	-494.751	-1215.99	0
14520	-494.745	-1215.7	0
14530	-494.942	-1215.59	0
14540	-495.295	-1215.55	0
14550	-495.769	-1215.53	0
14560	-496.363	-1215.64	0
14570	-497.031	-1215.76	0
14580	-497.718	-1215.8	0
14590	-498.37	-1215.65	0
14600	-498.936	-1215.2	0
14610	-499.368	-1214.37	0
14620	-499.627	-1213.09	0
14630	-499.679	-1211.33	0
14640	-499.504	-1209.07	0
14650	-499.095	-1206.32	0
14660	-498.456	-1203.12	0
14670	-497.607	-1199.55	0
14680	-496.581	-1195.69	0
14690	-495.418	-1191.65	0
14700	-494.169	-1187.56	0
14710	-492.894	-1183.59	0
14720	-491.657	-1179.91	0
14730	-490.518	-1176.69	0
14740	-489.531	-1174.05	0
14750	-488.739	-1172.12	0
14760	-488.177	-1170.99	0
14770	-487.84	-1170.62	0
14780	-487.695	-1170.84	0
14790	-487.741	-1171.59	0
14800	-487.967	-1172.82	0
14810	-488.364	-1174.49	0
14820	-488.908	-1176.53	0
14830	-489.57	-1178.85	0
14840	-490.311	-1181.34	0
14850	-491.093	-1183.88	0
14860	-491.877	-1186.35	0
14870	-492.629	-1188.66	0
14880	-493.321	-1190.7	0
14890	-493.93	-1192.41	0
14900	-494.439	-1193.75	0
14910	-494.838	-1194.68	0
14920	-495.119	-1195.21	0
14930	-495.287	-1195.35	0
14940	-495.357	-1195.15	0
14950	-495.366	-1194.7	0
14960	-495.365	-1194.27	0
14970	-495.362	-1193.96	0
14980	-495.352	-1193.77	0
14990	-495.345	-1193.63	0
15000	-495.348	-1193.52	0
15010	-495.365	-1193.45	0
15020	-495.397	-1193.4	0
15030	-495.438	-1193.35	0
15040	-495.478	-1193.25	0
15050	-495.502	-1193.04	0
15060	-495.502	-1192.66	0
15070	-495.473	-1192.08	0
15080	-495.414	-1191.29	0
15090	-495.322	-1190.29	0
15100	-495.194	-1189.09	0
15110	-495.031	-1187.7	0
15120	-494.834	-1186.18	0
15130	-494.609	-1184.57	0
15140	-494.365	-1182.97	0
15150	-494.115	-1181.47	0
15160	-493.876	-1180.19	0
15170	-493.684	-1179.29	0
15180	-493.604	-1178.97	0
15190	-493.685	-1179.27	0
15200	-493.898	-1180.1	0
15210	-494.237	-1181.43	0
15220	-494.689	-1183.24	0
15230	-495.242	-1185.46	0
15240	-495.88	-1188.05	0
15250	-496.583	-1190.92	0
15260	-497.325	-1193.98	0
15270	-498.081	-1197.14	0
15280	-498.823	-1200.29	0
15290	-499.531	-1203.35	0
15300	-500.177	-1206.22	0
15310	-500.737	-1208.8	0
15320	-501.19	-1211	0
15330	-501.53	-1212.78	0
15340	-501.755	-1214.14	0
15350	-501.872	-1215.07	0
15360	-501.898	-1215.64	0
15370	-501.857	-1215.91	0
15380	-501.787	-1216.03	0
15390	-501.749	-1216.16	0
15400	-501.741	-1216.3	0
15410	-501.772	-1216.48	0
15420	-501.856	-1216.75	0
15430	-502.004	-1217.16	0
15440	-502.225	-1217.75	0
15450	-502.538	-1218.56	0
15460	-502.957	-1219.63	0
15470	-503.468	-1220.92	0
15480	-504.047	-1222.35	0
15490	-504.654	-1223.78	0
15500	-505.256	-1225.08	0
15510	-505.812	-1226.13	0
15520	-506.27	-1226.79	0
15530	-506.604	-1227.05	0
15540	-506.846	-1227.05	0
15550	-506.974	-1226.75	0
15560	-506.962	-1226.1	0
15570	-506.793	-1225.1	0
15580	-506.464	-1223.77	0
15590	-506.026	-1222.23	0
15600	-505.514	-1220.53	0
15610	-504.916	-1218.69	0
15620	-504.232	-1216.75	0
15630	-503.481	-1214.8	0
15640	-502.694	-1212.92	0
15650	-501.913	-1211.24	0
15660	-501.183	-1209.89	0
15670	-500.532	-1208.95	0
15680	-499.99	-1208.49	0
15690	-499.535	-1208.37	0
15700	-499.152	-1208.51	0
15710	-498.854	-1208.93	0
15720	-498.65	-1209.6	0
15730	-498.545	-1210.51	0
15740	-498.537	-1211.61	0
15750	-498.624	-1212.85	0
15760	-498.794	-1214.15	0
15770	-499.034	-1215.45	0
15780	-499.329	-1216.66	0
15790	-499.642	-1217.72	0
15800	-499.882	-1218.5	0
15810	-500.033	-1218.89	0
15820	-500.079	-1218.87	0
15830	-500.065	-1218.57	0
15840	-499.987	-1217.99	0
15850	-499.839	-1217.13	0
15860	-499.616	-1216	0
15870	-499.319	-1214.61	0
15880	-498.952	-1213.01	0
15890	-498.517	-1211.24	0
15900	-498.026	-1209.38	0
15910	-497.526	-1207.48	0
15920	-497.035	-1205.58	0
15930	-496.576	-1203.81	0
15940	-496.165	-1202.26	0
15950	-495.818	-1200.98	0
15960	-495.547	-1200.02	0
15970	-495.36	-1199.43	0
15980	-495.264	-1199.2	0
15990	-495.235	-1199.27	0
16000	-495.25	-1199.46	0
16010	-495.314	-1199.77	0
16020	-495.432	-1200.19	0
16030	-495.6	-1200.76	0
16040	-495.796	-1201.47	0
16050	-496.016	-1202.26	0
16060	-496.248	-1203.1	0
16070	-496.48	-1203.91	0
16080	-496.699	-1204.62	0
16090	-496.882	-1205.13	0
16100	-497.025	-1205.41	0
16110	-497.124	-1205.42	0
16120	-497.184	-1205.19	0
16130	-497.242	-1204.89	0
16140	-497.3	-1204.58	0
16150	-497.352	-1204.28	0
16160	-497.396	-1203.99	0
16170	-497.429	-1203.72	0
16180	-497.449	-1203.48	0
16190	-497.463	-1203.27	0
16200	-497.472	-1203.11	0
16210	-497.474	-1202.99	0
16220	-497.468	-1202.92	0
16230	-497.452	-1202.89	0
16240	-497.439	-1202.85	0
16250	-497.417	-1202.77	0
16260	-497.38	-1202.63	0
16270	-497.329	-1202.42	0
16280	-497.262	-1202.13	0
16290	-497.178	-1201.77	0
16300	-497.072	-1201.33	0
16310	-496.946	-1200.8	0
16320	-496.8	-1200.19	0
16330	-496.64	-1199.52	0
16340	-496.474	-1198.8	0
16350	-496.31	-1198.06	0
16360	-496.159	-1197.33	0
16370	-496.029	-1196.62	0
16380	-495.925	-1195.98	0
16390	-495.84	-1195.39	0
16400	-495.763	-1194.81	0
16410	-495.693	-1194.23	0
16420	-495.623	-1193.61	0
16430	-495.556	-1192.93	0
16440	-495.495	-1192.21	0
16450	-495.443	-1191.46	0
16460	-495.397	-1190.69	0
16470	-495.36	-1189.92	0
16480	-495.331	-1189.16	0
16490	-495.311	-1188.43	0
16500	-495.296	-1187.75	0
16510	-495.284	-1187.13	0
16520	-495.27	-1186.58	0
16530	-495.25	-1186.1	0
16540	-495.227	-1185.72	0
16550	-495.205	-1185.45	0
16560	-495.196	-1185.36	0
16570	-495.192	-1185.35	0
16580	-495.191	-1185.38	0
16590	-495.203	-1185.48	0
16600	-495.232	-1185.66	0
16610	-495.279	-1185.93	0
16620	-495.348	-1186.29	0
16630	-495.441	-1186.76	0
16640	-495.572	-1187.39	0
16650	-495.747	-1188.18	0
16660	-495.97	-1189.13	0
16670	-496.24	-1190.21	0
16680	-496.55	-1191.39	0
16690	-496.878	-1192.6	0
16700	-497.198	-1193.78	0
16710	-497.499	-1194.88	0
16720	-497.775	-1195.88	0
16730	-498.012	-1196.74	0
16740	-498.2	-1197.43	0
16750	-498.329	-1197.93	0
16760	-498.396	-1198.23	0
16770	-498.402	-1198.32	0
16780	-498.382	-1198.3	0
16790	-498.37	-1198.29	0
16800	-498.363	-1198.28	0
16810	-498.358	-1198.27	0
16820	-498.351	-1198.26	0
16830	-498.345	-1198.25	0
16840	-498.339	-1198.25	0
16850	-498.335	-1198.24	0
16860	-498.333	-1198.23	0
16870	-498.329	-1198.23	0
16880	-498.323	-1198.22	0
16890	-498.317	-1198.21	0
16900	-498.313	-1198.2	0
16910	-498.31	-1198.2	0
16920	-498.308	-1198.19	0
16930	-498.307	-1198.19	0
16940	-498.307	-1198.19	0
16950	-498.309	-1198.19	0
16960	-498.311	-1198.2	0
16970	-498.315	-1198.21	0
16980	-498.322	-1198.23	0
16990	-498.334	-1198.26	0
17000	-498.356	-1198.31	0
17010	-498.389	-1198.37	0
17020	-498.435	-1198.46	0
17030	-498.497	-1198.56	0
17040	-498.573	-1198.69	0
17050	-498.662	-1198.84	0
17060	-498.758	-1198.99	0
17070	-498.851	-1199.12	0
17080	-498.926	-1199.19	0
17090	-498.973	-1199.16	0
17100	-498.977	-1199.02	0
17110	-498.927	-1198.73	0
17120	-498.818	-1198.28	0
17130	-498.649	-1197.67	0
17140	-498.453	-1196.96	0
17150	-498.262	-1196.25	0
17160	-498.081	-1195.57	0
17170	-497.913	-1194.95	0
17180	-497.757	-1194.4	0
17190	-497.616	-1193.96	0
17200	-497.487	-1193.63	0
17210	-497.367	-1193.42	0
17220	-497.25	-1193.31	0
17230	-497.097	-1193.17	0
17240	-496.897	-1192.98	0
17250	-496.652	-1192.73	0
17260	-496.363	-1192.42	0
17270	-496.039	-1192.06	0
17280	-495.684	-1191.65	0
17290	-495.309	-1191.2	0
17300	-494.924	-1190.73	0
17310	-494.542	-1190.24	0
17320	-494.181	-1189.8	0
17330	-493.858	-1189.44	0
17340	-493.585	-1189.2	0
17350	-493.372	-1189.1	0
17360	-493.228	-1189.17	0
17370	-493.159	-1189.4	0
17380	-493.165	-1189.78	0
17390	-493.242	-1190.3	0
17400	-493.368	-1190.89	0
17410	-493.529	-1191.51	0
17420	-493.684	-1192.05	0
17430	-493.786	-1192.44	0
17440	-493.842	-1192.63	0
17450	-493.86	-1192.66	0
17460	-493.884	-1192.71	0
17470	-493.914	-1192.8	0
17480	-493.948	-1192.93	0
17490	-493.983	-1193.09	0
17500	-494.012	-1193.27	0
17510	-494.032	-1193.45	0
17520	-494.034	-1193.6	0
17530	-494.012	-1193.69	0
17540	-493.961	-1193.69	0
17550	-493.875	-1193.57	0
17560	-493.752	-1193.29	0
17570	-493.589	-1192.85	0
17580	-493.389	-1192.21	0
17590	-493.151	-1191.39	0
17600	-492.875	-1190.39	0
17610	-492.572	-1189.25	0
17620	-492.249	-1187.98	0
17630	-491.917	-1186.68	0
17640	-491.602	-1185.46	0
17650	-491.32	-1184.37	0
17660	-491.08	-1183.44	0
17670	-490.885	-1182.67	0
17680	-490.741	-1182.1	0
17690	-490.649	-1181.74	0
17700	-490.609	-1181.57	0
17710	-490.597	-1181.57	0
17720	-490.604	-1181.64	0
17730	-490.631	-1181.78	0
17740	-490.677	-1181.98	0
17750	-490.74	-1182.24	0
17760	-490.821	-1182.58	0
17770	-490.919	-1182.97	0
17780	-491.032	-1183.43	0
17790	-491.153	-1183.92	0
17800	-491.272	-1184.43	0
17810	-491.381	-1184.94	0
17820	-491.472	-1185.42	0
17830	-491.541	-1185.86	0
17840	-491.587	-1186.26	0
17850	-491.611	-1186.63	0
17860	-491.62	-1186.97	0
17870	-491.621	-1187.31	0
17880	-491.623	-1187.66	0
17890	-491.639	-1188.07	0
17900	-491.691	-1188.57	0
17910	-491.789	-1189.2	0
17920	-491.942	-1189.96	0
17930	-492.15	-1190.85	0
17940	-492.411	-1191.86	0
17950	-492.715	-1192.95	0
17960	-493.041	-1194.07	0
17970	-493.357	-1195.16	0
17980	-493.645	-1196.09	0
17990	-493.902	-1196.81	0
18000	-494.122	-1197.28	0
