0	-198.653	-794.61	0
10	-246.281	-682.157	0
20	-246.281	-682.156	0
30	-246.28	-682.153	0
40	-246.278	-682.144	0
50	-246.275	-682.129	0
60	-246.27	-682.111	0
70	-246.266	-682.096	0
80	-246.267	-682.101	0
90	-246.279	-682.147	0
100	-246.317	-682.256	0
110	-246.392	-682.462	0
120	-246.515	-682.804	0
130	-246.7	-683.315	0
140	-246.953	-684.018	0
150	-247.282	-684.927	0
160	-247.684	-686.04	0
170	-248.154	-687.344	0
180	-248.684	-688.81	0
190	-249.257	-690.397	0
200	-249.854	-692.051	0
210	-250.451	-693.707	0
220	-251.024	-695.294	0
230	-251.546	-696.738	0
240	-251.989	-697.966	0
250	-252.329	-698.908	0
260	-252.546	-699.507	0
270	-252.623	-699.723	0
280	-252.565	-699.52	0
290	-252.396	-698.873	0
300	-252.124	-697.803	0
310	-251.781	-696.453	0
320	-251.435	-695.106	0
330	-251.095	-693.777	0
340	-250.758	-692.453	0
350	-250.424	-691.137	0
360	-250.099	-689.851	0
370	-249.793	-688.64	0
380	-249.52	-687.552	0
390	-249.291	-686.631	0
400	-249.114	-685.912	0
410	-248.995	-685.416	0
420	-248.932	-685.144	0
430	-248.896	-684.979	0
440	-248.872	-684.891	0
450	-248.86	-684.88	0
460	-248.849	-684.946	0
470	-248.83	-685.082	0
480	-248.792	-685.274	0
490	-248.73	-685.5	0
500	-248.63	-685.684	0
510	-248.462	-685.726	0
520	-248.243	-685.739	0
530	-247.938	-685.752	0
540	-247.559	-685.692	0
550	-247.387	-685.216	0
560	-247.143	-684.538	0
570	-246.808	-683.609	0
580	-246.366	-682.385	0
590	-245.814	-680.853	0
600	-245.144	-678.994	0
610	-244.35	-676.789	0
620	-243.431	-674.233	0
630	-242.383	-671.318	0
640	-241.201	-668.026	0
650	-239.878	-664.335	0
660	-238.408	-660.232	0
670	-236.79	-655.711	0
680	-235.028	-650.778	0
690	-233.127	-645.45	0
700	-231.101	-639.763	0
710	-228.968	-633.765	0
720	-226.754	-627.527	0
730	-224.492	-621.137	0
740	-222.222	-614.703	0
750	-219.991	-608.355	0
760	-217.853	-602.239	0
770	-215.866	-596.516	0
780	-214.097	-591.365	0
790	-212.612	-586.968	0
800	-211.481	-583.517	0
810	-210.773	-581.199	0
820	-210.554	-580.197	0
830	-210.885	-580.676	0
840	-211.825	-582.792	0
850	-213.435	-586.71	0
860	-215.744	-592.503	0
870	-218.754	-600.172	0
880	-222.444	-609.655	0
890	-226.765	-620.82	0
900	-231.646	-633.465	0
910	-236.989	-647.324	0
920	-242.671	-662.068	0
930	-248.552	-677.319	0
940	-254.474	-692.657	0
950	-260.269	-707.644	0
960	-265.771	-721.847	0
970	-270.825	-734.865	0
980	-275.441	-746.204	0
990	-279.592	-755.511	0
1000	-283.137	-762.684	0
1010	-285.996	-767.71	0
1020	-288.157	-770.664	0
1030	-289.675	-771.717	0
1040	-290.669	-771.123	0
1050	-291.307	-769.207	0
1060	-291.788	-766.343	0
1070	-292.326	-762.935	0
1080	-293.128	-759.395	0
1090	-294.373	-756.115	0
1100	-296.198	-753.448	0
1110	-298.679	-751.696	0
1120	-301.827	-751.093	0
1130	-305.577	-751.802	0
1140	-309.802	-753.907	0
1150	-314.31	-757.414	0
1160	-318.864	-762.254	0
1170	-323.194	-768.298	0
1180	-327.02	-775.364	0
1190	-330.07	-783.237	0
1200	-332.099	-791.686	0
1210	-332.907	-800.479	0
1220	-332.363	-809.408	0
1230	-330.405	-818.285	0
1240	-327.046	-826.966	0
1250	-322.375	-835.377	0
1260	-316.552	-843.547	0
1270	-309.808	-851.6	0
1280	-309.177	-852.992	0
1290	-309.361	-853.62	0
1300	-309.695	-854.654	0
1310	-310.283	-856.383	0
1320	-311.193	-858.985	0
1330	-312.454	-862.545	0
1340	-314.022	-866.951	0
1350	-315.888	-872.177	0
1360	-318.046	-878.201	0
1370	-320.264	-884.378	0
1380	-322.941	-891.808	0
1390	-325.646	-899.307	0
1400	-328.552	-907.359	0
1410	-331.555	-915.678	0
1420	-334.563	-924.013	0
1430	-337.496	-932.146	0
1440	-340.233	-939.747	0
1450	-342.673	-946.546	0
1460	-344.614	-951.979	0
1470	-346.146	-956.303	0
1480	-347.083	-959.002	0
1490	-347.366	-959.913	0
1500	-346.95	-958.911	0
1510	-345.941	-955.668	0
1520	-344.745	-949.755	0
1530	-343.34	-941.272	0
1540	-341.684	-930.429	0
1550	-339.748	-917.511	0
1560	-337.513	-902.865	0
1570	-334.97	-886.885	0
1580	-332.119	-869.99	0
1590	-328.969	-852.612	0
1600	-325.536	-835.171	0
1610	-321.838	-818.05	0
1620	-317.899	-801.582	0
1630	-313.743	-786.037	0
1640	-309.399	-771.613	0
1650	-304.894	-758.432	0
1660	-300.257	-746.54	0
1670	-295.512	-735.908	0
1680	-290.687	-726.457	0
1690	-285.806	-718.065	0
1700	-280.893	-710.59	0
1710	-275.971	-703.898	0
1720	-271.064	-697.863	0
1730	-266.198	-692.379	0
1740	-261.409	-687.372	0
1750	-256.738	-682.804	0
1760	-252.224	-678.69	0
1770	-247.9	-675.082	0
1780	-243.796	-672.056	0
1790	-241.769	-667.87	0
1800	-240.503	-663.964	0
1810	-239.559	-660.874	0
1820	-238.953	-658.638	0
1830	-238.681	-657.249	0
1840	-238.72	-656.647	0
1850	-239.022	-656.72	0
1860	-239.521	-657.304	0
1870	-240.131	-658.188	0
1880	-240.751	-659.128	0
1890	-241.273	-659.858	0
1900	-241.589	-660.108	0
1910	-241.596	-659.626	0
1920	-241.211	-658.195	0
1930	-240.373	-655.664	0
1940	-239.05	-651.947	0
1950	-237.24	-647.036	0
1960	-234.975	-641.004	0
1970	-232.318	-634.01	0
1980	-229.365	-626.293	0
1990	-226.237	-618.158	0
2000	-223.069	-609.957	0
2010	-220.01	-602.072	0
2020	-217.2	-594.866	0
2030	-214.76	-588.654	0
2040	-212.811	-583.759	0
2050	-211.482	-580.522	0
2060	-210.877	-579.222	0
2070	-211.045	-579.98	0
2080	-211.953	-582.716	0
2090	-213.532	-587.246	0
2100	-215.677	-593.298	0
2110	-218.257	-600.512	0
2120	-221.116	-608.472	0
2130	-224.088	-616.729	0
2140	-227.005	-624.831	0
2150	-229.713	-632.357	0
2160	-232.078	-638.95	0
2170	-234.002	-644.338	0
2180	-235.424	-648.358	0
2190	-236.33	-650.969	0
2200	-236.749	-652.253	0
2210	-236.753	-652.405	0
2220	-236.452	-651.722	0
2230	-235.982	-650.576	0
2240	-235.495	-649.381	0
2250	-235.145	-648.559	0
2260	-235.078	-648.505	0
2270	-235.416	-649.554	0
2280	-236.251	-651.964	0
2290	-237.643	-655.89	0
2300	-239.606	-661.382	0
2310	-242.122	-668.384	0
2320	-245.136	-676.748	0
2330	-248.559	-686.234	0
2340	-252.278	-696.532	0
2350	-256.164	-707.289	0
2360	-260.084	-718.138	0
2370	-263.908	-728.724	0
2380	-267.524	-738.743	0
2390	-270.846	-747.952	0
2400	-273.817	-756.201	0
2410	-276.419	-763.432	0
2420	-278.667	-769.691	0
2430	-280.612	-775.115	0
2440	-282.333	-779.918	0
2450	-283.929	-784.372	0
2460	-285.51	-788.782	0
2470	-287.192	-793.464	0
2480	-289.082	-798.712	0
2490	-291.267	-804.771	0
2500	-293.811	-811.813	0
2510	-296.833	-819.826	0
2520	-300.564	-828.548	0
2530	-304.956	-837.855	0
2540	-309.903	-847.549	0
2550	-315.261	-857.359	0
2560	-320.855	-866.963	0
2570	-326.488	-876.004	0
2580	-331.957	-884.127	0
2590	-337.063	-891.006	0
2600	-341.623	-896.373	0
2610	-345.483	-900.037	0
2620	-348.526	-901.91	0
2630	-350.683	-902.018	0
2640	-351.937	-900.51	0
2650	-352.323	-897.637	0
2660	-351.919	-893.741	0
2670	-350.846	-889.229	0
2680	-349.249	-884.541	0
2690	-347.295	-880.12	0
2700	-345.153	-876.378	0
2710	-342.986	-873.667	0
2720	-340.943	-872.257	0
2730	-339.145	-872.311	0
2740	-337.68	-873.882	0
2750	-336.604	-876.905	0
2760	-335.9	-881.014	0
2770	-335.533	-885.767	0
2780	-335.399	-890.877	0
2790	-335.405	-896.033	0
2800	-335.468	-900.943	0
2810	-335.491	-905.351	0
2820	-335.371	-909.077	0
2830	-334.997	-911.916	0
2840	-334.27	-913.707	0
2850	-333.113	-914.354	0
2860	-331.537	-913.772	0
2870	-330.553	-910.982	0
2880	-329.157	-907.107	0
2890	-327.404	-902.296	0
2900	-325.366	-896.744	0
2910	-323.128	-890.68	0
2920	-320.782	-884.349	0
2930	-318.42	-877.998	0
2940	-316.128	-871.855	0
2950	-313.981	-866.119	0
2960	-312.036	-860.945	0
2970	-310.333	-856.432	0
2980	-308.888	-852.622	0
2990	-307.698	-849.498	0
3000	-306.736	-846.989	0
3010	-305.963	-844.978	0
3020	-305.324	-843.312	0
3030	-304.758	-841.82	0
3040	-304.199	-840.321	0
3050	-303.589	-838.649	0
3060	-302.877	-836.66	0
3070	-302.025	-834.249	0
3080	-301.012	-831.354	0
3090	-299.832	-827.952	0
3100	-298.491	-824.058	0
3110	-297.014	-819.736	0
3120	-295.439	-815.091	0
3130	-293.817	-810.259	0
3140	-292.206	-805.402	0
3150	-290.667	-800.694	0
3160	-289.261	-796.307	0
3170	-288.041	-792.401	0
3180	-287.053	-789.11	0
3190	-286.327	-786.537	0
3200	-285.877	-784.741	0
3210	-285.702	-783.734	0
3220	-285.777	-783.471	0
3230	-286.061	-783.854	0
3240	-286.5	-784.749	0
3250	-287.033	-785.996	0
3260	-287.596	-787.424	0
3270	-288.124	-788.859	0
3280	-288.557	-790.126	0
3290	-288.84	-791.067	0
3300	-288.931	-791.554	0
3310	-288.802	-791.494	0
3320	-288.438	-790.835	0
3330	-287.842	-789.566	0
3340	-287.028	-787.711	0
3350	-286.021	-785.331	0
3360	-284.86	-782.519	0
3370	-283.592	-779.394	0
3380	-282.267	-776.091	0
3390	-280.938	-772.75	0
3400	-279.654	-769.506	0
3410	-278.462	-766.483	0
3420	-277.4	-763.788	0
3430	-276.496	-761.502	0
3440	-275.768	-759.674	0
3450	-275.223	-758.329	0
3460	-274.858	-757.455	0
3470	-274.668	-757.001	0
3480	-274.708	-756.821	0
3490	-274.951	-756.816	0
3500	-275.338	-756.886	0
3510	-275.809	-756.967	0
3520	-276.285	-756.937	0
3530	-276.707	-756.673	0
3540	-277.042	-756.223	0
3550	-277.255	-755.655	0
3560	-277.406	-755.053	0
3570	-277.537	-754.428	0
3580	-277.656	-753.776	0
3590	-277.768	-753.098	0
3600	-277.884	-752.403	0
3610	-278.026	-751.712	0
3620	-278.237	-751.043	0
3630	-278.524	-750.417	0
3640	-278.894	-749.859	0
3650	-279.349	-749.388	0
3660	-279.89	-749.018	0
3670	-280.509	-748.733	0
3680	-281.215	-748.586	0
3690	-282.018	-748.637	0
3700	-282.926	-748.937	0
3710	-283.94	-749.523	0
3720	-285.053	-750.418	0
3730	-286.253	-751.626	0
3740	-287.517	-753.129	0
3750	-288.817	-754.887	0
3760	-290.12	-756.844	0
3770	-291.386	-758.925	0
3780	-292.575	-761.046	0
3790	-293.646	-763.112	0
3800	-294.562	-765.027	0
3810	-295.291	-766.703	0
3820	-295.81	-768.063	0
3830	-296.105	-769.047	0
3840	-296.173	-769.619	0
3850	-296.025	-769.767	0
3860	-295.681	-769.503	0
3870	-295.175	-768.87	0
3880	-294.546	-767.933	0
3890	-293.844	-766.775	0
3900	-293.118	-765.492	0
3910	-292.422	-764.188	0
3920	-291.807	-762.969	0
3930	-291.316	-761.936	0
3940	-290.989	-761.172	0
3950	-290.85	-760.746	0
3960	-290.915	-760.698	0
3970	-291.186	-761.04	0
3980	-291.653	-761.755	0
3990	-292.291	-762.793	0
4000	-293.069	-764.085	0
4010	-293.946	-765.542	0
4020	-294.879	-767.065	0
4030	-295.822	-768.555	0
4040	-296.731	-769.92	0
4050	-297.568	-771.079	0
4060	-298.303	-771.971	0
4070	-298.915	-772.561	0
4080	-299.394	-772.839	0
4090	-299.742	-772.819	0
4100	-299.971	-772.544	0
4110	-300.1	-772.075	0
4120	-300.158	-771.491	0
4130	-300.179	-770.879	0
4140	-300.196	-770.328	0
4150	-300.24	-769.921	0
4160	-300.34	-769.728	0
4170	-300.513	-769.802	0
4180	-300.771	-770.172	0
4190	-301.111	-770.844	0
4200	-301.522	-771.8	0
4210	-301.983	-772.997	0
4220	-302.464	-774.376	0
4230	-302.93	-775.861	0
4240	-303.343	-777.369	0
4250	-303.669	-778.815	0
4260	-303.875	-780.12	0
4270	-303.937	-781.217	0
4280	-303.843	-782.054	0
4290	-303.588	-782.602	0
4300	-303.18	-782.856	0
4310	-302.639	-782.828	0
4320	-301.997	-782.556	0
4330	-301.302	-782.123	0
4340	-300.601	-781.594	0
4350	-299.935	-781.009	0
4360	-299.349	-780.405	0
4370	-298.904	-779.899	0
4380	-298.592	-779.487	0
4390	-298.315	-779.07	0
4400	-298.026	-778.649	0
4410	-297.726	-778.231	0
4420	-297.417	-777.825	0
4430	-297.098	-777.43	0
4440	-296.771	-777.048	0
4450	-296.419	-776.611	0
4460	-296.039	-776.097	0
4470	-295.646	-775.561	0
4480	-295.247	-775.015	0
4490	-294.842	-774.461	0
4500	-294.43	-773.897	0
4510	-294.015	-773.333	0
4520	-293.602	-772.793	0
4530	-293.201	-772.311	0
4540	-292.826	-771.917	0
4550	-292.49	-771.641	0
4560	-292.206	-771.506	0
4570	-291.986	-771.526	0
4580	-291.837	-771.705	0
4590	-291.764	-772.04	0
4600	-291.768	-772.522	0
4610	-291.844	-773.135	0
4620	-291.981	-773.846	0
4630	-292.159	-774.621	0
4640	-292.356	-775.418	0
4650	-292.54	-776.195	0
4660	-292.681	-776.907	0
4670	-292.744	-777.516	0
4680	-292.692	-777.994	0
4690	-292.494	-778.32	0
4700	-292.123	-778.488	0
4710	-291.557	-778.505	0
4720	-290.781	-778.395	0
4730	-289.786	-778.19	0
4740	-288.57	-777.934	0
4750	-287.137	-777.683	0
4760	-285.494	-777.495	0
4770	-283.786	-777.302	0
4780	-283.251	-775.95	0
4790	-282.751	-774.663	0
4800	-282.309	-773.5	0
4810	-281.945	-772.514	0
4820	-281.674	-771.748	0
4830	-281.507	-771.231	0
4840	-281.452	-770.981	0
4850	-281.506	-770.995	0
4860	-281.663	-771.258	0
4870	-281.912	-771.745	0
4880	-282.24	-772.418	0
4890	-282.627	-773.226	0
4900	-283.047	-774.104	0
4910	-283.471	-774.978	0
4920	-283.87	-775.771	0
4930	-284.219	-776.417	0
4940	-284.495	-776.86	0
4950	-284.681	-777.059	0
4960	-284.761	-776.969	0
4970	-284.713	-776.533	0
4980	-284.542	-775.766	0
4990	-284.259	-774.702	0
5000	-283.883	-773.397	0
5010	-283.439	-771.923	0
5020	-282.955	-770.358	0
5030	-282.461	-768.791	0
5040	-281.99	-767.309	0
5050	-281.572	-766.001	0
5060	-281.237	-764.947	0
5070	-281.008	-764.213	0
5080	-280.903	-763.853	0
5090	-280.936	-763.905	0
5100	-281.112	-764.39	0
5110	-281.429	-765.301	0
5120	-281.875	-766.612	0
5130	-282.402	-768.167	0
5140	-282.989	-769.909	0
5150	-283.628	-771.823	0
5160	-284.315	-773.904	0
5170	-285.048	-776.154	0
5180	-285.827	-778.576	0
5190	-286.649	-781.171	0
5200	-287.511	-783.93	0
5210	-288.43	-786.891	0
5220	-289.451	-790.154	0
5230	-290.568	-793.695	0
5240	-291.768	-797.48	0
5250	-293.039	-801.468	0
5260	-294.371	-805.625	0
5270	-295.77	-809.952	0
5280	-297.224	-814.414	0
5290	-298.716	-818.957	0
5300	-300.228	-823.519	0
5310	-301.739	-828.039	0
5320	-303.233	-832.463	0
5330	-304.692	-836.739	0
5340	-306.105	-840.828	0
5350	-307.463	-844.703	0
5360	-308.761	-848.346	0
5370	-309.998	-851.752	0
5380	-311.178	-854.931	0
5390	-312.308	-857.904	0
5400	-313.4	-860.704	0
5410	-314.467	-863.374	0
5420	-315.527	-865.964	0
5430	-316.594	-868.528	0
5440	-317.685	-871.118	0
5450	-318.815	-873.788	0
5460	-319.996	-876.591	0
5470	-321.237	-879.573	0
5480	-322.546	-882.77	0
5490	-323.923	-886.208	0
5500	-325.364	-889.893	0
5510	-326.859	-893.819	0
5520	-328.393	-897.959	0
5530	-329.947	-902.268	0
5540	-331.494	-906.681	0
5550	-333.006	-911.117	0
5560	-334.449	-915.481	0
5570	-335.792	-919.671	0
5580	-336.999	-923.577	0
5590	-338.037	-927.087	0
5600	-338.877	-930.104	0
5610	-339.498	-932.548	0
5620	-339.882	-934.352	0
5630	-340.015	-935.46	0
5640	-339.893	-935.835	0
5650	-339.514	-935.461	0
5660	-338.889	-934.351	0
5670	-338.036	-932.542	0
5680	-336.979	-930.094	0
5690	-335.75	-927.09	0
5700	-334.39	-923.64	0
5710	-332.942	-919.865	0
5720	-331.454	-915.898	0
5730	-329.978	-911.879	0
5740	-328.566	-907.953	0
5750	-327.273	-904.266	0
5760	-326.156	-900.966	0
5770	-325.266	-898.187	0
5780	-324.654	-896.058	0
5790	-324.369	-894.704	0
5800	-324.455	-894.237	0
5810	-324.928	-894.705	0
5820	-325.744	-896.018	0
5830	-326.894	-898.174	0
5840	-328.369	-901.17	0
5850	-330.152	-904.997	0
5860	-332.245	-909.569	0
5870	-334.704	-914.693	0
5880	-337.492	-920.369	0
5890	-340.562	-926.489	0
5900	-343.836	-932.908	0
5910	-347.225	-939.462	0
5920	-350.613	-945.873	0
5930	-353.866	-951.826	0
5940	-356.87	-957.075	0
5950	-359.523	-961.393	0
5960	-361.733	-964.578	0
5970	-363.435	-966.481	0
5980	-364.616	-967.175	0
5990	-365.254	-966.672	0
6000	-365.336	-964.988	0
6010	-364.866	-962.186	0
6020	-363.871	-958.369	0
6030	-362.392	-953.679	0
6040	-360.482	-948.278	0
6050	-358.206	-942.341	0
6060	-355.648	-936.046	0
6070	-352.896	-929.561	0
6080	-350.046	-923.043	0
6090	-347.191	-916.632	0
6100	-344.419	-910.445	0
6110	-341.812	-904.573	0
6120	-339.44	-899.086	0
6130	-337.357	-894.026	0
6140	-335.599	-889.42	0
6150	-334.182	-885.278	0
6160	-333.105	-881.6	0
6170	-332.354	-878.383	0
6180	-331.9	-875.626	0
6190	-331.703	-873.33	0
6200	-331.714	-871.5	0
6210	-331.878	-870.137	0
6220	-332.138	-869.233	0
6230	-332.445	-868.77	0
6240	-332.758	-868.727	0
6250	-333.04	-869.087	0
6260	-333.265	-869.825	0
6270	-333.408	-870.914	0
6280	-333.454	-872.319	0
6290	-333.392	-873.995	0
6300	-333.215	-875.888	0
6310	-332.924	-877.941	0
6320	-332.527	-880.086	0
6330	-332.041	-882.257	0
6340	-331.487	-884.385	0
6350	-330.876	-886.388	0
6360	-330.213	-888.175	0
6370	-329.501	-889.648	0
6380	-328.743	-890.71	0
6390	-327.937	-891.279	0
6400	-327.073	-891.295	0
6410	-326.146	-890.729	0
6420	-325.156	-889.572	0
6430	-324.107	-887.832	0
6440	-323.006	-885.534	0
6450	-321.864	-882.722	0
6460	-320.7	-879.467	0
6470	-319.538	-875.857	0
6480	-318.401	-872.001	0
6490	-317.313	-868.016	0
6500	-316.29	-864.026	0
6510	-315.34	-860.143	0
6520	-314.459	-856.457	0
6530	-313.636	-853.034	0
6540	-312.856	-849.92	0
6550	-312.101	-847.143	0
6560	-311.355	-844.71	0
6570	-310.6	-842.615	0
6580	-309.823	-840.84	0
6590	-309.013	-839.364	0
6600	-308.165	-838.165	0
6610	-307.278	-837.217	0
6620	-306.355	-836.495	0
6630	-305.407	-835.974	0
6640	-304.446	-835.631	0
6650	-303.936	-834.996	0
6660	-303.575	-834.37	0
6670	-303.263	-833.863	0
6680	-303.008	-833.486	0
6690	-302.813	-833.25	0
6700	-302.672	-833.124	0
6710	-302.569	-833.058	0
6720	-302.508	-833.06	0
6730	-302.506	-833.171	0
6740	-302.677	-833.318	0
6750	-303.069	-833.456	0
6760	-303.644	-833.595	0
6770	-304.377	-833.779	0
6780	-305.282	-834.059	0
6790	-306.364	-834.474	0
6800	-307.611	-835.024	0
6810	-308.994	-835.704	0
6820	-310.456	-836.522	0
6830	-311.951	-837.519	0
6840	-313.45	-838.752	0
6850	-314.925	-840.275	0
6860	-316.346	-842.136	0
6870	-317.694	-844.385	0
6880	-318.965	-847.077	0
6890	-320.163	-850.191	0
6900	-321.273	-853.632	0
6910	-322.255	-857.294	0
6920	-323.09	-861.079	0
6930	-323.78	-864.876	0
6940	-324.363	-868.563	0
6950	-324.838	-871.987	0
6960	-325.184	-874.984	0
6970	-325.372	-877.393	0
6980	-325.393	-879.158	0
6990	-325.251	-880.205	0
7000	-324.91	-880.374	0
7010	-324.373	-879.665	0
7020	-323.67	-878.186	0
7030	-322.809	-875.945	0
7040	-321.808	-872.988	0
7050	-320.693	-869.4	0
7060	-319.495	-865.303	0
7070	-318.255	-860.851	0
7080	-317.024	-856.22	0
7090	-315.86	-851.601	0
7100	-314.823	-847.184	0
7110	-313.971	-843.149	0
7120	-313.348	-839.651	0
7130	-312.969	-836.732	0
7140	-312.843	-834.397	0
7150	-312.988	-832.706	0
7160	-313.415	-831.695	0
7170	-314.128	-831.37	0
7180	-315.126	-831.715	0
7190	-316.401	-832.696	0
7200	-317.935	-834.259	0
7210	-319.696	-836.341	0
7220	-321.6	-838.7	0
7230	-323.587	-841.207	0
7240	-325.595	-843.746	0
7250	-327.57	-846.23	0
7260	-329.463	-848.587	0
7270	-331.225	-850.748	0
7280	-332.817	-852.661	0
7290	-334.203	-854.297	0
7300	-335.356	-855.65	0
7310	-336.25	-856.7	0
7320	-336.864	-857.443	0
7330	-337.189	-857.931	0
7340	-337.173	-858.166	0
7350	-336.839	-858.201	0
7360	-336.225	-858.106	0
7370	-335.389	-857.965	0
7380	-334.403	-857.884	0
7390	-333.334	-857.962	0
7400	-332.239	-858.279	0
7410	-331.181	-858.896	0
7420	-330.214	-859.845	0
7430	-329.375	-861.122	0
7440	-328.684	-862.691	0
7450	-328.155	-864.505	0
7460	-327.788	-866.491	0
7470	-327.572	-868.564	0
7480	-327.469	-870.596	0
7490	-327.416	-872.451	0
7500	-327.332	-873.999	0
7510	-327.148	-875.136	0
7520	-326.805	-875.778	0
7530	-326.266	-875.88	0
7540	-325.518	-875.453	0
7550	-324.579	-874.564	0
7560	-323.466	-873.35	0
7570	-322.186	-871.849	0
7580	-320.758	-870.101	0
7590	-319.205	-868.157	0
7600	-317.558	-866.066	0
7610	-315.857	-863.887	0
7620	-314.616	-861.214	0
7630	-313.401	-858.586	0
7640	-312.24	-856.076	0
7650	-311.164	-853.755	0
7660	-310.197	-851.683	0
7670	-309.355	-849.901	0
7680	-308.626	-848.378	0
7690	-308.008	-847.108	0
7700	-307.496	-846.08	0
7710	-307.08	-845.264	0
7720	-306.744	-844.62	0
7730	-306.465	-844.088	0
7740	-306.22	-843.608	0
7750	-305.984	-843.119	0
7760	-305.734	-842.555	0
7770	-305.446	-841.852	0
7780	-305.099	-840.957	0
7790	-304.71	-839.913	0
7800	-304.311	-838.814	0
7810	-303.9	-837.653	0
7820	-303.438	-836.33	0
7830	-302.921	-834.832	0
7840	-302.362	-833.194	0
7850	-301.783	-831.479	0
7860	-301.212	-829.762	0
7870	-300.689	-828.155	0
7880	-300.224	-826.675	0
7890	-299.836	-825.367	0
7900	-299.569	-824.353	0
7910	-299.466	-823.754	0
7920	-299.571	-823.688	0
7930	-299.92	-824.258	0
7940	-300.54	-825.538	0
7950	-301.45	-827.586	0
7960	-302.659	-830.429	0
7970	-304.159	-834.058	0
7980	-305.932	-838.434	0
7990	-307.95	-843.494	0
8000	-310.173	-849.149	0
8010	-312.556	-855.293	0
8020	-315.048	-861.801	0
8030	-317.594	-868.538	0
8040	-320.137	-875.364	0
8050	-322.625	-882.143	0
8060	-325.015	-888.769	0
8070	-327.279	-895.166	0
8080	-329.372	-901.205	0
8090	-331.277	-906.824	0
8100	-332.981	-911.983	0
8110	-334.455	-916.596	0
8120	-335.727	-920.708	0
8130	-336.826	-924.359	0
8140	-337.832	-927.431	0
8150	-338.735	-929.764	0
8160	-339.502	-931.309	0
8170	-340.106	-932.039	0
8180	-340.523	-931.92	0
8190	-340.722	-930.921	0
8200	-340.706	-929.177	0
8210	-340.47	-926.734	0
8220	-339.974	-923.526	0
8230	-339.176	-919.493	0
8240	-338.046	-914.582	0
8250	-336.562	-908.747	0
8260	-334.733	-902.023	0
8270	-332.593	-894.5	0
8280	-330.203	-886.331	0
8290	-327.699	-877.781	0
8300	-325.208	-869.102	0
8310	-322.838	-860.562	0
8320	-320.707	-852.449	0
8330	-318.916	-844.997	0
8340	-317.522	-838.311	0
8350	-316.496	-832.381	0
8360	-315.833	-827.336	0
8370	-315.544	-823.3	0
8380	-315.718	-820.426	0
8390	-316.473	-818.852	0
8400	-317.774	-818.526	0
8410	-319.568	-819.39	0
8420	-321.783	-821.346	0
8430	-324.309	-824.19	0
8440	-327.001	-827.628	0
8450	-329.718	-831.41	0
8460	-332.314	-835.269	0
8470	-334.66	-838.948	0
8480	-336.645	-842.227	0
8490	-338.175	-844.923	0
8500	-339.181	-846.909	0
8510	-339.619	-848.124	0
8520	-339.487	-848.572	0
8530	-338.865	-848.328	0
8540	-337.896	-847.545	0
8550	-336.687	-846.474	0
8560	-335.296	-845.25	0
8570	-333.793	-844.019	0
8580	-332.271	-843.024	0
8590	-330.815	-842.463	0
8600	-329.489	-842.482	0
8610	-328.34	-843.182	0
8620	-327.397	-844.608	0
8630	-326.668	-846.742	0
8640	-326.143	-849.512	0
8650	-325.804	-852.801	0
8660	-325.623	-856.455	0
8670	-325.571	-860.298	0
8680	-325.616	-864.146	0
8690	-325.725	-867.814	0
8700	-325.872	-871.138	0
8710	-326.025	-873.96	0
8720	-326.136	-876.145	0
8730	-326.173	-877.616	0
8740	-326.159	-878.467	0
8750	-326.117	-878.805	0
8760	-326.035	-878.646	0
8770	-325.872	-878.068	0
8780	-325.645	-877.218	0
8790	-325.335	-876.134	0
8800	-324.927	-874.896	0
8810	-324.43	-873.605	0
8820	-323.858	-872.345	0
8830	-323.214	-871.156	0
8840	-322.514	-870.112	0
8850	-321.77	-869.256	0
8860	-320.991	-868.593	0
8870	-320.184	-868.095	0
8880	-319.353	-867.706	0
8890	-318.496	-867.348	0
8900	-317.608	-866.926	0
8910	-316.684	-866.34	0
8920	-315.715	-865.494	0
8930	-314.697	-864.307	0
8940	-313.631	-862.726	0
8950	-312.634	-860.631	0
8960	-311.678	-858.116	0
8970	-310.67	-855.382	0
8980	-309.732	-852.4	0
8990	-308.895	-849.255	0
9000	-308.179	-846.062	0
9010	-307.588	-842.942	0
9020	-307.099	-840.016	0
9030	-306.639	-837.435	0
9040	-306.223	-835.357	0
9050	-305.89	-833.911	0
9060	-305.731	-833.243	0
9070	-305.748	-833.295	0
9080	-305.891	-833.858	0
9090	-306.161	-834.941	0
9100	-306.554	-836.494	0
9110	-307.055	-838.445	0
9120	-307.64	-840.696	0
9130	-308.278	-843.139	0
9140	-308.938	-845.66	0
9150	-309.602	-848.198	0
9160	-310.248	-850.662	0
9170	-310.843	-852.959	0
9180	-311.357	-855.011	0
9190	-311.772	-856.766	0
9200	-312.088	-858.196	0
9210	-312.319	-859.295	0
9220	-312.484	-860.072	0
9230	-312.599	-860.548	0
9240	-312.679	-860.757	0
9250	-312.739	-860.741	0
9260	-312.8	-860.584	0
9270	-312.891	-860.4	0
9280	-313.01	-860.2	0
9290	-313.151	-859.993	0
9300	-313.314	-859.804	0
9310	-313.494	-859.65	0
9320	-313.69	-859.55	0
9330	-313.898	-859.508	0
9340	-314.12	-859.493	0
9350	-314.378	-859.531	0
9360	-314.691	-859.65	0
9370	-315.056	-859.862	0
9380	-315.454	-860.176	0
9390	-315.855	-860.595	0
9400	-316.23	-861.098	0
9410	-316.579	-861.649	0
9420	-316.927	-862.232	0
9430	-317.295	-862.846	0
9440	-317.688	-863.487	0
9450	-318.094	-864.148	0
9460	-318.493	-864.826	0
9470	-318.862	-865.52	0
9480	-319.17	-866.191	0
9490	-319.38	-866.783	0
9500	-319.451	-867.234	0
9510	-319.348	-867.479	0
9520	-319.041	-867.461	0
9530	-318.509	-867.132	0
9540	-317.75	-866.461	0
9550	-316.787	-865.48	0
9560	-315.652	-864.243	0
9570	-314.345	-862.793	0
9580	-312.878	-861.181	0
9590	-311.903	-858.89	0
9600	-311.12	-856.378	0
9610	-310.394	-853.96	0
9620	-309.772	-851.773	0
9630	-309.295	-849.944	0
9640	-309.002	-848.595	0
9650	-308.93	-847.843	0
9660	-309.082	-847.717	0
9670	-309.447	-848.178	0
9680	-310.127	-849.028	0
9690	-311.141	-850.138	0
9700	-312.434	-851.374	0
9710	-313.906	-852.49	0
9720	-315.469	-853.34	0
9730	-317.057	-853.909	0
9740	-318.585	-854.281	0
9750	-319.947	-854.441	0
9760	-321.033	-854.379	0
9770	-321.747	-854.095	0
9780	-322.004	-853.599	0
9790	-321.749	-852.902	0
9800	-321.014	-852.044	0
9810	-319.864	-851.12	0
9820	-318.348	-850.287	0
9830	-316.512	-849.71	0
9840	-314.399	-849.476	0
9850	-312.049	-849.629	0
9860	-309.486	-850.047	0
9870	-308.63	-848.924	0
9880	-308.1	-847.809	0
9890	-307.707	-847.042	0
9900	-307.484	-846.718	0
9910	-307.458	-846.91	0
9920	-307.649	-847.677	0
9930	-308.075	-849.066	0
9940	-308.719	-851.042	0
9950	-309.545	-853.51	0
9960	-310.505	-856.342	0
9970	-311.539	-859.39	0
9980	-312.616	-862.554	0
9990	-313.714	-865.772	0
10000	-314.955	-868.748	0
10010	-316.392	-871.271	0
10020	-317.957	-873.268	0
10030	-319.564	-874.68	0
10040	-321.112	-875.51	0
10050	-322.522	-875.873	0
10060	-323.695	-875.769	0
10070	-324.538	-875.203	0
10080	-324.968	-874.193	0
10090	-324.92	-872.762	0
10100	-324.347	-870.932	0
10110	-323.177	-868.715	0
10120	-321.369	-866.145	0
10130	-318.912	-863.23	0
10140	-315.827	-859.983	0
10150	-312.169	-856.44	0
10160	-308.038	-852.663	0
10170	-305.674	-846.652	0
10180	-303.398	-840.331	0
10190	-301.121	-833.985	0
10200	-298.981	-827.966	0
10210	-297.14	-822.688	0
10220	-295.768	-818.58	0
10230	-295.002	-815.972	0
10240	-294.973	-815.185	0
10250	-295.8	-816.504	0
10260	-297.561	-820.129	0
10270	-300.386	-825.926	0
10280	-304.544	-833.486	0
10290	-309.944	-842.667	0
10300	-316.385	-853.153	0
10310	-323.586	-864.457	0
10320	-331.243	-876.084	0
10330	-339.024	-887.527	0
10340	-346.591	-898.29	0
10350	-353.619	-907.914	0
10360	-359.798	-915.989	0
10370	-364.856	-922.18	0
10380	-368.57	-926.24	0
10390	-370.773	-928.027	0
10400	-371.392	-927.551	0
10410	-370.439	-924.845	0
10420	-368.108	-920.055	0
10430	-364.714	-913.633	0
10440	-360.546	-906.033	0
10450	-355.866	-897.624	0
10460	-350.95	-888.775	0
10470	-346.081	-879.852	0
10480	-341.52	-871.167	0
10490	-337.495	-862.955	0
10500	-334.201	-855.463	0
10510	-331.759	-848.864	0
10520	-330.255	-843.266	0
10530	-329.736	-838.726	0
10540	-330.191	-835.227	0
10550	-331.524	-832.567	0
10560	-333.681	-830.593	0
10570	-336.557	-829.223	0
10580	-340.056	-828.384	0
10590	-344.099	-828.033	0
10600	-348.564	-828.132	0
10610	-353.329	-828.653	0
10620	-358.274	-829.583	0
10630	-363.253	-830.849	0
10640	-368.145	-832.379	0
10650	-372.875	-834.314	0
10660	-377.347	-836.686	0
10670	-381.499	-839.493	0
10680	-385.259	-842.708	0
10690	-388.545	-846.267	0
10700	-391.276	-850.049	0
10710	-393.354	-853.878	0
10720	-394.664	-857.475	0
10730	-395.106	-860.528	0
10740	-394.633	-862.751	0
10750	-393.236	-863.894	0
10760	-390.898	-863.76	0
10770	-387.633	-862.35	0
10780	-383.398	-859.604	0
10790	-378.156	-855.424	0
10800	-371.938	-849.833	0
10810	-364.795	-842.929	0
10820	-356.801	-834.897	0
10830	-348.061	-825.994	0
10840	-338.708	-816.494	0
10850	-328.887	-806.65	0
10860	-318.759	-796.707	0
10870	-308.528	-786.958	0
10880	-298.453	-777.752	0
10890	-288.818	-769.447	0
10900	-279.831	-762.397	0
10910	-273.141	-755.248	0
10920	-270.327	-747.035	0
10930	-268.421	-741.2	0
10940	-267.518	-737.983	0
10950	-267.682	-737.557	0
10960	-268.919	-739.921	0
10970	-271.191	-744.97	0
10980	-274.426	-752.523	0
10990	-278.611	-762.102	0
11000	-284.009	-772.777	0
11010	-290.384	-784.051	0
11020	-297.422	-795.47	0
11030	-304.79	-806.59	0
11040	-312.161	-816.999	0
11050	-319.215	-826.321	0
11060	-325.659	-834.224	0
11070	-331.242	-840.469	0
11080	-335.786	-844.944	0
11090	-339.182	-847.663	0
11100	-341.419	-848.863	0
11110	-342.591	-848.828	0
11120	-342.795	-847.775	0
11130	-342.189	-845.953	0
11140	-341.017	-843.789	0
11150	-339.518	-841.544	0
11160	-337.911	-839.495	0
11170	-336.39	-837.944	0
11180	-335.09	-837.109	0
11190	-334.095	-837.124	0
11200	-333.448	-838.016	0
11210	-333.158	-839.676	0
11220	-333.17	-841.925	0
11230	-333.41	-844.574	0
11240	-333.755	-847.296	0
11250	-334.058	-849.724	0
11260	-334.16	-851.485	0
11270	-333.903	-852.197	0
11280	-333.157	-851.565	0
11290	-331.841	-849.417	0
11300	-329.936	-845.785	0
11310	-327.445	-840.701	0
11320	-324.414	-834.281	0
11330	-320.95	-826.772	0
11340	-317.21	-818.495	0
11350	-313.343	-809.7	0
11360	-309.499	-800.672	0
11370	-305.831	-791.746	0
11380	-302.52	-783.313	0
11390	-299.722	-775.701	0
11400	-297.541	-769.106	0
11410	-296.016	-763.638	0
11420	-295.122	-759.333	0
11430	-294.797	-756.166	0
11440	-294.969	-754.08	0
11450	-295.547	-752.96	0
11460	-296.421	-752.659	0
11470	-297.479	-753.023	0
11480	-298.604	-753.903	0
11490	-299.734	-755.141	0
11500	-300.818	-756.647	0
11510	-301.833	-758.43	0
11520	-302.76	-760.485	0
11530	-303.598	-762.806	0
11540	-304.352	-765.371	0
11550	-305.035	-768.164	0
11560	-305.685	-771.199	0
11570	-306.416	-774.627	0
11580	-307.278	-778.513	0
11590	-308.289	-782.841	0
11600	-309.457	-787.546	0
11610	-310.764	-792.52	0
11620	-312.167	-797.621	0
11630	-313.603	-802.684	0
11640	-314.99	-807.505	0
11650	-316.218	-811.822	0
11660	-317.198	-815.469	0
11670	-317.858	-818.384	0
11680	-318.156	-820.53	0
11690	-318.032	-821.804	0
11700	-317.44	-822.141	0
11710	-316.363	-821.553	0
11720	-314.84	-820.119	0
11730	-312.931	-817.92	0
11740	-310.695	-815.09	0
11750	-308.203	-811.811	0
11760	-305.53	-808.254	0
11770	-302.778	-804.66	0
11780	-300.051	-801.268	0
11790	-297.427	-798.297	0
11800	-294.997	-795.987	0
11810	-292.87	-794.567	0
11820	-291.158	-794.229	0
11830	-289.961	-795.091	0
11840	-290.242	-796.291	0
11850	-291.169	-798.681	0
11860	-292.569	-802.267	0
11870	-294.333	-806.776	0
11880	-296.376	-811.989	0
11890	-298.602	-817.649	0
11900	-300.905	-823.483	0
11910	-303.175	-829.213	0
11920	-305.306	-834.57	0
11930	-307.197	-839.304	0
11940	-308.768	-843.219	0
11950	-309.969	-846.199	0
11960	-310.759	-848.154	0
11970	-311.118	-849.048	0
11980	-311.049	-848.905	0
11990	-310.577	-847.803	0
12000	-309.749	-845.871	0
12010	-308.648	-843.344	0
12020	-307.349	-840.415	0
12030	-305.889	-837.156	0
12040	-304.319	-833.677	0
12050	-302.694	-830.091	0
12060	-301.064	-826.505	0
12070	-299.475	-823.011	0
12080	-297.963	-819.682	0
12090	-296.558	-816.58	0
12100	-295.279	-813.745	0
12110	-294.132	-811.186	0
12120	-293.112	-808.887	0
12130	-292.191	-806.775	0
12140	-291.316	-804.707	0
12150	-290.456	-802.608	0
12160	-289.613	-800.405	0
12170	-288.965	-797.89	0
12180	-288.547	-795.069	0
12190	-288.341	-792.051	0
12200	-288.33	-788.952	0
12210	-288.502	-785.924	0
12220	-288.848	-783.11	0
12230	-289.317	-780.542	0
12240	-289.893	-778.376	0
12250	-290.568	-776.807	0
12260	-291.334	-776.02	0
12270	-292.179	-776.173	0
12280	-293.069	-777.299	0
12290	-293.991	-779.464	0
12300	-294.943	-782.718	0
12310	-295.92	-787.043	0
12320	-296.908	-792.356	0
12330	-297.89	-798.513	0
12340	-298.841	-805.311	0
12350	-299.734	-812.508	0
12360	-300.589	-819.842	0
12370	-301.746	-826.671	0
12380	-303.972	-831.923	0
12390	-306.035	-836.684	0
12400	-307.868	-840.787	0
12410	-309.404	-844.066	0
12420	-310.589	-846.393	0
12430	-311.388	-847.691	0
12440	-311.786	-847.943	0
12450	-311.79	-847.19	0
12460	-311.43	-845.535	0
12470	-310.77	-843.123	0
12480	-310.036	-840.005	0
12490	-309.39	-836.47	0
12500	-308.962	-832.919	0
12510	-308.816	-829.635	0
12520	-308.998	-826.866	0
12530	-309.535	-824.838	0
12540	-310.44	-823.74	0
12550	-311.683	-823.566	0
12560	-313.261	-824.224	0
12570	-315.12	-825.506	0
12580	-317.21	-827.277	0
12590	-319.506	-829.47	0
12600	-321.962	-832.052	0
12610	-324.489	-834.864	0
12620	-326.983	-837.714	0
12630	-329.324	-840.392	0
12640	-331.37	-842.671	0
12650	-332.963	-844.312	0
12660	-333.968	-845.105	0
12670	-334.288	-844.919	0
12680	-333.908	-843.714	0
12690	-332.936	-841.554	0
12700	-331.476	-838.679	0
12710	-329.576	-835.332	0
12720	-327.295	-831.687	0
12730	-324.728	-827.916	0
12740	-322.006	-824.209	0
12750	-319.283	-820.7	0
12760	-316.686	-817.418	0
12770	-314.377	-814.497	0
12780	-312.52	-812.094	0
12790	-311.309	-810.38	0
12800	-310.875	-809.456	0
12810	-311.277	-809.372	0
12820	-312.528	-810.152	0
12830	-314.602	-811.808	0
12840	-317.402	-814.224	0
12850	-320.743	-817.118	0
12860	-324.423	-820.208	0
12870	-328.243	-823.221	0
12880	-332.009	-825.847	0
12890	-335.487	-827.752	0
12900	-338.417	-828.637	0
12910	-340.572	-828.3	0
12920	-341.768	-826.707	0
12930	-341.859	-823.807	0
12940	-340.766	-819.636	0
12950	-338.515	-814.318	0
12960	-335.325	-808.125	0
12970	-331.366	-801.394	0
12980	-326.775	-794.424	0
12990	-321.712	-787.554	0
13000	-316.358	-781.162	0
13010	-310.888	-775.586	0
13020	-305.421	-770.973	0
13030	-300.079	-767.422	0
13040	-294.98	-765.072	0
13050	-290.23	-763.991	0
13060	-285.921	-764.181	0
13070	-282.129	-765.55	0
13080	-279.74	-766.991	0
13090	-279.861	-767.177	0
13100	-280.238	-768.077	0
13110	-280.809	-769.52	0
13120	-281.508	-771.327	0
13130	-282.261	-773.276	0
13140	-282.997	-775.156	0
13150	-283.66	-776.793	0
13160	-284.214	-778.07	0
13170	-284.643	-778.922	0
13180	-284.955	-779.363	0
13190	-285.185	-779.479	0
13200	-285.382	-779.403	0
13210	-285.61	-779.321	0
13220	-285.943	-779.444	0
13230	-286.447	-779.976	0
13240	-287.178	-781.094	0
13250	-288.166	-782.908	0
13260	-289.432	-785.527	0
13270	-290.961	-788.958	0
13280	-292.685	-793.045	0
13290	-294.529	-797.611	0
13300	-296.408	-802.456	0
13310	-298.229	-807.352	0
13320	-299.899	-812.058	0
13330	-301.328	-816.33	0
13340	-302.437	-819.94	0
13350	-303.158	-822.686	0
13360	-303.449	-824.416	0
13370	-303.291	-825.041	0
13380	-302.698	-824.551	0
13390	-301.734	-823.062	0
13400	-300.52	-820.848	0
13410	-299.187	-818.244	0
13420	-297.843	-815.519	0
13430	-296.585	-812.909	0
13440	-295.449	-810.503	0
13450	-294.458	-808.371	0
13460	-293.699	-806.743	0
13470	-293.241	-805.813	0
13480	-293.144	-805.748	0
13490	-293.453	-806.686	0
13500	-294.195	-808.71	0
13510	-295.37	-811.826	0
13520	-296.946	-815.961	0
13530	-298.866	-820.975	0
13540	-301.054	-826.669	0
13550	-303.411	-832.794	0
13560	-305.807	-839.018	0
13570	-308.141	-845.071	0
13580	-310.348	-850.78	0
13590	-312.35	-855.949	0
13600	-314.09	-860.437	0
13610	-315.55	-864.155	0
13620	-317.046	-866.778	0
13630	-318.698	-868.276	0
13640	-320.478	-868.845	0
13650	-322.373	-868.793	0
13660	-324.354	-868.415	0
13670	-326.381	-867.994	0
13680	-328.409	-867.795	0
13690	-330.385	-868.045	0
13700	-332.256	-868.912	0
13710	-333.966	-870.49	0
13720	-335.461	-872.794	0
13730	-336.69	-875.76	0
13740	-337.61	-879.246	0
13750	-338.19	-883.048	0
13760	-338.413	-886.918	0
13770	-338.277	-890.589	0
13780	-337.799	-893.789	0
13790	-337.005	-896.273	0
13800	-335.92	-897.844	0
13810	-334.582	-898.369	0
13820	-333.035	-897.782	0
13830	-331.331	-896.091	0
13840	-329.517	-893.366	0
13850	-327.639	-889.737	0
13860	-325.735	-885.379	0
13870	-323.84	-880.506	0
13880	-321.996	-875.359	0
13890	-320.279	-870.281	0
13900	-318.731	-865.62	0
13910	-317.381	-861.588	0
13920	-316.259	-858.365	0
13930	-315.389	-856.087	0
13940	-314.758	-854.789	0
13950	-314.36	-854.332	0
13960	-314.237	-854.69	0
13970	-314.411	-855.817	0
13980	-314.919	-857.643	0
13990	-315.802	-860.103	0
14000	-317.057	-863.108	0
14010	-318.66	-866.556	0
14020	-320.565	-870.327	0
14030	-322.723	-874.34	0
14040	-325.063	-878.433	0
14050	-327.504	-882.359	0
14060	-329.916	-885.883	0
14070	-332.161	-888.781	0
14080	-334.088	-890.848	0
14090	-335.567	-891.968	0
14100	-336.483	-892.074	0
14110	-336.772	-891.252	0
14120	-336.384	-889.548	0
14130	-335.259	-886.987	0
14140	-333.4	-883.666	0
14150	-331.057	-879.78	0
14160	-328.356	-875.528	0
14170	-325.399	-871.144	0
14180	-322.293	-866.866	0
14190	-319.145	-862.911	0
14200	-316.055	-859.471	0
14210	-313.646	-856.202	0
14220	-312.346	-852.761	0
14230	-311.36	-850.139	0
14240	-310.742	-848.508	0
14250	-310.526	-847.996	0
14260	-310.726	-848.679	0
14270	-311.331	-850.558	0
14280	-312.298	-853.546	0
14290	-313.557	-857.467	0
14300	-315.006	-862.045	0
14310	-316.512	-866.887	0
14320	-317.928	-871.567	0
14330	-319.115	-875.677	0
14340	-319.945	-878.837	0
14350	-320.307	-880.708	0
14360	-320.112	-881.017	0
14370	-319.301	-879.57	0
14380	-317.86	-876.302	0
14390	-315.855	-871.362	0
14400	-313.348	-864.912	0
14410	-310.432	-857.207	0
14420	-307.24	-848.617	0
14430	-303.918	-839.548	0
14440	-300.6	-830.371	0
14450	-297.382	-821.316	0
14460	-294.412	-812.6	0
14470	-291.817	-804.592	0
14480	-289.722	-797.699	0
14490	-288.232	-792.274	0
14500	-287.413	-788.606	0
14510	-287.298	-786.913	0
14520	-287.89	-787.331	0
14530	-289.158	-789.895	0
14540	-291.03	-794.511	0
14550	-293.396	-800.961	0
14560	-296.118	-808.917	0
14570	-299.469	-817.524	0
14580	-303.031	-826.372	0
14590	-306.456	-834.935	0
14600	-309.551	-842.709	0
14610	-312.158	-849.273	0
14620	-314.157	-854.307	0
14630	-315.495	-857.673	0
14640	-316.179	-859.408	0
14650	-316.209	-859.516	0
14660	-315.614	-858.076	0
14670	-314.491	-855.337	0
14680	-313.01	-851.751	0
14690	-311.292	-847.631	0
14700	-309.464	-843.297	0
14710	-307.648	-839.062	0
14720	-305.952	-835.2	0
14730	-304.468	-831.944	0
14740	-303.268	-829.467	0
14750	-302.396	-827.879	0
14760	-301.82	-827.086	0
14770	-301.461	-826.861	0
14780	-301.293	-827.132	0
14790	-301.285	-827.801	0
14800	-301.391	-828.741	0
14810	-301.561	-829.809	0
14820	-301.75	-830.874	0
14830	-301.947	-831.881	0
14840	-302.085	-832.647	0
14850	-302.094	-832.98	0
14860	-301.922	-832.734	0
14870	-301.538	-831.823	0
14880	-300.925	-830.209	0
14890	-300.093	-827.916	0
14900	-299.101	-825.112	0
14910	-298.016	-821.981	0
14920	-296.899	-818.684	0
14930	-295.818	-815.408	0
14940	-294.826	-812.3	0
14950	-293.96	-809.478	0
14960	-293.331	-807.178	0
14970	-293.078	-805.606	0
14980	-293.297	-804.984	0
14990	-294.057	-805.502	0
15000	-295.396	-807.293	0
15010	-297.288	-810.387	0
15020	-299.649	-814.636	0
15030	-302.389	-819.897	0
15040	-305.361	-825.965	0
15050	-308.404	-832.581	0
15060	-311.374	-839.444	0
15070	-314.133	-846.23	0
15080	-316.537	-852.619	0
15090	-318.445	-858.328	0
15100	-319.758	-863.107	0
15110	-320.423	-866.753	0
15120	-320.392	-869.178	0
15130	-319.609	-870.289	0
15140	-318.052	-870.085	0
15150	-316.76	-867.635	0
15160	-315.185	-863.716	0
15170	-313.246	-858.747	0
15180	-311.064	-853.046	0
15190	-308.794	-847.015	0
15200	-306.571	-841.026	0
15210	-304.528	-835.437	0
15220	-302.785	-830.581	0
15230	-301.445	-826.743	0
15240	-300.581	-824.131	0
15250	-300.233	-822.868	0
15260	-300.408	-822.983	0
15270	-301.076	-824.419	0
15280	-302.174	-827.027	0
15290	-303.592	-830.541	0
15300	-305.159	-834.547	0
15310	-306.77	-838.702	0
15320	-308.547	-842.527	0
15330	-310.407	-845.802	0
15340	-312.186	-848.306	0
15350	-313.756	-849.882	0
15360	-315.02	-850.467	0
15370	-315.899	-850.079	0
15380	-316.326	-848.777	0
15390	-316.255	-846.643	0
15400	-315.674	-843.821	0
15410	-314.64	-840.566	0
15420	-313.222	-837.12	0
15430	-311.586	-833.785	0
15440	-309.93	-830.758	0
15450	-308.332	-828.174	0
15460	-306.846	-826.117	0
15470	-305.513	-824.63	0
15480	-304.343	-823.698	0
15490	-303.322	-823.16	0
15500	-302.47	-822.997	0
15510	-301.801	-823.206	0
15520	-301.325	-823.776	0
15530	-301.042	-824.637	0
15540	-300.95	-825.754	0
15550	-301.153	-826.962	0
15560	-301.788	-828.129	0
15570	-302.522	-829.558	0
15580	-303.322	-831.183	0
15590	-304.166	-832.973	0
15600	-305.023	-834.855	0
15610	-305.852	-836.722	0
15620	-306.59	-838.41	0
15630	-307.181	-839.754	0
15640	-307.598	-840.696	0
15650	-307.82	-841.186	0
15660	-307.834	-841.195	0
15670	-307.654	-840.752	0
15680	-307.342	-840.008	0
15690	-306.912	-838.996	0
15700	-306.384	-837.765	0
15710	-305.78	-836.366	0
15720	-305.122	-834.85	0
15730	-304.431	-833.27	0
15740	-303.729	-831.679	0
15750	-303.041	-830.136	0
15760	-302.387	-828.694	0
15770	-301.788	-827.407	0
15780	-301.261	-826.318	0
15790	-300.82	-825.46	0
15800	-300.476	-824.863	0
15810	-300.238	-824.554	0
15820	-300.105	-824.534	0
15830	-300.026	-824.675	0
15840	-299.985	-824.931	0
15850	-299.981	-825.295	0
15860	-300.009	-825.747	0
15870	-300.055	-826.242	0
15880	-300.099	-826.721	0
15890	-300.123	-827.118	0
15900	-300.106	-827.37	0
15910	-300.029	-827.418	0
15920	-299.875	-827.214	0
15930	-299.628	-826.702	0
15940	-299.269	-825.827	0
15950	-298.783	-824.543	0
15960	-298.162	-822.822	0
15970	-297.412	-820.682	0
15980	-296.546	-818.168	0
15990	-295.58	-815.321	0
16000	-294.535	-812.191	0
16010	-293.443	-808.863	0
16020	-292.346	-805.448	0
16030	-291.293	-802.082	0
16040	-290.346	-798.939	0
16050	-289.589	-796.248	0
16060	-289.094	-794.213	0
16070	-288.923	-793.016	0
16080	-289.102	-792.736	0
16090	-289.654	-793.443	0
16100	-290.602	-795.222	0
16110	-291.953	-798.125	0
16120	-293.699	-802.158	0
16130	-295.786	-807.224	0
16140	-298.148	-813.18	0
16150	-300.688	-819.755	0
16160	-303.314	-826.692	0
16170	-305.935	-833.752	0
16180	-308.453	-840.673	0
16190	-310.776	-847.198	0
16200	-312.817	-853.084	0
16210	-314.488	-858.071	0
16220	-315.686	-861.87	0
16230	-316.354	-864.298	0
16240	-316.456	-865.229	0
16250	-316.018	-864.717	0
16260	-315.126	-862.972	0
16270	-313.816	-860.07	0
16280	-312.137	-856.124	0
16290	-310.159	-851.313	0
16300	-307.966	-845.857	0
16310	-305.653	-840.003	0
16320	-303.316	-834.008	0
16330	-301.046	-828.124	0
16340	-298.938	-822.612	0
16350	-297.075	-817.708	0
16360	-295.524	-813.575	0
16370	-294.377	-810.268	0
16380	-293.657	-807.826	0
16390	-293.339	-806.252	0
16400	-293.348	-805.451	0
16410	-293.664	-805.267	0
16420	-294.244	-805.67	0
16430	-295.022	-806.617	0
16440	-295.902	-807.955	0
16450	-296.853	-809.685	0
16460	-297.854	-811.778	0
16470	-298.889	-814.191	0
16480	-299.945	-816.865	0
16490	-301.004	-819.723	0
16500	-302.041	-822.686	0
16510	-303.033	-825.674	0
16520	-303.958	-828.609	0
16530	-304.799	-831.416	0
16540	-305.541	-834.021	0
16550	-306.18	-836.355	0
16560	-306.706	-838.351	0
16570	-307.096	-839.945	0
16580	-307.351	-841.123	0
16590	-307.487	-841.883	0
16600	-307.508	-842.216	0
16610	-307.427	-842.15	0
16620	-307.3	-841.895	0
16630	-307.133	-841.482	0
16640	-306.918	-840.893	0
16650	-306.647	-840.122	0
16660	-306.314	-839.167	0
16670	-305.913	-838.029	0
16680	-305.443	-836.72	0
16690	-304.902	-835.259	0
16700	-304.289	-833.674	0
16710	-303.605	-832.012	0
16720	-302.868	-830.333	0
16730	-302.103	-828.7	0
16740	-301.316	-827.144	0
16750	-300.505	-825.679	0
16760	-299.908	-824.131	0
16770	-299.399	-822.688	0
16780	-298.956	-821.438	0
16790	-298.595	-820.432	0
16800	-298.331	-819.712	0
16810	-298.16	-819.252	0
16820	-298.07	-819.006	0
16830	-298.056	-818.962	0
16840	-298.11	-819.095	0
16850	-298.222	-819.368	0
16860	-298.38	-819.754	0
16870	-298.574	-820.22	0
16880	-298.783	-820.717	0
16890	-299.002	-821.239	0
16900	-299.224	-821.765	0
16910	-299.44	-822.277	0
16920	-299.643	-822.757	0
16930	-299.824	-823.185	0
16940	-299.975	-823.541	0
16950	-300.09	-823.813	0
16960	-300.167	-823.994	0
16970	-300.203	-824.081	0
16980	-300.201	-824.078	0
16990	-300.173	-824.012	0
17000	-300.139	-823.931	0
17010	-300.106	-823.851	0
17020	-300.07	-823.759	0
17030	-300.027	-823.653	0
17040	-299.98	-823.536	0
17050	-299.931	-823.417	0
17060	-299.883	-823.305	0
17070	-299.837	-823.205	0
17080	-299.792	-823.109	0
17090	-299.743	-823.01	0
17100	-299.693	-822.907	0
17110	-299.642	-822.806	0
17120	-299.59	-822.707	0
17130	-299.539	-822.614	0
17140	-299.488	-822.524	0
17150	-299.437	-822.436	0
17160	-299.384	-822.348	0
17170	-299.323	-822.243	0
17180	-299.241	-822.087	0
17190	-299.139	-821.884	0
17200	-299.031	-821.665	0
17210	-298.921	-821.443	0
17220	-298.811	-821.218	0
17230	-298.702	-820.996	0
17240	-298.596	-820.784	0
17250	-298.498	-820.59	0
17260	-298.409	-820.42	0
17270	-298.329	-820.273	0
17280	-298.256	-820.141	0
17290	-298.184	-820.007	0
17300	-298.107	-819.851	0
17310	-298.019	-819.656	0
17320	-297.914	-819.403	0
17330	-297.787	-819.076	0
17340	-297.634	-818.668	0
17350	-297.451	-818.177	0
17360	-297.241	-817.608	0
17370	-297.008	-816.975	0
17380	-296.758	-816.293	0
17390	-296.499	-815.583	0
17400	-296.239	-814.868	0
17410	-295.985	-814.171	0
17420	-295.748	-813.521	0
17430	-295.539	-812.947	0
17440	-295.376	-812.498	0
17450	-295.282	-812.231	0
17460	-295.261	-812.156	0
17470	-295.286	-812.189	0
17480	-295.344	-812.282	0
17490	-295.429	-812.424	0
17500	-295.539	-812.601	0
17510	-295.674	-812.821	0
17520	-295.836	-813.087	0
17530	-296.025	-813.404	0
17540	-296.241	-813.774	0
17550	-296.481	-814.195	0
17560	-296.742	-814.663	0
17570	-297.02	-815.169	0
17580	-297.307	-815.705	0
17590	-297.597	-816.254	0
17600	-297.883	-816.803	0
17610	-298.18	-817.392	0
17620	-298.503	-818.051	0
17630	-298.841	-818.758	0
17640	-299.186	-819.493	0
17650	-299.531	-820.233	0
17660	-299.867	-820.96	0
17670	-300.181	-821.645	0
17680	-300.463	-822.259	0
17690	-300.702	-822.775	0
17700	-300.889	-823.166	0
17710	-301.016	-823.41	0
17720	-301.073	-823.478	0
17730	-301.055	-823.355	0
17740	-300.959	-823.03	0
17750	-300.781	-822.494	0
17760	-300.547	-821.82	0
17770	-300.297	-821.141	0
17780	-300.039	-820.472	0
17790	-299.779	-819.828	0
17800	-299.52	-819.215	0
17810	-299.263	-818.629	0
17820	-299.005	-818.053	0
17830	-298.744	-817.476	0
17840	-298.486	-816.904	0
17850	-298.239	-816.358	0
17860	-298.024	-815.892	0
17870	-297.858	-815.558	0
17880	-297.755	-815.395	0
17890	-297.724	-815.433	0
17900	-297.776	-815.7	0
17910	-297.915	-816.21	0
17920	-298.141	-816.958	0
17930	-298.442	-817.913	0
17940	-298.804	-819.031	0
17950	-299.212	-820.274	0
17960	-299.654	-821.601	0
17970	-300.111	-822.953	0
17980	-300.559	-824.263	0
17990	-300.975	-825.468	0
18000	-301.342	-826.51	0
