0	-419.377	-1677.51	0
10	-551.455	-1438.05	0
20	-538.473	-1432.25	0
30	-517.934	-1422.45	0
40	-505.894	-1395.02	0
50	-494.504	-1355.16	0
60	-481.064	-1304.04	0
70	-465.515	-1240.47	0
80	-447.668	-1163.64	0
90	-427.174	-1073.3	0
100	-403.524	-969.994	0
110	-376.077	-855.198	0
120	-344.157	-731.701	0
130	-307.083	-603.581	0
140	-264.156	-475.924	0
150	-214.887	-353.971	0
160	-159.159	-241.504	0
170	-98.5819	-140.848	0
180	-56.5867	-81.3589	0
190	-16.3867	-24.6928	0
200	-1.12998	-2.72533	0
210	3.11925	4.73941	0
220	2.94681	4.58318	0
230	2.58844	4.11361	0
240	-0.124621	-0.379669	0
250	-0.730509	-2.34097	0
260	-0.581901	-1.95798	0
270	0.246689	0.42154	0
280	2.2125	3.83957	0
290	0.672635	1.18401	0
300	0.0700993	0.125102	0
310	-3.73558	-6.75294	0
320	-8.02551	-14.6806	0
330	-17.4279	-32.2538	0
340	-29.1524	-54.5079	0
350	-42.8369	-80.8523	0
360	-55.8293	-106.269	0
370	-72.3543	-138.757	0
380	-89.7306	-173.16	0
390	-105.308	-204.284	0
400	-123.319	-240.223	0
410	-138.794	-271.224	0
420	-156.141	-305.789	0
430	-172.699	-338.656	0
440	-185.737	-364.432	0
450	-200.011	-392.458	0
460	-213.053	-418.289	0
470	-224.828	-442.033	0
480	-232.571	-458.192	0
490	-241.603	-477.241	0
500	-249.165	-493.758	0
510	-255.202	-507.63	0
520	-259.668	-518.709	0
530	-262.514	-526.835	0
540	-263.702	-531.882	0
550	-263.229	-533.742	0
560	-261.053	-532.175	0
570	-257.128	-526.974	0
580	-251.428	-518.003	0
590	-243.952	-505.191	0
600	-234.741	-488.592	0
610	-223.882	-468.363	0
620	-211.507	-444.755	0
630	-197.783	-418.066	0
640	-182.918	-388.702	0
650	-167.169	-357.173	0
660	-150.837	-324.09	0
670	-134.245	-290.122	0
680	-117.747	-256	0
690	-101.701	-222.462	0
700	-86.4419	-190.219	0
710	-72.2777	-159.969	0
720	-59.4905	-132.387	0
730	-48.3018	-108.019	0
740	-38.8767	-87.3173	0
750	-31.3014	-70.5501	0
760	-25.5922	-57.8325	0
770	-21.6831	-49.0784	0
780	-22.8246	-51.6906	0
790	-22.0151	-49.8395	0
800	-22.4221	-50.6926	0
810	-23.799	-53.6807	0
820	-25.8726	-58.1687	0
830	-28.3471	-63.4646	0
840	-30.9257	-68.8869	0
850	-33.3372	-73.8239	0
860	-35.3297	-77.7321	0
870	-36.6642	-80.1078	0
880	-37.1275	-80.5277	0
890	-36.5731	-78.7396	0
900	-34.8969	-74.5816	0
910	-32.0261	-67.9652	0
920	-27.9399	-58.9087	0
930	-22.6688	-47.5193	0
940	-16.2904	-33.9848	0
950	-12.6449	-26.2867	0
960	-5.93255	-19.2026	0
970	0.734952	1.52256	0
980	2.48595	-1.87855	0
990	3.93047	8.15169	0
1000	1.38899	2.88551	0
1010	-0.755983	-1.57399	0
1020	3.55266	7.41644	0
1030	1.59507	3.33845	0
1040	-0.40243	-0.844479	0
1050	-0.778856	-5.64497	0
1060	2.91774	6.1511	0
1070	1.66696	3.51997	0
1080	0.698231	1.476	0
1090	0.57217	1.21019	0
1100	0.894147	1.89096	0
1110	1.48174	3.13133	0
1120	3.08339	6.50712	0
1130	-0.44676	-3.25449	0
1140	1.86982	3.92905	0
1150	-0.466205	-3.31898	0
1160	3.79295	7.9227	0
1170	2.89991	6.03804	0
1180	2.79393	5.79869	0
1190	-0.869472	-5.86947	0
1200	0.422449	0.871615	0
1210	3.34534	6.88433	0
1220	-0.428348	-2.80445	0
1230	1.87687	3.84874	0
1240	-0.471361	-3.05545	0
1250	3.18278	6.51848	0
1260	0.517613	1.06019	0
1270	-0.87339	-5.67062	0
1280	3.1094	6.37929	0
1290	0.523114	1.07465	0
1300	-0.90284	-5.95845	0
1310	1.9366	3.99167	0
1320	-0.36832	-2.4666	0
1330	1.99725	4.13151	0
1340	-0.487214	-3.31049	0
1350	1.49951	3.11178	0
1360	3.87695	8.05582	0
1370	-0.547321	-3.77872	0
1380	0.825634	1.71871	0
1390	2.99448	6.23684	0
1400	-0.813581	-5.65306	0
1410	0.0582362	0.12132	0
1420	0.878148	1.82895	0
1430	2.22172	4.62584	0
1440	2.42617	5.04918	0
1450	2.28288	4.74844	0
1460	2.02552	4.21101	0
1470	0.986818	2.05072	0
1480	-0.0469031	-0.0974419	0
1490	-0.641468	-4.40327	0
1500	3.87676	8.05388	0
1510	0.717727	1.49142	0
1520	4.61888	9.60328	0
1530	0.198225	0.412391	0
1540	3.50899	7.30662	0
1550	-0.592106	-4.12437	0
1560	0.242941	0.506966	0
1570	1.59081	3.3233	0
1580	2.34815	4.91091	0
1590	2.66869	5.5864	0
1600	2.46369	5.16216	0
1610	2.08842	4.37935	0
1620	0.839608	1.76171	0
1630	-0.371962	-0.780925	0
1640	-0.700622	-5.04517	0
1650	5.24969	11.0313	0
1660	3.82951	8.04866	0
1670	2.47413	5.20041	0
1680	1.5415	3.23981	0
1690	1.03604	2.17679	0
1700	1.14885	2.4131	0
1710	1.5925	3.34374	0
1720	2.22445	4.66848	0
1730	4.10971	8.62113	0
1740	-0.930456	-6.64463	0
1750	1.49275	3.1281	0
1760	-1.06485	-7.57036	0
1770	2.41221	5.05039	0
1780	-0.674665	-4.7802	0
1790	4.7948	10.0329	0
1800	2.42989	5.08471	0
1810	0.800364	1.67499	0
1820	0.0119846	0.0250857	0
1830	-0.514566	-3.65428	0
1840	-0.597204	-4.25438	0
1850	-0.562416	-4.01897	0
1860	-0.506299	-3.62914	0
1870	-0.46223	-3.32742	0
1880	-0.126413	-0.265779	0
1890	0.211744	0.445628	0
1900	0.758405	1.59773	0
1910	0.890427	1.87751	0
1920	1.57378	3.32144	0
1930	1.71573	3.62372	0
1940	1.69021	3.57243	0
1950	1.61954	3.42474	0
1960	1.53096	3.23904	0
1970	1.46	3.08953	0
1980	1.38943	2.94086	0
1990	0.628189	1.32962	0
2000	0.364884	0.772294	0
2010	-0.220811	-0.467311	0
2020	-0.540634	-4.01501	0
2030	-0.682763	-5.06321	0
2040	-0.992779	-7.35118	0
2050	-1.08707	-8.02986	0
2060	-1.28746	-9.48844	0
2070	6.76562	14.2788	0
2080	6.31937	13.3278	0
2090	6.2695	13.2145	0
2100	6.33953	13.3535	0
2110	6.45207	13.5832	0
2120	6.58047	13.8467	0
2130	6.70629	14.1062	0
2140	6.82602	14.3539	0
2150	6.92943	14.5701	0
2160	7.01573	14.7516	0
2170	7.07018	14.8693	0
2180	-1.37381	-9.956	0
2190	-1.24715	-9.05527	0
2200	-1.21475	-8.8401	0
2210	-1.21552	-8.87447	0
2220	-1.22927	-9.00315	0
2230	-1.24685	-9.16545	0
2240	-1.2678	-9.3554	0
2250	-1.28876	-9.54414	0
2260	-1.30879	-9.72489	0
2270	-1.32695	-9.89478	0
2280	-1.34611	-10.0704	0
2290	-1.35986	-10.1985	0
2300	7.2338	15.3449	0
2310	6.73066	14.2836	0
2320	6.60879	14.0279	0
2330	6.62995	14.0748	0
2340	6.71183	14.249	0
2350	6.83353	14.5061	0
2360	6.98785	14.8306	0
2370	7.16134	15.1948	0
2380	-1.38368	-10.3962	0
2390	-1.21027	-9.07659	0
2400	-0.930562	-6.96631	0
2410	-0.514438	-3.8432	0
2420	0.268945	0.569466	0
2430	1.42714	3.02047	0
2440	3.94749	8.35175	0
2450	7.46379	15.7853	0
2460	-1.15346	-8.5428	0
2470	0.244176	0.516042	0
2480	4.02697	8.50775	0
2490	-1.3514	-9.96013	0
2500	0.321518	0.678771	0
2510	4.34033	9.15881	0
2520	-1.28616	-9.42831	0
2530	0.599523	1.26398	0
2540	4.70168	9.90799	0
2550	-1.21024	-8.81487	0
2560	0.913823	1.92362	0
2570	5.09718	10.7234	0
2580	-1.13395	-8.19829	0
2590	1.19652	2.5143	0
2600	5.44831	11.4416	0
2610	-1.07316	-7.69575	0
2620	1.44167	3.02376	0
2630	5.75193	12.0565	0
2640	-1.02569	-7.29771	0
2650	1.63187	3.41647	0
2660	5.98735	12.5276	0
2670	-1.00023	-7.06455	0
2680	1.74659	3.65105	0
2690	6.12531	12.7994	0
2700	-1.00526	-7.06489	0
2710	1.75895	3.67318	0
2720	6.1419	12.8233	0
2730	-1.04503	-7.32499	0
2740	1.66336	3.47184	0
2750	6.04826	12.6233	0
2760	-1.11465	-7.80355	0
2770	1.48592	3.10106	0
2780	5.86859	12.2474	0
2790	-1.20524	-8.43597	0
2800	1.26348	2.63659	0
2810	5.66299	11.8169	0
2820	-1.30049	-9.09696	0
2830	1.04968	2.18991	0
2840	5.49872	11.4694	0
2850	-1.37849	-9.6197	0
2860	0.917303	1.91247	0
2870	5.43793	11.3335	0
2880	-1.42585	-9.91142	0
2890	0.889743	1.85317	0
2900	5.50347	11.4585	0
2910	-1.43759	-9.94881	0
2920	0.963429	2.00463	0
2930	5.67301	11.8001	0
2940	-1.42173	-9.80578	0
2950	1.09261	2.27196	0
2960	5.87069	12.2066	0
2970	-1.40007	-9.65331	0
2980	1.19869	2.493	0
2990	6.01626	12.5162	0
3000	-1.39171	-9.62813	0
3010	1.23988	2.58176	0
3020	6.06506	12.6371	0
3030	-1.40974	-9.83328	0
3040	1.16796	2.43746	0
3050	5.98667	12.5043	0
3060	-1.45318	-10.2529	0
3070	1.02877	2.15284	0
3080	5.85351	12.2602	0
3090	-1.50101	-10.7183	0
3100	0.887698	1.86281	0
3110	5.73717	12.0501	0
3120	-1.5377	-11.107	0
3130	0.791248	1.66457	0
3140	5.68651	11.9718	0
3150	-1.54921	-11.2954	0
3160	0.80716	1.70121	0
3170	5.80778	12.2455	0
3180	-1.50834	-11.0519	0
3190	1.03214	2.17715	0
3200	6.18296	13.0423	0
3210	-1.40074	-10.2645	0
3220	1.49087	3.14357	0
3230	6.83594	14.4083	0
3240	-1.22089	-8.90158	0
3250	2.18016	4.59042	0
3260	7.72538	16.2557	0
3270	-0.989577	-7.15798	0
3280	2.98239	6.26746	0
3290	8.67794	18.2257	0
3300	-0.756298	-5.43028	0
3310	3.70181	7.76833	0
3320	9.42975	19.7857	0
3330	-0.60425	-4.33107	0
3340	4.04336	8.48847	0
3350	9.60898	20.1916	0
3360	-0.65312	-4.74237	0
3370	3.54473	7.47772	0
3380	8.56941	18.1352	0
3390	-1.07286	-8.12658	0
3400	1.63916	3.49885	0
3410	5.71362	12.2691	0
3420	7.54688	16.3206	0
3430	6.62076	14.4283	0
3440	3.74634	8.23249	0
3450	-0.940001	-8.76021	0
3460	3.39156	7.58864	0
3470	6.89229	15.5624	0
3480	8.07572	18.3828	0
3490	6.61597	15.1661	0
3500	2.71992	6.27566	0
3510	-0.883123	-10.714	0
3520	4.05711	9.46926	0
3530	-1.11045	-14.311	0
3540	1.22965	2.89009	0
3550	6.57084	15.47	0
3560	-2.07445	-4.88606	0
3570	5.38306	12.6698	0
3580	0.457212	1.07404	0
3590	-2.09873	-4.91568	0
3600	-0.766336	-9.57565	0
3610	0.236615	0.549372	0
3620	7.331	16.9244	0
3630	1.91456	4.39345	0
3640	0.926748	2.11295	0
3650	5.53354	12.532	0
3660	-0.835154	-8.41392	0
3670	6.73607	15.0758	0
3680	3.81686	8.50235	0
3690	4.71644	10.4654	0
3700	8.49274	18.7802	0
3710	-0.952227	-8.60304	0
3720	4.79472	10.5442	0
3730	-0.0675869	-0.596437	0
3740	-1.39775	-12.241	0
3750	-1.39055	-12.1094	0
3760	-1.21478	-10.5485	0
3770	-1.02426	-8.88368	0
3780	-0.87467	-7.5616	0
3790	-0.837999	-7.24634	0
3800	-0.871658	-7.59175	0
3810	-0.962082	-8.48343	0
3820	-1.09888	-9.85317	0
3830	-1.27811	-11.6909	0
3840	-1.48184	-13.8352	0
3850	10.2255	22.776	0
3860	2.28944	5.11687	0
3870	6.83047	15.3126	0
3880	-1.49146	-14.8886	0
3890	-1.10958	-11.139	0
3900	-1.24649	-12.4992	0
3910	-1.4632	-14.5703	0
3920	8.10525	18.1706	0
3930	3.38436	7.57184	0
3940	-0.576742	-5.55043	0
3950	9.56119	21.27	0
3960	3.72647	8.25757	0
3970	-0.621716	-5.61852	0
3980	9.19113	20.1441	0
3990	4.99773	10.8767	0
4000	4.27345	9.22218	0
4010	5.42348	11.5888	0
4020	-1.71172	-12.6352	0
4030	2.95282	6.16504	0
4040	3.17712	6.54766	0
4050	5.0101	10.1886	0
4060	7.12905	14.3007	0
4070	9.32257	18.4457	0
4080	0.0426646	0.22979	0
4090	-1.99655	-10.3048	0
4100	-2.14199	-10.6451	0
4110	-0.674422	-3.249	0
4120	1.1508	5.41334	0
4130	-2.55592	-11.8513	0
4140	7.1352	13.3088	0
4150	0.184902	0.853653	0
4160	-2.11063	-9.84755	0
4170	8.30889	15.6455	0
4180	0.109583	0.526388	0
4190	-2.85056	-13.7141	0
4200	-0.170513	-0.820068	0
4210	6.15109	11.6141	0
4220	7.46201	14.0815	0
4230	6.32802	11.941	0
4240	0.551091	2.64105	0
4250	-1.45791	-7.00763	0
4260	0.184585	0.89191	0
4270	-0.343508	-1.6718	0
4280	-1.21462	-5.98904	0
4290	-2.20442	-11.0938	0
4300	2.48478	4.79101	0
4310	1.89825	3.69008	0
4320	-1.75817	-9.63999	0
4330	0.236896	0.468619	0
4340	-1.39798	-8.17203	0
4350	2.23189	4.48753	0
4360	1.39684	2.82831	0
4370	-1.79074	-11.3448	0
4380	-1.18537	-2.42589	0
4390	-2.06297	-4.23631	0
4400	6.8441	14.0811	0
4410	0.32762	0.674097	0
4420	5.39024	11.0729	0
4430	-3.09061	-6.33019	0
4440	1.32068	2.69323	0
4450	6.42944	13.0357	0
4460	-0.313721	-0.631725	0
4470	7.87944	15.7364	0
4480	5.03444	9.96942	0
4490	4.20742	8.25892	0
4500	5.91779	11.5158	0
4510	-1.80184	-9.32092	0
4520	3.09394	5.9283	0
4530	-1.76079	-3.35359	0
4540	-2.35088	-11.4458	0
4550	8.41561	15.9306	0
4560	7.98048	15.1166	0
4570	8.16494	15.5129	0
4580	8.14616	15.5598	0
4590	7.61568	14.6506	0
4600	5.5023	10.6762	0
4610	1.85503	3.63299	0
4620	-1.76026	-9.96602	0
4630	5.50385	10.998	0
4640	-3.00998	-6.07153	0
4650	3.801	7.73828	0
4660	8.93542	18.3409	0
4670	-2.89838	-5.99045	0
4680	1.30169	2.70718	0
4690	5.38943	11.2686	0
4700	9.21736	19.359	0
4710	-1.69566	-12.3883	0
4720	-0.692485	-1.46324	0
4730	3.78942	8.02375	0
4740	9.0994	19.3055	0
4750	-1.76732	-3.75612	0
4760	6.59484	14.0345	0
4770	0.275037	0.585684	0
4780	-1.5479	-11.8411	0
4790	-1.94509	-14.8542	0
4800	-1.47142	-11.186	0
4810	0.910389	1.933	0
4820	9.55048	20.2418	0
4830	2.17249	4.59537	0
4840	0.182273	0.384723	0
4850	0.752073	1.58387	0
4860	7.14357	15.0121	0
4870	-1.40057	-10.012	0
4880	4.79295	10.0358	0
4890	-0.931687	-6.58209	0
4900	11.4836	24.0027	0
4910	8.66994	18.1204	0
4920	4.94869	10.3475	0
4930	4.31021	9.01887	0
4940	1.70796	3.57723	0
4950	-0.961533	-6.87284	0
4960	-2.00316	-14.393	0
4970	8.06381	16.9486	0
4980	1.09429	2.30204	0
4990	10.3777	21.8457	0
5000	-0.754128	-5.48415	0
5010	3.0606	6.44332	0
5020	7.44147	15.6592	0
5030	-1.87008	-13.5565	0
5040	-1.48415	-10.7388	0
5050	-1.77753	-12.8211	0
5060	8.02219	16.84	0
5070	1.26961	2.66192	0
5080	8.45326	17.6924	0
5090	-0.911772	-1.90502	0
5100	2.76023	5.7549	0
5110	5.0827	10.5734	0
5120	5.69135	11.8098	0
5130	4.92262	10.1875	0
5140	3.67741	7.59046	0
5150	0.807668	1.66256	0
5160	-1.37721	-8.98849	0
5170	6.80626	13.9287	0
5180	1.2851	2.62211	0
5190	-1.74434	-10.9943	0
5200	5.56379	11.2856	0
5210	0.441174	0.892097	0
5220	-1.91824	-11.658	0
5230	6.35286	12.7699	0
5240	1.85572	3.72085	0
5250	-1.07344	-2.14666	0
5260	-1.46188	-8.53482	0
5270	-1.87963	-10.8835	0
5280	-1.65117	-9.48345	0
5290	-1.10271	-2.18597	0
5300	3.62183	7.16961	0
5310	-2.23408	-12.5981	0
5320	5.36459	10.5895	0
5330	-0.0469845	-0.0926117	0
5340	-1.20986	-6.73511	0
5350	-0.0464836	-0.0914761	0
5360	6.54615	12.8777	0
5370	-1.93737	-10.7419	0
5380	3.45185	6.79522	0
5390	11.5113	22.687	0
5400	4.23119	8.35013	0
5410	-0.895517	-5.05378	0
5420	-2.34147	-13.3051	0
5430	11.689	23.2025	0
5440	9.58152	19.0721	0
5450	9.51323	18.9927	0
5460	9.69226	19.4095	0
5470	9.7574	19.6029	0
5480	9.70838	19.568	0
5490	9.47741	19.1625	0
5500	9.17104	18.5977	0
5510	8.74758	17.7882	0
5520	4.75069	9.68369	0
5530	1.98138	4.04692	0
5540	-1.26105	-8.12866	0
5550	10.9472	22.4235	0
5560	4.87603	9.99625	0
5570	-0.629255	-4.09785	0
5580	11.5381	23.6631	0
5590	4.36446	8.947	0
5600	-1.10621	-7.16422	0
5610	9.96505	20.3854	0
5620	3.08249	6.29627	0
5630	-1.55409	-9.88115	0
5640	8.68331	17.6674	0
5650	3.49717	7.10118	0
5660	-0.811705	-5.02897	0
5670	-2.2875	-14.0539	0
5680	9.58074	19.3279	0
5690	6.08997	12.2608	0
5700	4.5947	9.23507	0
5710	4.5488	9.12975	0
5720	4.71717	9.45887	0
5730	4.83645	9.69482	0
5740	4.77307	9.57185	0
5750	4.55255	9.13999	0
5760	4.19439	8.43438	0
5770	1.34776	2.71631	0
5780	-1.31697	-8.08808	0
5790	10.5031	21.2905	0
5800	4.16425	8.46887	0
5810	-1.30134	-8.31051	0
5820	4.30571	8.81853	0
5830	10.1547	20.8702	0
5840	-1.27664	-8.49983	0
5850	2.11482	4.3723	0
5860	7.26686	15.0587	0
5870	-1.98246	-13.5619	0
5880	0.329559	0.684663	0
5890	5.8071	12.0671	0
5900	-2.20919	-15.1503	0
5910	0.150108	0.311507	0
5920	6.10962	12.6611	0
5930	-2.03384	-13.7143	0
5940	1.0391	2.14554	0
5950	7.38023	15.2036	0
5960	-1.67324	-10.9825	0
5970	2.29101	4.69752	0
5980	8.80765	18.0183	0
5990	-1.36393	-8.71461	0
6000	3.10887	6.33455	0
6010	9.48192	19.2926	0
6020	-1.34352	-8.43513	0
6030	2.8627	5.81644	0
6040	8.74469	17.7691	0
6050	-1.79659	-11.3102	0
6060	1.1628	2.36792	0
6070	6.36568	12.9852	0
6080	9.26943	18.9545	0
6090	11.0615	22.6774	0
6100	10.5733	21.7371	0
6110	7.58841	15.6466	0
6120	4.54578	9.4002	0
6130	-0.865874	-1.79546	0
6140	11.3434	23.5881	0
6150	1.71302	3.56999	0
6160	11.2561	23.5067	0
6170	0.910092	1.90351	0
6180	10.466	21.9194	0
6190	0.579249	1.21402	0
6200	10.7639	22.5718	0
6210	1.32121	2.77019	0
6220	12.4677	26.1321	0
6230	6.16028	12.9041	0
6240	1.39125	2.91139	0
6250	-0.339129	-0.709002	0
6260	-1.04888	-7.36179	0
6270	-0.972943	-6.79913	0
6280	0.549497	1.14527	0
6290	6.94861	14.4734	0
6300	-2.07695	-14.412	0
6310	2.36191	4.91814	0
6320	10.3683	21.594	0
6330	-0.986666	-6.8566	0
6340	5.49261	11.4508	0
6350	-0.920779	-6.44716	0
6360	10.7125	22.3846	0
6370	3.62129	7.5773	0
6380	-0.882572	-6.28937	0
6390	-2.27546	-16.3029	0
6400	9.39907	19.7457	0
6410	4.58858	9.64919	0
6420	1.45965	3.07166	0
6430	-0.96084	-6.98548	0
6440	-1.17133	-8.51774	0
6450	-1.12745	-8.18713	0
6460	-1.03367	-7.4843	0
6470	-0.941776	-6.79396	0
6480	-0.862919	-6.19956	0
6490	-0.806445	-5.76992	0
6500	-0.773848	-5.51466	0
6510	-0.776807	-5.51819	0
6520	-0.812769	-5.76178	0
6530	-0.873466	-6.18414	0
6540	-0.971206	-6.8813	0
6550	-1.10484	-7.84296	0
6560	-1.88489	-13.4456	0
6570	10.7428	22.5493	0
6580	5.08162	10.6824	0
6590	-0.548678	-3.99904	0
6600	10.7578	22.7074	0
6610	2.32375	4.9155	0
6620	10.6388	22.5604	0
6630	-0.820123	-6.22836	0
6640	3.83177	8.16395	0
6650	9.86478	21.0614	0
6660	-1.11395	-8.69974	0
6670	3.19133	6.83602	0
6680	9.81089	21.0393	0
6690	-0.989898	-7.84672	0
6700	4.28898	9.20657	0
6710	11.8148	25.3555	0
6720	4.00728	8.59234	0
6730	-0.872583	-6.85245	0
6740	-2.03499	-15.872	0
6750	-2.25977	-17.48	0
6760	-2.01685	-15.4685	0
6770	-1.66456	-12.6475	0
6780	-0.582232	-4.38385	0
6790	4.91142	10.4039	0
6800	-2.31293	-17.1578	0
6810	3.289	6.94915	0
6820	-2.26194	-16.6579	0
6830	4.32008	9.12235	0
6840	-0.906005	-6.69694	0
6850	-2.28988	-17.0133	0
6860	5.57453	11.8153	0
6870	-0.103947	-0.786459	0
6880	-2.30314	-17.634	0
6890	3.48431	7.4423	0
6900	-2.16778	-17.0362	0
6910	-0.247519	-1.97205	0
6920	4.59186	9.89138	0
6930	7.47293	16.1358	0
6940	11.0082	23.8156	0
6950	10.7082	23.2052	0
6960	11.4765	25.0815	0
6970	-1.35894	-12.1208	0
6980	4.30348	9.49926	0
6990	3.59515	7.95232	0
7000	5.89859	13.0521	0
7010	8.82018	19.4977	0
7020	11.9542	26.385	0
7030	6.24277	13.762	0
7040	7.08213	15.5991	0
7050	11.8849	26.1786	0
7060	0.118616	1.07331	0
7070	-1.19141	-10.9176	0
7080	11.5967	25.7297	0
7090	11.1924	24.9546	0
7100	11.8925	26.6755	0
7110	-1.58318	-16.2352	0
7120	-0.84635	-9.04318	0
7130	-0.415126	-4.62524	0
7140	-0.234002	-2.72245	0
7150	-0.3527	-4.28905	0
7160	-0.595492	-7.55547	0
7170	9.48571	22.312	0
7180	0.172427	2.36856	0
7190	-1.19502	-16.9034	0
7200	-0.20381	-2.95854	0
7210	-0.110433	-1.6327	0
7220	-0.329466	-4.92496	0
7230	-0.968367	-14.5286	0
7240	6.6072	15.8132	0
7250	-0.61135	-9.04795	0
7260	0.031848	0.462954	0
7270	-0.0135489	-0.192518	0
7280	-0.139603	-1.93374	0
7290	-0.265709	-3.57837	0
7300	-0.383958	-5.02431	0
7310	-0.495832	-6.30685	0
7320	-0.603949	-7.47726	0
7330	-0.715198	-8.65236	0
7340	-0.830428	-9.84329	0
7350	-0.955003	-11.1511	0
7360	-1.0877	-12.5917	0
7370	-1.23162	-14.1781	0
7380	-1.37905	-15.8728	0
7390	8.12773	18.73	0
7400	2.61468	6.03146	0
7410	11.3216	26.1598	0
7420	-0.260502	-3.101	0
7430	4.19879	9.74686	0
7440	6.51643	15.1683	0
7450	5.69738	13.2954	0
7460	4.31791	10.0962	0
7470	-0.409244	-5.25489	0
7480	11.3417	26.5949	0
7490	3.54404	8.31387	0
7500	11.0767	25.9746	0
7510	-0.584165	-7.49741	0
7520	3.61441	8.45054	0
7530	9.65876	22.5185	0
7540	-0.884581	-10.7073	0
7550	3.01826	6.96703	0
7560	10.17	23.3148	0
7570	-0.622795	-6.68644	0
7580	7.72556	17.4628	0
7590	-0.434686	-4.31241	0
7600	-1.85675	-17.7904	0
7610	9.00307	19.9553	0
7620	4.63204	10.2181	0
7630	2.45189	5.38976	0
7640	1.49623	3.28205	0
7650	-0.785186	-6.89509	0
7660	-1.0865	-9.59014	0
7670	-2.05863	-18.4235	0
7680	9.1708	20.2653	0
7690	3.22443	7.16193	0
7700	-1.93731	-18.8062	0
7710	3.43025	7.71695	0
7720	9.79089	22.1803	0
7730	-1.38881	-15.1328	0
7740	-0.278315	-0.639009	0
7750	-0.258212	-0.59661	0
7760	-0.854987	-10.4233	0
7770	12.4252	29.0179	0
7780	6.05189	14.1903	0
7790	-0.766642	-10.1151	0
7800	6.91923	16.303	0
7810	-0.832828	-11.1954	0
7820	6.61969	15.6075	0
7830	-0.784456	-10.4235	0
7840	9.36504	21.9869	0
7850	2.38961	5.58789	0
7860	-0.702682	-1.63423	0
7870	-0.826826	-9.67611	0
7880	-0.709461	-7.89097	0
7890	1.11986	2.54071	0
7900	8.54551	19.1781	0
7910	-0.831046	-7.73753	0
7920	10.1026	21.9628	0
7930	-1.09787	-7.73283	0
7940	0.206095	0.415655	0
7950	-1.84185	-9.88973	0
7960	3.68652	7.02595	0
7970	6.07803	11.4352	0
7980	3.27003	6.13636	0
7990	-2.29809	-10.9015	0
8000	-1.03098	-1.94668	0
8010	-2.81219	-5.32781	0
8020	4.74481	9.03267	0
8030	4.62402	8.84704	0
8040	-4.03486	-7.75438	0
8050	-22.0149	-42.4516	0
8060	-49.866	-96.3782	0
8070	-79.6907	-154.096	0
8080	-128.839	-248.844	0
8090	-189.371	-364.262	0
8100	-254.057	-485.08	0
8110	-334.53	-636.278	0
8120	-410.231	-780.926	0
8130	-478.522	-939.842	0
8140	-574.142	-1093.18	0
8150	-652.835	-1240.09	0
8160	-737.178	-1394.44	0
8170	-812.192	-1527.02	0
8180	-883.793	-1648.83	0
8190	-957.719	-1770.22	0
8200	-1019.71	-1865.19	0
8210	-1083.06	-1958.34	0
8220	-1140.52	-2037.48	0
8230	-1184.34	-2090.38	0
8240	-1228.4	-2143.44	0
8250	-1264.97	-2184.75	0
8260	-1293.53	-2215.23	0
8270	-1314.21	-2236.68	0
8280	-1330.65	-2254.43	0
8290	-1344.52	-2271.62	0
8300	-1348.17	-2276.21	0
8310	-1357.62	-2295.76	0
8320	-1365.29	-2317.61	0
8330	-1371.4	-2342.08	0
8340	-1376.13	-2369.13	0
8350	-1379.29	-2398.23	0
8360	-1380.4	-2428.6	0
8370	-1379.9	-2460.18	0
8380	-1378.12	-2492.72	0
8390	-1375.21	-2525.55	0
8400	-1371.13	-2557.75	0
8410	-1365.79	-2588.15	0
8420	-1359.01	-2615.46	0
8430	-1350.64	-2638.57	0
8440	-1334.03	-2643.67	0
8450	-1322.09	-2655.78	0
8460	-1308.63	-2662.91	0
8470	-1294.38	-2666.68	0
8480	-1279.4	-2666.08	0
8490	-1263.59	-2659.8	0
8500	-1246.77	-2646.62	0
8510	-1228.72	-2625.74	0
8520	-1209.42	-2597.3	0
8530	-1188.99	-2562.05	0
8540	-1167.67	-2521.14	0
8550	-1145.86	-2476.07	0
8560	-1123.97	-2428.31	0
8570	-1102.43	-2379.34	0
8580	-1081.7	-2330.58	0
8590	-1062.1	-2283.28	0
8600	-1043.36	-2237.98	0
8610	-1025.14	-2194.79	0
8620	-1007.4	-2154.02	0
8630	-990.031	-2115.97	0
8640	-973.119	-2080.87	0
8650	-956.958	-2049.31	0
8660	-941.746	-2021.59	0
8670	-927.637	-1997.86	0
8680	-915.242	-1978.48	0
8690	-904.817	-1963.34	0
8700	-896.768	-1952.56	0
8710	-891.014	-1945.91	0
8720	-887.456	-1942.96	0
8730	-886.063	-1943.25	0
8740	-887.075	-1946.47	0
8750	-890.221	-1951.9	0
8760	-895.257	-1958.93	0
8770	-901.79	-1966.94	0
8780	-909.696	-1975.61	0
8790	-919.069	-1985.57	0
8800	-930.076	-1997.05	0
8810	-943.008	-2010.39	0
8820	-958.012	-2026.09	0
8830	-975.099	-2044.48	0
8840	-994.182	-2066.02	0
8850	-1015.04	-2090.93	0
8860	-1037.47	-2119.48	0
8870	-1061.64	-2151.95	0
8880	-1087.78	-2188.64	0
8890	-1116.05	-2230.26	0
8900	-1146.42	-2277.15	0
8910	-1178.51	-2329.57	0
8920	-1212.35	-2388.34	0
8930	-1247.84	-2454.01	0
8940	-1284.88	-2527.12	0
8950	-1323.29	-2608.04	0
8960	-1362.83	-2696.95	0
8970	-1403.28	-2793.87	0
8980	-1444.45	-2898.7	0
8990	-1479.55	-2998.04	0
9000	-1521.59	-3117.96	0
9010	-1557.4	-3231.26	0
9020	-1600.27	-3364.25	0
9030	-1637.5	-3489.51	0
9040	-1681.76	-3633.44	0
9050	-1720.18	-3767.27	0
9060	-1765.98	-3918.46	0
9070	-1806.51	-4058.04	0
9080	-1854.55	-4213.73	0
9090	-1897.88	-4356.79	0
9100	-1949.01	-4514.74	0
9110	-1996.17	-4659.73	0
9120	-2051.24	-4818.78	0
9130	-2103.46	-4965.4	0
9140	-2158.84	-5113.2	0
9150	-2220.44	-5271.26	0
9160	-2267.89	-5382.41	0
9170	-2307.64	-5456.24	0
9180	-2335.03	-5482.98	0
9190	-2351.01	-5466.02	0
9200	-2356.85	-5409.73	0
9210	-2353.37	-5317.93	0
9220	-2340.82	-5193.29	0
9230	-2322.05	-5043.21	0
9240	-2299.51	-4875.97	0
9250	-2275.22	-4699.92	0
9260	-2250.66	-4523.44	0
9270	-2225.45	-4352.96	0
9280	-2198.88	-4193.72	0
9290	-2170.73	-4049.68	0
9300	-2140.95	-3923.39	0
9310	-2109.78	-3815.97	0
9320	-2077.99	-3728.03	0
9330	-2046.74	-3659.01	0
9340	-2017.17	-3607.41	0
9350	-1990.23	-3570.77	0
9360	-1966.89	-3546.62	0
9370	-1947.81	-3532.51	0
9380	-1932.63	-3525.23	0
9390	-1920.59	-3521.53	0
9400	-1910.87	-3518.2	0
9410	-1902.96	-3512.88	0
9420	-1896.39	-3504.1	0
9430	-1890.67	-3490.82	0
9440	-1885.26	-3472.3	0
9450	-1879.73	-3448.55	0
9460	-1873.84	-3420.14	0
9470	-1867.43	-3387.77	0
9480	-1860.32	-3351.91	0
9490	-1852.42	-3313.36	0
9500	-1843.7	-3273.14	0
9510	-1834.08	-3232.48	0
9520	-1823.61	-3192.64	0
9530	-1812.48	-3154.81	0
9540	-1800.71	-3120.14	0
9550	-1788.66	-3089.58	0
9560	-1776.44	-3064.04	0
9570	-1764.59	-3044.46	0
9580	-1753.4	-3031.44	0
9590	-1743.17	-3025.22	0
9600	-1734.27	-3025.58	0
9610	-1727.37	-3032.45	0
9620	-1722.93	-3045.52	0
9630	-1721.5	-3064.27	0
9640	-1723.55	-3088.12	0
9650	-1729.4	-3116.22	0
9660	-1739.14	-3147.66	0
9670	-1752.51	-3181.43	0
9680	-1769.59	-3217.34	0
9690	-1790.54	-3254.82	0
9700	-1815.9	-3293.91	0
9710	-1845.84	-3334.49	0
9720	-1880.73	-3377.17	0
9730	-1920.68	-3422.05	0
9740	-1964.26	-3468.42	0
9750	-2007.01	-3513.51	0
9760	-2047.72	-3556.76	0
9770	-2086.19	-3598.85	0
9780	-2122.46	-3640.6	0
9790	-2156.66	-3683.19	0
9800	-2188.91	-3727.68	0
9810	-2218.93	-3774.96	0
9820	-2246.77	-3825.82	0
9830	-2272.94	-3881.24	0
9840	-2297.9	-3941.96	0
9850	-2322.07	-4008.49	0
9860	-2345.76	-4080.89	0
9870	-2369.26	-4159.1	0
9880	-2392.76	-4242.96	0
9890	-2416.45	-4332.13	0
9900	-2440.48	-4426.07	0
9910	-2464.84	-4523.73	0
9920	-2489.43	-4623.73	0
9930	-2514.44	-4724.95	0
9940	-2539.55	-4825.89	0
9950	-2564.2	-4924.92	0
9960	-2588.13	-5020.51	0
9970	-2611.13	-5111.35	0
9980	-2628.84	-5188.33	0
9990	-2649.33	-5266.77	0
10000	-2668.3	-5337.86	0
10010	-2681.81	-5393.51	0
10020	-2697.56	-5449.26	0
10030	-2711.66	-5497.61	0
10040	-2720.35	-5531.11	0
10050	-2731.32	-5565.64	0
10060	-2740.84	-5593.92	0
10070	-2749.05	-5616.46	0
10080	-2756.02	-5633.76	0
10090	-2761.89	-5646.34	0
10100	-2766.75	-5654.74	0
10110	-2770.73	-5659.41	0
10120	-2773.93	-5660.9	0
10130	-2776.46	-5659.64	0
10140	-2778.41	-5655.99	0
10150	-2779.91	-5650.47	0
10160	-2781.09	-5643.61	0
10170	-2782.07	-5635.72	0
10180	-2782.92	-5626.99	0
10190	-2783.72	-5617.61	0
10200	-2784.42	-5607.6	0
10210	-2784.83	-5596.62	0
10220	-2785.2	-5584.62	0
10230	-2785.43	-5571.22	0
10240	-2785.36	-5555.78	0
10250	-2784.84	-5537.82	0
10260	-2783.61	-5516.45	0
10270	-2781.44	-5490.82	0
10280	-2777.31	-5459.12	0
10290	-2771	-5421.11	0
10300	-2762.54	-5376.65	0
10310	-2752.02	-5325.84	0
10320	-2739.63	-5269.44	0
10330	-2725.69	-5208.62	0
10340	-2710.45	-5144.9	0
10350	-2694.29	-5080.3	0
10360	-2677.56	-5017.13	0
10370	-2660.87	-4958.18	0
10380	-2644.04	-4905.7	0
10390	-2626.11	-4861.06	0
10400	-2606.51	-4825.85	0
10410	-2584.76	-4801.24	0
10420	-2560.68	-4788.51	0
10430	-2534.35	-4788.47	0
10440	-2506.19	-4801.89	0
10450	-2477.19	-4829.27	0
10460	-2448.63	-4870.72	0
10470	-2421.92	-4925.6	0
10480	-2398.58	-4992.97	0
10490	-2380.19	-5071.52	0
10500	-2368.27	-5159.7	0
10510	-2363.74	-5255.33	0
10520	-2367.21	-5356.06	0
10530	-2378.87	-5459.62	0
10540	-2398.83	-5563.97	0
10550	-2427.02	-5667.49	0
10560	-2462.69	-5768.14	0
10570	-2495.82	-5851.03	0
10580	-2524.15	-5913.74	0
10590	-2544.75	-5959.18	0
10600	-2567.94	-5983.12	0
10610	-2584.2	-5993.12	0
10620	-2597.12	-5989.31	0
10630	-2607.53	-5975.36	0
10640	-2616.33	-5955.16	0
10650	-2624.24	-5931.97	0
10660	-2631.88	-5908.87	0
10670	-2639.91	-5889.03	0
10680	-2648.83	-5874.88	0
10690	-2658.98	-5867.68	0
10700	-2670.37	-5867.69	0
10710	-2682.99	-5874.31	0
10720	-2696.67	-5886.06	0
10730	-2711.1	-5900.7	0
10740	-2719.04	-5914.64	0
10750	-2737.94	-5923.05	0
10760	-2752	-5931.75	0
10770	-2765.23	-5934.74	0
10780	-2777.41	-5930.77	0
10790	-2788.45	-5919.15	0
10800	-2798.35	-5899.69	0
10810	-2807.25	-5872.84	0
10820	-2815.38	-5839.57	0
10830	-2823.12	-5801.38	0
10840	-2831.34	-5760.98	0
10850	-2839.93	-5720.38	0
10860	-2849.25	-5682.22	0
10870	-2859.74	-5649.18	0
10880	-2871.84	-5624.09	0
10890	-2885.93	-5609.8	0
10900	-2902.34	-5608.63	0
10910	-2921.08	-5621.83	0
10920	-2941.45	-5649.3	0
10930	-2962.61	-5689.7	0
10940	-2983.97	-5740.88	0
10950	-3002.98	-5795.63	0
10960	-3023.89	-5859.05	0
10970	-3042.17	-5918.9	0
10980	-3060.31	-5976.45	0
10990	-3080.71	-6032.99	0
11000	-3098.56	-6076.03	0
11010	-3114.98	-6108.91	0
11020	-3124.61	-6122.21	0
11030	-3126.64	-6113.79	0
11040	-3120.66	-6082.83	0
11050	-3106.52	-6029.64	0
11060	-3084.25	-5955.61	0
11070	-3053.7	-5862.75	0
11080	-3014.67	-5753.33	0
11090	-2967.23	-5630.34	0
11100	-2911.64	-5497.33	0
11110	-2848.49	-5358.62	0
11120	-2778.53	-5218.51	0
11130	-2702.66	-5081	0
11140	-2622.18	-4950.07	0
11150	-2538.63	-4829.08	0
11160	-2453.75	-4721.02	0
11170	-2369.48	-4628.09	0
11180	-2287.93	-4551.74	0
11190	-2211.38	-4492.71	0
11200	-2142.1	-4451.17	0
11210	-2082.21	-4426.74	0
11220	-2033.55	-4418.83	0
11230	-1997.42	-4426.5	0
11240	-1974.59	-4448.47	0
11250	-1965.41	-4483.3	0
11260	-1969.75	-4529.14	0
11270	-1987.14	-4583.59	0
11280	-2016.99	-4643.94	0
11290	-2052.59	-4700.53	0
11300	-2085.6	-4741.61	0
11310	-2115.06	-4765.24	0
11320	-2140.73	-4771.18	0
11330	-2162.58	-4760.24	0
11340	-2180.78	-4734.11	0
11350	-2195.64	-4695.23	0
11360	-2207.55	-4646.62	0
11370	-2216.97	-4591.8	0
11380	-2223.37	-4533.4	0
11390	-2224.44	-4472.12	0
11400	-2219.23	-4408.61	0
11410	-2207.67	-4343.34	0
11420	-2190.12	-4276.49	0
11430	-2167.25	-4207.74	0
11440	-2139.68	-4136.07	0
11450	-2107.95	-4060.3	0
11460	-2072.62	-3979.22	0
11470	-2034.33	-3891.9	0
11480	-1993.82	-3797.73	0
11490	-1951.86	-3696.55	0
11500	-1909.22	-3588.38	0
11510	-1866.69	-3473.51	0
11520	-1825	-3352.59	0
11530	-1784.89	-3226.53	0
11540	-1747	-3096.33	0
11550	-1711.95	-2963.28	0
11560	-1680.24	-2828.94	0
11570	-1652.26	-2695.14	0
11580	-1628.14	-2563.83	0
11590	-1607.93	-2437.41	0
11600	-1591.55	-2318.49	0
11610	-1578.68	-2209.87	0
11620	-1568.98	-2114.17	0
11630	-1562.02	-2033.86	0
11640	-1557.36	-1971.29	0
11650	-1554.62	-1928.48	0
11660	-1553.53	-1906.97	0
11670	-1553.75	-1907.49	0
11680	-1554.9	-1930.4	0
11690	-1554.75	-1974.84	0
11700	-1543.42	-2036.81	0
11710	-1520.45	-2113.19	0
11720	-1488.27	-2200.16	0
11730	-1450.24	-2293.34	0
11740	-1410.67	-2388.23	0
11750	-1374.08	-2481.09	0
11760	-1344.43	-2569.44	0
11770	-1324.67	-2652.55	0
11780	-1316.23	-2730.56	0
11790	-1317.1	-2801.59	0
11800	-1327.57	-2865.71	0
11810	-1348.27	-2923.61	0
11820	-1372.13	-2967.91	0
11830	-1389.49	-2987.88	0
11840	-1400.26	-2983.78	0
11850	-1405.05	-2957.33	0
11860	-1404.83	-2911.63	0
11870	-1400.73	-2850.39	0
11880	-1394.58	-2778.8	0
11890	-1387.16	-2701.21	0
11900	-1379.26	-2622.15	0
11910	-1371.74	-2546.05	0
11920	-1365.31	-2476.95	0
11930	-1360.53	-2417.91	0
11940	-1357.89	-2371.61	0
11950	-1357.74	-2339.68	0
11960	-1360.36	-2323.07	0
11970	-1365.52	-2321.52	0
11980	-1372.6	-2334.22	0
11990	-1381.38	-2360.54	0
12000	-1391.94	-2399.88	0
12010	-1404.25	-2450.58	0
12020	-1418.41	-2510.93	0
12030	-1434.58	-2579.35	0
12040	-1452.99	-2654.44	0
12050	-1473.89	-2734.84	0
12060	-1496.76	-2818.98	0
12070	-1519.32	-2904.03	0
12080	-1540.81	-2988.12	0
12090	-1560.73	-3069.68	0
12100	-1578.63	-3147.18	0
12110	-1594.09	-3219.22	0
12120	-1606.77	-3284.44	0
12130	-1616.4	-3341.63	0
12140	-1622.84	-3389.87	0
12150	-1626.06	-3428.47	0
12160	-1626.12	-3457.12	0
12170	-1623.17	-3475.87	0
12180	-1617.41	-3484.97	0
12190	-1609.35	-3485.42	0
12200	-1599.44	-3478.47	0
12210	-1587.77	-3465.13	0
12220	-1574.61	-3446.58	0
12230	-1560.55	-3424.1	0
12240	-1546.22	-3399.17	0
12250	-1532.06	-3373.76	0
12260	-1518.55	-3349.94	0
12270	-1506.17	-3329.72	0
12280	-1495.29	-3314.93	0
12290	-1486.27	-3307.62	0
12300	-1479.4	-3309.51	0
12310	-1474.94	-3322.05	0
12320	-1473.02	-3346.05	0
12330	-1473.66	-3381.82	0
12340	-1476.76	-3428.98	0
12350	-1482.07	-3486.56	0
12360	-1489.25	-3553.01	0
12370	-1497.85	-3626.18	0
12380	-1509.62	-3701.02	0
12390	-1524.59	-3773.74	0
12400	-1539.47	-3843.78	0
12410	-1553.42	-3908.35	0
12420	-1565.57	-3964.62	0
12430	-1575.19	-4010.07	0
12440	-1581.66	-4042.69	0
12450	-1584.54	-4060.88	0
12460	-1583.71	-4064.04	0
12470	-1579.4	-4052.63	0
12480	-1572.02	-4027.66	0
12490	-1562.2	-3990.63	0
12500	-1550.66	-3943.39	0
12510	-1538.14	-3887.81	0
12520	-1525.34	-3825.52	0
12530	-1512.86	-3757.84	0
12540	-1501.2	-3685.88	0
12550	-1490.8	-3610.49	0
12560	-1481.89	-3532.14	0
12570	-1474.64	-3451.25	0
12580	-1469.16	-3368.36	0
12590	-1465.64	-3284.21	0
12600	-1464.46	-3199.27	0
12610	-1464.96	-3110.89	0
12620	-1466.73	-3016.3	0
12630	-1469.71	-2913.69	0
12640	-1474.15	-2803.43	0
12650	-1480.23	-2686.72	0
12660	-1487.66	-2564.83	0
12670	-1495.52	-2438.71	0
12680	-1502.65	-2309.51	0
12690	-1507.85	-2179.24	0
12700	-1509.85	-2050.09	0
12710	-1507.55	-1924.42	0
12720	-1500.13	-1804.34	0
12730	-1487.16	-1691.69	0
12740	-1468.63	-1587.57	0
12750	-1444.91	-1492.66	0
12760	-1416.71	-1407.06	0
12770	-1385.1	-1330.87	0
12780	-1351.25	-1263.92	0
12790	-1316.34	-1205.76	0
12800	-1281.51	-1155.83	0
12810	-1247.78	-1113.31	0
12820	-1215.88	-1077.38	0
12830	-1186.02	-1046.97	0
12840	-1158.32	-1021.07	0
12850	-1132.68	-998.502	0
12860	-1108.88	-978.158	0
12870	-1086.55	-959.016	0
12880	-1065.27	-940.148	0
12890	-1044.59	-920.69	0
12900	-1024.12	-899.988	0
12910	-1003.5	-877.453	0
12920	-982.61	-853.099	0
12930	-961.5	-827.386	0
12940	-940.305	-801.031	0
12950	-919.226	-774.831	0
12960	-898.533	-749.598	0
12970	-878.563	-726.179	0
12980	-859.704	-705.343	0
12990	-842.312	-687.703	0
13000	-826.737	-673.767	0
13010	-813.402	-664.139	0
13020	-802.693	-659.208	0
13030	-794.737	-658.931	0
13040	-789.651	-663.24	0
13050	-787.351	-671.76	0
13060	-787.599	-683.89	0
13070	-790.151	-699.113	0
13080	-794.728	-716.975	0
13090	-801.05	-737.146	0
13100	-808.752	-759.201	0
13110	-817.439	-782.8	0
13120	-826.637	-807.371	0
13130	-835.877	-832.501	0
13140	-844.789	-857.62	0
13150	-853.115	-882.278	0
13160	-860.655	-906.138	0
13170	-867.229	-928.844	0
13180	-872.595	-949.751	0
13190	-876.491	-968.062	0
13200	-878.807	-983.327	0
13210	-879.487	-995.136	0
13220	-878.513	-1003.02	0
13230	-875.953	-1006.7	0
13240	-871.952	-1006.06	0
13250	-866.711	-1000.98	0
13260	-860.485	-991.47	0
13270	-853.601	-977.747	0
13280	-846.417	-960.181	0
13290	-839.319	-939.421	0
13300	-832.695	-916.204	0
13310	-827.275	-891.534	0
13320	-824.306	-866.546	0
13330	-824.677	-842.327	0
13340	-828.703	-819.784	0
13350	-836.178	-799.734	0
13360	-846.535	-782.77	0
13370	-859.022	-769.218	0
13380	-872.521	-759.143	0
13390	-885.496	-752.192	0
13400	-896.899	-748.126	0
13410	-909.128	-747.396	0
13420	-922.852	-750.012	0
13430	-937.868	-755.619	0
13440	-953.917	-763.878	0
13450	-970.765	-774.552	0
13460	-988.161	-787.39	0
13470	-1005.79	-801.995	0
13480	-1023.32	-817.86	0
13490	-1040.42	-834.415	0
13500	-1056.8	-851.124	0
13510	-1072.14	-867.371	0
13520	-1086.2	-882.564	0
13530	-1098.75	-896.139	0
13540	-1109.63	-907.532	0
13550	-1118.67	-916.128	0
13560	-1125.78	-921.371	0
13570	-1130.92	-922.795	0
13580	-1134.16	-920.088	0
13590	-1135.57	-912.967	0
13600	-1135.32	-901.401	0
13610	-1133.65	-885.556	0
13620	-1130.84	-865.776	0
13630	-1127.2	-842.531	0
13640	-1123.09	-816.528	0
13650	-1118.96	-789.111	0
13660	-1115.38	-762.274	0
13670	-1112.44	-736.528	0
13680	-1110.19	-712.368	0
13690	-1108.61	-690.165	0
13700	-1107.64	-670.196	0
13710	-1107.22	-652.777	0
13720	-1107.29	-638.19	0
13730	-1107.77	-626.722	0
13740	-1108.6	-618.596	0
13750	-1109.64	-613.861	0
13760	-1110.77	-612.505	0
13770	-1111.99	-614.62	0
13780	-1113.37	-620.437	0
13790	-1114.98	-630.111	0
13800	-1116.92	-643.9	0
13810	-1119.31	-661.874	0
13820	-1122.27	-684.098	0
13830	-1125.86	-710.481	0
13840	-1130.13	-740.851	0
13850	-1135.02	-774.767	0
13860	-1140.4	-811.568	0
13870	-1146.04	-850.349	0
13880	-1151.6	-890.033	0
13890	-1156.68	-929.412	0
13900	-1160.85	-967.352	0
13910	-1163.69	-1002.8	0
13920	-1164.77	-1034.63	0
13930	-1163.66	-1061.72	0
13940	-1159.92	-1083.07	0
13950	-1153.19	-1097.82	0
13960	-1143.21	-1105.31	0
13970	-1129.91	-1105.29	0
13980	-1113.36	-1098.09	0
13990	-1093.76	-1084.92	0
14000	-1071.27	-1066.8	0
14010	-1046.15	-1044.79	0
14020	-1018.73	-1020.12	0
14030	-989.358	-994.06	0
14040	-958.466	-968.054	0
14050	-926.496	-943.573	0
14060	-893.905	-921.979	0
14070	-861.163	-904.723	0
14080	-828.77	-893.234	0
14090	-797.144	-888.643	0
14100	-766.665	-891.926	0
14110	-741.116	-900.441	0
14120	-721.59	-913.562	0
14130	-705.195	-934.313	0
14140	-692.468	-962.428	0
14150	-683.659	-997.398	0
14160	-678.803	-1038.57	0
14170	-677.727	-1085.01	0
14180	-680.063	-1135.51	0
14190	-685.277	-1188.69	0
14200	-692.679	-1242.98	0
14210	-701.506	-1296.73	0
14220	-710.977	-1348.2	0
14230	-720.35	-1395.82	0
14240	-728.977	-1438.15	0
14250	-736.332	-1474.03	0
14260	-742.311	-1503.11	0
14270	-747.637	-1526.64	0
14280	-752.369	-1544.82	0
14290	-756.511	-1558.11	0
14300	-760.11	-1567.05	0
14310	-763.257	-1572.41	0
14320	-766.099	-1575.21	0
14330	-768.834	-1576.7	0
14340	-771.619	-1577.93	0
14350	-774.605	-1579.93	0
14360	-777.932	-1583.63	0
14370	-781.711	-1589.88	0
14380	-786.015	-1599.42	0
14390	-790.911	-1612.73	0
14400	-796.454	-1630.1	0
14410	-802.654	-1651.68	0
14420	-809.465	-1677.21	0
14430	-816.752	-1706.13	0
14440	-824.027	-1737.41	0
14450	-831.43	-1770.58	0
14460	-838.927	-1805.07	0
14470	-846.389	-1840.21	0
14480	-853.712	-1875.43	0
14490	-860.834	-1910.44	0
14500	-867.685	-1944.84	0
14510	-874.212	-1978.35	0
14520	-880.427	-2010.83	0
14530	-886.356	-2042.2	0
14540	-892.068	-2072.53	0
14550	-897.71	-2102.2	0
14560	-903.5	-2131.87	0
14570	-909.629	-2162.04	0
14580	-916.264	-2193.15	0
14590	-923.535	-2225.51	0
14600	-931.469	-2259.16	0
14610	-940.033	-2293.92	0
14620	-949.11	-2329.33	0
14630	-958.473	-2364.59	0
14640	-967.822	-2398.72	0
14650	-976.809	-2430.58	0
14660	-985.075	-2459.06	0
14670	-992.278	-2483.09	0
14680	-998.1	-2501.68	0
14690	-1002.31	-2514.13	0
14700	-1004.75	-2519.97	0
14710	-1005.41	-2519.22	0
14720	-1004.48	-2512.5	0
14730	-1002.15	-2500.42	0
14740	-998.663	-2483.83	0
14750	-994.419	-2463.96	0
14760	-989.794	-2442.02	0
14770	-985.155	-2419.26	0
14780	-980.864	-2397.01	0
14790	-977.261	-2376.59	0
14800	-974.634	-2359.23	0
14810	-973.199	-2346.03	0
14820	-973.094	-2337.9	0
14830	-974.284	-2335.09	0
14840	-976.58	-2337.1	0
14850	-979.714	-2342.97	0
14860	-983.368	-2351.52	0
14870	-987.228	-2361.51	0
14880	-990.973	-2371.69	0
14890	-994.314	-2380.93	0
14900	-997.024	-2388.39	0
14910	-998.912	-2393.49	0
14920	-999.903	-2396.08	0
14930	-999.987	-2396.24	0
14940	-999.231	-2394.31	0
14950	-998.12	-2390.79	0
14960	-997.232	-2386.54	0
14970	-997.058	-2383.24	0
14980	-997.857	-2381.72	0
14990	-999.828	-2382.65	0
15000	-1003.07	-2386.45	0
15010	-1007.56	-2393.24	0
15020	-1013.29	-2402.84	0
15030	-1020.13	-2414.83	0
15040	-1027.63	-2428.55	0
15050	-1035.43	-2443.18	0
15060	-1043.11	-2457.81	0
15070	-1050.26	-2471.45	0
15080	-1056.45	-2483.18	0
15090	-1061.27	-2492.13	0
15100	-1064.34	-2497.51	0
15110	-1065.38	-2498.73	0
15120	-1064.23	-2495.44	0
15130	-1060.85	-2487.55	0
15140	-1055.36	-2475.36	0
15150	-1048.03	-2459.56	0
15160	-1039.22	-2441.09	0
15170	-1029.36	-2421.14	0
15180	-1018.95	-2400.95	0
15190	-1008.48	-2381.82	0
15200	-998.477	-2364.92	0
15210	-989.369	-2351.21	0
15220	-981.541	-2341.41	0
15230	-975.295	-2335.94	0
15240	-971.107	-2336	0
15250	-969.118	-2341.54	0
15260	-969.195	-2351.57	0
15270	-971.07	-2364.77	0
15280	-977.177	-2376.75	0
15290	-986.732	-2386.41	0
15300	-996.333	-2395.21	0
15310	-1005.59	-2401.89	0
15320	-1014.18	-2405.32	0
15330	-1021.83	-2404.62	0
15340	-1028.36	-2399.2	0
15350	-1033.66	-2388.69	0
15360	-1037.7	-2373.05	0
15370	-1040.53	-2352.5	0
15380	-1042.24	-2327.5	0
15390	-1042.97	-2298.76	0
15400	-1042.87	-2267.13	0
15410	-1042.11	-2233.54	0
15420	-1040.85	-2199.01	0
15430	-1039.31	-2164.72	0
15440	-1037.75	-2131.92	0
15450	-1036.39	-2101.74	0
15460	-1035.42	-2075.23	0
15470	-1034.99	-2053.23	0
15480	-1035.19	-2036.35	0
15490	-1036.09	-2024.9	0
15500	-1037.68	-2018.91	0
15510	-1039.92	-2018.21	0
15520	-1042.77	-2022.49	0
15530	-1046.11	-2031.09	0
15540	-1049.82	-2043.37	0
15550	-1053.79	-2058.54	0
15560	-1057.89	-2075.87	0
15570	-1062.03	-2094.64	0
15580	-1066.12	-2114.25	0
15590	-1070.08	-2134.09	0
15600	-1073.85	-2153.67	0
15610	-1077.39	-2172.55	0
15620	-1080.68	-2190.44	0
15630	-1083.71	-2207.14	0
15640	-1086.48	-2222.44	0
15650	-1089.04	-2236.33	0
15660	-1091.43	-2248.86	0
15670	-1093.67	-2260.09	0
15680	-1095.79	-2270.05	0
15690	-1097.83	-2278.84	0
15700	-1099.78	-2286.47	0
15710	-1101.65	-2293.05	0
15720	-1103.44	-2298.56	0
15730	-1105.11	-2303.04	0
15740	-1106.62	-2306.45	0
15750	-1107.92	-2308.75	0
15760	-1108.98	-2309.9	0
15770	-1109.74	-2309.83	0
15780	-1110.16	-2308.43	0
15790	-1110.22	-2305.71	0
15800	-1109.92	-2301.65	0
15810	-1109.23	-2296.22	0
15820	-1108.24	-2289.42	0
15830	-1107.02	-2281.28	0
15840	-1105.64	-2271.94	0
15850	-1104.18	-2261.79	0
15860	-1102.76	-2251.27	0
15870	-1101.5	-2240.94	0
15880	-1100.52	-2231.33	0
15890	-1099.94	-2222.98	0
15900	-1099.8	-2216.26	0
15910	-1100.19	-2211.59	0
15920	-1101.14	-2209.24	0
15930	-1102.67	-2209.38	0
15940	-1104.78	-2212.07	0
15950	-1107.44	-2217.38	0
15960	-1110.69	-2225.22	0
15970	-1114.4	-2235	0
15980	-1118.44	-2246.22	0
15990	-1122.72	-2258.41	0
16000	-1127.1	-2271.21	0
16010	-1131.52	-2284.51	0
16020	-1135.9	-2298.19	0
16030	-1140.13	-2312.08	0
16040	-1144.15	-2325.91	0
16050	-1147.89	-2339.42	0
16060	-1151.3	-2352.32	0
16070	-1154.35	-2364.38	0
16080	-1157.03	-2375.34	0
16090	-1159.2	-2384.74	0
16100	-1160.88	-2392.36	0
16110	-1162.06	-2397.85	0
16120	-1162.75	-2400.94	0
16130	-1162.94	-2401.35	0
16140	-1162.59	-2398.95	0
16150	-1161.77	-2393.82	0
16160	-1160.57	-2386.07	0
16170	-1159.08	-2375.98	0
16180	-1157.41	-2363.96	0
16190	-1155.69	-2350.52	0
16200	-1154.08	-2336.21	0
16210	-1152.64	-2321.44	0
16220	-1151.44	-2306.57	0
16230	-1150.5	-2291.89	0
16240	-1149.86	-2277.77	0
16250	-1149.53	-2264.64	0
16260	-1149.54	-2252.95	0
16270	-1149.93	-2243.21	0
16280	-1150.71	-2235.91	0
16290	-1151.9	-2231.4	0
16300	-1153.49	-2229.98	0
16310	-1155.49	-2231.79	0
16320	-1157.88	-2236.93	0
16330	-1160.61	-2245.26	0
16340	-1163.63	-2256.56	0
16350	-1166.85	-2270.36	0
16360	-1170.16	-2286.07	0
16370	-1173.84	-2302.52	0
16380	-1178.01	-2318.57	0
16390	-1182.46	-2333.46	0
16400	-1186.96	-2346.42	0
16410	-1191.31	-2356.78	0
16420	-1195.35	-2364.19	0
16430	-1198.89	-2368.25	0
16440	-1201.78	-2368.69	0
16450	-1203.88	-2365.36	0
16460	-1205.11	-2358.26	0
16470	-1205.42	-2347.56	0
16480	-1204.81	-2333.5	0
16490	-1203.33	-2316.45	0
16500	-1201.06	-2296.84	0
16510	-1198.14	-2275.13	0
16520	-1194.72	-2251.86	0
16530	-1190.98	-2227.56	0
16540	-1187.09	-2202.69	0
16550	-1183.24	-2177.7	0
16560	-1179.61	-2153.01	0
16570	-1176.36	-2129.03	0
16580	-1173.62	-2106.13	0
16590	-1171.51	-2084.57	0
16600	-1170.09	-2064.55	0
16610	-1169.38	-2046.25	0
16620	-1169.36	-2029.77	0
16630	-1169.98	-2015.19	0
16640	-1171.18	-2002.55	0
16650	-1172.83	-1991.76	0
16660	-1174.78	-1982.72	0
16670	-1176.92	-1975.41	0
16680	-1179.18	-1969.81	0
16690	-1181.43	-1965.84	0
16700	-1183.59	-1963.46	0
16710	-1185.55	-1962.55	0
16720	-1187.22	-1963	0
16730	-1188.52	-1964.66	0
16740	-1189.33	-1967.34	0
16750	-1189.57	-1970.86	0
16760	-1189.16	-1975.04	0
16770	-1188.05	-1979.73	0
16780	-1186.23	-1984.76	0
16790	-1183.65	-1989.96	0
16800	-1180.33	-1995.11	0
16810	-1176.26	-2000.02	0
16820	-1171.49	-2004.53	0
16830	-1166.08	-2008.52	0
16840	-1165.59	-2006.35	0
16850	-1167.19	-2000.85	0
16860	-1168.41	-1994.58	0
16870	-1169.26	-1987.65	0
16880	-1169.73	-1980.02	0
16890	-1169.58	-1971.02	0
16900	-1168.7	-1960	0
16910	-1167.17	-1947.12	0
16920	-1165.16	-1932.75	0
16930	-1162.84	-1917.3	0
16940	-1160.38	-1901.27	0
16950	-1157.97	-1885.14	0
16960	-1155.81	-1869.45	0
16970	-1154.09	-1854.74	0
16980	-1153	-1841.56	0
16990	-1152.7	-1830.4	0
17000	-1153.32	-1821.75	0
17010	-1154.91	-1815.95	0
17020	-1157.54	-1812.93	0
17030	-1161.5	-1812.18	0
17040	-1166.61	-1813.44	0
17050	-1172.61	-1816.5	0
17060	-1179.16	-1821.03	0
17070	-1185.92	-1826.68	0
17080	-1192.56	-1833.09	0
17090	-1198.74	-1839.86	0
17100	-1204.16	-1846.65	0
17110	-1208.55	-1853.19	0
17120	-1211.73	-1859.27	0
17130	-1213.55	-1864.77	0
17140	-1214	-1869.72	0
17150	-1213.09	-1874.2	0
17160	-1210.95	-1878.37	0
17170	-1207.71	-1882.44	0
17180	-1203.56	-1886.72	0
17190	-1198.75	-1891.51	0
17200	-1193.54	-1897.17	0
17210	-1188.22	-1904.02	0
17220	-1183.04	-1912.33	0
17230	-1178.25	-1922.36	0
17240	-1174.11	-1934.37	0
17250	-1170.84	-1948.57	0
17260	-1168.61	-1965.06	0
17270	-1167.55	-1983.91	0
17280	-1167.72	-2005.09	0
17290	-1169.14	-2028.45	0
17300	-1171.73	-2053.8	0
17310	-1175.4	-2080.85	0
17320	-1179.97	-2109.22	0
17330	-1185.22	-2138.43	0
17340	-1190.88	-2167.9	0
17350	-1196.69	-2196.98	0
17360	-1202.34	-2224.92	0
17370	-1207.53	-2250.95	0
17380	-1211.98	-2274.26	0
17390	-1215.44	-2294.05	0
17400	-1217.67	-2309.62	0
17410	-1218.52	-2320.4	0
17420	-1217.87	-2325.99	0
17430	-1215.7	-2326.22	0
17440	-1212.06	-2321.17	0
17450	-1207.1	-2311.27	0
17460	-1201.04	-2297.17	0
17470	-1194.91	-2279.03	0
17480	-1193.29	-2253.63	0
17490	-1191.08	-2227.7	0
17500	-1188.55	-2202.63	0
17510	-1185.96	-2179.74	0
17520	-1183.57	-2160.2	0
17530	-1181.59	-2144.98	0
17540	-1180.22	-2134.81	0
17550	-1179.57	-2130.06	0
17560	-1179.7	-2130.72	0
17570	-1180.61	-2136.35	0
17580	-1182.63	-2145.95	0
17590	-1185.69	-2158.7	0
17600	-1189.54	-2173.71	0
17610	-1193.95	-2189.99	0
17620	-1198.66	-2206.53	0
17630	-1203.41	-2222.31	0
17640	-1207.95	-2236.43	0
17650	-1212.07	-2248.11	0
17660	-1215.55	-2256.73	0
17670	-1218.27	-2261.95	0
17680	-1220.14	-2263.82	0
17690	-1221.13	-2262.39	0
17700	-1221.19	-2257.77	0
17710	-1220.32	-2250.21	0
17720	-1218.58	-2240.14	0
17730	-1216.05	-2227.91	0
17740	-1212.74	-2213.84	0
17750	-1208.72	-2198.25	0
17760	-1204.03	-2181.52	0
17770	-1198.74	-2163.99	0
17780	-1193.03	-2146.05	0
17790	-1186.96	-2128.06	0
17800	-1180.6	-2110.37	0
17810	-1174.08	-2093.36	0
17820	-1170.59	-2074.32	0
17830	-1167.59	-2056.27	0
17840	-1164.83	-2039.87	0
17850	-1162.41	-2025.47	0
17860	-1160.4	-2013.36	0
17870	-1158.86	-2003.83	0
17880	-1157.8	-1997.03	0
17890	-1157.23	-1993.09	0
17900	-1157.13	-1992.02	0
17910	-1157.46	-1993.82	0
17920	-1158.19	-1998.45	0
17930	-1159.31	-2005.73	0
17940	-1161.2	-2015.09	0
17950	-1163.85	-2026.26	0
17960	-1167.21	-2039.07	0
17970	-1171.18	-2053.29	0
17980	-1175.68	-2068.69	0
17990	-1180.56	-2084.93	0
18000	-1185.65	-2101.71	0
