0	0	0	0
10	-4.11271e-13	1.2824e-05	0
20	-1.10719e-09	2.21693e-05	0
30	-6.54642e-09	3.04894e-05	0
40	-1.3563e-08	3.74381e-05	0
50	-2.01661e-08	4.277e-05	0
60	-2.63084e-08	4.63565e-05	0
70	-3.28539e-08	4.81927e-05	0
80	-4.05666e-08	4.83937e-05	0
90	-4.98394e-08	4.71817e-05	0
100	-6.08628e-08	4.48647e-05	0
110	-7.36077e-08	4.1808e-05	0
120	-8.7734e-08	3.8403e-05	0
130	-1.02574e-07	3.50337e-05	0
140	-1.17297e-07	3.20454e-05	0
150	-1.31427e-07	2.97176e-05	0
160	-1.44281e-07	2.82432e-05	0
170	-1.5538e-07	2.77156e-05	0
180	-1.61613e-07	2.81252e-05	0
190	-1.58949e-07	2.93633e-05	0
200	-1.48178e-07	3.1236e-05	0
210	-1.32406e-07	3.34829e-05	0
220	-1.14438e-07	3.5802e-05	0
230	-9.91619e-08	3.78759e-05	0
240	-9.12502e-08	3.93987e-05	0
250	-9.36867e-08	4.01e-05	0
260	-1.11919e-07	3.97653e-05	0
270	-1.46731e-07	3.825e-05	0
280	-1.93963e-07	3.5487e-05	0
290	-2.49844e-07	3.14882e-05	0
300	-3.11332e-07	2.63394e-05	0
310	-3.64358e-07	2.019e-05	0
320	-3.76377e-07	1.32397e-05	0
330	-3.23497e-07	5.73588e-06	0
340	-1.9915e-07	-3.87333e-07	0
350	4.56044e-08	8.10025e-07	0
360	1.26933e-07	3.99914e-07	0
370	-2.08056e-07	5.1266e-07	0
380	5.93601e-08	6.36504e-07	0
390	-1.24012e-07	6.27087e-07	0
400	-1.87509e-07	8.08598e-07	0
410	1.5166e-07	1.54557e-06	0
420	6.9809e-07	1.85714e-06	0
430	1.6173e-06	1.90777e-06	0
440	1.10563e-06	2.92589e-06	0
450	7.08826e-07	2.28301e-06	0
460	1.02096e-06	2.49014e-06	0
470	7.15996e-07	2.78081e-06	0
480	5.5283e-07	2.52403e-06	0
490	-7.50406e-08	2.16073e-06	0
500	-7.52295e-07	1.37772e-06	0
510	-1.72891e-06	2.56636e-07	0
520	-2.94035e-06	-1.20604e-06	0
530	-4.3231e-06	-2.85361e-06	0
540	-6.07968e-06	-2.83728e-06	0
550	-8.36271e-06	3.22457e-07	0
560	-1.1078e-05	6.67717e-06	0
570	-1.43123e-05	1.6025e-05	0
580	-1.8075e-05	2.83698e-05	0
590	-2.23339e-05	4.35977e-05	0
600	-2.70353e-05	6.14755e-05	0
610	-3.21049e-05	8.1657e-05	0
620	-3.74477e-05	0.000103698	0
630	-4.29466e-05	0.000127095	0
640	-4.84689e-05	0.000151323	0
650	-5.38822e-05	0.00017586	0
660	-5.90457e-05	0.000200194	0
670	-6.38124e-05	0.000223846	0
680	-6.8038e-05	0.000246361	0
690	-7.15471e-05	0.000267322	0
700	-7.41084e-05	0.000286336	0
710	-7.55341e-05	0.000303026	0
720	-7.56703e-05	0.00031701	0
730	-7.42788e-05	0.000327872	0
740	-7.1533e-05	0.000335092	0
750	-6.72432e-05	0.000338075	0
760	-6.11654e-05	0.00033625	0
770	-5.32993e-05	0.000329037	0
780	-4.24411e-05	0.000315757	0
790	-2.87464e-05	0.000295636	0
800	-1.22431e-05	0.000267671	0
810	6.71601e-06	0.000231031	0
820	2.76323e-05	0.000186319	0
830	5.02985e-05	0.000134562	0
840	7.42532e-05	7.68464e-05	0
850	9.86486e-05	1.45473e-05	0
860	0.00012243	-4.68372e-05	0
870	0.000144456	-0.000100637	0
880	0.000163575	-0.000154675	0
890	0.00017869	-0.000207664	0
900	0.000188828	-0.000258221	0
910	0.000193221	-0.000304869	0
920	0.000191345	-0.000346185	0
930	0.00018297	-0.000380899	0
940	0.000168183	-0.000407981	0
950	0.000147407	-0.000426732	0
960	0.000121401	-0.000436878	0
970	9.12277e-05	-0.000438648	0
980	5.81801e-05	-0.000432832	0
990	2.36918e-05	-0.000420792	0
1000	-1.07629e-05	-0.000404365	0
1010	-4.37777e-05	-0.000385685	0
1020	-7.40791e-05	-0.000367015	0
1030	-0.00010055	-0.000350606	0
1040	-0.000122258	-0.00033863	0
1050	-0.000138489	-0.000333017	0
1060	-0.000148793	-0.000335891	0
1070	-0.000153009	-0.000348865	0
1080	-0.000151268	-0.000371963	0
1090	-0.000143978	-0.000404376	0
1100	-0.000131807	-0.000444479	0
1110	-0.000115628	-0.000489899	0
1120	-9.64714e-05	-0.000537639	0
1130	-7.54625e-05	-0.000584238	0
1140	-5.3744e-05	-0.000625984	0
1150	-3.24079e-05	-0.000659135	0
1160	-1.24405e-05	-0.000680165	0
1170	5.32638e-06	-0.000686121	0
1180	2.02144e-05	-0.000674969	0
1190	3.17773e-05	-0.000645025	0
1200	3.97961e-05	-0.000595535	0
1210	4.42597e-05	-0.000526848	0
1220	4.53411e-05	-0.000440408	0
1230	4.33691e-05	-0.000338716	0
1240	3.87934e-05	-0.000225269	0
1250	3.21624e-05	-0.000104405	0
1260	2.39302e-05	8.93081e-06	0
1270	1.44355e-05	0.00010763	0
1280	6.52361e-06	0.000200505	0
1290	-6.09434e-07	0.000284344	0
1300	-6.90145e-06	0.000355848	0
1310	-1.21128e-05	0.000412262	0
1320	-1.60491e-05	0.000451543	0
1330	-1.86077e-05	0.000472492	0
1340	-1.97349e-05	0.000474841	0
1350	-1.94329e-05	0.000459269	0
1360	-1.77835e-05	0.000427356	0
1370	-1.49267e-05	0.00038148	0
1380	-1.10436e-05	0.000324675	0
1390	-6.40091e-06	0.00026045	0
1400	-1.30435e-06	0.000192578	0
1410	3.95521e-06	0.00012488	0
1420	9.08233e-06	6.10092e-05	0
1430	1.37733e-05	4.25578e-06	0
1440	1.77326e-05	-4.26196e-05	0
1450	2.06437e-05	-6.50952e-05	0
1460	2.24484e-05	-7.31206e-05	0
1470	2.30072e-05	-6.83017e-05	0
1480	2.23158e-05	-5.16658e-05	0
1490	2.04586e-05	-2.64576e-05	0
1500	1.7396e-05	-7.34118e-06	0
1510	1.34033e-05	1.8093e-05	0
1520	8.57401e-06	4.81897e-05	0
1530	3.10169e-06	8.12606e-05	0
1540	-2.77994e-06	0.000115684	0
1550	-8.79057e-06	0.000149989	0
1560	-1.45852e-05	0.000182949	0
1570	-1.97345e-05	0.000213697	0
1580	-2.37176e-05	0.000241739	0
1590	-2.64967e-05	0.000266705	0
1600	-2.84711e-05	0.000288193	0
1610	-2.95006e-05	0.00030585	0
1620	-2.96047e-05	0.000319428	0
1630	-2.88349e-05	0.000328789	0
1640	-2.72589e-05	0.000333885	0
1650	-2.49637e-05	0.000334746	0
1660	-2.20551e-05	0.000331466	0
1670	-1.8656e-05	0.000324201	0
1680	-1.49041e-05	0.000313172	0
1690	-1.09491e-05	0.000298672	0
1700	-6.94649e-06	0.000281085	0
1710	-3.04893e-06	0.000260902	0
1720	6.03194e-07	0.000238738	0
1730	3.89156e-06	0.000215342	0
1740	6.72744e-06	0.000191601	0
1750	9.05809e-06	0.000168528	0
1760	1.08698e-05	0.000147236	0
1770	1.21885e-05	0.000128897	0
1780	1.30775e-05	0.000114687	0
1790	1.36317e-05	0.000105714	0
1800	1.397e-05	0.000102946	0
1810	1.42246e-05	0.000107134	0
1820	1.45298e-05	0.000118738	0
1830	1.50125e-05	0.000137848	0
1840	1.57792e-05	0.000164128	0
1850	1.69008e-05	0.000196776	0
1860	1.84119e-05	0.000234521	0
1870	2.03055e-05	0.000275639	0
1880	2.25243e-05	0.00031802	0
1890	2.49675e-05	0.000359256	0
1900	2.74962e-05	0.000396768	0
1910	2.99284e-05	0.000427954	0
1920	3.20565e-05	0.000450353	0
1930	3.36597e-05	0.00046181	0
1940	3.45175e-05	0.000460636	0
1950	3.44235e-05	0.000445738	0
1960	3.3199e-05	0.000416731	0
1970	3.07051e-05	0.000373994	0
1980	2.68527e-05	0.000318694	0
1990	2.16104e-05	0.000252749	0
2000	1.49989e-05	0.000178777	0
2010	7.06491e-06	0.000100057	0
2020	-2.15699e-06	2.64832e-05	0
2030	-1.20697e-05	-3.84276e-05	0
2040	-2.15945e-05	-9.84117e-05	0
2050	-3.02606e-05	-0.000151643	0
2060	-3.80936e-05	-0.000196199	0
2070	-4.507e-05	-0.000230512	0
2080	-5.1075e-05	-0.000253553	0
2090	-5.59527e-05	-0.000264953	0
2100	-5.95568e-05	-0.000265035	0
2110	-6.17702e-05	-0.000254786	0
2120	-6.2508e-05	-0.000235771	0
2130	-6.17188e-05	-0.000210016	0
2140	-5.9402e-05	-0.000179851	0
2150	-5.5618e-05	-0.000147732	0
2160	-5.04467e-05	-0.000116068	0
2170	-4.39689e-05	-8.70596e-05	0
2180	-3.62884e-05	-6.2573e-05	0
2190	-2.75482e-05	-4.4065e-05	0
2200	-1.79095e-05	-3.25198e-05	0
2210	-7.50671e-06	-2.83665e-05	0
2220	3.56831e-06	-3.14153e-05	0
2230	1.52337e-05	-4.08767e-05	0
2240	2.73773e-05	-5.54588e-05	0
2250	3.98362e-05	-7.35104e-05	0
2260	5.23903e-05	-9.3184e-05	0
2270	6.4765e-05	-0.000112605	0
2280	7.66404e-05	-0.000130034	0
2290	8.76591e-05	-0.000144013	0
2300	9.74275e-05	-0.000153477	0
2310	0.000105545	-0.000157828	0
2320	0.00011162	-0.000156968	0
2330	0.000115292	-0.000151285	0
2340	0.000116248	-0.000141593	0
2350	0.000114247	-0.000129052	0
2360	0.000109138	-0.000115046	0
2370	0.000100877	-0.000101061	0
2380	8.95415e-05	-8.85561e-05	0
2390	7.53374e-05	-7.88464e-05	0
2400	5.86031e-05	-7.3009e-05	0
2410	3.98012e-05	-7.18194e-05	0
2420	1.95018e-05	-7.5719e-05	0
2430	-1.65099e-06	-8.4806e-05	0
2440	-2.29828e-05	-9.88385e-05	0
2450	-4.38296e-05	-0.000117248	0
2460	-6.35613e-05	-0.000139185	0
2470	-8.15881e-05	-0.000163594	0
2480	-9.73697e-05	-0.000189317	0
2490	-0.00011043	-0.000215193	0
2500	-0.00012038	-0.000240142	0
2510	-0.000126933	-0.00026323	0
2520	-0.000129929	-0.000283707	0
2530	-0.000129333	-0.000301021	0
2540	-0.000125248	-0.00031481	0
2550	-0.000117903	-0.000324865	0
2560	-0.000107649	-0.000331095	0
2570	-9.49356e-05	-0.000333475	0
2580	-8.0289e-05	-0.000332002	0
2590	-6.42763e-05	-0.000326664	0
2600	-4.7504e-05	-0.000317416	0
2610	-3.0673e-05	-0.000304158	0
2620	-1.43485e-05	-0.000286723	0
2630	1.08081e-06	-0.000264896	0
2640	1.52758e-05	-0.000238481	0
2650	2.7954e-05	-0.000207376	0
2660	3.89017e-05	-0.000171662	0
2670	4.79735e-05	-0.000131676	0
2680	5.50916e-05	-8.80669e-05	0
2690	6.02434e-05	-4.18261e-05	0
2700	6.3475e-05	5.71846e-06	0
2710	6.48978e-05	5.29413e-05	0
2720	6.45689e-05	8.21275e-05	0
2730	6.28064e-05	0.000108254	0
2740	5.97352e-05	0.000130218	0
2750	5.55327e-05	0.000146944	0
2760	5.03626e-05	0.000157448	0
2770	4.43078e-05	0.000160762	0
2780	3.71966e-05	0.000154957	0
2790	3.01569e-05	0.000140125	0
2800	2.41065e-05	0.000119095	0
2810	1.8039e-05	9.33329e-05	0
2820	1.25952e-05	6.44062e-05	0
2830	7.53152e-06	3.4023e-05	0
2840	2.82439e-06	3.99003e-06	0
2850	-1.16149e-06	-1.51639e-05	0
2860	-5.25902e-06	-2.56706e-05	0
2870	-9.00161e-06	-3.17419e-05	0
2880	-1.23588e-05	-3.27834e-05	0
2890	-1.53208e-05	-3.86414e-05	0
2900	-1.78092e-05	-4.32269e-05	0
2910	-1.98158e-05	-4.18599e-05	0
2920	-2.13369e-05	-3.4579e-05	0
2930	-2.23706e-05	-2.18171e-05	0
2940	-2.28849e-05	-4.37288e-06	0
2950	-2.28934e-05	1.66476e-05	0
2960	-2.24186e-05	3.99146e-05	0
2970	-2.14871e-05	6.39766e-05	0
2980	-2.0135e-05	8.73719e-05	0
2990	-1.84078e-05	0.000108741	0
3000	-1.63599e-05	0.000126931	0
3010	-1.40521e-05	0.000141078	0
3020	-1.15494e-05	0.000150673	0
3030	-8.91796e-06	0.000155593	0
3040	-6.22351e-06	0.0001561	0
3050	-3.52943e-06	0.000152812	0
3060	-8.9554e-07	0.000146642	0
3070	1.62331e-06	0.000138716	0
3080	3.97782e-06	0.000130271	0
3090	6.1255e-06	0.000122548	0
3100	8.03112e-06	0.000116684	0
3110	9.66749e-06	0.000113618	0
3120	1.10153e-05	0.000114009	0
3130	1.20627e-05	0.000118184	0
3140	1.28034e-05	0.000126115	0
3150	1.32351e-05	0.000137428	0
3160	1.33555e-05	0.000151436	0
3170	1.31618e-05	0.000167207	0
3180	1.26548e-05	0.000183647	0
3190	1.18393e-05	0.00019959	0
3200	1.07241e-05	0.000213902	0
3210	9.324e-06	0.00022557	0
3220	7.66268e-06	0.000233785	0
3230	5.77474e-06	0.000237996	0
3240	3.70739e-06	0.000237949	0
3250	1.52122e-06	0.000233689	0
3260	-7.09983e-07	0.000225541	0
3270	-2.90095e-06	0.000214064	0
3280	-4.95791e-06	0.00019998	0
3290	-6.78416e-06	0.000184103	0
3300	-8.28675e-06	0.000167244	0
3310	-9.38469e-06	0.000150134	0
3320	-1.00162e-05	0.000133354	0
3330	-1.01434e-05	0.000117283	0
3340	-9.75304e-06	0.000102077	0
3350	-8.85248e-06	8.76707e-05	0
3360	-7.46549e-06	7.3805e-05	0
3370	-5.63006e-06	6.00802e-05	0
3380	-3.39995e-06	4.602e-05	0
3390	-8.46834e-07	3.11514e-05	0
3400	1.93898e-06	1.50857e-05	0
3410	4.84993e-06	-2.40475e-06	0
3420	7.76483e-06	-2.13234e-05	0
3430	1.0554e-05	-4.14084e-05	0
3440	1.30859e-05	-6.21166e-05	0
3450	1.52338e-05	-8.26378e-05	0
3460	1.68802e-05	-9.61559e-05	0
3470	1.79539e-05	-9.88201e-05	0
3480	1.83678e-05	-9.8737e-05	0
3490	1.80683e-05	-9.53681e-05	0
3500	1.70008e-05	-8.81729e-05	0
3510	1.50389e-05	-7.6244e-05	0
3520	1.17506e-05	-5.72713e-05	0
3530	9.26574e-06	-3.36874e-05	0
3540	7.05953e-06	-7.08078e-06	0
3550	4.67063e-06	2.15039e-05	0
3560	2.83929e-06	4.60726e-05	0
3570	1.27457e-06	5.94003e-05	0
3580	-1.86802e-07	7.19635e-05	0
3590	-1.51179e-06	8.32859e-05	0
3600	-2.68909e-06	9.29043e-05	0
3610	-3.7162e-06	0.000100382	0
3620	-4.60167e-06	0.000105323	0
3630	-5.3635e-06	0.000107385	0
3640	-6.02617e-06	0.00010631	0
3650	-6.61592e-06	0.000101939	0
3660	-7.17289e-06	9.42314e-05	0
3670	-7.68309e-06	8.32979e-05	0
3680	-7.93023e-06	6.95507e-05	0
3690	-7.88974e-06	5.35691e-05	0
3700	-7.62861e-06	3.60371e-05	0
3710	-6.97495e-06	1.77411e-05	0
3720	-6.16551e-06	6.52807e-06	0
3730	-5.53821e-06	2.62722e-06	0
3740	-4.79945e-06	-1.20893e-06	0
3750	-4.21851e-06	-5.18051e-06	0
3760	-4.25131e-06	-1.0794e-05	0
3770	-4.24549e-06	-1.66331e-05	0
3780	-4.25426e-06	-2.26824e-05	0
3790	-4.14303e-06	-2.90425e-05	0
3800	-4.09125e-06	-3.61256e-05	0
3810	-4.04508e-06	-4.40932e-05	0
3820	-3.97402e-06	-5.28271e-05	0
3830	-3.86425e-06	-6.20684e-05	0
3840	-3.70517e-06	-7.14302e-05	0
3850	-3.48976e-06	-8.04241e-05	0
3860	-3.21365e-06	-8.85012e-05	0
3870	-2.87517e-06	-9.51019e-05	0
3880	-2.47579e-06	-9.9711e-05	0
3890	-2.02005e-06	-0.000101911	0
3900	-1.51654e-06	-0.000101431	0
3910	-9.7685e-07	-9.81772e-05	0
3920	-4.14211e-07	-9.22587e-05	0
3930	1.54701e-07	-8.39833e-05	0
3940	7.11136e-07	-7.38414e-05	0
3950	1.23561e-06	-6.24688e-05	0
3960	1.70881e-06	-5.05965e-05	0
3970	2.11297e-06	-3.89887e-05	0
3980	2.43249e-06	-2.83775e-05	0
3990	2.65462e-06	-1.93998e-05	0
4000	2.77059e-06	-1.2542e-05	0
4010	2.77615e-06	-8.09925e-06	0
4020	2.6716e-06	-6.15378e-06	0
4030	2.46204e-06	-6.5734e-06	0
4040	2.15681e-06	-9.03186e-06	0
4050	1.76618e-06	-1.30484e-05	0
4060	1.30245e-06	-1.80432e-05	0
4070	7.80848e-07	-2.34025e-05	0
4080	2.15508e-07	-2.85478e-05	0
4090	-3.79284e-07	-3.30018e-05	0
4100	-9.89131e-07	-3.6443e-05	0
4110	-1.59976e-06	-3.8746e-05	0
4120	-2.19808e-06	-3.99995e-05	0
4130	-2.77112e-06	-4.05021e-05	0
4140	-3.30626e-06	-4.07348e-05	0
4150	-3.79433e-06	-4.13119e-05	0
4160	-4.2285e-06	-4.29155e-05	0
4170	-4.60501e-06	-4.62181e-05	0
4180	-4.91284e-06	-5.18005e-05	0
4190	-5.13413e-06	-6.0072e-05	0
4200	-5.22832e-06	-7.1201e-05	0
4210	-5.12446e-06	-8.50728e-05	0
4220	-4.73919e-06	-0.000101293	0
4230	-4.03578e-06	-0.000119225	0
4240	-2.97383e-06	-0.000138023	0
4250	-1.57903e-06	-0.000156656	0
4260	8.29982e-08	-0.000173955	0
4270	1.94022e-06	-0.000188697	0
4280	3.92202e-06	-0.000199695	0
4290	5.96175e-06	-0.000205885	0
4300	7.99977e-06	-0.00020641	0
4310	9.95446e-06	-0.000200683	0
4320	1.17065e-05	-0.000188449	0
4330	1.30674e-05	-0.000169814	0
4340	1.39149e-05	-0.000145135	0
4350	1.43088e-05	-0.000114963	0
4360	1.43472e-05	-7.99907e-05	0
4370	1.40547e-05	-4.10112e-05	0
4380	1.35264e-05	1.27362e-06	0
4390	1.31214e-05	4.02124e-05	0
4400	1.25667e-05	6.80632e-05	0
4410	1.18064e-05	9.53692e-05	0
4420	1.08684e-05	0.000121371	0
4430	9.67931e-06	0.000145417	0
4440	8.23188e-06	0.000166939	0
4450	6.53559e-06	0.000185463	0
4460	4.61918e-06	0.000200607	0
4470	2.5305e-06	0.000212051	0
4480	3.33005e-07	0.000219491	0
4490	-1.89591e-06	0.000222652	0
4500	-4.02956e-06	0.000221337	0
4510	-5.89234e-06	0.000215439	0
4520	-7.43498e-06	0.000204952	0
4530	-8.56097e-06	0.000189968	0
4540	-9.13455e-06	0.000170678	0
4550	-9.05056e-06	0.000147381	0
4560	-8.29194e-06	0.000120531	0
4570	-6.98229e-06	9.08837e-05	0
4580	-5.3171e-06	5.95909e-05	0
4590	-3.47562e-06	2.79446e-05	0
4600	-1.67677e-06	2.66375e-06	0
4610	8.32233e-08	-1.25767e-05	0
4620	1.73405e-06	-2.52936e-05	0
4630	3.18553e-06	-3.50515e-05	0
4640	4.39894e-06	-4.15669e-05	0
4650	5.33848e-06	-4.47077e-05	0
4660	5.95879e-06	-4.44933e-05	0
4670	6.20563e-06	-4.10947e-05	0
4680	5.80725e-06	-4.20783e-05	0
4690	5.42886e-06	-4.4672e-05	0
4700	4.5524e-06	-4.73156e-05	0
4710	3.45361e-06	-4.70462e-05	0
4720	2.03233e-06	-4.39155e-05	0
4730	2.69209e-07	-3.81336e-05	0
4740	-1.84773e-06	-3.00598e-05	0
4750	-4.291e-06	-2.0184e-05	0
4760	-7.01157e-06	-9.09725e-06	0
4770	-9.95757e-06	2.54574e-06	0
4780	-1.30674e-05	1.40688e-05	0
4790	-1.62665e-05	2.48166e-05	0
4800	-1.94748e-05	3.41948e-05	0
4810	-2.2616e-05	4.17065e-05	0
4820	-2.56219e-05	4.69854e-05	0
4830	-2.84305e-05	4.98211e-05	0
4840	-3.0991e-05	5.01701e-05	0
4850	-3.32581e-05	4.81559e-05	0
4860	-3.51834e-05	4.40582e-05	0
4870	-3.67315e-05	3.82931e-05	0
4880	-3.78762e-05	3.13846e-05	0
4890	-3.85978e-05	2.39318e-05	0
4900	-3.88841e-05	1.65702e-05	0
4910	-3.87293e-05	9.9334e-06	0
4920	-3.81353e-05	4.61452e-06	0
4930	-3.71119e-05	1.1323e-06	0
4940	-3.56749e-05	-9.86365e-08	0
4950	-3.38447e-05	1.2098e-06	0
4960	-3.16461e-05	5.20535e-06	0
4970	-2.91084e-05	1.18901e-05	0
4980	-2.62652e-05	2.11233e-05	0
4990	-2.31544e-05	3.26323e-05	0
5000	-1.98185e-05	4.6029e-05	0
5010	-1.63057e-05	6.08322e-05	0
5020	-1.26757e-05	7.64934e-05	0
5030	-8.97601e-06	9.24235e-05	0
5040	-5.25438e-06	0.000108021	0
5050	-1.56429e-06	0.0001227	0
5060	2.04679e-06	0.000135912	0
5070	5.54098e-06	0.000147164	0
5080	8.88979e-06	0.000156036	0
5090	1.2073e-05	0.000162191	0
5100	1.50751e-05	0.000165387	0
5110	1.78829e-05	0.000165483	0
5120	2.04867e-05	0.000162448	0
5130	2.28712e-05	0.000156367	0
5140	2.50166e-05	0.000147441	0
5150	2.68944e-05	0.000135984	0
5160	2.84549e-05	0.000122409	0
5170	2.965e-05	0.000107214	0
5180	3.04455e-05	9.09592e-05	0
5190	3.07931e-05	7.42384e-05	0
5200	3.06399e-05	5.76513e-05	0
5210	2.99247e-05	4.17764e-05	0
5220	2.85581e-05	2.71583e-05	0
5230	2.63074e-05	1.60132e-05	0
5240	2.34923e-05	1.55257e-05	0
5250	1.92405e-05	1.46126e-05	0
5260	1.64348e-05	1.25304e-05	0
5270	1.31613e-05	1.10147e-05	0
5280	9.67009e-06	1.05247e-05	0
5290	6.06862e-06	9.61727e-06	0
5300	2.94983e-06	7.61314e-06	0
5310	-2.79362e-08	5.07026e-06	0
5320	-2.11858e-06	2.39878e-06	0
5330	-4.16261e-06	2.08277e-07	0
5340	-5.79461e-06	-1.00205e-06	0
5350	-6.91828e-06	-1.40044e-06	0
5360	-7.33607e-06	-1.35025e-06	0
5370	-7.64615e-06	-4.04484e-06	0
5380	-7.46666e-06	-1.0351e-05	0
5390	-6.80567e-06	-2.02248e-05	0
5400	-5.71123e-06	-3.33496e-05	0
5410	-4.24777e-06	-4.91569e-05	0
5420	-2.49106e-06	-6.68706e-05	0
5430	-5.28922e-07	-8.55696e-05	0
5440	1.53819e-06	-0.000104264	0
5450	3.60413e-06	-0.000121978	0
5460	5.56793e-06	-0.000137834	0
5470	7.33444e-06	-0.00015112	0
5480	8.81772e-06	-0.000161357	0
5490	9.94376e-06	-0.000168327	0
5500	1.06549e-05	-0.000172095	0
5510	1.09156e-05	-0.000172993	0
5520	1.07161e-05	-0.000171587	0
5530	1.00704e-05	-0.000168619	0
5540	9.00836e-06	-0.000164937	0
5550	7.59925e-06	-0.000161408	0
5560	5.92792e-06	-0.000158836	0
5570	4.08917e-06	-0.000157879	0
5580	2.17625e-06	-0.00015898	0
5590	2.9281e-07	-0.000162312	0
5600	-1.44459e-06	-0.000167747	0
5610	-2.963e-06	-0.000174857	0
5620	-4.19409e-06	-0.000182926	0
5630	-5.07431e-06	-0.000191004	0
5640	-5.56882e-06	-0.000197971	0
5650	-5.6567e-06	-0.00020262	0
5660	-5.33075e-06	-0.000203751	0
5670	-4.59826e-06	-0.00020027	0
5680	-3.4818e-06	-0.000191284	0
5690	-2.01909e-06	-0.000176177	0
5700	-2.60071e-07	-0.000154677	0
5710	1.73792e-06	-0.000126894	0
5720	3.91296e-06	-9.33376e-05	0
5730	6.19596e-06	-5.49002e-05	0
5740	8.50039e-06	-1.28252e-05	0
5750	1.07217e-05	3.13534e-05	0
5760	1.27594e-05	7.58732e-05	0
5770	1.34049e-05	0.000109456	0
5780	1.48426e-05	0.000134005	0
5790	1.65568e-05	0.00015492	0
5800	1.81318e-05	0.000171307	0
5810	1.94453e-05	0.000182288	0
5820	2.0402e-05	0.000187079	0
5830	2.08952e-05	0.00018499	0
5840	2.0796e-05	0.000175325	0
5850	2.01004e-05	0.000157712	0
5860	1.91637e-05	0.000132978	0
5870	1.81928e-05	0.000102457	0
5880	1.70773e-05	6.74885e-05	0
5890	1.46284e-05	3.52519e-05	0
5900	1.25449e-05	8.26906e-06	0
5910	1.09299e-05	-1.99883e-05	0
5920	9.03992e-06	-4.86612e-05	0
5930	6.87656e-06	-7.68287e-05	0
5940	4.60244e-06	-0.000103516	0
5950	1.89183e-06	-0.000127751	0
5960	-1.21751e-06	-0.000148563	0
5970	-4.62565e-06	-0.000165022	0
5980	-8.21874e-06	-0.000176271	0
5990	-1.18901e-05	-0.000181569	0
6000	-1.55461e-05	-0.000180398	0
6010	-1.89334e-05	-0.000172511	0
6020	-2.19047e-05	-0.000157971	0
6030	-2.43668e-05	-0.000137181	0
6040	-2.6255e-05	-0.000110922	0
6050	-2.71884e-05	-8.97622e-05	0
6060	-2.76148e-05	-7.13643e-05	0
6070	-2.7448e-05	-5.00615e-05	0
6080	-2.66708e-05	-2.66094e-05	0
6090	-2.5355e-05	-1.86402e-06	0
6100	-2.36117e-05	2.33001e-05	0
6110	-2.15006e-05	4.80571e-05	0
6120	-1.91001e-05	7.16702e-05	0
6130	-1.65151e-05	9.35096e-05	0
6140	-1.38019e-05	0.000113063	0
6150	-1.10009e-05	0.000129942	0
6160	-8.14855e-06	0.00014388	0
6170	-5.37432e-06	0.000154729	0
6180	-2.87449e-06	0.000162444	0
6190	-6.20057e-07	0.000167053	0
6200	1.45019e-06	0.000168641	0
6210	3.37724e-06	0.000167335	0
6220	5.18378e-06	0.000163293	0
6230	6.88853e-06	0.000156691	0
6240	8.51457e-06	0.000147713	0
6250	1.00892e-05	0.000136552	0
6260	1.16443e-05	0.000123409	0
6270	1.32153e-05	0.000108501	0
6280	1.4833e-05	9.20746e-05	0
6290	1.65154e-05	7.44194e-05	0
6300	1.82588e-05	5.58809e-05	0
6310	2.00384e-05	3.68777e-05	0
6320	2.18212e-05	1.79142e-05	0
6330	2.35614e-05	-4.12133e-07	0
6340	2.51946e-05	-1.74104e-05	0
6350	2.66401e-05	-3.23063e-05	0
6360	2.78069e-05	-4.42643e-05	0
6370	2.86109e-05	-5.24236e-05	0
6380	2.89685e-05	-5.59484e-05	0
6390	2.87399e-05	-5.40839e-05	0
6400	2.81747e-05	-4.62112e-05	0
6410	2.72253e-05	-3.19022e-05	0
6420	2.58174e-05	-1.09827e-05	0
6430	2.38682e-05	1.64113e-05	0
6440	2.12978e-05	4.9795e-05	0
6450	1.8048e-05	8.83147e-05	0
6460	1.41043e-05	0.000130745	0
6470	9.51596e-06	0.000175511	0
6480	4.40346e-06	0.000220748	0
6490	-1.073e-06	0.000264401	0
6500	-6.77029e-06	0.000304317	0
6510	-1.25919e-05	0.000338329	0
6520	-1.84677e-05	0.000364349	0
6530	-2.43351e-05	0.000380492	0
6540	-3.00983e-05	0.000385185	0
6550	-3.5448e-05	0.000377258	0
6560	-4.0272e-05	0.000356012	0
6570	-4.45346e-05	0.000321309	0
6580	-4.81059e-05	0.000273613	0
6590	-5.08478e-05	0.000214005	0
6600	-5.26373e-05	0.000144155	0
6610	-5.33721e-05	6.62631e-05	0
6620	-5.29073e-05	-1.70282e-05	0
6630	-5.12591e-05	-0.000102718	0
6640	-4.78846e-05	-0.000176617	0
6650	-4.40474e-05	-0.000247064	0
6660	-3.93875e-05	-0.000311559	0
6670	-3.3892e-05	-0.00036783	0
6680	-2.76854e-05	-0.000413857	0
6690	-2.11126e-05	-0.000447915	0
6700	-1.43246e-05	-0.000468721	0
6710	-7.64226e-06	-0.000475505	0
6720	-1.29827e-06	-0.000468102	0
6730	4.67933e-06	-0.000446991	0
6740	1.01523e-05	-0.000413287	0
6750	1.50163e-05	-0.000368621	0
6760	1.92222e-05	-0.000314994	0
6770	2.27239e-05	-0.000254655	0
6780	2.53555e-05	-0.000189967	0
6790	2.71917e-05	-0.000123246	0
6800	2.81399e-05	-6.54626e-05	0
6810	2.84028e-05	-1.79791e-05	0
6820	2.79724e-05	2.74055e-05	0
6830	2.68663e-05	7.03833e-05	0
6840	2.51697e-05	0.000110962	0
6850	2.31608e-05	0.000148944	0
6860	2.12661e-05	0.000183472	0
6870	1.96752e-05	0.000213736	0
6880	1.83691e-05	0.000239253	0
6890	1.7304e-05	0.000259772	0
6900	1.64506e-05	0.000275212	0
6910	1.57685e-05	0.000285657	0
6920	1.5262e-05	0.000291328	0
6930	1.49164e-05	0.000292548	0
6940	1.47006e-05	0.000289775	0
6950	1.45631e-05	0.000283549	0
6960	1.43279e-05	0.000274422	0
6970	1.40676e-05	0.000262924	0
6980	1.36985e-05	0.000249539	0
6990	1.3152e-05	0.000234687	0
7000	1.23608e-05	0.00021871	0
7010	1.12613e-05	0.000201862	0
7020	9.85252e-06	0.000184322	0
7030	7.92599e-06	0.000167646	0
7040	5.92354e-06	0.000161342	0
7050	3.6592e-06	0.000151025	0
7060	1.4645e-06	0.000140226	0
7070	-9.51984e-07	0.000125775	0
7080	-3.67655e-06	0.000109921	0
7090	-5.62727e-06	9.10266e-05	0
7100	-7.42239e-06	7.15411e-05	0
7110	-8.47747e-06	4.87729e-05	0
7120	-8.97792e-06	2.30881e-05	0
7130	-9.00175e-06	-4.65433e-06	0
7140	-8.6389e-06	-3.33061e-05	0
7150	-7.9276e-06	-6.1586e-05	0
7160	-7.09486e-06	-8.83067e-05	0
7170	-6.81658e-06	-0.000113463	0
7180	-7.05315e-06	-0.000136915	0
7190	-7.74541e-06	-0.000157947	0
7200	-8.90507e-06	-0.00017617	0
7210	-8.81992e-06	-0.000190558	0
7220	-9.47589e-06	-0.0002019	0
7230	-9.94516e-06	-0.000209982	0
7240	-9.95407e-06	-0.00021494	0
7250	-9.56782e-06	-0.000217112	0
7260	-8.85716e-06	-0.000216965	0
7270	-7.89326e-06	-0.000215043	0
7280	-6.77495e-06	-0.000211904	0
7290	-5.59394e-06	-0.000208064	0
7300	-4.41984e-06	-0.000203922	0
7310	-3.29975e-06	-0.000199734	0
7320	-2.27134e-06	-0.000195586	0
7330	-1.36435e-06	-0.000191388	0
7340	-5.89914e-07	-0.000186883	0
7350	5.11694e-08	-0.00018167	0
7360	5.52864e-07	-0.00017523	0
7370	8.98637e-07	-0.000166966	0
7380	1.04976e-06	-0.000156211	0
7390	1.65944e-06	-0.000141405	0
7400	2.4097e-06	-0.000123156	0
7410	3.5465e-06	-0.000101926	0
7420	4.52889e-06	-7.78231e-05	0
7430	5.64333e-06	-5.07659e-05	0
7440	6.13448e-06	-2.12278e-05	0
7450	7.19457e-06	4.48165e-06	0
7460	8.08506e-06	2.06536e-05	0
7470	8.6205e-06	3.66096e-05	0
7480	9.17108e-06	5.20862e-05	0
7490	9.79176e-06	6.68421e-05	0
7500	1.04751e-05	8.07272e-05	0
7510	1.11868e-05	9.36809e-05	0
7520	1.18716e-05	0.000105721	0
7530	1.24594e-05	0.000116933	0
7540	1.28875e-05	0.000127445	0
7550	1.30945e-05	0.000137396	0
7560	1.30127e-05	0.000146895	0
7570	1.25651e-05	0.000155983	0
7580	1.16795e-05	0.000164601	0
7590	1.02979e-05	0.000172563	0
7600	8.4147e-06	0.000179544	0
7610	6.10284e-06	0.00018507	0
7620	3.39801e-06	0.000188543	0
7630	2.20818e-07	0.000189277	0
7640	-3.2305e-06	0.000186554	0
7650	-6.8729e-06	0.000179688	0
7660	-1.05469e-05	0.000168105	0
7670	-1.41724e-05	0.000151432	0
7680	-1.75536e-05	0.000129568	0
7690	-2.05449e-05	0.000102676	0
7700	-2.30412e-05	7.11423e-05	0
7710	-2.49483e-05	3.55987e-05	0
7720	-2.61453e-05	-3.08131e-06	0
7730	-2.67646e-05	-4.36724e-05	0
7740	-2.47154e-05	-7.31914e-05	0
7750	-2.30496e-05	-0.000103083	0
7760	-2.07233e-05	-0.000133443	0
7770	-1.7963e-05	-0.000163652	0
7780	-1.53825e-05	-0.000192221	0
7790	-1.29203e-05	-0.000217279	0
7800	-1.01166e-05	-0.000237487	0
7810	-6.74508e-06	-0.00025187	0
7820	-2.73361e-06	-0.000259692	0
7830	1.92207e-06	-0.000260476	0
7840	7.28663e-06	-0.000254042	0
7850	1.3178e-05	-0.000240493	0
7860	1.90291e-05	-0.000220244	0
7870	2.48376e-05	-0.000194014	0
7880	3.04654e-05	-0.00016277	0
7890	3.56935e-05	-0.00012771	0
7900	4.02701e-05	-9.01841e-05	0
7910	4.39292e-05	-5.15406e-05	0
7920	4.64738e-05	-1.31159e-05	0
7930	4.66539e-05	9.40525e-06	0
7940	4.56982e-05	2.90097e-05	0
7950	4.32352e-05	4.7227e-05	0
7960	3.92701e-05	6.42414e-05	0
7970	3.39104e-05	8.02985e-05	0
7980	2.73588e-05	9.56998e-05	0
7990	1.95101e-05	0.000111328	0
8000	1.28076e-05	0.000127245	0
8010	7.09683e-06	0.000141098	0
8020	1.28049e-06	0.000152886	0
8030	-4.54848e-06	0.000162186	0
8040	-1.02983e-05	0.00016853	0
8050	-1.58507e-05	0.000171465	0
8060	-2.10653e-05	0.000170601	0
8070	-2.58149e-05	0.000165664	0
8080	-2.9973e-05	0.000156573	0
8090	-3.34e-05	0.000143496	0
8100	-3.5999e-05	0.000126902	0
8110	-3.76995e-05	0.000107513	0
8120	-3.84877e-05	8.62074e-05	0
8130	-3.84051e-05	6.39933e-05	0
8140	-3.74949e-05	4.20354e-05	0
8150	-3.64378e-05	3.26544e-05	0
8160	-3.29242e-05	2.77062e-05	0
8170	-2.84754e-05	2.48545e-05	0
8180	-2.33999e-05	2.42434e-05	0
8190	-1.70467e-05	2.43868e-05	0
8200	-1.18683e-05	2.3841e-05	0
8210	-6.48294e-06	2.50453e-05	0
8220	-1.72889e-06	2.63273e-05	0
8230	3.05512e-06	2.88292e-05	0
8240	5.0297e-06	3.08605e-05	0
8250	7.32549e-06	3.38184e-05	0
8260	8.52601e-06	3.62595e-05	0
8270	9.25314e-06	3.72438e-05	0
8280	9.62089e-06	3.70831e-05	0
8290	9.58943e-06	3.3598e-05	0
8300	1.02888e-05	2.7872e-05	0
8310	8.41232e-06	1.9478e-05	0
8320	7.94375e-06	6.41651e-06	0
8330	6.48919e-06	-8.31658e-06	0
8340	5.71372e-06	-2.55278e-05	0
8350	5.24395e-06	-4.38656e-05	0
8360	4.39299e-06	-5.91503e-05	0
8370	3.78666e-06	-7.65396e-05	0
8380	3.27023e-06	-9.43852e-05	0
8390	2.99724e-06	-0.000112232	0
8400	2.82821e-06	-0.000130771	0
8410	2.8327e-06	-0.000149164	0
8420	3.11028e-06	-0.000166416	0
8430	3.71933e-06	-0.000181457	0
8440	4.67385e-06	-0.000193226	0
8450	5.94188e-06	-0.000200764	0
8460	7.45208e-06	-0.000203293	0
8470	9.12161e-06	-0.000200279	0
8480	1.08646e-05	-0.000191464	0
8490	1.25893e-05	-0.000176878	0
8500	1.42023e-05	-0.000156843	0
8510	1.56196e-05	-0.000131956	0
8520	1.67549e-05	-0.000103059	0
8530	1.75772e-05	-7.11935e-05	0
8540	1.80462e-05	-3.75428e-05	0
8550	1.80914e-05	-3.42117e-06	0
8560	1.80319e-05	2.19399e-05	0
8570	1.67696e-05	4.41673e-05	0
8580	1.47861e-05	6.27043e-05	0
8590	1.23905e-05	8.03471e-05	0
8600	9.42746e-06	9.5275e-05	0
8610	5.2722e-06	0.000105931	0
8620	4.75468e-07	0.000115203	0
8630	-3.29895e-06	0.000120643	0
8640	-6.78571e-06	0.000123282	0
8650	-1.03022e-05	0.000123949	0
8660	-1.3905e-05	0.00012301	0
8670	-1.74307e-05	0.000120877	0
8680	-2.07587e-05	0.000118029	0
8690	-2.37897e-05	0.000114952	0
8700	-2.63992e-05	0.000112082	0
8710	-2.84917e-05	0.000109777	0
8720	-2.99644e-05	0.000108201	0
8730	-3.07439e-05	0.000107392	0
8740	-3.07646e-05	0.000107281	0
8750	-2.99831e-05	0.000107707	0
8760	-2.84539e-05	0.000108456	0
8770	-2.62182e-05	0.000109276	0
8780	-2.33262e-05	0.000109857	0
8790	-1.98635e-05	0.000109872	0
8800	-1.59698e-05	0.000109031	0
8810	-1.18079e-05	0.000107065	0
8820	-7.5959e-06	0.000103703	0
8830	-3.61723e-06	9.86244e-05	0
8840	-2.12466e-07	9.14733e-05	0
8850	2.4529e-06	8.20524e-05	0
8860	4.46335e-06	7.04224e-05	0
8870	5.87224e-06	5.68924e-05	0
8880	6.73268e-06	4.19556e-05	0
8890	7.05069e-06	2.61508e-05	0
8900	6.81233e-06	1.00185e-05	0
8910	5.61488e-06	-3.13507e-06	0
8920	4.95369e-06	-1.00077e-05	0
8930	4.43333e-06	-1.75972e-05	0
8940	3.68462e-06	-2.63799e-05	0
8950	2.06166e-06	-3.57253e-05	0
8960	-8.79089e-08	-4.60863e-05	0
8970	-2.60846e-06	-5.75735e-05	0
8980	-5.50096e-06	-6.98806e-05	0
8990	-8.59352e-06	-8.26249e-05	0
9000	-1.17256e-05	-9.48728e-05	0
9010	-1.50143e-05	-0.000106487	0
9020	-1.83192e-05	-0.0001177	0
9030	-2.17739e-05	-0.000129412	0
9040	-2.42814e-05	-0.000142454	0
9050	-2.31236e-05	-0.000154951	0
9060	-2.00792e-05	-0.000164191	0
9070	-1.75379e-05	-0.000171972	0
9080	-1.50325e-05	-0.000179805	0
9090	-1.05292e-05	-0.000184815	0
9100	-5.86101e-06	-0.000188578	0
9110	-1.00864e-06	-0.000193953	0
9120	4.06761e-06	-0.000203442	0
9130	9.33898e-06	-0.000217546	0
9140	1.47375e-05	-0.000236258	0
9150	2.01265e-05	-0.000258988	0
9160	2.52955e-05	-0.00028452	0
9170	3.00427e-05	-0.000311019	0
9180	3.4216e-05	-0.000336089	0
9190	3.76858e-05	-0.000356884	0
9200	4.03217e-05	-0.000370282	0
9210	4.1998e-05	-0.000373108	0
9220	4.2637e-05	-0.000362359	0
9230	4.15916e-05	-0.000334551	0
9240	3.86357e-05	-0.000286978	0
9250	3.51413e-05	-0.000220872	0
9260	3.06929e-05	-0.000136842	0
9270	2.53008e-05	-3.64017e-05	0
9280	1.90766e-05	7.79541e-05	0
9290	1.28688e-05	0.000192421	0
9300	5.54295e-06	0.000303758	0
9310	-2.5826e-06	0.000418066	0
9320	-1.10866e-05	0.000531096	0
9330	-1.95636e-05	0.000638305	0
9340	-2.7903e-05	0.000735107	0
9350	-3.59651e-05	0.000817143	0
9360	-4.34607e-05	0.000880511	0
9370	-5.01254e-05	0.000921967	0
9380	-5.57191e-05	0.000939101	0
9390	-6.00363e-05	0.000930426	0
9400	-6.2913e-05	0.000895447	0
9410	-6.4208e-05	0.000834741	0
9420	-6.37744e-05	0.00074991	0
9430	-6.14821e-05	0.000643494	0
9440	-5.74194e-05	0.000518978	0
9450	-5.20442e-05	0.000380892	0
9460	-4.58758e-05	0.00023459	0
9470	-3.92214e-05	8.79837e-05	0
9480	-3.23024e-05	-5.05028e-05	0
9490	-2.52599e-05	-0.000181463	0
9500	-1.81895e-05	-0.000300891	0
9510	-1.11835e-05	-0.00040565	0
9520	-4.36338e-06	-0.000493555	0
9530	2.10316e-06	-0.000563382	0
9540	8.04384e-06	-0.000614819	0
9550	1.33011e-05	-0.000648344	0
9560	1.77731e-05	-0.00066505	0
9570	2.14071e-05	-0.000666472	0
9580	2.41727e-05	-0.000654472	0
9590	2.60252e-05	-0.000631071	0
9600	2.69413e-05	-0.000598236	0
9610	2.69338e-05	-0.000557743	0
9620	2.60517e-05	-0.000511086	0
9630	2.4379e-05	-0.000459449	0
9640	2.20284e-05	-0.00040371	0
9650	1.87962e-05	-0.000343337	0
9660	1.47596e-05	-0.000285271	0
9670	1.16699e-05	-0.000235695	0
9680	9.17335e-06	-0.000183848	0
9690	7.00587e-06	-0.000129736	0
9700	5.3671e-06	-7.36286e-05	0
9710	4.39707e-06	-1.6156e-05	0
9720	4.07341e-06	4.16253e-05	0
9730	4.33722e-06	9.82246e-05	0
9740	5.09104e-06	0.000151752	0
9750	6.18452e-06	0.000199992	0
9760	7.40012e-06	0.0002405	0
9770	8.47115e-06	0.000270755	0
9780	9.07571e-06	0.00028828	0
9790	8.81262e-06	0.000290499	0
9800	7.81417e-06	0.000276171	0
9810	6.95806e-06	0.000246618	0
9820	6.11249e-06	0.000203573	0
9830	5.0024e-06	0.000149174	0
9840	3.09418e-06	9.71152e-05	0
9850	1.13733e-06	4.01311e-05	0
9860	-1.18766e-06	-2.00189e-05	0
9870	-3.86075e-06	-7.9916e-05	0
9880	-6.6699e-06	-0.000135995	0
9890	-9.53761e-06	-0.00018477	0
9900	-1.25217e-05	-0.000223067	0
9910	-1.54421e-05	-0.000248232	0
9920	-1.80531e-05	-0.000258316	0
9930	-2.01183e-05	-0.000252219	0
9940	-2.13948e-05	-0.000229715	0
9950	-2.16728e-05	-0.000191207	0
9960	-2.11315e-05	-0.000137728	0
9970	-2.01454e-05	-7.26391e-05	0
9980	-1.88943e-05	-2.88813e-07	0
9990	-1.57989e-05	5.977e-05	0
10000	-1.33937e-05	0.000118817	0
10010	-1.03743e-05	0.000176397	0
10020	-6.54302e-06	0.000230565	0
10030	-2.01013e-06	0.000279774	0
10040	3.06417e-06	0.000322916	0
10050	8.58927e-06	0.000359357	0
10060	1.43604e-05	0.000388838	0
10070	2.0138e-05	0.000411339	0
10080	2.56615e-05	0.00042698	0
10090	3.06473e-05	0.00043596	0
10100	3.48003e-05	0.000438487	0
10110	3.78494e-05	0.000434675	0
10120	3.9576e-05	0.000424493	0
10130	3.98208e-05	0.000407755	0
10140	3.84719e-05	0.000384115	0
10150	3.54399e-05	0.000352962	0
10160	3.05439e-05	0.000312572	0
10170	2.4422e-05	0.000261346	0
10180	1.85862e-05	0.000202686	0
10190	1.24196e-05	0.000137824	0
10200	4.54798e-06	7.64194e-05	0
10210	-2.55812e-06	1.30067e-05	0
10220	-9.5801e-06	-5.39799e-05	0
10230	-1.63931e-05	-0.000123285	0
10240	-2.27683e-05	-0.000193352	0
10250	-2.86268e-05	-0.000262346	0
10260	-3.38031e-05	-0.000328193	0
10270	-3.81175e-05	-0.000388781	0
10280	-4.14342e-05	-0.000442063	0
10290	-4.3658e-05	-0.000486111	0
10300	-4.47403e-05	-0.000519198	0
10310	-4.46781e-05	-0.000539865	0
10320	-4.35246e-05	-0.000546961	0
10330	-4.13551e-05	-0.000539747	0
10340	-3.8234e-05	-0.000517976	0
10350	-3.3951e-05	-0.000481785	0
10360	-3.13422e-05	-0.000428946	0
10370	-2.70619e-05	-0.000363627	0
10380	-2.19126e-05	-0.000289058	0
10390	-1.53889e-05	-0.00021529	0
10400	-9.40717e-06	-0.000148494	0
10410	-3.51214e-06	-8.04253e-05	0
10420	2.58696e-06	-1.3448e-05	0
10430	8.80955e-06	5.00654e-05	0
10440	1.50436e-05	0.000107811	0
10450	2.11608e-05	0.000157653	0
10460	2.70269e-05	0.000197727	0
10470	3.25097e-05	0.000226512	0
10480	3.74642e-05	0.000242946	0
10490	4.1645e-05	0.000246519	0
10500	4.4873e-05	0.000237278	0
10510	4.70569e-05	0.000215903	0
10520	4.81101e-05	0.000183772	0
10530	4.59206e-05	0.000151972	0
10540	4.48843e-05	0.000115438	0
10550	4.37713e-05	7.26673e-05	0
10560	4.19373e-05	2.59911e-05	0
10570	3.92118e-05	-2.19518e-05	0
10580	3.60077e-05	-6.82588e-05	0
10590	3.23785e-05	-0.000110122	0
10600	2.81568e-05	-0.000145164	0
10610	2.34539e-05	-0.000171366	0
10620	1.85231e-05	-0.000187082	0
10630	1.35704e-05	-0.000191149	0
10640	8.78093e-06	-0.000183009	0
10650	4.31156e-06	-0.000162678	0
10660	3.28251e-07	-0.000130704	0
10670	-2.98898e-06	-8.81423e-05	0
10680	-5.43995e-06	-3.66514e-05	0
10690	-4.87304e-06	1.317e-05	0
10700	-4.72861e-06	6.02796e-05	0
10710	-5.80279e-06	0.000110924	0
10720	-6.80023e-06	0.000163402	0
10730	-7.72993e-06	0.00021572	0
10740	-8.74197e-06	0.00026575	0
10750	-1.00591e-05	0.00031133	0
10760	-1.18584e-05	0.000350329	0
10770	-1.41202e-05	0.000380683	0
10780	-1.74185e-05	0.000400485	0
10790	-2.16227e-05	0.000408104	0
10800	-2.66783e-05	0.000402085	0
10810	-3.04508e-05	0.000380247	0
10820	-3.39853e-05	0.00034217	0
10830	-3.85157e-05	0.0002897	0
10840	-4.36376e-05	0.000224509	0
10850	-4.89375e-05	0.000148503	0
10860	-5.40183e-05	6.39697e-05	0
10870	-5.83399e-05	-2.61092e-05	0
10880	-6.35713e-05	-0.000110002	0
10890	-6.54666e-05	-0.000193255	0
10900	-6.49057e-05	-0.000273867	0
10910	-6.19108e-05	-0.000348897	0
10920	-5.6423e-05	-0.000415415	0
10930	-4.84946e-05	-0.000470601	0
10940	-3.8307e-05	-0.000511826	0
10950	-2.61572e-05	-0.000536757	0
10960	-1.24664e-05	-0.000543468	0
10970	2.19154e-06	-0.000530578	0
10980	1.71112e-05	-0.000497238	0
10990	3.13989e-05	-0.000443051	0
11000	4.36092e-05	-0.000368	0
11010	5.35159e-05	-0.000273178	0
11020	6.13089e-05	-0.000161207	0
11030	6.66794e-05	-3.5482e-05	0
11040	6.92942e-05	9.59154e-05	0
11050	7.03414e-05	0.000216156	0
11060	6.68093e-05	0.000337989	0
11070	6.00585e-05	0.000457405	0
11080	5.0479e-05	0.000570169	0
11090	3.85372e-05	0.000671993	0
11100	2.48087e-05	0.000758703	0
11110	9.93887e-06	0.000826401	0
11120	-5.12649e-06	0.000871603	0
11130	-1.95153e-05	0.000891335	0
11140	-3.25233e-05	0.000883267	0
11150	-4.32404e-05	0.000845931	0
11160	-5.1288e-05	0.000779035	0
11170	-5.66085e-05	0.00068368	0
11180	-5.91811e-05	0.000562216	0
11190	-5.89944e-05	0.000418016	0
11200	-5.61091e-05	0.000255301	0
11210	-5.06913e-05	7.89938e-05	0
11220	-4.29354e-05	-0.00010543	0
11230	-3.38263e-05	-0.000287611	0
11240	-2.28567e-05	-0.000464299	0
11250	-1.06603e-05	-0.000631395	0
11260	2.06066e-06	-0.000783351	0
11270	1.45248e-05	-0.000915007	0
11280	2.64089e-05	-0.00102174	0
11290	3.73493e-05	-0.0010997	0
11300	4.68751e-05	-0.00114594	0
11310	5.45691e-05	-0.00115857	0
11320	6.01137e-05	-0.00113689	0
11330	6.33017e-05	-0.00108134	0
11340	6.40276e-05	-0.000993483	0
11350	6.22889e-05	-0.000875984	0
11360	5.81823e-05	-0.000732498	0
11370	5.18877e-05	-0.000567559	0
11380	4.36305e-05	-0.000386422	0
11390	3.37018e-05	-0.000194906	0
11400	2.52057e-05	-1.57865e-05	0
11410	1.45571e-05	0.000155955	0
11420	3.00042e-06	0.000321879	0
11430	-8.23228e-06	0.000476611	0
11440	-1.86564e-05	0.000614999	0
11450	-2.80697e-05	0.000732532	0
11460	-3.63432e-05	0.000825454	0
11470	-4.33802e-05	0.000890879	0
11480	-4.91258e-05	0.000926924	0
11490	-5.35587e-05	0.000932851	0
11500	-5.66797e-05	0.000909109	0
11510	-5.85289e-05	0.000857354	0
11520	-5.91901e-05	0.000780403	0
11530	-5.87006e-05	0.000682126	0
11540	-5.69335e-05	0.000567298	0
11550	-5.4268e-05	0.000441341	0
11560	-5.09527e-05	0.00031001	0
11570	-4.76058e-05	0.000186387	0
11580	-4.33969e-05	7.02244e-05	0
11590	-3.86752e-05	-3.55596e-05	0
11600	-3.3606e-05	-0.000126997	0
11610	-2.82601e-05	-0.000201145	0
11620	-2.26529e-05	-0.000256268	0
11630	-1.67496e-05	-0.000292071	0
11640	-1.07592e-05	-0.000309568	0
11650	-5.4399e-06	-0.000309537	0
11660	-9.92006e-07	-0.000292978	0
11670	2.75616e-06	-0.000262158	0
11680	5.96618e-06	-0.000220204	0
11690	8.74461e-06	-0.000170736	0
11700	1.12021e-05	-0.000117573	0
11710	1.34609e-05	-6.44595e-05	0
11720	1.47459e-05	-2.5027e-05	0
11730	1.67995e-05	2.78489e-06	0
11740	1.91141e-05	2.3524e-05	0
11750	2.15117e-05	3.64514e-05	0
11760	2.39621e-05	4.14242e-05	0
11770	2.64461e-05	3.91268e-05	0
11780	2.74804e-05	3.39224e-05	0
11790	2.89209e-05	2.36671e-05	0
11800	3.02203e-05	8.89444e-06	0
11810	3.12515e-05	-9.03988e-06	0
11820	3.19081e-05	-2.86122e-05	0
11830	3.26957e-05	-3.57041e-05	0
11840	3.18781e-05	-4.08921e-05	0
11850	2.9871e-05	-4.51447e-05	0
11860	2.72657e-05	-4.80505e-05	0
11870	2.40293e-05	-4.94367e-05	0
11880	1.99939e-05	-5.07968e-05	0
11890	1.51731e-05	-5.37579e-05	0
11900	9.35593e-06	-5.28735e-05	0
11910	4.17646e-06	-5.57357e-05	0
11920	-1.66767e-06	-5.70629e-05	0
11930	-5.44058e-06	-5.97752e-05	0
11940	-8.94516e-06	-6.11691e-05	0
11950	-1.25663e-05	-6.3146e-05	0
11960	-1.61315e-05	-6.47868e-05	0
11970	-1.95034e-05	-6.81005e-05	0
11980	-2.25586e-05	-7.22135e-05	0
11990	-2.49573e-05	-7.90117e-05	0
12000	-2.69416e-05	-8.87787e-05	0
12010	-2.86546e-05	-0.000101501	0
12020	-3.00481e-05	-0.000116846	0
12030	-3.04831e-05	-0.00013417	0
12040	-3.02274e-05	-0.000152533	0
12050	-2.92979e-05	-0.000170716	0
12060	-2.77082e-05	-0.000187272	0
12070	-2.54726e-05	-0.000200575	0
12080	-2.2724e-05	-0.000208923	0
12090	-1.98127e-05	-0.000210884	0
12100	-1.70928e-05	-0.00020591	0
12110	-1.43736e-05	-0.000193983	0
12120	-1.25441e-05	-0.000175035	0
12130	-1.04629e-05	-0.000149172	0
12140	-8.45187e-06	-0.000116861	0
12150	-6.2011e-06	-7.8868e-05	0
12160	-3.58384e-06	-3.6245e-05	0
12170	-2.87993e-07	8.03592e-06	0
12180	2.50144e-06	3.95085e-05	0
12190	6.20864e-06	7.18664e-05	0
12200	1.02201e-05	0.000103661	0
12210	1.43458e-05	0.000133613	0
12220	1.85776e-05	0.00016052	0
12230	2.29549e-05	0.000183306	0
12240	2.70354e-05	0.000200981	0
12250	3.07468e-05	0.000212819	0
12260	3.39904e-05	0.000218629	0
12270	3.66935e-05	0.000218602	0
12280	3.87913e-05	0.000213236	0
12290	4.02304e-05	0.000203328	0
12300	4.09579e-05	0.000189937	0
12310	4.08801e-05	0.000174355	0
12320	3.99286e-05	0.000158044	0
12330	3.79519e-05	0.000146916	0
12340	3.58523e-05	0.000144969	0
12350	3.35825e-05	0.000143096	0
12360	2.9918e-05	0.000140283	0
12370	2.53571e-05	0.000137145	0
12380	2.04199e-05	0.000136838	0
12390	1.4759e-05	0.000139856	0
12400	8.45815e-06	0.000145229	0
12410	1.602e-06	0.000151412	0
12420	-5.73003e-06	0.000156335	0
12430	-1.35716e-05	0.00015746	0
12440	-2.1956e-05	0.0001513	0
12450	-3.06199e-05	0.000133512	0
12460	-3.7421e-05	0.000104902	0
12470	-4.3077e-05	6.48333e-05	0
12480	-4.78748e-05	1.25249e-05	0
12490	-5.18299e-05	-5.08717e-05	0
12500	-5.45269e-05	-0.000115671	0
12510	-5.61525e-05	-0.000191291	0
12520	-5.65274e-05	-0.000275431	0
12530	-5.57113e-05	-0.000364725	0
12540	-5.34487e-05	-0.000454891	0
12550	-4.96031e-05	-0.000540851	0
12560	-4.40768e-05	-0.000616915	0
12570	-3.70635e-05	-0.000677084	0
12580	-2.86068e-05	-0.000715775	0
12590	-1.92993e-05	-0.000728686	0
12600	-9.4414e-06	-0.000712584	0
12610	8.91517e-07	-0.000665313	0
12620	1.14837e-05	-0.000586209	0
12630	2.20956e-05	-0.000476402	0
12640	3.23711e-05	-0.000338961	0
12650	4.20219e-05	-0.00017896	0
12660	5.01577e-05	-3.58296e-06	0
12670	5.87646e-05	0.000158159	0
12680	6.46405e-05	0.000319052	0
12690	6.8519e-05	0.000470611	0
12700	7.01297e-05	0.000604178	0
12710	6.93835e-05	0.000711685	0
12720	6.68963e-05	0.000786969	0
12730	6.31281e-05	0.000825995	0
12740	5.81201e-05	0.00082652	0
12750	5.18913e-05	0.000788277	0
12760	4.4557e-05	0.000713162	0
12770	3.65214e-05	0.000605228	0
12780	2.70142e-05	0.000470535	0
12790	1.71331e-05	0.000316838	0
12800	6.99845e-06	0.00015307	0
12810	-2.57558e-06	-3.90128e-06	0
12820	-1.12774e-05	-0.000149102	0
12830	-2.00494e-05	-0.000275273	0
12840	-2.94138e-05	-0.000377472	0
12850	-3.8571e-05	-0.000450806	0
12860	-4.72573e-05	-0.00049214	0
12870	-5.52843e-05	-0.000500461	0
12880	-6.24676e-05	-0.000476936	0
12890	-6.86218e-05	-0.000424843	0
12900	-7.35479e-05	-0.000349339	0
12910	-7.70195e-05	-0.000257118	0
12920	-7.87848e-05	-0.000155863	0
12930	-8.07161e-05	-6.6128e-05	0
12940	-7.97546e-05	1.45211e-05	0
12950	-7.67877e-05	8.56266e-05	0
12960	-7.20882e-05	0.000143048	0
12970	-6.58945e-05	0.00018384	0
12980	-5.83072e-05	0.000206428	0
12990	-4.92794e-05	0.000210598	0
13000	-3.89074e-05	0.000197356	0
13010	-2.73078e-05	0.000168859	0
13020	-1.46685e-05	0.000128207	0
13030	-1.29615e-06	7.91245e-05	0
13040	1.24478e-05	2.56274e-05	0
13050	2.60841e-05	-2.82893e-05	0
13060	3.95724e-05	-6.95649e-05	0
13070	5.11044e-05	-9.98391e-05	0
13080	6.03949e-05	-0.000121184	0
13090	6.78081e-05	-0.000133099	0
13100	7.33695e-05	-0.00013587	0
13110	7.69315e-05	-0.000130446	0
13120	7.83468e-05	-0.000118329	0
13130	7.74586e-05	-0.000101441	0
13140	7.31917e-05	-8.94452e-05	0
13150	6.71364e-05	-8.41286e-05	0
13160	5.96026e-05	-7.89158e-05	0
13170	5.05e-05	-7.44131e-05	0
13180	4.00503e-05	-7.07117e-05	0
13190	2.86633e-05	-6.44953e-05	0
13200	1.71402e-05	-5.46202e-05	0
13210	5.96908e-06	-4.328e-05	0
13220	-4.91873e-06	-3.15223e-05	0
13230	-1.50728e-05	-1.85228e-05	0
13240	-2.30518e-05	7.52228e-07	0
13250	-2.97804e-05	2.79855e-05	0
13260	-3.54967e-05	6.30852e-05	0
13270	-4.01422e-05	0.000105863	0
13280	-4.36069e-05	0.000155537	0
13290	-4.58242e-05	0.000210608	0
13300	-4.67544e-05	0.000268863	0
13310	-4.6371e-05	0.000327438	0
13320	-4.47076e-05	0.000382979	0
13330	-4.18307e-05	0.000431806	0
13340	-3.75774e-05	0.000469816	0
13350	-3.20767e-05	0.000493214	0
13360	-2.68417e-05	0.000500872	0
13370	-2.1839e-05	0.000492314	0
13380	-1.68393e-05	0.000467344	0
13390	-1.17901e-05	0.000426522	0
13400	-6.69272e-06	0.000371247	0
13410	-1.53733e-06	0.000303724	0
13420	3.55967e-06	0.000226871	0
13430	8.17208e-06	0.000144179	0
13440	1.19993e-05	6.31624e-05	0
13450	1.5383e-05	-8.43278e-06	0
13460	1.94744e-05	-7.48668e-05	0
13470	2.34237e-05	-0.000133327	0
13480	2.69795e-05	-0.000181583	0
13490	2.99041e-05	-0.000218102	0
13500	3.19617e-05	-0.000242125	0
13510	3.29816e-05	-0.000253723	0
13520	3.29309e-05	-0.000253796	0
13530	3.18698e-05	-0.000243993	0
13540	2.99262e-05	-0.00022645	0
13550	2.70798e-05	-0.000203573	0
13560	2.33429e-05	-0.000178041	0
13570	2.11319e-05	-0.000161853	0
13580	1.7568e-05	-0.000153412	0
13590	1.29312e-05	-0.000148265	0
13600	7.87182e-06	-0.000147359	0
13610	2.71323e-06	-0.000151124	0
13620	-2.10388e-06	-0.000159216	0
13630	-4.32867e-06	-0.000164984	0
13640	-6.44672e-06	-0.000167923	0
13650	-1.03289e-05	-0.0001752	0
13660	-1.32561e-05	-0.000186931	0
13670	-1.50428e-05	-0.000202552	0
13680	-1.63356e-05	-0.000221102	0
13690	-1.71144e-05	-0.000241339	0
13700	-1.72594e-05	-0.000261804	0
13710	-1.67041e-05	-0.000280903	0
13720	-1.54446e-05	-0.000296969	0
13730	-1.35074e-05	-0.0003084	0
13740	-1.09566e-05	-0.000313774	0
13750	-7.89108e-06	-0.000311931	0
13760	-4.43823e-06	-0.000302032	0
13770	-7.47359e-07	-0.000283601	0
13780	3.01229e-06	-0.000256543	0
13790	6.66177e-06	-0.000221141	0
13800	1.00261e-05	-0.000178038	0
13810	1.29455e-05	-0.0001282	0
13820	1.52997e-05	-7.28748e-05	0
13830	1.70138e-05	-1.35439e-05	0
13840	1.80175e-05	4.81363e-05	0
13850	1.82849e-05	0.000110396	0
13860	1.77307e-05	0.000171415	0
13870	1.63123e-05	0.000229379	0
13880	1.41128e-05	0.000282455	0
13890	1.03383e-05	0.000314364	0
13900	6.84854e-06	0.000337538	0
13910	2.93928e-06	0.000353289	0
13920	-1.39987e-06	0.000361418	0
13930	-6.0851e-06	0.000361931	0
13940	-1.10203e-05	0.000355036	0
13950	-1.61078e-05	0.000341142	0
13960	-2.12509e-05	0.000320848	0
13970	-2.63801e-05	0.000294923	0
13980	-3.13986e-05	0.00026432	0
13990	-3.58301e-05	0.000230125	0
14000	-3.93667e-05	0.00019351	0
14010	-4.18206e-05	0.000155582	0
14020	-4.30323e-05	0.000117305	0
14030	-4.27938e-05	7.93237e-05	0
14040	-4.11133e-05	4.19599e-05	0
14050	-3.81337e-05	5.38633e-06	0
14060	-3.41265e-05	-3.02656e-05	0
14070	-2.94921e-05	-6.47404e-05	0
14080	-2.61055e-05	-9.47035e-05	0
14090	-1.95006e-05	-0.000119761	0
14100	-1.28099e-05	-0.000141232	0
14110	-4.83823e-06	-0.000158209	0
14120	3.42227e-06	-0.000172995	0
14130	1.12155e-05	-0.000185183	0
14140	1.8676e-05	-0.000194408	0
14150	2.59052e-05	-0.000200389	0
14160	3.28808e-05	-0.000202958	0
14170	3.95417e-05	-0.000202065	0
14180	4.57847e-05	-0.00019777	0
14190	5.14163e-05	-0.000190228	0
14200	5.62279e-05	-0.00017967	0
14210	6.00534e-05	-0.0001664	0
14220	6.25697e-05	-0.000150782	0
14230	6.37497e-05	-0.000133308	0
14240	6.36613e-05	-0.000114509	0
14250	6.21627e-05	-9.48947e-05	0
14260	5.91889e-05	-7.49412e-05	0
14270	5.43325e-05	-5.7091e-05	0
14280	4.84192e-05	-5.27299e-05	0
14290	4.08957e-05	-4.82584e-05	0
14300	3.18226e-05	-4.34371e-05	0
14310	2.14705e-05	-3.81902e-05	0
14320	1.04122e-05	-3.25025e-05	0
14330	-1.9689e-07	-2.54056e-05	0
14340	-1.06274e-05	-1.62003e-05	0
14350	-2.12542e-05	-5.27511e-06	0
14360	-3.19761e-05	6.83996e-06	0
14370	-4.25744e-05	1.95167e-05	0
14380	-5.27681e-05	3.20144e-05	0
14390	-6.22319e-05	4.3514e-05	0
14400	-7.06164e-05	5.31774e-05	0
14410	-7.75878e-05	6.02222e-05	0
14420	-8.28355e-05	6.40024e-05	0
14430	-8.61003e-05	6.40884e-05	0
14440	-8.73485e-05	6.03323e-05	0
14450	-8.62915e-05	5.29401e-05	0
14460	-8.22789e-05	4.25134e-05	0
14470	-7.57633e-05	2.99768e-05	0
14480	-6.67969e-05	1.65314e-05	0
14490	-5.55311e-05	4.00315e-06	0
14500	-3.97946e-05	5.23605e-06	0
14510	-2.55036e-05	1.13504e-05	0
14520	-1.1274e-05	2.06708e-05	0
14530	2.59459e-06	3.3817e-05	0
14540	1.51729e-05	5.139e-05	0
14550	2.58948e-05	6.30519e-05	0
14560	3.56228e-05	7.36645e-05	0
14570	4.42974e-05	8.83406e-05	0
14580	5.15561e-05	0.000106671	0
14590	5.70894e-05	0.000128029	0
14600	6.06977e-05	0.000151558	0
14610	6.23523e-05	0.00017619	0
14620	6.19147e-05	0.000200713	0
14630	5.93932e-05	0.000223831	0
14640	5.49276e-05	0.000244219	0
14650	4.86892e-05	0.00026057	0
14660	4.09378e-05	0.000271664	0
14670	3.20222e-05	0.000276468	0
14680	2.21012e-05	0.00027414	0
14690	1.15169e-05	0.000264015	0
14700	1.25014e-06	0.000245631	0
14710	-8.04469e-06	0.000218806	0
14720	-1.62319e-05	0.000183752	0
14730	-2.32938e-05	0.000141141	0
14740	-2.91649e-05	9.21058e-05	0
14750	-3.37434e-05	3.81566e-05	0
14760	-3.691e-05	-1.88734e-05	0
14770	-3.73186e-05	-7.19804e-05	0
14780	-3.62758e-05	-0.000117872	0
14790	-3.53962e-05	-0.000161393	0
14800	-3.36167e-05	-0.000201125	0
14810	-3.07164e-05	-0.000235776	0
14820	-2.6691e-05	-0.000264311	0
14830	-2.16335e-05	-0.000285968	0
14840	-1.57217e-05	-0.000300266	0
14850	-9.20021e-06	-0.000306997	0
14860	-2.37003e-06	-0.00030624	0
14870	4.45677e-06	-0.000298349	0
14880	1.1162e-05	-0.000283917	0
14890	1.71915e-05	-0.000263738	0
14900	2.22038e-05	-0.000238748	0
14910	2.60636e-05	-0.000209973	0
14920	2.86488e-05	-0.000178462	0
14930	2.98153e-05	-0.000145251	0
14940	2.94117e-05	-0.000111567	0
14950	2.56668e-05	-8.43621e-05	0
14960	2.16065e-05	-6.55726e-05	0
14970	1.96599e-05	-4.58546e-05	0
14980	1.8111e-05	-2.24002e-05	0
14990	1.73453e-05	2.88068e-06	0
15000	1.62074e-05	2.94578e-05	0
15010	1.49697e-05	5.71709e-05	0
15020	1.373e-05	8.575e-05	0
15030	1.2427e-05	0.000114785	0
15040	1.11752e-05	0.000143723	0
15050	9.81218e-06	0.000171884	0
15060	8.34011e-06	0.000198456	0
15070	6.76547e-06	0.000222497	0
15080	5.09643e-06	0.000242979	0
15090	3.34993e-06	0.000258823	0
15100	1.53347e-06	0.000268955	0
15110	-3.39802e-07	0.00027238	0
15120	-2.2986e-06	0.000268248	0
15130	-4.37982e-06	0.000255934	0
15140	-6.62404e-06	0.000235099	0
15150	-9.11933e-06	0.000205732	0
15160	-1.22899e-05	0.000168112	0
15170	-1.6379e-05	0.000122362	0
15180	-1.79021e-05	6.99205e-05	0
15190	-1.85431e-05	2.62123e-05	0
15200	-1.72846e-05	-1.76047e-05	0
15210	-1.62644e-05	-5.9719e-05	0
15220	-1.56982e-05	-9.91554e-05	0
15230	-1.54439e-05	-0.000134286	0
15240	-1.55917e-05	-0.000163646	0
15250	-1.5967e-05	-0.000186231	0
15260	-1.64155e-05	-0.000201348	0
15270	-1.68611e-05	-0.000208699	0
15280	-1.72656e-05	-0.000208425	0
15290	-1.76177e-05	-0.000201123	0
15300	-1.78986e-05	-0.000187832	0
15310	-1.80253e-05	-0.00016993	0
15320	-1.7708e-05	-0.000149023	0
15330	-1.68243e-05	-0.000126811	0
15340	-1.5314e-05	-0.000104974	0
15350	-1.31181e-05	-8.50511e-05	0
15360	-1.01453e-05	-6.83412e-05	0
15370	-6.27158e-06	-5.59163e-05	0
15380	-5.79604e-07	-5.56366e-05	0
15390	2.10964e-06	-5.60281e-05	0
15400	5.24079e-06	-5.64987e-05	0
15410	8.57279e-06	-5.93761e-05	0
15420	1.21177e-05	-6.41003e-05	0
15430	1.55278e-05	-6.95163e-05	0
15440	1.87234e-05	-7.43859e-05	0
15450	2.17743e-05	-7.71518e-05	0
15460	2.46042e-05	-7.61437e-05	0
15470	2.72404e-05	-7.01201e-05	0
15480	2.94992e-05	-5.82235e-05	0
15490	3.11178e-05	-3.99875e-05	0
15500	3.17539e-05	-1.54329e-05	0
15510	3.14876e-05	1.47641e-05	0
15520	3.08491e-05	4.93107e-05	0
15530	3.06868e-05	7.55034e-05	0
15540	2.85342e-05	9.83084e-05	0
15550	2.50102e-05	0.000121031	0
15560	2.03889e-05	0.000142082	0
15570	1.47569e-05	0.000159668	0
15580	8.16838e-06	0.000171213	0
15590	2.89548e-06	0.000175559	0
15600	-1.96244e-06	0.000173993	0
15610	-6.69663e-06	0.000165722	0
15620	-1.13725e-05	0.000150537	0
15630	-1.59086e-05	0.000128711	0
15640	-1.99522e-05	0.000100841	0
15650	-2.32752e-05	6.78334e-05	0
15660	-2.62805e-05	3.0849e-05	0
15670	-2.87731e-05	-8.70291e-06	0
15680	-3.07394e-05	-4.64807e-05	0
15690	-3.23319e-05	-7.2966e-05	0
15700	-3.2242e-05	-9.75951e-05	0
15710	-3.11246e-05	-0.000119122	0
15720	-2.9026e-05	-0.000136317	0
15730	-2.59843e-05	-0.000148039	0
15740	-2.20699e-05	-0.000153318	0
15750	-1.73899e-05	-0.000151434	0
15760	-1.20806e-05	-0.000141995	0
15770	-6.31135e-06	-0.000125018	0
15780	-3.22368e-07	-0.000101082	0
15790	5.06031e-06	-7.09815e-05	0
15800	8.28714e-06	-3.40386e-05	0
15810	1.06245e-05	6.33159e-06	0
15820	1.46849e-05	3.79134e-05	0
15830	1.64754e-05	6.43169e-05	0
15840	1.67818e-05	8.94593e-05	0
15850	1.61642e-05	0.000111881	0
15860	1.4685e-05	0.000130268	0
15870	1.2323e-05	0.000143505	0
15880	9.1339e-06	0.000150745	0
15890	5.20489e-06	0.000151453	0
15900	7.1826e-07	0.00014588	0
15910	-1.56729e-06	0.000135918	0
15920	-5.66046e-06	0.000120723	0
15930	-8.04972e-06	0.000100116	0
15940	-1.00532e-05	7.48824e-05	0
15950	-1.18492e-05	4.61753e-05	0
15960	-1.33388e-05	1.53336e-05	0
15970	-1.43548e-05	-1.6182e-05	0
15980	-1.47103e-05	-4.67588e-05	0
15990	-1.24744e-05	-6.51587e-05	0
16000	-1.08055e-05	-7.7362e-05	0
16010	-8.81295e-06	-8.67017e-05	0
16020	-6.50557e-06	-9.29598e-05	0
16030	-4.42266e-06	-9.53299e-05	0
16040	-2.02574e-06	-9.34574e-05	0
16050	1.26621e-07	-8.70441e-05	0
16060	1.76017e-06	-7.61517e-05	0
16070	3.50625e-06	-6.15054e-05	0
16080	5.40454e-06	-4.40491e-05	0
16090	7.31379e-06	-2.48005e-05	0
16100	9.19745e-06	-4.78323e-06	0
16110	1.09277e-05	1.49681e-05	0
16120	1.16533e-05	2.87106e-05	0
16130	1.17592e-05	3.37384e-05	0
16140	1.21913e-05	3.62371e-05	0
16150	1.221e-05	3.72614e-05	0
16160	1.213e-05	3.59866e-05	0
16170	1.16027e-05	3.24852e-05	0
16180	1.07782e-05	2.66662e-05	0
16190	9.49431e-06	1.86232e-05	0
16200	7.54064e-06	1.08325e-05	0
16210	5.55769e-06	3.6181e-06	0
16220	3.21687e-06	-4.95514e-06	0
16230	4.36553e-07	-1.4327e-05	0
16240	-1.13404e-06	-2.11745e-05	0
16250	-3.29574e-06	-2.72113e-05	0
16260	-6.04164e-06	-3.26987e-05	0
16270	-7.72199e-06	-3.69117e-05	0
16280	-8.82416e-06	-3.96195e-05	0
16290	-9.7049e-06	-4.02309e-05	0
16300	-1.03864e-05	-3.86597e-05	0
16310	-1.086e-05	-3.4954e-05	0
16320	-1.10008e-05	-2.92775e-05	0
16330	-1.07525e-05	-2.18846e-05	0
16340	-1.00831e-05	-1.30909e-05	0
16350	-8.962e-06	-3.24033e-06	0
16360	-7.39043e-06	7.33236e-06	0
16370	-5.41084e-06	1.83497e-05	0
16380	-3.03546e-06	2.96666e-05	0
16390	8.68926e-08	4.12777e-05	0
16400	2.43174e-06	5.30711e-05	0
16410	4.4201e-06	6.45701e-05	0
16420	6.35796e-06	7.50716e-05	0
16430	8.43448e-06	8.41693e-05	0
16440	1.06523e-05	9.16022e-05	0
16450	1.28927e-05	9.71522e-05	0
16460	1.5096e-05	0.000100594	0
16470	1.71491e-05	0.000101724	0
16480	1.86798e-05	0.000100433	0
16490	1.95692e-05	9.66588e-05	0
16500	1.97312e-05	9.03762e-05	0
16510	1.9094e-05	8.16032e-05	0
16520	1.76357e-05	7.04037e-05	0
16530	1.54359e-05	5.68717e-05	0
16540	1.25377e-05	4.11055e-05	0
16550	8.82577e-06	2.31914e-05	0
16560	4.61111e-06	4.64369e-06	0
16570	-4.66252e-07	-4.12075e-06	0
16580	-2.87815e-06	-1.40172e-05	0
16590	-4.8829e-06	-2.45012e-05	0
16600	-6.58258e-06	-3.53528e-05	0
16610	-8.05263e-06	-4.63552e-05	0
16620	-9.34379e-06	-5.72636e-05	0
16630	-1.04912e-05	-6.77908e-05	0
16640	-1.13715e-05	-7.75981e-05	0
16650	-1.16748e-05	-8.628e-05	0
16660	-1.15575e-05	-9.33636e-05	0
16670	-1.12048e-05	-9.83268e-05	0
16680	-1.05102e-05	-0.000100606	0
16690	-1.0161e-05	-9.97404e-05	0
16700	-9.75391e-06	-9.64305e-05	0
16710	-9.18344e-06	-9.10041e-05	0
16720	-7.88829e-06	-8.35106e-05	0
16730	-6.66825e-06	-7.39021e-05	0
16740	-5.50924e-06	-6.24587e-05	0
16750	-4.4006e-06	-4.95331e-05	0
16760	-3.36077e-06	-3.55513e-05	0
16770	-2.3166e-06	-2.102e-05	0
16780	-2.3474e-06	-1.80109e-05	0
16790	-2.134e-06	-1.40054e-05	0
16800	-2.54418e-06	-9.64173e-06	0
16810	-2.94443e-06	-7.26514e-06	0
16820	-2.47562e-06	-4.82673e-06	0
16830	-3.82942e-06	-2.22701e-06	0
16840	-3.25205e-06	5.21202e-07	0
16850	-3.88733e-06	3.37488e-06	0
16860	-2.82679e-06	5.61682e-06	0
16870	-2.79167e-06	6.91211e-06	0
16880	-2.76087e-06	8.48624e-06	0
16890	-2.06212e-06	9.65996e-06	0
16900	-1.31045e-06	1.08739e-05	0
16910	-5.37925e-07	1.13883e-05	0
16920	1.30715e-07	1.20045e-05	0
16930	9.49461e-07	1.25955e-05	0
16940	1.71688e-06	1.32655e-05	0
16950	2.5096e-06	1.41651e-05	0
16960	3.24775e-06	1.53488e-05	0
16970	4.05418e-06	1.669e-05	0
16980	4.87788e-06	1.8161e-05	0
16990	5.90345e-06	1.97662e-05	0
17000	7.02551e-06	2.15035e-05	0
17010	8.4026e-06	2.33002e-05	0
17020	9.73139e-06	2.50841e-05	0
17030	1.08663e-05	2.6742e-05	0
17040	1.17833e-05	2.8167e-05	0
17050	1.22366e-05	2.93054e-05	0
17060	1.24734e-05	3.09024e-05	0
17070	1.25252e-05	3.33154e-05	0
17080	1.22255e-05	3.64222e-05	0
17090	1.13942e-05	3.99657e-05	0
17100	9.97502e-06	4.35951e-05	0
17110	8.29065e-06	4.69035e-05	0
17120	6.34512e-06	4.94498e-05	0
17130	4.26963e-06	5.07915e-05	0
17140	2.04104e-06	4.86608e-05	0
17150	-8.96088e-08	4.37132e-05	0
17160	-1.47068e-06	3.65536e-05	0
17170	-2.55213e-06	2.75651e-05	0
17180	-4.05145e-06	1.73008e-05	0
17190	-5.89088e-06	6.07996e-06	0
17200	-8.0447e-06	-5.83596e-06	0
17210	-1.03736e-05	-1.81509e-05	0
17220	-1.36232e-05	-2.61788e-05	0
17230	-1.66897e-05	-3.09227e-05	0
17240	-1.86729e-05	-3.5001e-05	0
17250	-2.0676e-05	-3.94101e-05	0
17260	-2.22426e-05	-4.36988e-05	0
17270	-2.33394e-05	-4.77298e-05	0
17280	-2.39662e-05	-5.13456e-05	0
17290	-2.39919e-05	-5.43475e-05	0
17300	-2.33149e-05	-5.66811e-05	0
17310	-2.2188e-05	-5.9228e-05	0
17320	-2.10236e-05	-6.22216e-05	0
17330	-1.93784e-05	-6.53715e-05	0
17340	-1.71826e-05	-6.82575e-05	0
17350	-1.43525e-05	-7.03714e-05	0
17360	-1.10154e-05	-7.11851e-05	0
17370	-7.28078e-06	-7.0188e-05	0
17380	-3.25975e-06	-6.69265e-05	0
17390	8.87683e-07	-6.10395e-05	0
17400	6.5371e-06	-5.23073e-05	0
17410	1.07752e-05	-4.05896e-05	0
17420	1.25484e-05	-2.29438e-05	0
17430	1.28919e-05	-3.38566e-06	0
17440	1.30987e-05	1.71691e-05	0
17450	1.20651e-05	2.71056e-05	0
17460	1.21587e-05	3.24904e-05	0
17470	1.2283e-05	3.79064e-05	0
17480	1.25092e-05	4.31106e-05	0
17490	1.24074e-05	4.83415e-05	0
17500	1.21311e-05	5.37665e-05	0
17510	1.1713e-05	5.95209e-05	0
17520	1.11925e-05	6.57062e-05	0
17530	1.06091e-05	7.23641e-05	0
17540	9.99822e-06	7.9454e-05	0
17550	9.38427e-06	8.68382e-05	0
17560	8.77771e-06	9.42777e-05	0
17570	8.12085e-06	0.000101436	0
17580	7.3483e-06	0.000107892	0
17590	6.47711e-06	0.000113156	0
17600	5.83482e-06	0.000116696	0
17610	5.38984e-06	0.000118014	0
17620	4.97161e-06	0.000116667	0
17630	3.85574e-06	0.000111184	0
17640	1.52511e-06	0.000101181	0
17650	-4.77834e-09	8.92323e-05	0
17660	-2.39468e-06	7.45498e-05	0
17670	-4.58665e-06	5.83185e-05	0
17680	-6.61016e-06	4.00022e-05	0
17690	-8.67761e-06	2.0631e-05	0
17700	-1.01817e-05	-3.96322e-07	0
17710	-9.22654e-06	-1.30709e-05	0
17720	-9.65902e-06	-2.18952e-05	0
17730	-1.06988e-05	-3.06246e-05	0
17740	-1.17571e-05	-3.91723e-05	0
17750	-1.27646e-05	-4.74426e-05	0
17760	-1.35275e-05	-5.5415e-05	0
17770	-1.39792e-05	-6.30282e-05	0
17780	-1.40557e-05	-7.01524e-05	0
17790	-1.40208e-05	-7.63805e-05	0
17800	-1.38434e-05	-8.17097e-05	0
17810	-1.35172e-05	-8.62841e-05	0
17820	-1.30303e-05	-9.0315e-05	0
17830	-1.23669e-05	-9.40555e-05	0
17840	-1.15004e-05	-9.77663e-05	0
17850	-1.03865e-05	-0.000101679	0
17860	-9.0289e-06	-0.000105957	0
17870	-7.4618e-06	-0.000110608	0
17880	-5.68373e-06	-0.000115484	0
17890	-3.58489e-06	-0.0001203	0
17900	-1.32655e-06	-0.000124603	0
17910	9.20968e-07	-0.000127777	0
17920	3.19976e-06	-0.000129133	0
17930	5.43151e-06	-0.000127964	0
17940	7.51479e-06	-0.00012359	0
17950	9.31572e-06	-0.000115372	0
17960	1.05992e-05	-0.00010251	0
17970	1.08336e-05	-8.34296e-05	0
17980	1.08263e-05	-5.91952e-05	0
17990	1.09545e-05	-3.15225e-05	0
18000	1.11171e-05	-1.58494e-06	0
