0	0	0	0
10	0.000271616	2.40034e-05	0
20	0.000598796	6.37124e-05	0
30	0.000914088	0.000137204	0
40	0.00120545	0.000253369	0
50	0.00146909	0.000413067	0
60	0.00170553	0.000615569	0
70	0.00191348	0.000853577	0
80	0.00209506	0.00111423	0
90	0.0022547	0.00138257	0
100	0.00239889	0.00164183	0
110	0.00253598	0.00187323	0
120	0.00267617	0.00204374	0
130	0.00283	0.0021362	0
140	0.00299889	0.00212334	0
150	0.00318375	0.00202341	0
160	0.00325608	0.00184139	0
170	0.00312768	0.00158868	0
180	0.0028517	0.00128553	0
190	0.00249192	0.000957715	0
200	0.00208397	0.000616649	0
210	0.00168823	0.00029098	0
220	0.00132664	-1.10783e-05	0
230	0.00100525	-0.000289276	0
240	0.00072641	-0.000545229	0
250	0.000487585	-0.000781393	0
260	0.000290012	-0.000995449	0
270	0.000128054	-0.00119003	0
280	-1.70059e-06	-0.00136704	0
290	-0.000101857	-0.00153207	0
300	-0.00017475	-0.00168861	0
310	-0.000217662	-0.00183526	0
320	-0.000225339	-0.00196927	0
330	-0.000196333	-0.00208827	0
340	-0.000119466	-0.00218703	0
350	7.89025e-06	-0.00226682	0
360	0.000189102	-0.00232459	0
370	0.000428527	-0.00236055	0
380	0.000733678	-0.00237149	0
390	0.00109407	-0.00236385	0
400	0.00151155	-0.00233609	0
410	0.00197919	-0.00229249	0
420	0.00249721	-0.00222987	0
430	0.0030492	-0.00215809	0
440	0.00362596	-0.00207861	0
450	0.00409631	-0.00199774	0
460	0.00411224	-0.00191865	0
470	0.00409475	-0.00184703	0
480	0.0040822	-0.00178946	0
490	0.00407697	-0.00174674	0
500	0.0040785	-0.00171911	0
510	0.00408766	-0.00170408	0
520	0.00410413	-0.00169784	0
530	0.00412687	-0.00169818	0
540	0.00415494	-0.00170286	0
550	0.00418798	-0.00170489	0
560	0.00422351	-0.00169722	0
570	0.0042589	-0.00167911	0
580	0.00429306	-0.00164863	0
590	0.00432425	-0.00160686	0
600	0.00435302	-0.00155485	0
610	0.00437743	-0.00149618	0
620	0.00439756	-0.00143228	0
630	0.00441602	-0.0013691	0
640	0.0044336	-0.00130741	0
650	0.00445052	-0.00125803	0
660	0.00446861	-0.00122343	0
670	0.00448756	-0.00121214	0
680	0.00450852	-0.00122458	0
690	0.00453295	-0.00126229	0
700	0.00455994	-0.00132387	0
710	0.00459032	-0.00141266	0
720	0.00462369	-0.00152173	0
730	0.00465963	-0.00164699	0
740	0.00469864	-0.00178241	0
750	0.00473641	-0.00192384	0
760	0.00477458	-0.00206244	0
770	0.00481896	-0.00218931	0
780	0.00486265	-0.00230027	0
790	0.00490214	-0.00238834	0
800	0.00494036	-0.00245432	0
810	0.00497686	-0.00249511	0
820	0.00501194	-0.00250843	0
830	0.00504452	-0.00249529	0
840	0.00507421	-0.00245568	0
850	0.00510136	-0.00239454	0
860	0.00512613	-0.00231517	0
870	0.0051481	-0.00222036	0
880	0.00516781	-0.00211536	0
890	0.0051862	-0.00200695	0
900	0.00520399	-0.00189771	0
910	0.00522157	-0.00179279	0
920	0.00523919	-0.00169871	0
930	0.00525743	-0.00161646	0
940	0.00527623	-0.00155058	0
950	0.00529669	-0.00150093	0
960	0.00531869	-0.00146664	0
970	0.00532576	-0.00145002	0
980	0.00530386	-0.00144724	0
990	0.0052635	-0.00145243	0
1000	0.00520658	-0.0014627	0
1010	0.00513417	-0.00147829	0
1020	0.00504907	-0.0014964	0
1030	0.00495021	-0.00151286	0
1040	0.00484341	-0.00152769	0
1050	0.00473288	-0.00153656	0
1060	0.0046208	-0.00153509	0
1070	0.00450914	-0.00152351	0
1080	0.0043976	-0.00150097	0
1090	0.00428835	-0.00146629	0
1100	0.00418199	-0.00141716	0
1110	0.00407674	-0.00135692	0
1120	0.0039741	-0.0012843	0
1130	0.00387246	-0.00120099	0
1140	0.00376768	-0.00110909	0
1150	0.00365969	-0.00100946	0
1160	0.00354618	-0.000905882	0
1170	0.00342538	-0.000801406	0
1180	0.00329391	-0.000697902	0
1190	0.00315192	-0.000599344	0
1200	0.00299804	-0.00050536	0
1210	0.00282897	-0.000420875	0
1220	0.00264562	-0.000346479	0
1230	0.00244655	-0.000281776	0
1240	0.00223711	-0.000230185	0
1250	0.00201396	-0.000191002	0
1260	0.0017826	-0.000161936	0
1270	0.00154292	-0.000143631	0
1280	0.00129844	-0.000135463	0
1290	0.0010528	-0.0001337	0
1300	0.000805002	-0.000140477	0
1310	0.000562446	-0.000151285	0
1320	0.000325841	-0.000166515	0
1330	9.51979e-05	-0.000186009	0
1340	-0.00012261	-0.000206087	0
1350	-0.000328436	-0.000226949	0
1360	-0.000519178	-0.000247341	0
1370	-0.000692412	-0.000266051	0
1380	-0.000847185	-0.000283381	0
1390	-0.000982898	-0.000299129	0
1400	-0.00109712	-0.00031247	0
1410	-0.00119103	-0.000325055	0
1420	-0.00126477	-0.000336661	0
1430	-0.001317	-0.000348647	0
1440	-0.00134832	-0.000361684	0
1450	-0.00136007	-0.000375962	0
1460	-0.0013514	-0.000393571	0
1470	-0.00132221	-0.000414101	0
1480	-0.00127464	-0.00043986	0
1490	-0.00120686	-0.000469139	0
1500	-0.00112211	-0.000505987	0
1510	-0.00101616	-0.000544845	0
1520	-0.000897602	-0.000593388	0
1530	-0.000758578	-0.000642419	0
1540	-0.000604001	-0.000698228	0
1550	-0.000432147	-0.000754422	0
1560	-0.000245144	-0.000813683	0
1570	-4.03366e-05	-0.000870696	0
1580	0.000178656	-0.000929348	0
1590	0.000413404	-0.000979592	0
1600	0.00066223	-0.0010259	0
1610	0.000923882	-0.00106739	0
1620	0.00119806	-0.00109995	0
1630	0.00148401	-0.00112998	0
1640	0.00177656	-0.0011532	0
1650	0.00207814	-0.0011665	0
1660	0.00238424	-0.00117331	0
1670	0.00269536	-0.00117454	0
1680	0.00300749	-0.00116721	0
1690	0.00331963	-0.00115244	0
1700	0.00362884	-0.00113558	0
1710	0.00393342	-0.00111598	0
1720	0.00423079	-0.00109092	0
1730	0.00451853	-0.00106435	0
1740	0.00479769	-0.0010354	0
1750	0.00506645	-0.0010053	0
1760	0.00532036	-0.00097745	0
1770	0.00555963	-0.00095366	0
1780	0.0057838	-0.000929331	0
1790	0.00599276	-0.000912047	0
1800	0.00618618	-0.000901038	0
1810	0.00636398	-0.000894649	0
1820	0.00652528	-0.000892356	0
1830	0.00666739	-0.000900021	0
1840	0.00679509	-0.000917538	0
1850	0.00690942	-0.000938706	0
1860	0.00700875	-0.000964418	0
1870	0.00709476	-0.000998399	0
1880	0.00717034	-0.00103433	0
1890	0.00723583	-0.00107218	0
1900	0.0072973	-0.00110927	0
1910	0.00735084	-0.00114605	0
1920	0.0073996	-0.00118232	0
1930	0.00744485	-0.00121472	0
1940	0.00748839	-0.00124765	0
1950	0.00752918	-0.00127257	0
1960	0.00756911	-0.00129435	0
1970	0.00761063	-0.00130751	0
1980	0.00765094	-0.00132165	0
1990	0.00768896	-0.00133073	0
2000	0.00772484	-0.00133899	0
2010	0.00776271	-0.00134433	0
2020	0.00779749	-0.00134257	0
2030	0.00782954	-0.00134281	0
2040	0.00785944	-0.00134108	0
2050	0.0078888	-0.00133462	0
2060	0.00791214	-0.001326	0
2070	0.00793332	-0.00131405	0
2080	0.00795259	-0.00130158	0
2090	0.00796865	-0.00128914	0
2100	0.00798009	-0.00127623	0
2110	0.00798625	-0.0012638	0
2120	0.00798656	-0.00125346	0
2130	0.00798023	-0.00124476	0
2140	0.00796823	-0.00123889	0
2150	0.00795008	-0.00123461	0
2160	0.00792848	-0.00123377	0
2170	0.00790056	-0.0012347	0
2180	0.00787013	-0.00123648	0
2190	0.00783345	-0.00123914	0
2200	0.00779302	-0.0012428	0
2210	0.00774652	-0.00124707	0
2220	0.00769812	-0.00124827	0
2230	0.00764343	-0.00124965	0
2240	0.00758597	-0.00124851	0
2250	0.00753043	-0.00124331	0
2260	0.00747221	-0.00123689	0
2270	0.00741366	-0.00122574	0
2280	0.00735605	-0.00121009	0
2290	0.00729894	-0.00119041	0
2300	0.00724452	-0.00116703	0
2310	0.00719153	-0.00113869	0
2320	0.00714288	-0.00110473	0
2330	0.00709796	-0.001069	0
2340	0.00705508	-0.00103097	0
2350	0.00701543	-0.0009889	0
2360	0.00697939	-0.000946108	0
2370	0.00694667	-0.00090276	0
2380	0.00692027	-0.000858787	0
2390	0.00689646	-0.000816612	0
2400	0.00687584	-0.000773239	0
2410	0.00685694	-0.000734155	0
2420	0.00684063	-0.000695658	0
2430	0.0068255	-0.000661649	0
2440	0.00681297	-0.000631704	0
2450	0.00680275	-0.000603077	0
2460	0.00679326	-0.000579265	0
2470	0.00678674	-0.000556761	0
2480	0.00678092	-0.000540228	0
2490	0.00677838	-0.000522929	0
2500	0.00677636	-0.000510915	0
2510	0.00677689	-0.000499478	0
2520	0.00678008	-0.000490323	0
2530	0.00678512	-0.000481104	0
2540	0.00679208	-0.000470412	0
2550	0.00680089	-0.000463257	0
2560	0.00681047	-0.00045581	0
2570	0.00681994	-0.000450822	0
2580	0.00683371	-0.000447368	0
2590	0.00684741	-0.000445723	0
2600	0.00686015	-0.000445365	0
2610	0.00687605	-0.000447211	0
2620	0.00689124	-0.000450928	0
2630	0.0069073	-0.000456007	0
2640	0.00692581	-0.000463739	0
2650	0.00694587	-0.000475184	0
2660	0.00696622	-0.000489083	0
2670	0.00698897	-0.000508638	0
2680	0.00701115	-0.000532608	0
2690	0.00703626	-0.000560631	0
2700	0.00706458	-0.00059127	0
2710	0.00709344	-0.000625638	0
2720	0.0071233	-0.000667527	0
2730	0.00715837	-0.000709469	0
2740	0.00719524	-0.000754417	0
2750	0.00723388	-0.000804357	0
2760	0.00727633	-0.000852538	0
2770	0.00732052	-0.000906534	0
2780	0.00736884	-0.000957803	0
2790	0.0074217	-0.00100871	0
2800	0.00747651	-0.0010596	0
2810	0.00753297	-0.00111018	0
2820	0.00759537	-0.00115601	0
2830	0.00765929	-0.00120045	0
2840	0.00772522	-0.0012404	0
2850	0.00779251	-0.00127749	0
2860	0.00786276	-0.00131177	0
2870	0.0079333	-0.00134136	0
2880	0.00800274	-0.00136541	0
2890	0.0080721	-0.00138985	0
2900	0.00813942	-0.00141073	0
2910	0.00820462	-0.00142665	0
2920	0.0082678	-0.00144433	0
2930	0.00832814	-0.00145894	0
2940	0.00838296	-0.00147233	0
2950	0.00843635	-0.00148879	0
2960	0.00848289	-0.00150456	0
2970	0.00852534	-0.0015223	0
2980	0.00856276	-0.00154247	0
2990	0.00859528	-0.00156335	0
3000	0.00862532	-0.00158553	0
3010	0.00864646	-0.00161411	0
3020	0.00866552	-0.00164295	0
3030	0.00868109	-0.0016749	0
3040	0.00869102	-0.00171026	0
3050	0.0087006	-0.00174464	0
3060	0.00870603	-0.00178029	0
3070	0.00871244	-0.00181532	0
3080	0.00871702	-0.00184733	0
3090	0.00872036	-0.0018792	0
3100	0.00872601	-0.00190861	0
3110	0.00873064	-0.00193746	0
3120	0.0087376	-0.00196051	0
3130	0.00874585	-0.00198185	0
3140	0.00875556	-0.00199784	0
3150	0.00877177	-0.00200795	0
3160	0.00878956	-0.00201475	0
3170	0.00880937	-0.00201655	0
3180	0.00883233	-0.0020119	0
3190	0.00885591	-0.00200425	0
3200	0.00888288	-0.0019897	0
3210	0.00891263	-0.00197253	0
3220	0.00894057	-0.00195056	0
3230	0.00896763	-0.00192413	0
3240	0.00899516	-0.00189531	0
3250	0.00902262	-0.00186421	0
3260	0.00904578	-0.00183443	0
3270	0.00906592	-0.00180519	0
3280	0.00908204	-0.00177578	0
3290	0.00909595	-0.00174694	0
3300	0.00910394	-0.00172484	0
3310	0.009107	-0.00170569	0
3320	0.00910598	-0.00169156	0
3330	0.0091004	-0.00168656	0
3340	0.0090918	-0.00168918	0
3350	0.00908047	-0.00170534	0
3360	0.00907033	-0.00173418	0
3370	0.00906303	-0.00177931	0
3380	0.00906244	-0.0018417	0
3390	0.00907218	-0.00192312	0
3400	0.00910139	-0.00201864	0
3410	0.00915258	-0.00213099	0
3420	0.0092293	-0.00226249	0
3430	0.00934784	-0.00240794	0
3440	0.00951122	-0.00256721	0
3450	0.0097156	-0.00273676	0
3460	0.00998481	-0.00291146	0
3470	0.0103113	-0.00309311	0
3480	0.0107499	-0.00326278	0
3490	0.0112907	-0.00342408	0
3500	0.0114863	-0.0035702	0
3510	0.011446	-0.00369473	0
3520	0.0113897	-0.00379045	0
3530	0.0113269	-0.00385557	0
3540	0.0112561	-0.00388296	0
3550	0.0111809	-0.00386507	0
3560	0.0111	-0.0038008	0
3570	0.0110125	-0.00368784	0
3580	0.0109224	-0.00352649	0
3590	0.0108224	-0.00331961	0
3600	0.0107189	-0.00306808	0
3610	0.0106119	-0.00277803	0
3620	0.0104978	-0.00245666	0
3630	0.0103813	-0.00211434	0
3640	0.0102634	-0.00176039	0
3650	0.0101434	-0.0013972	0
3660	0.0100216	-0.00104228	0
3670	0.00989938	-0.000700266	0
3680	0.0097782	-0.000383403	0
3690	0.00966442	-8.83969e-05	0
3700	0.00955778	0.000176019	0
3710	0.00945837	0.000420912	0
3720	0.00936019	0.000632039	0
3730	0.00926654	0.000806725	0
3740	0.00917597	0.000946192	0
3750	0.00908598	0.00103767	0
3760	0.00900215	0.00108417	0
3770	0.00892172	0.00108962	0
3780	0.0088634	0.00104073	0
3790	0.00882064	0.000909914	0
3800	0.00877982	0.000707436	0
3810	0.00874535	0.000447997	0
3820	0.00871712	0.000131514	0
3830	0.00869974	-0.000227026	0
3840	0.00869474	-0.000600967	0
3850	0.0087023	-0.000983883	0
3860	0.00872428	-0.00135316	0
3870	0.00876159	-0.00170001	0
3880	0.00881428	-0.00200148	0
3890	0.00888069	-0.00225088	0
3900	0.00896009	-0.002434	0
3910	0.00904976	-0.00254967	0
3920	0.00913932	-0.00262153	0
3930	0.0092232	-0.00264725	0
3940	0.00929877	-0.00262951	0
3950	0.00936594	-0.00256513	0
3960	0.00942399	-0.00245107	0
3970	0.00947187	-0.00228837	0
3980	0.0095061	-0.00208257	0
3990	0.00952868	-0.00183364	0
4000	0.00953742	-0.00154204	0
4010	0.00953559	-0.00121626	0
4020	0.00952102	-0.000857412	0
4030	0.00949422	-0.000475289	0
4040	0.00945748	-7.14738e-05	0
4050	0.00940724	0.000331074	0
4060	0.00935093	0.000737499	0
4070	0.00928892	0.00113257	0
4080	0.00922196	0.00151258	0
4090	0.00914785	0.00186219	0
4100	0.00907168	0.00217271	0
4110	0.00899464	0.00243212	0
4120	0.00892101	0.00263892	0
4130	0.00885381	0.00278906	0
4140	0.0087903	0.00287742	0
4150	0.00873473	0.00289793	0
4160	0.00867936	0.00285447	0
4170	0.0085208	0.00274592	0
4180	0.0082578	0.00259139	0
4190	0.00788228	0.00243997	0
4200	0.00739469	0.00229099	0
4210	0.00680929	0.00214636	0
4220	0.00614583	0.00197454	0
4230	0.00540917	0.00176259	0
4240	0.00462294	0.00152136	0
4250	0.00379283	0.00124489	0
4260	0.00292609	0.000931845	0
4270	0.00204525	0.000590564	0
4280	0.00116186	0.00018743	0
4290	0.000288437	-0.000272031	0
4300	-0.000561995	-0.000760963	0
4310	-0.00137331	-0.00126797	0
4320	-0.00212255	-0.00177331	0
4330	-0.00279826	-0.00227034	0
4340	-0.00338326	-0.0027294	0
4350	-0.00388578	-0.00315324	0
4360	-0.00429352	-0.00352573	0
4370	-0.0046033	-0.0038384	0
4380	-0.00480377	-0.00408161	0
4390	-0.00490173	-0.00425801	0
4400	-0.00489581	-0.00436181	0
4410	-0.00477609	-0.0043852	0
4420	-0.00454812	-0.00434341	0
4430	-0.00421004	-0.00423971	0
4440	-0.00375951	-0.00407547	0
4450	-0.00322426	-0.00386404	0
4460	-0.00259805	-0.00360317	0
4470	-0.00190587	-0.00330859	0
4480	-0.00115554	-0.0029935	0
4490	-0.000366801	-0.0026735	0
4500	0.000445003	-0.00236331	0
4510	0.00126584	-0.00207059	0
4520	0.00207497	-0.00181492	0
4530	0.00286026	-0.00160632	0
4540	0.00360785	-0.00146949	0
4550	0.00430977	-0.00141428	0
4560	0.00496081	-0.00145175	0
4570	0.0055579	-0.00158293	0
4580	0.00611213	-0.00180957	0
4590	0.00663934	-0.00212147	0
4600	0.00714469	-0.00250508	0
4610	0.00763274	-0.00293866	0
4620	0.00810748	-0.00341116	0
4630	0.00858029	-0.0039027	0
4640	0.00905181	-0.00438847	0
4650	0.0095236	-0.00486353	0
4660	0.0099991	-0.00531127	0
4670	0.0104864	-0.00571976	0
4680	0.0109747	-0.00608069	0
4690	0.0111296	-0.0063842	0
4700	0.0109841	-0.00662176	0
4710	0.0108136	-0.00678845	0
4720	0.0106808	-0.00690217	0
4730	0.0106155	-0.00696943	0
4740	0.0105534	-0.00698881	0
4750	0.0104889	-0.00695661	0
4760	0.0104165	-0.00688133	0
4770	0.0103417	-0.00675785	0
4780	0.0102634	-0.00659555	0
4790	0.0101822	-0.00640526	0
4800	0.010102	-0.00618414	0
4810	0.0100194	-0.00593511	0
4820	0.00993891	-0.0056753	0
4830	0.00985954	-0.00540472	0
4840	0.00976246	-0.00513014	0
4850	0.0096925	-0.00486034	0
4860	0.00961047	-0.00459557	0
4870	0.0095629	-0.00434901	0
4880	0.00949407	-0.00412592	0
4890	0.00933628	-0.00392578	0
4900	0.00908663	-0.00375326	0
4910	0.00875145	-0.00360855	0
4920	0.00833107	-0.0034888	0
4930	0.00783575	-0.00338465	0
4940	0.00727079	-0.00329666	0
4950	0.00664132	-0.00322279	0
4960	0.00596687	-0.00314869	0
4970	0.00524905	-0.00307661	0
4980	0.00450169	-0.00300216	0
4990	0.00373975	-0.00292218	0
5000	0.00297362	-0.00282998	0
5010	0.00221411	-0.00273528	0
5020	0.00147358	-0.00263285	0
5030	0.00076573	-0.00252198	0
5040	9.07222e-05	-0.00241446	0
5050	-0.000538765	-0.00230385	0
5060	-0.00110874	-0.00219268	0
5070	-0.00161878	-0.00209503	0
5080	-0.00206988	-0.00199468	0
5090	-0.00244004	-0.00191413	0
5100	-0.00273857	-0.00183828	0
5110	-0.00295994	-0.00177666	0
5120	-0.00309318	-0.00172183	0
5130	-0.00314512	-0.00167546	0
5140	-0.00311015	-0.00164642	0
5150	-0.00300181	-0.00162659	0
5160	-0.00280186	-0.00160802	0
5170	-0.00252412	-0.00160095	0
5180	-0.00217323	-0.00159374	0
5190	-0.001754	-0.00158681	0
5200	-0.00125854	-0.00157202	0
5210	-0.000695413	-0.00154945	0
5220	-7.61694e-05	-0.00151821	0
5230	0.000599233	-0.00148118	0
5240	0.00132095	-0.0014353	0
5250	0.00208543	-0.00137392	0
5260	0.00288907	-0.00129945	0
5270	0.00371949	-0.00122116	0
5280	0.00456732	-0.00112494	0
5290	0.00543371	-0.00101977	0
5300	0.00630501	-0.000923575	0
5310	0.00717553	-0.000805321	0
5320	0.00802827	-0.000689706	0
5330	0.00886109	-0.00055694	0
5340	0.00965645	-0.000436115	0
5350	0.0104042	-0.000305509	0
5360	0.0108034	-0.000183599	0
5370	0.0107132	-6.24003e-05	0
5380	0.0105935	4.1999e-05	0
5390	0.0104704	0.000131387	0
5400	0.0103446	0.000215773	0
5410	0.010221	0.000290921	0
5420	0.0100987	0.000354523	0
5430	0.00998068	0.000396599	0
5440	0.00986355	0.000413255	0
5450	0.00975084	0.00041106	0
5460	0.00962307	0.000396339	0
5470	0.00952501	0.000364674	0
5480	0.00944185	0.000307341	0
5490	0.00934504	0.000245272	0
5500	0.00929358	0.00016988	0
5510	0.00922967	8.54807e-05	0
5520	0.00916858	-6.72916e-06	0
5530	0.00911405	-9.65499e-05	0
5540	0.00903208	-0.000187968	0
5550	0.00892619	-0.000275044	0
5560	0.00879603	-0.000355576	0
5570	0.00864311	-0.00042932	0
5580	0.00846951	-0.000490549	0
5590	0.00828057	-0.000535293	0
5600	0.00807463	-0.00056501	0
5610	0.00785232	-0.0005773	0
5620	0.00761752	-0.000576736	0
5630	0.00737128	-0.000561906	0
5640	0.00711487	-0.000526272	0
5650	0.00684922	-0.000485433	0
5660	0.00657346	-0.000426572	0
5670	0.0062898	-0.00036884	0
5680	0.00599872	-0.000307581	0
5690	0.00570658	-0.000232312	0
5700	0.00541148	-0.000160106	0
5710	0.0051171	-8.66345e-05	0
5720	0.00482478	-1.90629e-05	0
5730	0.00453431	3.05801e-05	0
5740	0.00425412	6.23364e-05	0
5750	0.0039801	7.06232e-05	0
5760	0.00371005	6.56695e-05	0
5770	0.00343927	3.90402e-05	0
5780	0.00317542	-3.19274e-06	0
5790	0.0029164	-6.10353e-05	0
5800	0.0026734	-0.00013229	0
5810	0.00244409	-0.000217567	0
5820	0.00223341	-0.000309763	0
5830	0.00203323	-0.000400918	0
5840	0.00186544	-0.000490621	0
5850	0.00172364	-0.000566444	0
5860	0.00160691	-0.000627688	0
5870	0.00152791	-0.000669379	0
5880	0.00147239	-0.000690796	0
5890	0.00144618	-0.000687479	0
5900	0.0014487	-0.000658698	0
5910	0.00147395	-0.000626349	0
5920	0.00151671	-0.000571919	0
5930	0.00158143	-0.000510238	0
5940	0.00166191	-0.000453387	0
5950	0.00175596	-0.000387007	0
5960	0.00186458	-0.000317546	0
5970	0.00198025	-0.000262484	0
5980	0.00209658	-0.000213994	0
5990	0.00222148	-0.000172641	0
6000	0.00234595	-0.000145876	0
6010	0.00247037	-0.000143491	0
6020	0.00260323	-0.000157873	0
6030	0.0027358	-0.000202615	0
6040	0.00286562	-0.000272098	0
6050	0.00300538	-0.000374458	0
6060	0.00314909	-0.000503912	0
6070	0.00330394	-0.000653497	0
6080	0.00346217	-0.000836188	0
6090	0.00362803	-0.00103362	0
6100	0.00381066	-0.00123932	0
6110	0.0040045	-0.00146036	0
6120	0.00421707	-0.00167717	0
6130	0.00443914	-0.00189075	0
6140	0.00467858	-0.00209256	0
6150	0.00493303	-0.00226897	0
6160	0.00520388	-0.00242124	0
6170	0.00548322	-0.00253862	0
6180	0.00576354	-0.00263153	0
6190	0.00605727	-0.00267591	0
6200	0.00635146	-0.0026882	0
6210	0.00665083	-0.00265228	0
6220	0.00694089	-0.0025848	0
6230	0.00722532	-0.00247779	0
6240	0.00749143	-0.00234059	0
6250	0.00774053	-0.00218401	0
6260	0.0079545	-0.00200846	0
6270	0.00796717	-0.00181413	0
6280	0.00790118	-0.00161792	0
6290	0.00782206	-0.00142498	0
6300	0.00774825	-0.00123608	0
6310	0.00766559	-0.00105458	0
6320	0.0075818	-0.000883208	0
6330	0.00749001	-0.000721067	0
6340	0.00739501	-0.000575153	0
6350	0.00726451	-0.000447923	0
6360	0.00708551	-0.000333216	0
6370	0.00687681	-0.000224274	0
6380	0.00663313	-0.000132243	0
6390	0.00635833	-3.97138e-05	0
6400	0.00606238	4.97475e-05	0
6410	0.00573297	0.000139915	0
6420	0.00538498	0.000236747	0
6430	0.00502489	0.000339823	0
6440	0.00465025	0.000447792	0
6450	0.00426869	0.0005706	0
6460	0.00387803	0.000700831	0
6470	0.0034856	0.000836374	0
6480	0.00309529	0.00097104	0
6490	0.00270515	0.00110197	0
6500	0.00232691	0.00122925	0
6510	0.00195647	0.00134356	0
6520	0.00161049	0.00143907	0
6530	0.00128327	0.00151675	0
6540	0.000984699	0.00156074	0
6550	0.000718371	0.00158163	0
6560	0.000486188	0.00156998	0
6570	0.000294241	0.00153644	0
6580	0.000143831	0.00148549	0
6590	4.34061e-05	0.0014121	0
6600	-1.24393e-05	0.00132501	0
6610	-2.00733e-05	0.00122584	0
6620	2.29205e-05	0.00111189	0
6630	0.000112148	0.000992988	0
6640	0.000255349	0.00087873	0
6650	0.000447322	0.000771727	0
6660	0.000692373	0.000674017	0
6670	0.000982662	0.000603712	0
6680	0.00130813	0.000555512	0
6690	0.00167805	0.000531522	0
6700	0.00207062	0.000534334	0
6710	0.00248782	0.000571725	0
6720	0.00292573	0.000645627	0
6730	0.00338306	0.000737256	0
6740	0.00383424	0.000858696	0
6750	0.00427607	0.00100346	0
6760	0.00469658	0.0011585	0
6770	0.00509146	0.00132768	0
6780	0.00535186	0.00150502	0
6790	0.00530107	0.00167828	0
6800	0.00522859	0.0018478	0
6810	0.00513615	0.00200666	0
6820	0.00506373	0.00214263	0
6830	0.00499746	0.00225563	0
6840	0.00493759	0.00234307	0
6850	0.00484911	0.00239928	0
6860	0.00481691	0.00242357	0
6870	0.00473994	0.00242018	0
6880	0.00461835	0.00238917	0
6890	0.00445969	0.00233517	0
6900	0.00427245	0.00226519	0
6910	0.00404848	0.00217792	0
6920	0.00380202	0.00208391	0
6930	0.00354392	0.00198743	0
6940	0.00327642	0.00189294	0
6950	0.00304111	0.00181523	0
6960	0.0031414	0.00192815	0
6970	0.0032527	0.0021673	0
6980	0.00336397	0.00256044	0
6990	0.0032222	0.00310066	0
7000	0.00289435	0.00376543	0
7010	0.00261785	0.00450849	0
7020	0.00231423	0.00527949	0
7030	0.00201409	0.00602022	0
7040	0.00174759	0.00671282	0
7050	0.00142778	0.00734601	0
7060	0.00101272	0.00790869	0
7070	0.000506815	0.00838014	0
7080	-9.78165e-05	0.00877159	0
7090	-0.000796559	0.00907791	0
7100	-0.00158721	0.00930217	0
7110	-0.00243385	0.00945444	0
7120	-0.00336427	0.00953181	0
7130	-0.00433475	0.00954656	0
7140	-0.00535394	0.00950492	0
7150	-0.00636923	0.00941818	0
7160	-0.00737644	0.00928726	0
7170	-0.00835882	0.00912735	0
7180	-0.00928991	0.00895671	0
7190	-0.010145	0.00878233	0
7200	-0.0109225	0.00861392	0
7210	-0.011604	0.00846306	0
7220	-0.0121804	0.00833843	0
7230	-0.0126245	0.00823947	0
7240	-0.0129307	0.00817869	0
7250	-0.0131003	0.00813259	0
7260	-0.0131265	0.00811665	0
7270	-0.0130021	0.00811377	0
7280	-0.0127536	0.00812108	0
7290	-0.012359	0.00813913	0
7300	-0.0118421	0.00814836	0
7310	-0.0112017	0.00814596	0
7320	-0.0104408	0.00812587	0
7330	-0.00957439	0.00807859	0
7340	-0.00862048	0.00799679	0
7350	-0.00758662	0.00787485	0
7360	-0.00647818	0.007706	0
7370	-0.00531334	0.00749801	0
7380	-0.00409656	0.00724022	0
7390	-0.00284234	0.00694096	0
7400	-0.00155379	0.0066099	0
7410	-0.000244541	0.00624292	0
7420	0.000707868	0.0058657	0
7430	0.000803378	0.00547503	0
7440	0.000841472	0.0050782	0
7450	0.000895839	0.00468816	0
7460	0.000949523	0.00431617	0
7470	0.0010129	0.00397341	0
7480	0.00107987	0.00365804	0
7490	0.0011709	0.00338563	0
7500	0.00127578	0.00315954	0
7510	0.00139543	0.00298659	0
7520	0.00153839	0.0028626	0
7530	0.00168871	0.002791	0
7540	0.001876	0.0028125	0
7550	0.00207143	0.00294005	0
7560	0.00226789	0.00313273	0
7570	0.00247127	0.00334191	0
7580	0.00266205	0.00356329	0
7590	0.00284563	0.00377339	0
7600	0.00301808	0.00397092	0
7610	0.00317655	0.00414484	0
7620	0.00330688	0.00427964	0
7630	0.00342809	0.0043703	0
7640	0.00351281	0.00441379	0
7650	0.00358448	0.00440973	0
7660	0.00363859	0.00434174	0
7670	0.00367213	0.00422602	0
7680	0.00368309	0.00405346	0
7690	0.0036894	0.00384173	0
7700	0.00368982	0.00359171	0
7710	0.0036686	0.00330973	0
7720	0.00364623	0.00301599	0
7730	0.00363651	0.00271707	0
7740	0.00362126	0.00242224	0
7750	0.00359597	0.00213852	0
7760	0.00359691	0.00189081	0
7770	0.00357424	0.00168056	0
7780	0.00358163	0.00152487	0
7790	0.00359756	0.00142523	0
7800	0.00363293	0.00139221	0
7810	0.00368854	0.00142378	0
7820	0.00376046	0.00152906	0
7830	0.00385489	0.00170108	0
7840	0.00399029	0.00194867	0
7850	0.00414703	0.0022638	0
7860	0.00432072	0.00264795	0
7870	0.00452654	0.00309047	0
7880	0.0047433	0.00357896	0
7890	0.00497044	0.00410736	0
7900	0.00519924	0.00465782	0
7910	0.00542667	0.00521352	0
7920	0.00649445	0.00577278	0
7930	0.00835999	0.00626535	0
7940	0.0099259	0.00664709	0
7950	0.0111753	0.00689408	0
7960	0.0120076	0.0069968	0
7970	0.01251	0.00695081	0
7980	0.0124842	0.00677137	0
7990	0.0121887	0.00651913	0
8000	0.0118474	0.00624139	0
8010	0.0114829	0.00593056	0
8020	0.0111084	0.00549097	0
8030	0.0107522	0.00506857	0
8040	0.0104268	0.00467395	0
8050	0.0101747	0.00432751	0
8060	0.0100225	0.0040397	0
8070	0.00997514	0.00382207	0
8080	0.0100697	0.00368288	0
8090	0.0103507	0.00363971	0
8100	0.010851	0.00370975	0
8110	0.0103796	0.00388134	0
8120	0.00987057	0.00415315	0
8130	0.00941412	0.00452266	0
8140	0.00900254	0.00500452	0
8150	0.00862987	0.0055698	0
8160	0.00830361	0.00620313	0
8170	0.00801623	0.00686402	0
8180	0.00777722	0.00751669	0
8190	0.00757522	0.00813551	0
8200	0.00739915	0.00870202	0
8210	0.00724995	0.00916941	0
8220	0.00715429	0.00952248	0
8230	0.00709553	0.00974109	0
8240	0.00708603	0.00982711	0
8250	0.00713069	0.00979998	0
8260	0.00722958	0.0096482	0
8270	0.00690644	0.00937023	0
8280	0.00602857	0.00898182	0
8290	0.00513964	0.00850675	0
8300	0.00425131	0.0079722	0
8310	0.00336503	0.00740042	0
8320	0.00248188	0.00683004	0
8330	0.00160212	0.006273	0
8340	0.000726277	0.00576646	0
8350	-6.31923e-05	0.00530791	0
8360	-0.000680586	0.00488354	0
8370	-0.00123172	0.0045168	0
8380	-0.00175757	0.00421275	0
8390	-0.00227461	0.00399553	0
8400	-0.00278485	0.0038645	0
8410	-0.00329563	0.00382842	0
8420	-0.00380198	0.003885	0
8430	-0.00429944	0.00402078	0
8440	-0.00478185	0.00421469	0
8450	-0.0052469	0.00443612	0
8460	-0.00569934	0.00467755	0
8470	-0.00612693	0.00494509	0
8480	-0.0065215	0.00523317	0
8490	-0.00687407	0.00552904	0
8500	-0.0071799	0.00581944	0
8510	-0.00744346	0.00606973	0
8520	-0.00766781	0.00626515	0
8530	-0.00784782	0.00639452	0
8540	-0.00799209	0.00647213	0
8550	-0.0081019	0.00648986	0
8560	-0.00818093	0.00645134	0
8570	-0.00822888	0.00636561	0
8580	-0.00824605	0.00623415	0
8590	-0.00826648	0.00605892	0
8600	-0.00830691	0.00585299	0
8610	-0.00835009	0.00562811	0
8620	-0.00840923	0.00537809	0
8630	-0.0084478	0.00512689	0
8640	-0.00848195	0.00487263	0
8650	-0.00850646	0.00462633	0
8660	-0.00859211	0.00438701	0
8670	-0.00864565	0.00416206	0
8680	-0.00867893	0.00395639	0
8690	-0.00863915	0.0037646	0
8700	-0.00854499	0.00358385	0
8710	-0.00839531	0.00341567	0
8720	-0.00817218	0.00325791	0
8730	-0.00782958	0.00312958	0
8740	-0.00732106	0.00303283	0
8750	-0.00671815	0.00295427	0
8760	-0.00602469	0.00289336	0
8770	-0.00521095	0.00284275	0
8780	-0.00452252	0.00280366	0
8790	-0.00391955	0.00277681	0
8800	-0.00332352	0.00275497	0
8810	-0.00275345	0.00272985	0
8820	-0.00222542	0.0026969	0
8830	-0.00176277	0.00265583	0
8840	-0.00138911	0.00258935	0
8850	-0.0011322	0.00249455	0
8860	-0.000965892	0.0023745	0
8870	-0.000869485	0.00224569	0
8880	-0.0008215	0.00210705	0
8890	-0.000867608	0.00194952	0
8900	-0.000982632	0.00178315	0
8910	-0.00117409	0.00158841	0
8920	-0.001438	0.00137814	0
8930	-0.00176722	0.0011512	0
8940	-0.002172	0.000905621	0
8950	-0.00264447	0.000646386	0
8960	-0.00317191	0.00037466	0
8970	-0.00376031	9.51339e-05	0
8980	-0.00439273	-0.00019573	0
8990	-0.00507213	-0.000495573	0
9000	-0.00577863	-0.000801254	0
9010	-0.00650124	-0.00110385	0
9020	-0.00720815	-0.00139814	0
9030	-0.00793047	-0.00168518	0
9040	-0.00865969	-0.00195404	0
9050	-0.0093583	-0.00219961	0
9060	-0.0100259	-0.00241816	0
9070	-0.0106266	-0.00259777	0
9080	-0.0111997	-0.0027493	0
9090	-0.0116529	-0.00283864	0
9100	-0.0120522	-0.00288092	0
9110	-0.0123773	-0.00286911	0
9120	-0.0125912	-0.00279151	0
9130	-0.0127085	-0.00264723	0
9140	-0.0127667	-0.00244033	0
9150	-0.0133694	-0.00190331	0
9160	-0.0140798	-0.00013259	0
9170	-0.014889	0.00159817	0
9180	-0.0157713	0.00324229	0
9190	-0.0166937	0.00476485	0
9200	-0.0176295	0.0061315	0
9210	-0.0182657	0.0073314	0
9220	-0.0182426	0.00832852	0
9230	-0.0180238	0.00907417	0
9240	-0.0177224	0.00954129	0
9250	-0.0173683	0.00971116	0
9260	-0.0170813	0.00958044	0
9270	-0.0169245	0.00918971	0
9280	-0.0168248	0.00860532	0
9290	-0.016787	0.00786846	0
9300	-0.0167978	0.00704932	0
9310	-0.0168526	0.00615573	0
9320	-0.0169029	0.00522936	0
9330	-0.0168338	0.00430545	0
9340	-0.0167486	0.00343755	0
9350	-0.0166447	0.0026585	0
9360	-0.0165222	0.00197556	0
9370	-0.0163689	0.00141947	0
9380	-0.0161788	0.000998501	0
9390	-0.0159548	0.000724065	0
9400	-0.0157088	0.000599663	0
9410	-0.0154415	0.000584128	0
9420	-0.0151646	0.000668411	0
9430	-0.0148858	0.000818639	0
9440	-0.0146175	0.00101734	0
9450	-0.0143601	0.0012551	0
9460	-0.0141208	0.0015146	0
9470	-0.0138969	0.00179786	0
9480	-0.0136894	0.00210008	0
9490	-0.0135034	0.00239428	0
9500	-0.0133451	0.00266092	0
9510	-0.013218	0.00287867	0
9520	-0.013125	0.00304133	0
9530	-0.0130691	0.00313515	0
9540	-0.0130497	0.00314445	0
9550	-0.0130696	0.00307058	0
9560	-0.0131301	0.00291211	0
9570	-0.0132243	0.00266298	0
9580	-0.0133608	0.00235162	0
9590	-0.0135213	0.00199271	0
9600	-0.0136942	0.00159807	0
9610	-0.0138784	0.00117858	0
9620	-0.0140432	0.000760198	0
9630	-0.0142071	0.000358031	0
9640	-0.0143198	-3.13635e-06	0
9650	-0.0144307	-0.000320125	0
9660	-0.0145152	-0.000563641	0
9670	-0.0145838	-0.000756151	0
9680	-0.0146423	-0.000887591	0
9690	-0.0146871	-0.000970102	0
9700	-0.0147337	-0.000994718	0
9710	-0.0147915	-0.000989457	0
9720	-0.0148614	-0.000946784	0
9730	-0.0149564	-0.000875095	0
9740	-0.0150815	-0.000776072	0
9750	-0.0152351	-0.000671027	0
9760	-0.0154148	-0.000550431	0
9770	-0.0156334	-0.000442834	0
9780	-0.0158861	-0.000336581	0
9790	-0.0161676	-0.000238906	0
9800	-0.0164997	-0.000158549	0
9810	-0.0169043	-8.20444e-05	0
9820	-0.0173385	-1.18496e-05	0
9830	-0.0177634	5.81191e-05	0
9840	-0.0182066	0.000128591	0
9850	-0.0186499	0.000213382	0
9860	-0.0191077	0.000319343	0
9870	-0.0195646	0.000436847	0
9880	-0.0200215	0.000577296	0
9890	-0.020488	0.000745173	0
9900	-0.0209576	0.00093742	0
9910	-0.021388	0.00115687	0
9920	-0.0218101	0.00139506	0
9930	-0.0221815	0.00165624	0
9940	-0.0225831	0.00193744	0
9950	-0.0229663	0.0022291	0
9960	-0.0233303	0.00253788	0
9970	-0.0236917	0.00285115	0
9980	-0.0240372	0.003162	0
9990	-0.0243658	0.00347752	0
10000	-0.0246891	0.00378305	0
10010	-0.0249902	0.00407884	0
10020	-0.0252959	0.00435588	0
10030	-0.0255818	0.0046054	0
10040	-0.0258676	0.00483103	0
10050	-0.026144	0.00503435	0
10060	-0.0264057	0.00520685	0
10070	-0.0266688	0.00536516	0
10080	-0.0269214	0.00549635	0
10090	-0.0271641	0.00560145	0
10100	-0.0273957	0.00568605	0
10110	-0.0276237	0.00574453	0
10120	-0.0278415	0.00577729	0
10130	-0.0280493	0.00578922	0
10140	-0.0282475	0.00577793	0
10150	-0.0284322	0.00573403	0
10160	-0.0286016	0.00567082	0
10170	-0.0287554	0.00558457	0
10180	-0.0289	0.00548043	0
10190	-0.0290355	0.0053611	0
10200	-0.0291893	0.00522895	0
10210	-0.0293059	0.00509402	0
10220	-0.0294421	0.00496159	0
10230	-0.029554	0.00483034	0
10240	-0.0296818	0.00471902	0
10250	-0.0298242	0.00462597	0
10260	-0.0299744	0.00456498	0
10270	-0.030105	0.00454246	0
10280	-0.0302163	0.00454043	0
10290	-0.0303148	0.00454935	0
10300	-0.0303973	0.00457392	0
10310	-0.0304562	0.0045978	0
10320	-0.0304966	0.00461335	0
10330	-0.0305246	0.00460324	0
10340	-0.0305402	0.00455521	0
10350	-0.0305482	0.00445501	0
10360	-0.0305555	0.00429469	0
10370	-0.0305605	0.00407094	0
10380	-0.030572	0.00377823	0
10390	-0.0305877	0.00343505	0
10400	-0.0306063	0.0030452	0
10410	-0.0306267	0.00261335	0
10420	-0.0306532	0.00214148	0
10430	-0.0306716	0.00164809	0
10440	-0.0306782	0.00115108	0
10450	-0.0306465	0.000669066	0
10460	-0.0305526	0.000235756	0
10470	-0.0303847	-0.000127165	0
10480	-0.0300961	-0.000395173	0
10490	-0.0296596	-0.000532155	0
10500	-0.0290487	-0.000524458	0
10510	-0.0282398	-0.00034963	0
10520	-0.0272364	-1.1704e-05	0
10530	-0.0260447	0.000478084	0
10540	-0.024678	0.00109726	0
10550	-0.0231808	0.00179795	0
10560	-0.0221856	0.0025306	0
10570	-0.0218585	0.00324838	0
10580	-0.0215397	0.00392237	0
10590	-0.021243	0.00450452	0
10600	-0.0209742	0.00497354	0
10610	-0.0207316	0.00529961	0
10620	-0.0205219	0.00547493	0
10630	-0.0203459	0.00549017	0
10640	-0.020207	0.00534152	0
10650	-0.0201024	0.00505201	0
10660	-0.0200267	0.00463795	0
10670	-0.0199703	0.00414094	0
10680	-0.0199021	0.00360645	0
10690	-0.0198064	0.0030855	0
10700	-0.0196158	0.00262864	0
10710	-0.0193271	0.00228071	0
10720	-0.0189509	0.00207743	0
10730	-0.0185062	0.00204286	0
10740	-0.0180045	0.00217505	0
10750	-0.0174648	0.00244221	0
10760	-0.0169087	0.00283303	0
10770	-0.0163469	0.00333404	0
10780	-0.0157966	0.00391213	0
10790	-0.0152684	0.00454334	0
10800	-0.0147729	0.00520036	0
10810	-0.0143211	0.00584461	0
10820	-0.0139189	0.00644984	0
10830	-0.0136068	0.00698131	0
10840	-0.0135127	0.00740339	0
10850	-0.013421	0.00769066	0
10860	-0.0133303	0.00783269	0
10870	-0.0132353	0.00782328	0
10880	-0.0131369	0.00764174	0
10890	-0.013042	0.00730349	0
10900	-0.0129545	0.00684354	0
10910	-0.0129258	0.00628315	0
10920	-0.0129727	0.00566857	0
10930	-0.0130781	0.00504483	0
10940	-0.0132374	0.00445345	0
10950	-0.0134211	0.00393829	0
10960	-0.013627	0.00352763	0
10970	-0.0138367	0.00323561	0
10980	-0.0140414	0.00308565	0
10990	-0.014238	0.00308308	0
11000	-0.014432	0.00323032	0
11010	-0.0146146	0.00351536	0
11020	-0.0148096	0.00391132	0
11030	-0.0150243	0.00438143	0
11040	-0.0152491	0.00489573	0
11050	-0.0154965	0.00541073	0
11060	-0.0157703	0.00589743	0
11070	-0.0160789	0.00632969	0
11080	-0.0164272	0.00668841	0
11090	-0.0168194	0.00694861	0
11100	-0.0172411	0.00709157	0
11110	-0.0176905	0.0071033	0
11120	-0.0181554	0.00699093	0
11130	-0.0186147	0.00675806	0
11140	-0.0190459	0.00641662	0
11150	-0.0194336	0.00598245	0
11160	-0.0197657	0.00547317	0
11170	-0.0200181	0.0049228	0
11180	-0.02016	0.00435798	0
11190	-0.0201626	0.00381387	0
11200	-0.0199984	0.0033253	0
11210	-0.0196447	0.00291672	0
11220	-0.019087	0.00260976	0
11230	-0.0183287	0.00242527	0
11240	-0.0173713	0.00237699	0
11250	-0.0162313	0.00247358	0
11260	-0.014962	0.00270007	0
11270	-0.0136021	0.00305657	0
11280	-0.0123152	0.00350827	0
11290	-0.0123002	0.00401143	0
11300	-0.0122943	0.00454723	0
11310	-0.0123167	0.00508109	0
11320	-0.0123714	0.00557687	0
11330	-0.0124553	0.00601122	0
11340	-0.0125668	0.00635649	0
11350	-0.0126991	0.00659369	0
11360	-0.0128504	0.00671018	0
11370	-0.0130324	0.00670151	0
11380	-0.0133906	0.00658047	0
11390	-0.0138513	0.00637542	0
11400	-0.014332	0.00612619	0
11410	-0.0147965	0.00585491	0
11420	-0.0152165	0.00558855	0
11430	-0.0155764	0.00535702	0
11440	-0.0158736	0.00518475	0
11450	-0.016111	0.00506874	0
11460	-0.0162823	0.00501405	0
11470	-0.0163898	0.00502182	0
11480	-0.0164326	0.00508956	0
11490	-0.0164143	0.00520637	0
11500	-0.0163343	0.00537266	0
11510	-0.016198	0.00557351	0
11520	-0.016014	0.00578561	0
11530	-0.01579	0.00600665	0
11540	-0.0155325	0.00621724	0
11550	-0.0152509	0.00640874	0
11560	-0.0149545	0.006561	0
11570	-0.0146592	0.00665945	0
11580	-0.0143789	0.00668578	0
11590	-0.0141085	0.00663537	0
11600	-0.0138604	0.00648868	0
11610	-0.013654	0.00623961	0
11620	-0.0134856	0.00588799	0
11630	-0.0133568	0.0054332	0
11640	-0.0132758	0.00487001	0
11650	-0.0132435	0.00421613	0
11660	-0.0132581	0.00349227	0
11670	-0.0133144	0.00271645	0
11680	-0.0134064	0.00191302	0
11690	-0.0139522	0.00107753	0
11700	-0.0146312	0.000263791	0
11710	-0.015271	-0.000456123	0
11720	-0.0158456	-0.00104726	0
11730	-0.0162924	-0.00148601	0
11740	-0.0165362	-0.00174524	0
11750	-0.0165265	-0.00180613	0
11760	-0.0162241	-0.00166309	0
11770	-0.0156089	-0.00133049	0
11780	-0.0146844	-0.000825213	0
11790	-0.0134789	-0.000158372	0
11800	-0.0120479	0.000626333	0
11810	-0.0105878	0.00150104	0
11820	-0.0104819	0.00241162	0
11830	-0.0103183	0.00330827	0
11840	-0.010156	0.00414402	0
11850	-0.00999488	0.00488193	0
11860	-0.0098336	0.00548547	0
11870	-0.00967676	0.00593275	0
11880	-0.00972407	0.00621304	0
11890	-0.00978646	0.00632815	0
11900	-0.00982335	0.0062931	0
11910	-0.00983727	0.00612628	0
11920	-0.00983114	0.00585367	0
11930	-0.00980132	0.00549441	0
11940	-0.00975411	0.00507341	0
11950	-0.00969023	0.00460976	0
11960	-0.00962239	0.00413389	0
11970	-0.00960036	0.00366397	0
11980	-0.00960697	0.00321424	0
11990	-0.00962176	0.0028061	0
12000	-0.00963609	0.00244766	0
12010	-0.00964082	0.00213833	0
12020	-0.00962755	0.00188169	0
12030	-0.00958904	0.00167489	0
12040	-0.00951813	0.00151616	0
12050	-0.00940542	0.00140504	0
12060	-0.00947232	0.0013252	0
12070	-0.00959476	0.00128543	0
12080	-0.0097425	0.00128233	0
12090	-0.00991332	0.00131642	0
12100	-0.0101033	0.00138973	0
12110	-0.0103057	0.00149639	0
12120	-0.0105124	0.00164509	0
12130	-0.0107219	0.00183085	0
12140	-0.010924	0.00204607	0
12150	-0.0111049	0.00228667	0
12160	-0.0112612	0.00254046	0
12170	-0.0113879	0.00280373	0
12180	-0.0114806	0.0030688	0
12190	-0.0116228	0.00332249	0
12200	-0.0118104	0.00356218	0
12210	-0.0119542	0.00378241	0
12220	-0.0120463	0.00397795	0
12230	-0.012092	0.00414097	0
12240	-0.0120928	0.00425736	0
12250	-0.0120507	0.00431127	0
12260	-0.0119779	0.00429546	0
12270	-0.0118834	0.00420928	0
12280	-0.0117724	0.00404224	0
12290	-0.0116455	0.00379045	0
12300	-0.0115062	0.00346257	0
12310	-0.0113534	0.00307288	0
12320	-0.011188	0.00263953	0
12330	-0.0110121	0.00218519	0
12340	-0.0108275	0.00173761	0
12350	-0.0106352	0.00132334	0
12360	-0.0104347	0.000971658	0
12370	-0.0102309	0.000709014	0
12380	-0.0100243	0.000556995	0
12390	-0.00981318	0.000529097	0
12400	-0.00960117	0.000617201	0
12410	-0.00939006	0.000822875	0
12420	-0.00917891	0.00113967	0
12430	-0.00897345	0.00154915	0
12440	-0.00878009	0.00203428	0
12450	-0.00859612	0.00257207	0
12460	-0.00842836	0.0031176	0
12470	-0.0082831	0.0036398	0
12480	-0.00816165	0.00411283	0
12490	-0.00806527	0.00451723	0
12500	-0.00799621	0.00484708	0
12510	-0.00795111	0.00510005	0
12520	-0.00791132	0.00528871	0
12530	-0.00787122	0.00541779	0
12540	-0.0078245	0.00550311	0
12550	-0.00779025	0.00555129	0
12560	-0.00775273	0.00556956	0
12570	-0.00771061	0.0055542	0
12580	-0.0076608	0.00549733	0
12590	-0.00760504	0.00542586	0
12600	-0.00756773	0.00542169	0
12610	-0.00751391	0.00549509	0
12620	-0.00742073	0.00562898	0
12630	-0.00728068	0.00576005	0
12640	-0.00709558	0.00583301	0
12650	-0.00687368	0.00584921	0
12660	-0.0066356	0.0058258	0
12670	-0.00640804	0.00577745	0
12680	-0.00619812	0.00569089	0
12690	-0.00601054	0.00556098	0
12700	-0.00584843	0.00538802	0
12710	-0.00571324	0.00517053	0
12720	-0.00560759	0.00492245	0
12730	-0.0055341	0.00464321	0
12740	-0.00549321	0.00434771	0
12750	-0.00548336	0.00404417	0
12760	-0.00550233	0.00373749	0
12770	-0.00554882	0.00342931	0
12780	-0.0056226	0.00312364	0
12790	-0.00572129	0.0028234	0
12800	-0.0058368	0.00254793	0
12810	-0.00599907	0.00230865	0
12820	-0.00619188	0.00211992	0
12830	-0.00638737	0.00198789	0
12840	-0.00657717	0.00192466	0
12850	-0.00675828	0.00193391	0
12860	-0.00692716	0.00201013	0
12870	-0.0070796	0.00214816	0
12880	-0.00721417	0.002342	0
12890	-0.00732769	0.00258117	0
12900	-0.00742004	0.00286084	0
12910	-0.00749065	0.00315306	0
12920	-0.00754961	0.00343051	0
12930	-0.00759691	0.00367334	0
12940	-0.00763783	0.00387036	0
12950	-0.00767033	0.00401929	0
12960	-0.00769517	0.00410996	0
12970	-0.00771536	0.00414473	0
12980	-0.00773352	0.00412297	0
12990	-0.00775109	0.00405268	0
13000	-0.00777169	0.00394055	0
13010	-0.0077994	0.00380092	0
13020	-0.00783589	0.00365295	0
13030	-0.00788371	0.00350279	0
13040	-0.00795116	0.00336621	0
13050	-0.00804172	0.00324833	0
13060	-0.0081607	0.00315367	0
13070	-0.00831316	0.00307874	0
13080	-0.00850277	0.00301767	0
13090	-0.00873004	0.00296919	0
13100	-0.00899562	0.00293236	0
13110	-0.00929783	0.00291216	0
13120	-0.009636	0.00290802	0
13130	-0.0100072	0.00291889	0
13140	-0.0104051	0.0029421	0
13150	-0.0108228	0.00297774	0
13160	-0.0112476	0.0030209	0
13170	-0.011665	0.00308884	0
13180	-0.0120654	0.00318362	0
13190	-0.0124381	0.00330699	0
13200	-0.012779	0.00344789	0
13210	-0.0130792	0.00360299	0
13220	-0.0133311	0.00376962	0
13230	-0.0135246	0.00394838	0
13240	-0.0136503	0.00412626	0
13250	-0.0137033	0.00429936	0
13260	-0.0136807	0.00446402	0
13270	-0.0135837	0.00461448	0
13280	-0.0134136	0.00473755	0
13290	-0.0131774	0.00483704	0
13300	-0.0128913	0.00489589	0
13310	-0.0126555	0.00492103	0
13320	-0.0124746	0.00490784	0
13330	-0.0123165	0.00485737	0
13340	-0.0121471	0.00477205	0
13350	-0.0119404	0.00465153	0
13360	-0.0116754	0.00450135	0
13370	-0.011332	0.00432687	0
13380	-0.0108866	0.00414376	0
13390	-0.0103191	0.00395292	0
13400	-0.00996832	0.00376134	0
13410	-0.00989434	0.00357329	0
13420	-0.00988596	0.00339817	0
13430	-0.00993409	0.0032395	0
13440	-0.0100329	0.00309736	0
13450	-0.0101765	0.0029729	0
13460	-0.0103567	0.00286612	0
13470	-0.0105655	0.0027878	0
13480	-0.0107944	0.00274121	0
13490	-0.0110353	0.00272179	0
13500	-0.011283	0.00272832	0
13510	-0.0115258	0.00276485	0
13520	-0.0117557	0.00282942	0
13530	-0.0119636	0.0029209	0
13540	-0.0121429	0.00303926	0
13550	-0.0122886	0.00318291	0
13560	-0.0123968	0.00334887	0
13570	-0.0124653	0.0035328	0
13580	-0.0124958	0.00372939	0
13590	-0.0124894	0.00393278	0
13600	-0.0124502	0.00413557	0
13610	-0.0123821	0.00433208	0
13620	-0.012293	0.00451525	0
13630	-0.0121865	0.00467832	0
13640	-0.0120736	0.00481143	0
13650	-0.011959	0.00488463	0
13660	-0.0118518	0.00492497	0
13670	-0.0117508	0.00494114	0
13680	-0.0116607	0.00493814	0
13690	-0.0115815	0.00491951	0
13700	-0.0115133	0.00488852	0
13710	-0.0114549	0.00484427	0
13720	-0.0114	0.00478707	0
13730	-0.0113468	0.00471647	0
13740	-0.0112947	0.00463873	0
13750	-0.0112395	0.00455588	0
13760	-0.011182	0.00446852	0
13770	-0.0111244	0.00436657	0
13780	-0.0110695	0.0042513	0
13790	-0.0110195	0.00411683	0
13800	-0.0109769	0.00396212	0
13810	-0.0109421	0.00379366	0
13820	-0.0109142	0.0036117	0
13830	-0.010893	0.00342877	0
13840	-0.0108786	0.00325268	0
13850	-0.0108678	0.0030957	0
13860	-0.0108584	0.00296914	0
13870	-0.0108483	0.00288657	0
13880	-0.010836	0.0028589	0
13890	-0.0108201	0.00289009	0
13900	-0.0107966	0.00297617	0
13910	-0.0107621	0.00312256	0
13920	-0.0107151	0.0033307	0
13930	-0.0106577	0.00359675	0
13940	-0.0105912	0.00391479	0
13950	-0.0105203	0.00427714	0
13960	-0.0104475	0.00466714	0
13970	-0.0103774	0.00506185	0
13980	-0.0103207	0.00543768	0
13990	-0.0102852	0.00577167	0
14000	-0.0102765	0.00605415	0
14010	-0.0102949	0.0062752	0
14020	-0.01034	0.00642773	0
14030	-0.0104096	0.00650822	0
14040	-0.0104999	0.00650876	0
14050	-0.0106055	0.00643507	0
14060	-0.0107225	0.00629047	0
14070	-0.0108427	0.00607874	0
14080	-0.0109586	0.00580761	0
14090	-0.0110618	0.00548922	0
14100	-0.011152	0.00514128	0
14110	-0.0112547	0.00477671	0
14120	-0.0113133	0.00440959	0
14130	-0.0114053	0.0040587	0
14140	-0.011529	0.0037344	0
14150	-0.0116551	0.00345157	0
14160	-0.0117667	0.00321653	0
14170	-0.0118565	0.00303915	0
14180	-0.0119159	0.00292527	0
14190	-0.0119297	0.0028794	0
14200	-0.0118853	0.00290379	0
14210	-0.0117761	0.00299579	0
14220	-0.0116013	0.00314881	0
14230	-0.0113636	0.00335488	0
14240	-0.0110757	0.0036005	0
14250	-0.0107494	0.00387613	0
14260	-0.0106094	0.00415914	0
14270	-0.0105585	0.00443951	0
14280	-0.0105129	0.00470228	0
14290	-0.0104725	0.00494092	0
14300	-0.0104359	0.00514465	0
14310	-0.0104017	0.00530639	0
14320	-0.0103701	0.00541541	0
14330	-0.0103509	0.00547091	0
14340	-0.0103394	0.00547047	0
14350	-0.0103371	0.0054213	0
14360	-0.0103469	0.00532162	0
14370	-0.0103714	0.00517934	0
14380	-0.0104131	0.00500226	0
14390	-0.0104771	0.00479727	0
14400	-0.0105638	0.00457035	0
14410	-0.0106762	0.00433957	0
14420	-0.0108161	0.00411875	0
14430	-0.0109611	0.00392035	0
14440	-0.0109943	0.00374763	0
14450	-0.0110285	0.00360714	0
14460	-0.0110744	0.00349978	0
14470	-0.011128	0.00342783	0
14480	-0.0111878	0.00338448	0
14490	-0.0112574	0.0033659	0
14500	-0.0113329	0.00337427	0
14510	-0.0114174	0.00340004	0
14520	-0.0115031	0.00343966	0
14530	-0.0115857	0.00348271	0
14540	-0.011662	0.0035213	0
14550	-0.0117282	0.00354253	0
14560	-0.0117815	0.00353993	0
14570	-0.0118188	0.00351151	0
14580	-0.0118374	0.00345753	0
14590	-0.0118397	0.00338361	0
14600	-0.0118124	0.00329814	0
14610	-0.0117575	0.00321234	0
14620	-0.0116806	0.00313908	0
14630	-0.0115787	0.00309059	0
14640	-0.0114543	0.00307891	0
14650	-0.0113147	0.00311161	0
14660	-0.0111627	0.00318667	0
14670	-0.0110035	0.00330682	0
14680	-0.0108397	0.00346806	0
14690	-0.0106781	0.0036661	0
14700	-0.0105233	0.00389266	0
14710	-0.010388	0.00411998	0
14720	-0.0102733	0.00434824	0
14730	-0.0101738	0.00456583	0
14740	-0.0100758	0.00476326	0
14750	-0.0100024	0.00493901	0
14760	-0.00995804	0.00508501	0
14770	-0.00994415	0.00519347	0
14780	-0.00996211	0.00526064	0
14790	-0.0100086	0.00528586	0
14800	-0.0100855	0.00527179	0
14810	-0.0101903	0.00522129	0
14820	-0.0103219	0.0051452	0
14830	-0.010469	0.00505719	0
14840	-0.0106224	0.00497098	0
14850	-0.0107728	0.00489845	0
14860	-0.010912	0.0048491	0
14870	-0.011032	0.00482948	0
14880	-0.0111267	0.00483959	0
14890	-0.0111919	0.00487765	0
14900	-0.0112304	0.00493712	0
14910	-0.0112463	0.0050057	0
14920	-0.0112379	0.0050737	0
14930	-0.0112065	0.00513327	0
14940	-0.011157	0.00517187	0
14950	-0.0110961	0.0051805	0
14960	-0.0110305	0.00516277	0
14970	-0.0109601	0.00511493	0
14980	-0.010886	0.00503947	0
14990	-0.0108129	0.00493927	0
15000	-0.0107433	0.00482301	0
15010	-0.0106788	0.00469921	0
15020	-0.0106472	0.00458076	0
15030	-0.0106552	0.004476	0
15040	-0.0106691	0.0043903	0
15050	-0.0106833	0.00432894	0
15060	-0.0106973	0.00429474	0
15070	-0.010713	0.00429092	0
15080	-0.0107292	0.00431501	0
15090	-0.0107415	0.00436676	0
15100	-0.0107406	0.00444206	0
15110	-0.0107311	0.00453186	0
15120	-0.0107137	0.00462715	0
15130	-0.01069	0.00471704	0
15140	-0.0106588	0.00479003	0
15150	-0.0106189	0.00483547	0
15160	-0.0105709	0.00484277	0
15170	-0.0105158	0.00480831	0
15180	-0.0104556	0.00472984	0
15190	-0.010394	0.00460773	0
15200	-0.0103335	0.00444767	0
15210	-0.0102764	0.00425752	0
15220	-0.010224	0.00404789	0
15230	-0.0101765	0.00383171	0
15240	-0.0101346	0.00362268	0
15250	-0.0100986	0.00343392	0
15260	-0.0100695	0.00327575	0
15270	-0.0100469	0.00315505	0
15280	-0.0100285	0.00307189	0
15290	-0.0100144	0.00302588	0
15300	-0.0100059	0.00301717	0
15310	-0.0100042	0.00303884	0
15320	-0.0100088	0.00308837	0
15330	-0.0100204	0.00316073	0
15340	-0.0100389	0.00324938	0
15350	-0.0100639	0.0033491	0
15360	-0.0100956	0.00345479	0
15370	-0.0101339	0.00355985	0
15380	-0.0101777	0.00366077	0
15390	-0.0102278	0.00375196	0
15400	-0.0102844	0.00383279	0
15410	-0.0103476	0.00389879	0
15420	-0.0104141	0.00394607	0
15430	-0.0104819	0.00396699	0
15440	-0.0105464	0.00395914	0
15450	-0.0106042	0.00392677	0
15460	-0.0106599	0.00387263	0
15470	-0.0107077	0.00380204	0
15480	-0.0107489	0.00372063	0
15490	-0.0107815	0.00363419	0
15500	-0.0108072	0.00354894	0
15510	-0.0108238	0.00346731	0
15520	-0.0108364	0.00339589	0
15530	-0.0108419	0.00333787	0
15540	-0.0108427	0.00329455	0
15550	-0.0108364	0.00327104	0
15560	-0.0108267	0.00326365	0
15570	-0.0108105	0.00327587	0
15580	-0.010789	0.00330085	0
15590	-0.0107636	0.00334052	0
15600	-0.010736	0.00339053	0
15610	-0.0107044	0.00344849	0
15620	-0.010672	0.00350952	0
15630	-0.0106366	0.00357375	0
15640	-0.010598	0.00363789	0
15650	-0.0105592	0.00369473	0
15660	-0.0105188	0.00374376	0
15670	-0.0104779	0.00378589	0
15680	-0.0104366	0.00381818	0
15690	-0.0103953	0.00384372	0
15700	-0.0103537	0.00385974	0
15710	-0.0103116	0.00387084	0
15720	-0.0102708	0.00387403	0
15730	-0.0102307	0.00387412	0
15740	-0.0101902	0.00386873	0
15750	-0.0101494	0.00386113	0
15760	-0.0101086	0.00385245	0
15770	-0.0100675	0.00384334	0
15780	-0.010027	0.00383321	0
15790	-0.00998683	0.00382364	0
15800	-0.00994717	0.00381417	0
15810	-0.00989753	0.00379117	0
15820	-0.00982368	0.00376418	0
15830	-0.00975039	0.00373453	0
15840	-0.00967932	0.00370132	0
15850	-0.00961083	0.00366108	0
15860	-0.00954518	0.00361297	0
15870	-0.00948352	0.00355732	0
15880	-0.00942654	0.00349572	0
15890	-0.00937676	0.0034307	0
15900	-0.00933272	0.00336672	0
15910	-0.00929639	0.00330378	0
15920	-0.00926734	0.00324503	0
15930	-0.00924475	0.0031914	0
15940	-0.00922341	0.00314427	0
15950	-0.00920993	0.00310765	0
15960	-0.00921678	0.0030829	0
15970	-0.00922906	0.00307194	0
15980	-0.00924481	0.00306837	0
15990	-0.00926372	0.00306859	0
16000	-0.00928477	0.00307459	0
16010	-0.00930762	0.0030842	0
16020	-0.0093285	0.00310045	0
16030	-0.00934353	0.00312178	0
16040	-0.00935518	0.00315043	0
16050	-0.00936793	0.00318557	0
16060	-0.00938693	0.00322577	0
16070	-0.00941534	0.00326989	0
16080	-0.00945305	0.00331782	0
16090	-0.00946595	0.00337092	0
16100	-0.00947322	0.00342757	0
16110	-0.00947747	0.00348714	0
16120	-0.00947826	0.00354928	0
16130	-0.00947503	0.00361096	0
16140	-0.00945015	0.00367077	0
16150	-0.0094146	0.00372547	0
16160	-0.00937331	0.0037709	0
16170	-0.00932763	0.00380455	0
16180	-0.00927886	0.00382336	0
16190	-0.00922767	0.00382584	0
16200	-0.00917448	0.00381562	0
16210	-0.00912187	0.0037991	0
16220	-0.00907263	0.00377766	0
16230	-0.00902835	0.00375183	0
16240	-0.00899054	0.00372049	0
16250	-0.00896011	0.00368319	0
16260	-0.00893541	0.00364283	0
16270	-0.00891651	0.0035948	0
16280	-0.00890173	0.00354303	0
16290	-0.00889131	0.00348977	0
16300	-0.00888377	0.0034379	0
16310	-0.00887884	0.00338735	0
16320	-0.00887596	0.00334075	0
16330	-0.00887443	0.00330017	0
16340	-0.00887206	0.00326762	0
16350	-0.00886786	0.00324945	0
16360	-0.00886153	0.00324762	0
16370	-0.00885399	0.00326364	0
16380	-0.00884705	0.00329647	0
16390	-0.00884112	0.00334515	0
16400	-0.00883567	0.00340789	0
16410	-0.00882953	0.00347796	0
16420	-0.00882864	0.00354889	0
16430	-0.00883682	0.00362376	0
16440	-0.00885302	0.00369747	0
16450	-0.0088782	0.00376765	0
16460	-0.00891172	0.00383164	0
16470	-0.00895398	0.00388632	0
16480	-0.0090043	0.00393148	0
16490	-0.00906081	0.00396604	0
16500	-0.00912093	0.00399071	0
16510	-0.00918192	0.00400378	0
16520	-0.00924098	0.00400656	0
16530	-0.00929598	0.00400126	0
16540	-0.00934423	0.00398856	0
16550	-0.00938404	0.00396953	0
16560	-0.00941583	0.00394395	0
16570	-0.0094341	0.00391315	0
16580	-0.00943341	0.0038785	0
16590	-0.00941851	0.0038411	0
16600	-0.00939118	0.00380115	0
16610	-0.00935163	0.00375973	0
16620	-0.00930122	0.00371682	0
16630	-0.00924021	0.00367259	0
16640	-0.00917095	0.0036272	0
16650	-0.00909416	0.00358622	0
16660	-0.00901358	0.00354431	0
16670	-0.00892671	0.00349917	0
16680	-0.008835	0.00345334	0
16690	-0.00873916	0.00340474	0
16700	-0.00864082	0.00335549	0
16710	-0.00854194	0.00330612	0
16720	-0.00844314	0.00325559	0
16730	-0.00834657	0.00320759	0
16740	-0.00825398	0.00316118	0
16750	-0.00816756	0.00311787	0
16760	-0.00808883	0.003077	0
16770	-0.00801697	0.0030387	0
16780	-0.00795288	0.00300501	0
16790	-0.00789742	0.00297542	0
16800	-0.00785119	0.00295185	0
16810	-0.00781479	0.00293453	0
16820	-0.00778854	0.00292369	0
16830	-0.00777314	0.00292006	0
16840	-0.00776906	0.00292173	0
16850	-0.00777382	0.00292863	0
16860	-0.00778707	0.00293858	0
16870	-0.00780808	0.00295145	0
16880	-0.0078363	0.00296633	0
16890	-0.00786958	0.00298168	0
16900	-0.00790712	0.00299827	0
16910	-0.00794893	0.00301445	0
16920	-0.00799339	0.00303157	0
16930	-0.00804087	0.00305023	0
16940	-0.00809003	0.00307012	0
16950	-0.00814076	0.00309118	0
16960	-0.00819145	0.00310949	0
16970	-0.00824031	0.00312588	0
16980	-0.00828663	0.00313987	0
16990	-0.00833005	0.00314995	0
17000	-0.00836945	0.00315749	0
17010	-0.00840602	0.00316412	0
17020	-0.0084398	0.00316871	0
17030	-0.00847348	0.00317426	0
17040	-0.00850757	0.00317863	0
17050	-0.00854413	0.00318416	0
17060	-0.008584	0.00318974	0
17070	-0.00862901	0.00319637	0
17080	-0.00867953	0.00320257	0
17090	-0.00873564	0.00320971	0
17100	-0.00879731	0.00321505	0
17110	-0.00886419	0.00322055	0
17120	-0.00893568	0.00322614	0
17130	-0.00901046	0.00323019	0
17140	-0.00908736	0.00323414	0
17150	-0.00916649	0.00323754	0
17160	-0.00924829	0.00324245	0
17170	-0.00933134	0.00324916	0
17180	-0.00941311	0.00325784	0
17190	-0.00949288	0.00326858	0
17200	-0.00956777	0.00328244	0
17210	-0.0096355	0.00330034	0
17220	-0.0096931	0.00332259	0
17230	-0.00973658	0.0033481	0
17240	-0.00976496	0.00337684	0
17250	-0.00977626	0.00340732	0
17260	-0.00976798	0.00343902	0
17270	-0.00973834	0.00346645	0
17280	-0.00968677	0.00349208	0
17290	-0.00961233	0.00351293	0
17300	-0.00951624	0.00352657	0
17310	-0.00940086	0.00353303	0
17320	-0.00926918	0.0035337	0
17330	-0.009125	0.00352929	0
17340	-0.00897271	0.00352411	0
17350	-0.00881648	0.00352147	0
17360	-0.00866141	0.00352597	0
17370	-0.00851182	0.00354143	0
17380	-0.00837254	0.00357164	0
17390	-0.00824766	0.00361725	0
17400	-0.00814136	0.00368022	0
17410	-0.00805624	0.00375898	0
17420	-0.00799469	0.0038503	0
17430	-0.00795846	0.00394936	0
17440	-0.00794816	0.00405079	0
17450	-0.00796352	0.00414556	0
17460	-0.0080014	0.00422646	0
17470	-0.00805895	0.00428737	0
17480	-0.00813272	0.00432079	0
17490	-0.00821923	0.00431986	0
17500	-0.00831294	0.0042848	0
17510	-0.00841224	0.00421578	0
17520	-0.0085139	0.00411742	0
17530	-0.00861456	0.00399553	0
17540	-0.00871091	0.00385562	0
17550	-0.00880007	0.00370832	0
17560	-0.0088792	0.00356923	0
17570	-0.008945	0.00344072	0
17580	-0.00899627	0.00333143	0
17590	-0.00903105	0.00324729	0
17600	-0.00905012	0.00319459	0
17610	-0.00905432	0.00317436	0
17620	-0.00904476	0.00318763	0
17630	-0.00902293	0.00323413	0
17640	-0.00898995	0.00330844	0
17650	-0.00895018	0.00340636	0
17660	-0.00890487	0.00352016	0
17670	-0.00885529	0.0036369	0
17680	-0.00880749	0.00374893	0
17690	-0.00876065	0.00385719	0
17700	-0.00871425	0.00395805	0
17710	-0.00866938	0.00404592	0
17720	-0.00862827	0.00411852	0
17730	-0.0085921	0.00417961	0
17740	-0.00855969	0.00422868	0
17750	-0.00853178	0.00426527	0
17760	-0.0085085	0.00428876	0
17770	-0.0084912	0.00429922	0
17780	-0.00849702	0.00429843	0
17790	-0.00851574	0.00428591	0
17800	-0.0085386	0.00426181	0
17810	-0.00856437	0.00422725	0
17820	-0.00859045	0.00418166	0
17830	-0.00861417	0.00412733	0
17840	-0.00863386	0.00406347	0
17850	-0.00864749	0.00399186	0
17860	-0.00865536	0.00391145	0
17870	-0.00865723	0.00382365	0
17880	-0.00865566	0.00372832	0
17890	-0.00865264	0.00362947	0
17900	-0.00864735	0.00352949	0
17910	-0.00864155	0.0034303	0
17920	-0.00863646	0.00333322	0
17930	-0.00863219	0.00324149	0
17940	-0.0086314	0.00315449	0
17950	-0.00863227	0.00307536	0
17960	-0.00863568	0.00300366	0
17970	-0.00863922	0.00294161	0
17980	-0.0086413	0.00289267	0
17990	-0.00864325	0.00285758	0
18000	-0.00864769	0.00283776	0
