NEW

Strain: [6](1.62863e-06,-0.0003,0,-2.21936e-21,0,0)
Stress: [6](-815.237,-3328.81,-828.809,-9.24734e-15,0,0)
Strain: [6](1.62863e-06,-0.0003,0,-6.75675e-21,0,0)
Stress: [6](-815.237,-3328.81,-828.809,-2.81531e-14,0,0)
Strain: [6](1.62863e-06,-0.0003,0,-2.02312e-21,0,0)
Stress: [6](-815.237,-3328.81,-828.809,-8.42967e-15,0,0)
Strain: [6](1.62863e-06,-0.0003,0,-6.47486e-21,0,0)
Stress: [6](-815.237,-3328.81,-828.809,-2.69786e-14,0,0)

Strain: [6](1.62885e-06,-0.00030002,0,-2.21936e-21,0,0)
Stress: [6](-815.291,-3329.03,-828.864,-9.24734e-15,0,0)
Strain: [6](1.62885e-06,-0.00030002,0,-6.75783e-21,0,0)
Stress: [6](-815.291,-3329.03,-828.864,-2.81576e-14,0,0)
Strain: [6](1.62885e-06,-0.00030002,0,-2.02312e-21,0,0)
Stress: [6](-815.291,-3329.03,-828.864,-8.42967e-15,0,0)
Strain: [6](1.62885e-06,-0.00030002,0,-6.47702e-21,0,0)
Stress: [6](-815.291,-3329.03,-828.864,-2.69876e-14,0,0)



OLD

Strain: [6](0.000135038,-0.0003,0,1.03511e-19,0,0)
Stress: [6](0,-3125,-625,3.79213e-13,0,0)
Strain: [6](0.000135038,-0.0003,0,3.1069e-19,0,0)
Stress: [6](0,-3125,-625,1.13805e-12,0,0)
Strain: [6](0.000135038,-0.0003,0,1.03867e-19,0,0)
Stress: [6](0,-3125,-625,3.80355e-13,0,0)
Strain: [6](0.000135038,-0.0003,0,3.1078e-19,0,0)
Stress: [6](0,-3125,-625,1.13832e-12,0,0)

Strain: [6](0.000135048,-0.00030002,0,1.03521e-19,0,0)
Stress: [6](0,-3125.21,-625.042,3.79249e-13,0,0)
Strain: [6](0.000135048,-0.00030002,0,3.10719e-19,0,0)
Stress: [6](0,-3125.21,-625.042,1.13815e-12,0,0)
Strain: [6](0.000135048,-0.00030002,0,1.03877e-19,0,0)
Stress: [6](0,-3125.21,-625.042,3.80395e-13,0,0)
Strain: [6](0.000135048,-0.00030002,0,3.1081e-19,0,0)
Stress: [6](0,-3125.21,-625.042,1.13843e-12,0,0)

