0	0	0	0
10	1.44511e-12	0.812124	0
20	1.25453e-11	0.811986	0
30	6.34411e-11	0.811354	0
40	7.0026e-10	0.809589	0
50	6.0986e-09	0.805736	0
60	3.47148e-08	0.798499	0
70	1.427e-07	0.786233	0
80	4.74343e-07	0.766971	0
90	1.3555e-06	0.738509	0
100	3.44675e-06	0.698532	0
110	7.9528e-06	0.644807	0
120	1.69038e-05	0.575415	0
130	3.3501e-05	0.489014	0
140	6.24786e-05	0.385114	0
150	0.000109783	0.264322	0
160	0.000137946	0.128501	0
170	0.000186741	-0.0192678	0
180	0.000294453	-0.174388	0
190	0.000448273	-0.330703	0
200	0.000659076	-0.481139	0
210	0.000936538	-0.617954	0
220	0.00128569	-0.733205	0
230	0.00170623	-0.819317	0
240	0.00219233	-0.869738	0
250	0.00273101	-0.879241	0
260	0.00329805	-0.844096	0
270	0.00393101	-0.764171	0
280	0.00497168	-0.641251	0
290	0.00609375	-0.481509	0
300	0.00700845	-0.294645	0
310	0.00765201	-0.0930736	0
320	0.0080148	0.109018	0
330	0.00817921	0.296477	0
340	0.00831637	0.454428	0
350	0.00850854	0.569899	0
360	0.00880388	0.633034	0
370	0.00925407	0.638319	0
380	0.00990936	0.584739	0
390	0.0107587	0.475896	0
400	0.0116458	0.319761	0
410	0.0126196	0.128447	0
420	0.0119734	-0.0819065	0
430	0.00896388	-0.29473	0
440	0.00210192	-0.495315	0
450	-0.00342104	-0.662496	0
460	-0.00862741	-0.79256	0
470	-0.0118538	-0.868675	0
480	-0.0143182	-0.89273	0
490	-0.0155474	-0.86279	0
500	-0.0151781	-0.782675	0
510	-0.0130188	-0.663274	0
520	-0.00868612	-0.515956	0
530	-0.00157314	-0.35338	0
540	0.00957695	-0.185174	0
550	0.0240742	-0.0302918	0
560	0.0420643	0.0979643	0
570	0.0634811	0.187523	0
580	0.0880594	0.229125	0
590	0.115358	0.217375	0
600	0.144761	0.151112	0
610	0.175481	0.0334209	0
620	0.206588	-0.128725	0
630	0.23703	-0.325137	0
640	0.265681	-0.543337	0
650	0.291382	-0.769669	0
660	0.312994	-0.990468	0
670	0.329446	-1.19322	0
680	0.339784	-1.36757	0
690	0.343211	-1.50613	0
700	0.339124	-1.60502	0
710	0.32714	-1.66403	0
720	0.307111	-1.68649	0
730	0.279137	-1.67883	0
740	0.243569	-1.64985	0
750	0.201005	-1.60972	0
760	0.152271	-1.56892	0
770	0.0984023	-1.53712	0
780	0.0406221	-1.52222	0
790	-0.0196774	-1.52962	0
800	-0.080961	-1.56158	0
810	-0.14158	-1.61703	0
820	-0.199814	-1.69168	0
830	-0.253914	-1.77855	0
840	-0.302172	-1.86905	0
850	-0.342987	-1.95421	0
860	-0.37494	-2.02581	0
870	-0.396896	-2.07743	0
880	-0.408099	-2.10533	0
890	-0.408256	-2.109	0
900	-0.397618	-2.09154	0
910	-0.376869	-2.06072	0
920	-0.346169	-2.04302	0
930	-0.307127	-2.05267	0
940	-0.263086	-2.09655	0
950	-0.21505	-2.18503	0
960	-0.164822	-2.32469	0
970	-0.116576	-2.50598	0
980	-0.0765997	-2.71605	0
990	-0.0490294	-2.94236	0
1000	-0.0365578	-3.15749	0
1010	-0.0388291	-3.34051	0
1020	-0.0561541	-3.45625	0
1030	-0.0869332	-3.4877	0
1040	-0.127222	-3.41659	0
1050	-0.171956	-3.23392	0
1060	-0.215537	-2.93644	0
1070	-0.250296	-2.52476	0
1080	-0.276006	-2.00539	0
1090	-0.281486	-1.39479	0
1100	-0.265249	-0.710732	0
1110	-0.226019	0.0199223	0
1120	-0.162627	0.761814	0
1130	-0.0775494	1.48634	0
1140	0.0251845	2.16153	0
1150	0.140673	2.76295	0
1160	0.263357	3.27221	0
1170	0.38594	3.67727	0
1180	0.501776	3.97269	0
1190	0.599452	4.16413	0
1200	0.66787	4.26362	0
1210	0.710312	4.292	0
1220	0.723679	4.27502	0
1230	0.696244	4.2515	0
1240	0.638738	4.24143	0
1250	0.55115	4.25518	0
1260	0.437726	4.29529	0
1270	0.31596	4.26611	0
1280	0.266556	4.17968	0
1290	0.204007	4.20398	0
1300	0.133396	4.34	0
1310	0.0565385	4.56137	0
1320	-0.0276364	4.86909	0
1330	-0.109494	5.19706	0
1340	-0.191039	5.53225	0
1350	-0.267417	5.83539	0
1360	-0.336609	6.04356	0
1370	-0.398152	6.15612	0
1380	-0.44757	6.13666	0
1390	-0.484981	5.96752	0
1400	-0.511757	5.63522	0
1410	-0.525778	5.16186	0
1420	-0.535231	4.54778	0
1430	-0.527096	3.8306	0
1440	-0.512867	3.05781	0
1450	-0.48887	2.23838	0
1460	-0.455668	1.39915	0
1470	-0.411215	0.599511	0
1480	-0.357805	-0.121469	0
1490	-0.29841	-0.712539	0
1500	-0.231684	-1.12584	0
1510	-0.15908	-1.33224	0
1520	-0.0832994	-1.32338	0
1530	-0.00703024	-1.1062	0
1540	0.06714	-0.702427	0
1550	0.136797	-0.146812	0
1560	0.199761	0.515669	0
1570	0.254118	1.23336	0
1580	0.298013	1.95119	0
1590	0.329969	2.61593	0
1600	0.349174	3.1801	0
1610	0.355487	3.60572	0
1620	0.349227	3.86657	0
1630	0.331145	3.94968	0
1640	0.302449	3.85516	0
1650	0.264791	3.59597	0
1660	0.220201	3.19655	0
1670	0.170958	2.69005	0
1680	0.119532	2.11494	0
1690	0.0684664	1.51204	0
1700	0.0293891	0.9267	0
1710	-0.00390952	0.390986	0
1720	-0.0322127	-0.0718917	0
1730	-0.0549491	-0.430783	0
1740	-0.0650772	-0.665724	0
1750	-0.0682896	-0.800388	0
1760	-0.0646901	-0.843911	0
1770	-0.0567929	-0.824317	0
1780	-0.0427249	-0.751921	0
1790	-0.0243034	-0.658605	0
1800	-0.00407069	-0.586326	0
1810	0.0167198	-0.561651	0
1820	0.0393555	-0.593156	0
1830	0.0627634	-0.702998	0
1840	0.0857753	-0.872319	0
1850	0.106696	-1.13229	0
1860	0.124256	-1.47076	0
1870	0.135991	-1.86874	0
1880	0.147658	-2.36029	0
1890	0.159311	-2.9063	0
1900	0.158533	-3.44855	0
1910	0.146931	-3.96537	0
1920	0.125881	-4.42904	0
1930	0.0956244	-4.81853	0
1940	0.0593191	-5.10027	0
1950	0.0170731	-5.2941	0
1960	-0.0287429	-5.37358	0
1970	-0.0772411	-5.37219	0
1980	-0.125859	-5.27505	0
1990	-0.171969	-5.1256	0
2000	-0.213245	-4.93962	0
2010	-0.248779	-4.71695	0
2020	-0.275951	-4.49888	0
2030	-0.29443	-4.29836	0
2040	-0.302638	-4.14513	0
2050	-0.299973	-4.02464	0
2060	-0.287182	-3.93591	0
2070	-0.265792	-3.89203	0
2080	-0.235303	-3.86904	0
2090	-0.198036	-3.88233	0
2100	-0.155448	-3.89286	0
2110	-0.109991	-3.89477	0
2120	-0.0635006	-3.86385	0
2130	-0.018068	-3.79076	0
2140	0.0243651	-3.66592	0
2150	0.06216	-3.48037	0
2160	0.0947755	-3.23205	0
2170	0.122633	-2.93444	0
2180	0.145132	-2.59279	0
2190	0.161251	-2.21896	0
2200	0.171483	-1.83524	0
2210	0.174937	-1.43074	0
2220	0.172529	-1.02988	0
2230	0.16418	-0.641893	0
2240	0.1517	-0.289367	0
2250	0.136588	0.00523001	0
2260	0.117063	0.241549	0
2270	0.0972552	0.403035	0
2280	0.0730771	0.479748	0
2290	0.0475544	0.473652	0
2300	0.0223381	0.403345	0
2310	-0.000269875	0.282413	0
2320	-0.0224069	0.115612	0
2330	-0.0415816	-0.0630608	0
2340	-0.0588209	-0.245671	0
2350	-0.0739179	-0.408945	0
2360	-0.0857689	-0.542862	0
2370	-0.09915	-0.62882	0
2380	-0.110057	-0.666178	0
2390	-0.119863	-0.641089	0
2400	-0.128623	-0.560464	0
2410	-0.13403	-0.420023	0
2420	-0.139489	-0.228335	0
2430	-0.145843	0.00637213	0
2440	-0.1484	0.266226	0
2450	-0.148892	0.546285	0
2460	-0.149864	0.828631	0
2470	-0.14671	1.10111	0
2480	-0.139677	1.35357	0
2490	-0.131366	1.57393	0
2500	-0.119339	1.74354	0
2510	-0.102231	1.86226	0
2520	-0.0795397	1.92718	0
2530	-0.0542645	1.94677	0
2540	-0.0252965	1.92902	0
2550	0.00393192	1.88444	0
2560	0.0324137	1.82589	0
2570	0.0621529	1.76958	0
2580	0.0878032	1.72902	0
2590	0.108913	1.71109	0
2600	0.123465	1.73302	0
2610	0.134252	1.7989	0
2620	0.137401	1.90936	0
2630	0.135925	2.07046	0
2640	0.123544	2.27114	0
2650	0.107777	2.50456	0
2660	0.0864724	2.76087	0
2670	0.0621026	3.02823	0
2680	0.0372573	3.29294	0
2690	0.0150139	3.54185	0
2700	-0.00561114	3.75384	0
2710	-0.0226201	3.92332	0
2720	-0.0261754	4.07338	0
2730	-0.0241955	4.16382	0
2740	-0.0143687	4.19447	0
2750	0.00435845	4.16279	0
2760	0.0280106	4.06754	0
2770	0.0581591	3.91956	0
2780	0.0925523	3.72788	0
2790	0.129043	3.50274	0
2800	0.166628	3.25253	0
2810	0.203577	3.00201	0
2820	0.23349	2.75507	0
2830	0.258118	2.52275	0
2840	0.274966	2.31722	0
2850	0.281713	2.14289	0
2860	0.277287	1.99917	0
2870	0.260177	1.88563	0
2880	0.231473	1.78379	0
2890	0.193489	1.70002	0
2900	0.151398	1.59544	0
2910	0.116518	1.40757	0
2920	0.0800635	1.20294	0
2930	0.0406841	1.01021	0
2940	0.00199203	0.815701	0
2950	-0.0354711	0.64395	0
2960	-0.0674748	0.491638	0
2970	-0.0953727	0.350595	0
2980	-0.118045	0.235357	0
2990	-0.132579	0.135098	0
3000	-0.138752	0.0641016	0
3010	-0.138778	-0.00201389	0
3020	-0.130905	-0.0483026	0
3030	-0.11689	-0.0856371	0
3040	-0.0969753	-0.117358	0
3050	-0.073249	-0.15107	0
3060	-0.0467895	-0.181648	0
3070	-0.0196048	-0.228785	0
3080	0.00660521	-0.284279	0
3090	0.0299302	-0.350494	0
3100	0.0487366	-0.434952	0
3110	0.0620532	-0.530523	0
3120	0.0687844	-0.662497	0
3130	0.0688022	-0.810119	0
3140	0.059643	-0.957672	0
3150	0.0417257	-1.10144	0
3160	0.0167728	-1.25267	0
3170	-0.00703891	-1.42724	0
3180	-0.03386	-1.58714	0
3190	-0.063645	-1.73289	0
3200	-0.0914542	-1.88034	0
3210	-0.114887	-2.0256	0
3220	-0.136586	-2.13565	0
3230	-0.151505	-2.20771	0
3240	-0.160356	-2.23719	0
3250	-0.161723	-2.23107	0
3260	-0.154801	-2.19159	0
3270	-0.140162	-2.12242	0
3280	-0.117698	-2.03045	0
3290	-0.0892145	-1.9277	0
3300	-0.0568034	-1.82289	0
3310	-0.0214245	-1.72198	0
3320	0.0137447	-1.63709	0
3330	0.0473742	-1.56339	0
3340	0.0754953	-1.517	0
3350	0.0972395	-1.48893	0
3360	0.110238	-1.4822	0
3370	0.113205	-1.49599	0
3380	0.104955	-1.5192	0
3390	0.0862443	-1.5488	0
3400	0.0577513	-1.57327	0
3410	0.0189517	-1.58578	0
3420	-0.0264607	-1.58488	0
3430	-0.0754054	-1.56887	0
3440	-0.122507	-1.55525	0
3450	-0.172417	-1.51755	0
3460	-0.218183	-1.45575	0
3470	-0.25589	-1.38813	0
3480	-0.273875	-1.31158	0
3490	-0.274184	-1.2307	0
3500	-0.261479	-1.14264	0
3510	-0.230252	-1.05799	0
3520	-0.18586	-0.968499	0
3530	-0.130736	-0.887118	0
3540	-0.0655166	-0.812824	0
3550	0.0036813	-0.744592	0
3560	0.0706829	-0.690449	0
3570	0.132973	-0.64068	0
3580	0.187643	-0.594454	0
3590	0.233015	-0.549824	0
3600	0.263061	-0.501986	0
3610	0.273288	-0.450686	0
3620	0.268524	-0.400504	0
3630	0.243732	-0.350652	0
3640	0.201694	-0.304523	0
3650	0.144947	-0.249273	0
3660	0.0751282	-0.190754	0
3670	-0.00139859	-0.135374	0
3680	-0.0805014	-0.0902523	0
3690	-0.156797	-0.0586541	0
3700	-0.225228	-0.0456686	0
3710	-0.28271	-0.0586778	0
3720	-0.33001	-0.0992215	0
3730	-0.352285	-0.149998	0
3740	-0.357932	-0.216391	0
3750	-0.345588	-0.304874	0
3760	-0.316302	-0.408427	0
3770	-0.272568	-0.516924	0
3780	-0.218272	-0.640611	0
3790	-0.153862	-0.763168	0
3800	-0.0883766	-0.865447	0
3810	-0.0168612	-0.937119	0
3820	0.051341	-0.971838	0
3830	0.113877	-0.954268	0
3840	0.169597	-0.889222	0
3850	0.212336	-0.778655	0
3860	0.24339	-0.61593	0
3870	0.261952	-0.410894	0
3880	0.265706	-0.182215	0
3890	0.255971	0.0720379	0
3900	0.234909	0.334399	0
3910	0.201408	0.576669	0
3920	0.161542	0.793444	0
3930	0.11509	0.969772	0
3940	0.0711409	1.09672	0
3950	0.0241882	1.16783	0
3960	-0.01668	1.18566	0
3970	-0.049001	1.16424	0
3980	-0.071165	1.09973	0
3990	-0.0848617	1.00235	0
4000	-0.0875223	0.877493	0
4010	-0.0797021	0.73886	0
4020	-0.0637557	0.60201	0
4030	-0.0370009	0.478082	0
4040	-0.0105141	0.380939	0
4050	0.0245854	0.31536	0
4060	0.0614196	0.289682	0
4070	0.0986096	0.302547	0
4080	0.129248	0.355164	0
4090	0.157937	0.43838	0
4100	0.180241	0.545713	0
4110	0.196112	0.667564	0
4120	0.206411	0.78776	0
4130	0.207324	0.89259	0
4140	0.198889	0.981271	0
4150	0.18569	1.04752	0
4160	0.164971	1.09956	0
4170	0.138005	1.1277	0
4180	0.104185	1.13741	0
4190	0.069562	1.13348	0
4200	0.0332704	1.12052	0
4210	-0.00349668	1.10866	0
4220	-0.0352661	1.10235	0
4230	-0.0653599	1.10967	0
4240	-0.0929648	1.13075	0
4250	-0.113384	1.17319	0
4260	-0.129021	1.238	0
4270	-0.140827	1.32678	0
4280	-0.143803	1.42649	0
4290	-0.144105	1.52632	0
4300	-0.14024	1.62798	0
4310	-0.132053	1.71787	0
4320	-0.12042	1.78289	0
4330	-0.106784	1.80999	0
4340	-0.0912861	1.81079	0
4350	-0.0769625	1.75987	0
4360	-0.0621747	1.66381	0
4370	-0.0495995	1.53504	0
4380	-0.0387669	1.36972	0
4390	-0.0301789	1.18272	0
4400	-0.027154	0.973283	0
4410	-0.0262226	0.766192	0
4420	-0.0283009	0.573036	0
4430	-0.0344682	0.399892	0
4440	-0.0412337	0.247351	0
4450	-0.0399778	0.0884883	0
4460	-0.0406961	-0.0342559	0
4470	-0.04207	-0.114614	0
4480	-0.0443607	-0.167528	0
4490	-0.0504925	-0.199085	0
4500	-0.0553813	-0.196228	0
4510	-0.0607107	-0.202915	0
4520	-0.0635929	-0.223312	0
4530	-0.0684861	-0.250095	0
4540	-0.0733426	-0.298302	0
4550	-0.0767193	-0.359434	0
4560	-0.0773128	-0.465098	0
4570	-0.0768195	-0.568043	0
4580	-0.0772824	-0.703887	0
4590	-0.0754471	-0.84268	0
4600	-0.0718505	-0.967521	0
4610	-0.0691981	-1.08936	0
4620	-0.0561832	-1.20485	0
4630	-0.0412305	-1.28651	0
4640	-0.0204398	-1.34374	0
4650	-0.0008837	-1.36406	0
4660	0.0284012	-1.33163	0
4670	0.0565373	-1.25991	0
4680	0.0906272	-1.13795	0
4690	0.121383	-0.970654	0
4700	0.151402	-0.765571	0
4710	0.175261	-0.545285	0
4720	0.193953	-0.31816	0
4730	0.203881	-0.0942459	0
4740	0.206241	0.0910549	0
4750	0.2044	0.260229	0
4760	0.183262	0.356957	0
4770	0.16164	0.396736	0
4780	0.136374	0.338392	0
4790	0.109694	0.217475	0
4800	0.0776824	0.0484544	0
4810	0.0456707	-0.184635	0
4820	0.00211612	-0.434685	0
4830	-0.0310117	-0.681455	0
4840	-0.0662869	-0.94344	0
4850	-0.0974578	-1.1719	0
4860	-0.123871	-1.33163	0
4870	-0.142962	-1.42479	0
4880	-0.162623	-1.4256	0
4890	-0.168072	-1.33694	0
4900	-0.165633	-1.17736	0
4910	-0.158996	-0.913323	0
4920	-0.144677	-0.574583	0
4930	-0.120573	-0.185486	0
4940	-0.0950985	0.245266	0
4950	-0.0648728	0.678168	0
4960	-0.0306334	1.08094	0
4970	0.00556309	1.41518	0
4980	0.0437483	1.69649	0
4990	0.0787601	1.88246	0
5000	0.110067	1.95754	0
5010	0.141499	1.91717	0
5020	0.161592	1.79503	0
5030	0.174374	1.56573	0
5040	0.186076	1.2867	0
5050	0.192195	0.922233	0
5060	0.185723	0.522292	0
5070	0.169884	0.104787	0
5080	0.157991	-0.290868	0
5090	0.13947	-0.658737	0
5100	0.126967	-0.996824	0
5110	0.106464	-1.25732	0
5120	0.0818257	-1.43552	0
5130	0.0583113	-1.5129	0
5140	0.0323835	-1.51236	0
5150	0.00107776	-1.40677	0
5160	-0.0272412	-1.25964	0
5170	-0.0626239	-1.06522	0
5180	-0.0986477	-0.845414	0
5190	-0.130948	-0.654921	0
5200	-0.164816	-0.49535	0
5210	-0.197188	-0.384421	0
5220	-0.226555	-0.352656	0
5230	-0.256328	-0.389585	0
5240	-0.277687	-0.521987	0
5250	-0.293318	-0.742423	0
5260	-0.297558	-1.03069	0
5270	-0.293547	-1.38281	0
5280	-0.27835	-1.76857	0
5290	-0.249034	-2.17836	0
5300	-0.207068	-2.56951	0
5310	-0.15347	-2.93119	0
5320	-0.0880291	-3.23181	0
5330	-0.0154939	-3.45555	0
5340	0.0636817	-3.59602	0
5350	0.144941	-3.60317	0
5360	0.225951	-3.51876	0
5370	0.301847	-3.31271	0
5380	0.368296	-3.00752	0
5390	0.426834	-2.62228	0
5400	0.47265	-2.16003	0
5410	0.502025	-1.65942	0
5420	0.515117	-1.12284	0
5430	0.509659	-0.592376	0
5440	0.487334	-0.0844105	0
5450	0.443013	0.377828	0
5460	0.379591	0.789538	0
5470	0.300215	1.1382	0
5480	0.200047	1.40616	0
5490	0.0967318	1.59385	0
5500	-0.00854419	1.69404	0
5510	-0.104872	1.69496	0
5520	-0.203807	1.64848	0
5530	-0.292084	1.5735	0
5540	-0.368765	1.48746	0
5550	-0.424585	1.36725	0
5560	-0.464833	1.25793	0
5570	-0.484372	1.15666	0
5580	-0.486155	1.08862	0
5590	-0.469924	1.05367	0
5600	-0.452869	1.06195	0
5610	-0.426833	1.09374	0
5620	-0.393063	1.14566	0
5630	-0.350975	1.20329	0
5640	-0.313851	1.2642	0
5650	-0.27507	1.32158	0
5660	-0.23969	1.36696	0
5670	-0.212543	1.39434	0
5680	-0.19417	1.40595	0
5690	-0.172419	1.40529	0
5700	-0.156627	1.39659	0
5710	-0.138974	1.38515	0
5720	-0.126782	1.37673	0
5730	-0.109459	1.38304	0
5740	-0.0958531	1.40893	0
5750	-0.0749865	1.45635	0
5760	-0.0558529	1.5319	0
5770	-0.0271503	1.63219	0
5780	0.000839175	1.75355	0
5790	0.0390467	1.88405	0
5800	0.0772363	1.99567	0
5810	0.123448	2.10793	0
5820	0.169477	2.21233	0
5830	0.221468	2.30958	0
5840	0.272365	2.39511	0
5850	0.32513	2.4618	0
5860	0.377198	2.50929	0
5870	0.423201	2.52908	0
5880	0.46434	2.52242	0
5890	0.499004	2.48262	0
5900	0.522115	2.41045	0
5910	0.536418	2.27293	0
5920	0.53811	2.09791	0
5930	0.530505	1.84575	0
5940	0.508342	1.53712	0
5950	0.474023	1.22461	0
5960	0.429248	0.886742	0
5970	0.375377	0.570497	0
5980	0.31217	0.248206	0
5990	0.24438	-0.0562253	0
6000	0.172531	-0.344289	0
6010	0.0959909	-0.625731	0
6020	0.0359683	-0.911544	0
6030	-0.0194401	-1.16304	0
6040	-0.070743	-1.36753	0
6050	-0.114832	-1.52529	0
6060	-0.152665	-1.64239	0
6070	-0.182112	-1.70984	0
6080	-0.203025	-1.7305	0
6090	-0.215859	-1.70625	0
6100	-0.214887	-1.64925	0
6110	-0.207991	-1.57251	0
6120	-0.194063	-1.46922	0
6130	-0.176404	-1.34778	0
6140	-0.157417	-1.21197	0
6150	-0.141983	-1.07031	0
6160	-0.124266	-0.931335	0
6170	-0.110417	-0.805465	0
6180	-0.0974238	-0.696115	0
6190	-0.0875649	-0.612769	0
6200	-0.0864395	-0.576968	0
6210	-0.0898732	-0.585754	0
6220	-0.101067	-0.627083	0
6230	-0.113886	-0.696321	0
6240	-0.132615	-0.782464	0
6250	-0.148726	-0.882323	0
6260	-0.173994	-0.991664	0
6270	-0.199597	-1.09275	0
6280	-0.226358	-1.18166	0
6290	-0.246935	-1.25125	0
6300	-0.260652	-1.28766	0
6310	-0.266331	-1.29485	0
6320	-0.270011	-1.26246	0
6330	-0.262053	-1.19185	0
6340	-0.250191	-1.08422	0
6350	-0.235786	-0.943634	0
6360	-0.211632	-0.771248	0
6370	-0.184715	-0.568662	0
6380	-0.15403	-0.345738	0
6390	-0.121558	-0.112093	0
6400	-0.0940848	0.129973	0
6410	-0.0592261	0.372536	0
6420	-0.0245255	0.608462	0
6430	0.00920154	0.83533	0
6440	0.0388322	1.03918	0
6450	0.0639506	1.21849	0
6460	0.0819154	1.36731	0
6470	0.0997126	1.48375	0
6480	0.114737	1.56338	0
6490	0.128614	1.60196	0
6500	0.136426	1.5959	0
6510	0.140979	1.56117	0
6520	0.142324	1.48605	0
6530	0.140854	1.36963	0
6540	0.135243	1.21652	0
6550	0.124028	1.02068	0
6560	0.111264	0.783435	0
6570	0.0947877	0.505546	0
6580	0.0749449	0.18734	0
6590	0.0509664	-0.177536	0
6600	0.0247124	-0.583071	0
6610	-0.00249185	-1.0119	0
6620	-0.029868	-1.47789	0
6630	-0.0533943	-1.94941	0
6640	-0.0739619	-2.40305	0
6650	-0.0895072	-2.814	0
6660	-0.0994703	-3.16449	0
6670	-0.100582	-3.4383	0
6680	-0.0910946	-3.60944	0
6690	-0.072411	-3.65792	0
6700	-0.0458529	-3.56898	0
6710	-0.0120431	-3.34067	0
6720	0.0272618	-2.98381	0
6730	0.0715273	-2.51382	0
6740	0.113594	-1.95862	0
6750	0.150855	-1.34494	0
6760	0.186532	-0.700283	0
6770	0.214694	-0.0457462	0
6780	0.232993	0.578521	0
6790	0.242755	1.15742	0
6800	0.243292	1.66662	0
6810	0.232726	2.08051	0
6820	0.214696	2.39439	0
6830	0.191068	2.59862	0
6840	0.168106	2.69308	0
6850	0.140624	2.67466	0
6860	0.110591	2.5455	0
6870	0.0809314	2.32041	0
6880	0.0539767	2.02104	0
6890	0.0320683	1.67194	0
6900	0.0147799	1.28993	0
6910	0.0079479	0.874002	0
6920	0.00826036	0.460121	0
6930	0.0143053	0.072256	0
6940	0.0237758	-0.293686	0
6950	0.0379145	-0.619057	0
6960	0.0565658	-0.877511	0
6970	0.0807663	-1.03683	0
6980	0.105424	-1.13278	0
6990	0.123482	-1.1692	0
7000	0.141656	-1.15802	0
7010	0.153757	-1.10962	0
7020	0.156663	-1.01749	0
7030	0.149014	-0.894468	0
7040	0.130807	-0.754767	0
7050	0.103442	-0.605171	0
7060	0.0668283	-0.457514	0
7070	0.0248024	-0.328579	0
7080	-0.0254487	-0.243505	0
7090	-0.0798636	-0.216263	0
7100	-0.133875	-0.26801	0
7110	-0.183942	-0.362963	0
7120	-0.228043	-0.474085	0
7130	-0.267835	-0.590718	0
7140	-0.299094	-0.715136	0
7150	-0.317882	-0.836819	0
7160	-0.325368	-0.937177	0
7170	-0.324261	-1.02026	0
7180	-0.314518	-1.08594	0
7190	-0.292454	-1.11988	0
7200	-0.259869	-1.11258	0
7210	-0.217509	-1.0582	0
7220	-0.169933	-0.953964	0
7230	-0.123255	-0.803037	0
7240	-0.0773746	-0.61172	0
7250	-0.0384752	-0.381529	0
7260	-0.00732412	-0.115783	0
7270	0.011803	0.164844	0
7280	0.0175391	0.454756	0
7290	0.0101589	0.733426	0
7300	-0.00988785	0.994095	0
7310	-0.0420985	1.22009	0
7320	-0.0825219	1.40322	0
7330	-0.13143	1.54172	0
7340	-0.171954	1.63894	0
7350	-0.206208	1.68049	0
7360	-0.233247	1.66181	0
7370	-0.240776	1.58123	0
7380	-0.237175	1.45966	0
7390	-0.218075	1.30291	0
7400	-0.187329	1.12161	0
7410	-0.142251	0.931943	0
7420	-0.0858239	0.748509	0
7430	-0.0195728	0.576285	0
7440	0.0514701	0.425081	0
7450	0.125916	0.300685	0
7460	0.195189	0.20835	0
7470	0.255914	0.147083	0
7480	0.308547	0.0891068	0
7490	0.347182	0.0456253	0
7500	0.367988	0.0115005	0
7510	0.373054	-0.00670759	0
7520	0.36028	-0.028435	0
7530	0.331252	-0.0554999	0
7540	0.28535	-0.092708	0
7550	0.227483	-0.153933	0
7560	0.163372	-0.228601	0
7570	0.100935	-0.32916	0
7580	0.0529141	-0.378503	0
7590	0.00610561	-0.401635	0
7600	-0.0277044	-0.395074	0
7610	-0.0457164	-0.348686	0
7620	-0.0707005	-0.280539	0
7630	-0.0903058	-0.163321	0
7640	-0.101618	0.00496732	0
7650	-0.108314	0.205977	0
7660	-0.10463	0.429422	0
7670	-0.096858	0.673501	0
7680	-0.0802449	0.93421	0
7690	-0.0594975	1.17328	0
7700	-0.036775	1.41132	0
7710	-0.0134522	1.6401	0
7720	0.00221859	1.86523	0
7730	0.021848	2.0451	0
7740	0.0353192	2.17648	0
7750	0.0447089	2.23554	0
7760	0.0523856	2.21589	0
7770	0.0588849	2.08173	0
7780	0.0554425	1.85024	0
7790	0.0479146	1.55676	0
7800	0.0373682	1.19763	0
7810	0.0262795	0.801432	0
7820	0.00855697	0.373881	0
7830	-0.00152719	-0.0383841	0
7840	-0.0226159	-0.421637	0
7850	-0.0363877	-0.742579	0
7860	-0.0499723	-1.01182	0
7870	-0.0701173	-1.18524	0
7880	-0.0838103	-1.25353	0
7890	-0.093724	-1.23167	0
7900	-0.106308	-1.1292	0
7910	-0.112566	-0.932541	0
7920	-0.116867	-0.678889	0
7930	-0.123362	-0.392983	0
7940	-0.124107	-0.0994904	0
7950	-0.128588	0.216166	0
7960	-0.132681	0.477614	0
7970	-0.135149	0.679945	0
7980	-0.140085	0.83452	0
7990	-0.147338	0.904478	0
8000	-0.155992	0.880731	0
8010	-0.16044	0.77949	0
8020	-0.167141	0.596177	0
8030	-0.170615	0.35756	0
8040	-0.17768	0.074722	0
8050	-0.181443	-0.213296	0
8060	-0.176484	-0.489949	0
8070	-0.169387	-0.732879	0
8080	-0.151387	-0.918377	0
8090	-0.12827	-1.03349	0
8100	-0.0966563	-1.0613	0
8110	-0.0548135	-1.00073	0
8120	-0.00331911	-0.851643	0
8130	0.0533989	-0.632898	0
8140	0.117076	-0.364872	0
8150	0.182789	-0.0751789	0
8160	0.241704	0.150631	0
8170	0.294932	0.349058	0
8180	0.33762	0.484944	0
8190	0.36704	0.550744	0
8200	0.38038	0.506077	0
8210	0.375179	0.3566	0
8220	0.351483	0.0887636	0
8230	0.310306	-0.264585	0
8240	0.255589	-0.708095	0
8250	0.185197	-1.21008	0
8260	0.109048	-1.74358	0
8270	0.0284366	-2.27618	0
8280	-0.0584179	-2.73526	0
8290	-0.13183	-3.06601	0
8300	-0.19224	-3.31973	0
8310	-0.235887	-3.48532	0
8320	-0.257755	-3.55253	0
8330	-0.256578	-3.5156	0
8340	-0.231301	-3.35775	0
8350	-0.181291	-3.08226	0
8360	-0.114407	-2.70288	0
8370	-0.0349456	-2.23293	0
8380	0.0542563	-1.71462	0
8390	0.151268	-1.16713	0
8400	0.253032	-0.628733	0
8410	0.332852	-0.134173	0
8420	0.39274	0.298638	0
8430	0.425738	0.644452	0
8440	0.426805	0.898915	0
8450	0.391962	1.05933	0
8460	0.321049	1.1278	0
8470	0.215483	1.11903	0
8480	0.083418	1.04499	0
8490	-0.0678388	0.92072	0
8500	-0.229198	0.770697	0
8510	-0.388094	0.612328	0
8520	-0.532136	0.467511	0
8530	-0.648497	0.353945	0
8540	-0.727126	0.288565	0
8550	-0.766176	0.253417	0
8560	-0.758611	0.270633	0
8570	-0.708382	0.319066	0
8580	-0.614813	0.408168	0
8590	-0.485256	0.519626	0
8600	-0.326534	0.651977	0
8610	-0.153709	0.799262	0
8620	-0.0163026	0.953068	0
8630	0.111418	1.1091	0
8640	0.226211	1.27784	0
8650	0.332504	1.4602	0
8660	0.423499	1.65731	0
8670	0.496123	1.86934	0
8680	0.545032	2.08966	0
8690	0.569094	2.31656	0
8700	0.564906	2.53521	0
8710	0.531446	2.7312	0
8720	0.464597	2.82131	0
8730	0.394799	2.74856	0
8740	0.299234	2.60813	0
8750	0.194318	2.39075	0
8760	0.0812417	2.12142	0
8770	-0.0339748	1.77159	0
8780	-0.131905	1.36402	0
8790	-0.199049	0.976002	0
8800	-0.255133	0.576311	0
8810	-0.291279	0.157849	0
8820	-0.305014	-0.253808	0
8830	-0.290363	-0.668455	0
8840	-0.241946	-1.07943	0
8850	-0.18203	-1.51749	0
8860	-0.107952	-1.92091	0
8870	-0.0240478	-2.23419	0
8880	0.0642422	-2.43179	0
8890	0.160593	-2.46947	0
8900	0.255912	-2.33997	0
8910	0.346998	-2.04376	0
8920	0.430167	-1.59121	0
8930	0.503027	-1.00566	0
8940	0.557627	-0.318238	0
8950	0.590484	0.43357	0
8960	0.605443	1.21722	0
8970	0.599642	1.97112	0
8980	0.573338	2.65637	0
8990	0.522419	3.22459	0
9000	0.460362	3.56796	0
9010	0.38874	3.71513	0
9020	0.295609	3.64952	0
9030	0.211029	3.43765	0
9040	0.114265	3.02585	0
9050	0.0166322	2.50182	0
9060	-0.081159	1.84686	0
9070	-0.165666	1.20123	0
9080	-0.245111	0.580986	0
9090	-0.313586	-0.0417408	0
9100	-0.364516	-0.647098	0
9110	-0.402805	-1.20383	0
9120	-0.433023	-1.68428	0
9130	-0.43989	-2.0924	0
9140	-0.4368	-2.48122	0
9150	-0.409933	-2.86897	0
9160	-0.370218	-3.14249	0
9170	-0.32248	-3.33661	0
9180	-0.270983	-3.42905	0
9190	-0.212583	-3.42147	0
9200	-0.150272	-3.31688	0
9210	-0.0999437	-3.13817	0
9220	-0.0495574	-2.89418	0
9230	-0.00873514	-2.6186	0
9240	0.0301566	-2.33148	0
9250	0.055605	-2.04438	0
9260	0.0728696	-1.79693	0
9270	0.0831138	-1.57167	0
9280	0.0826703	-1.39353	0
9290	0.0759811	-1.25569	0
9300	0.056114	-1.1668	0
9310	0.0214884	-1.10542	0
9320	-0.0204726	-1.08825	0
9330	-0.0641507	-1.11558	0
9340	-0.108034	-1.14588	0
9350	-0.151397	-1.18616	0
9360	-0.188304	-1.21998	0
9370	-0.219272	-1.22419	0
9380	-0.240833	-1.18632	0
9390	-0.255386	-1.084	0
9400	-0.265402	-0.911438	0
9410	-0.267833	-0.662873	0
9420	-0.25966	-0.340592	0
9430	-0.242827	0.0151925	0
9440	-0.214843	0.409382	0
9450	-0.178775	0.831071	0
9460	-0.134493	1.25671	0
9470	-0.0871575	1.67272	0
9480	-0.0382505	2.05866	0
9490	0.00647397	2.40339	0
9500	0.0420034	2.68803	0
9510	0.0638654	2.89028	0
9520	0.0697837	2.98822	0
9530	0.0574219	2.94551	0
9540	0.0280755	2.75998	0
9550	-0.0213441	2.4144	0
9560	-0.0830336	1.91323	0
9570	-0.154265	1.27286	0
9580	-0.2226	0.512713	0
9590	-0.280984	-0.344268	0
9600	-0.320806	-1.26699	0
9610	-0.333537	-2.21848	0
9620	-0.313717	-3.15199	0
9630	-0.255701	-4.02856	0
9640	-0.132179	-4.7754	0
9650	-0.00720478	-5.34782	0
9660	0.120262	-5.72018	0
9670	0.27102	-5.85566	0
9680	0.436864	-5.73171	0
9690	0.606293	-5.33532	0
9700	0.768872	-4.67144	0
9710	0.907366	-3.76316	0
9720	1.00366	-2.64192	0
9730	1.06257	-1.30858	0
9740	1.07532	0.195368	0
9750	1.04729	1.73083	0
9760	0.984455	3.22345	0
9770	0.887825	4.7178	0
9780	0.738607	6.15354	0
9790	0.548424	7.49235	0
9800	0.319911	8.68253	0
9810	0.0671326	9.65565	0
9820	-0.199192	10.3317	0
9830	-0.475408	10.6955	0
9840	-0.720563	10.6742	0
9850	-0.931846	10.2169	0
9860	-1.10018	9.31205	0
9870	-1.22686	7.9893	0
9880	-1.27731	6.29693	0
9890	-1.26815	4.30448	0
9900	-1.20102	2.10832	0
9910	-1.08264	-0.17729	0
9920	-0.921622	-2.43723	0
9930	-0.733047	-4.5469	0
9940	-0.558361	-6.18327	0
9950	-0.415604	-7.37863	0
9960	-0.273011	-8.17649	0
9970	-0.13389	-8.55398	0
9980	-0.00240523	-8.56138	0
9990	0.10909	-8.1563	0
10000	0.192496	-7.34472	0
10010	0.25514	-6.13706	0
10020	0.289184	-4.57932	0
10030	0.296515	-2.80064	0
10040	0.278322	-0.936923	0
10050	0.229335	0.763523	0
10060	0.194425	2.32561	0
10070	0.156075	3.65894	0
10080	0.118445	4.65502	0
10090	0.0910708	5.27863	0
10100	0.0784125	5.52892	0
10110	0.0943924	5.44267	0
10120	0.129656	5.04849	0
10130	0.185183	4.35563	0
10140	0.260941	3.40591	0
10150	0.336456	2.25762	0
10160	0.422772	0.981885	0
10170	0.481898	-0.315507	0
10180	0.528354	-1.55144	0
10190	0.57363	-2.64871	0
10200	0.62108	-3.54393	0
10210	0.655464	-4.1787	0
10220	0.673197	-4.48778	0
10230	0.666926	-4.44324	0
10240	0.632548	-4.03591	0
10250	0.562802	-3.29922	0
10260	0.44724	-2.3123	0
10270	0.297173	-1.26527	0
10280	0.145204	-0.132483	0
10290	-0.0277028	1.03446	0
10300	-0.197861	2.07991	0
10310	-0.367013	2.92115	0
10320	-0.539365	3.57167	0
10330	-0.719629	3.94088	0
10340	-0.88159	4.00938	0
10350	-1.01947	3.80551	0
10360	-1.12381	3.35061	0
10370	-1.17944	2.6572	0
10380	-1.18716	1.78133	0
10390	-1.1294	0.756975	0
10400	-1.00704	-0.338596	0
10410	-0.834208	-1.38718	0
10420	-0.680061	-2.10444	0
10430	-0.427052	-2.67717	0
10440	-0.169544	-3.12633	0
10450	0.0652351	-3.43613	0
10460	0.284424	-3.58703	0
10470	0.495536	-3.55447	0
10480	0.692974	-3.31757	0
10490	0.866422	-2.89707	0
10500	0.997545	-2.30755	0
10510	1.07399	-1.55646	0
10520	1.10106	-0.676256	0
10530	1.07734	0.284201	0
10540	1.00629	1.26468	0
10550	0.895311	2.20609	0
10560	0.747968	3.04843	0
10570	0.584427	3.72521	0
10580	0.436461	4.17169	0
10590	0.291391	4.35689	0
10600	0.148993	4.28434	0
10610	0.0168139	3.93255	0
10620	-0.103442	3.3518	0
10630	-0.203954	2.57759	0
10640	-0.26907	1.79799	0
10650	-0.3077	0.97774	0
10660	-0.321982	0.0874771	0
10670	-0.311092	-0.825742	0
10680	-0.27474	-1.62228	0
10690	-0.224644	-2.30429	0
10700	-0.191667	-2.87573	0
10710	-0.142252	-3.30357	0
10720	-0.0910657	-3.55259	0
10730	-0.0489414	-3.59629	0
10740	-0.01513	-3.43989	0
10750	0.000933989	-3.13043	0
10760	0.00712468	-2.70746	0
10770	-0.0111101	-2.19859	0
10780	-0.0395622	-1.65376	0
10790	-0.0817691	-1.13288	0
10800	-0.146155	-0.662432	0
10810	-0.211154	-0.288908	0
10820	-0.29365	-0.0224702	0
10830	-0.383103	0.120535	0
10840	-0.477275	0.136186	0
10850	-0.568246	0.0256952	0
10860	-0.646251	-0.205899	0
10870	-0.718568	-0.537081	0
10880	-0.738525	-0.896682	0
10890	-0.714527	-1.24615	0
10900	-0.646252	-1.57187	0
10910	-0.526618	-1.85571	0
10920	-0.37095	-2.0634	0
10930	-0.182436	-2.17096	0
10940	0.029184	-2.16991	0
10950	0.224824	-2.06538	0
10960	0.40726	-1.85029	0
10970	0.567203	-1.54311	0
10980	0.705538	-1.16506	0
10990	0.810761	-0.744236	0
11000	0.880339	-0.306136	0
11010	0.897142	0.106402	0
11020	0.872694	0.483929	0
11030	0.808219	0.842474	0
11040	0.703989	1.16818	0
11050	0.555762	1.3236	0
11060	0.385044	1.24368	0
11070	0.22861	1.0591	0
11080	0.0314813	0.837399	0
11090	-0.153817	0.575193	0
11100	-0.306409	0.299428	0
11110	-0.435146	0.0333038	0
11120	-0.54256	-0.208161	0
11130	-0.624003	-0.40287	0
11140	-0.646941	-0.605616	0
11150	-0.618753	-0.7576	0
11160	-0.568404	-0.864195	0
11170	-0.49026	-0.997785	0
11180	-0.39448	-1.11938	0
11190	-0.284129	-1.17001	0
11200	-0.164987	-1.12118	0
11210	-0.0431791	-0.998579	0
11220	0.0793629	-0.814804	0
11230	0.193114	-0.598915	0
11240	0.290587	-0.370565	0
11250	0.366697	-0.141293	0
11260	0.41518	0.0767569	0
11270	0.436203	0.28124	0
11280	0.429472	0.459767	0
11290	0.396346	0.617559	0
11300	0.341202	0.759148	0
11310	0.266087	0.890503	0
11320	0.193578	1.02892	0
11330	0.114801	1.16797	0
11340	0.0355248	1.3134	0
11350	-0.0260223	1.44267	0
11360	-0.067192	1.58773	0
11370	-0.0979788	1.72688	0
11380	-0.11678	1.85732	0
11390	-0.121117	1.97739	0
11400	-0.107061	2.08111	0
11410	-0.0836652	2.15876	0
11420	-0.0535073	2.19021	0
11430	-0.0192841	2.17407	0
11440	0.0151133	2.09656	0
11450	0.045195	1.96485	0
11460	0.0665068	1.777	0
11470	0.0774583	1.54541	0
11480	0.0719647	1.27879	0
11490	0.046192	0.987502	0
11500	-0.00202619	0.663253	0
11510	-0.0411119	0.340348	0
11520	-0.0812721	0.0359775	0
11530	-0.128013	-0.223239	0
11540	-0.17239	-0.405971	0
11550	-0.218391	-0.519646	0
11560	-0.248919	-0.567004	0
11570	-0.269524	-0.522273	0
11580	-0.27785	-0.393066	0
11590	-0.272885	-0.194126	0
11600	-0.246169	0.031238	0
11610	-0.221823	0.266056	0
11620	-0.197947	0.514291	0
11630	-0.170098	0.734445	0
11640	-0.131482	0.881551	0
11650	-0.0834604	0.949944	0
11660	-0.0279451	0.924442	0
11670	0.0317335	0.817991	0
11680	0.0940328	0.623906	0
11690	0.15396	0.350582	0
11700	0.20582	0.024438	0
11710	0.246605	-0.307035	0
11720	0.279746	-0.602242	0
11730	0.303814	-0.834283	0
11740	0.316383	-0.98587	0
11750	0.3148	-1.05975	0
11760	0.295985	-1.04206	0
11770	0.263132	-0.955474	0
11780	0.218483	-0.808824	0
11790	0.16847	-0.620799	0
11800	0.113802	-0.416151	0
11810	0.0616338	-0.21607	0
11820	0.0168107	-0.0425412	0
11830	-0.020363	0.0881728	0
11840	-0.049256	0.158582	0
11850	-0.0674717	0.161398	0
11860	-0.0752941	0.0980966	0
11870	-0.0700613	-0.0341514	0
11880	-0.0548964	-0.219234	0
11890	-0.0319668	-0.445608	0
11900	-0.0103086	-0.695479	0
11910	0.000522728	-0.969024	0
11920	0.0068934	-1.22485	0
11930	0.00601049	-1.41798	0
11940	-0.000407877	-1.53696	0
11950	-0.0112602	-1.54606	0
11960	-0.0291599	-1.42334	0
11970	-0.060642	-1.15385	0
11980	-0.102962	-0.738014	0
11990	-0.152978	-0.189595	0
12000	-0.205034	0.462523	0
12010	-0.261581	1.09927	0
12020	-0.320198	1.73984	0
12030	-0.371061	2.34833	0
12040	-0.416362	2.87886	0
12050	-0.451638	3.28008	0
12060	-0.476526	3.51588	0
12070	-0.476893	3.56099	0
12080	-0.460948	3.40492	0
12090	-0.419539	3.04566	0
12100	-0.355294	2.49775	0
12110	-0.298225	1.82946	0
12120	-0.219883	1.11468	0
12130	-0.130829	0.337016	0
12140	-0.0282172	-0.46923	0
12150	0.0922212	-1.26975	0
12160	0.215435	-2.01607	0
12170	0.337902	-2.68264	0
12180	0.459944	-3.22921	0
12190	0.573058	-3.62464	0
12200	0.665682	-3.84635	0
12210	0.739458	-3.85323	0
12220	0.78901	-3.60056	0
12230	0.808077	-3.10055	0
12240	0.799724	-2.39111	0
12250	0.76424	-1.51573	0
12260	0.712618	-0.666369	0
12270	0.645499	0.154302	0
12280	0.547126	0.955523	0
12290	0.440646	1.68084	0
12300	0.322918	2.32572	0
12310	0.212662	2.85952	0
12320	0.0792177	3.25724	0
12330	-0.0661058	3.48715	0
12340	-0.216033	3.54172	0
12350	-0.3675	3.41708	0
12360	-0.503574	3.13611	0
12370	-0.632527	2.72443	0
12380	-0.733015	2.22437	0
12390	-0.775847	1.75699	0
12400	-0.803192	1.25377	0
12410	-0.803906	0.67488	0
12420	-0.771545	0.0257423	0
12430	-0.708841	-0.669575	0
12440	-0.628498	-1.37203	0
12450	-0.524227	-2.04243	0
12460	-0.406634	-2.63814	0
12470	-0.285447	-3.13995	0
12480	-0.156702	-3.51283	0
12490	-0.0226494	-3.74259	0
12500	0.110779	-3.79975	0
12510	0.231231	-3.68821	0
12520	0.327124	-3.44299	0
12530	0.408928	-3.06161	0
12540	0.474433	-2.55141	0
12550	0.50521	-1.93299	0
12560	0.510938	-1.25168	0
12570	0.541522	-0.54261	0
12580	0.549965	0.125582	0
12590	0.534091	0.716338	0
12600	0.49785	1.18257	0
12610	0.442327	1.49862	0
12620	0.373238	1.66621	0
12630	0.285912	1.6838	0
12640	0.190991	1.58244	0
12650	0.0760237	1.36939	0
12660	-0.0490112	1.04741	0
12670	-0.174969	0.633954	0
12680	-0.294748	0.161188	0
12690	-0.409144	-0.341963	0
12700	-0.497926	-0.849717	0
12710	-0.553848	-1.32412	0
12720	-0.571	-1.73328	0
12730	-0.547723	-2.03527	0
12740	-0.484652	-2.20745	0
12750	-0.386619	-2.22666	0
12760	-0.257551	-2.0946	0
12770	-0.107758	-1.81348	0
12780	0.0434303	-1.40232	0
12790	0.192789	-0.885644	0
12800	0.331847	-0.284535	0
12810	0.45068	0.362124	0
12820	0.541442	1.01533	0
12830	0.59911	1.62199	0
12840	0.61925	2.15095	0
12850	0.600182	2.56984	0
12860	0.54494	2.85006	0
12870	0.456973	2.97467	0
12880	0.335296	2.9362	0
12890	0.203714	2.69974	0
12900	0.075304	2.26303	0
12910	-0.0603948	1.69938	0
12920	-0.219474	1.10367	0
12930	-0.298686	0.6301	0
12940	-0.322303	0.148798	0
12950	-0.333286	-0.313848	0
12960	-0.323127	-0.724558	0
12970	-0.295175	-1.07224	0
12980	-0.262051	-1.40867	0
12990	-0.227027	-1.72701	0
13000	-0.19598	-2.03764	0
13010	-0.15286	-2.30278	0
13020	-0.115377	-2.50031	0
13030	-0.0797142	-2.61882	0
13040	-0.0467472	-2.64713	0
13050	-0.0199055	-2.59591	0
13060	0.00077639	-2.46922	0
13070	0.0149258	-2.27195	0
13080	0.0203759	-2.00566	0
13090	0.0168734	-1.67713	0
13100	0.00249587	-1.29891	0
13110	-0.0249741	-0.893193	0
13120	-0.054845	-0.472274	0
13130	-0.0895058	-0.0566441	0
13140	-0.127552	0.340993	0
13150	-0.168273	0.711211	0
13160	-0.208252	1.03491	0
13170	-0.246073	1.30999	0
13180	-0.279522	1.52903	0
13190	-0.292546	1.67732	0
13200	-0.306598	1.74343	0
13210	-0.310755	1.75599	0
13220	-0.303457	1.73337	0
13230	-0.276121	1.68121	0
13240	-0.233474	1.60083	0
13250	-0.179312	1.50207	0
13260	-0.107852	1.38039	0
13270	-0.0227267	1.22744	0
13280	0.0666673	1.04621	0
13290	0.156984	0.826187	0
13300	0.243887	0.563801	0
13310	0.323297	0.261281	0
13320	0.392757	-0.0729876	0
13330	0.451713	-0.426468	0
13340	0.49951	-0.785643	0
13350	0.535049	-1.13659	0
13360	0.553124	-1.46604	0
13370	0.551047	-1.75387	0
13380	0.52498	-1.94948	0
13390	0.485043	-2.09837	0
13400	0.434097	-2.15686	0
13410	0.372887	-2.11462	0
13420	0.309225	-1.93402	0
13430	0.243771	-1.61065	0
13440	0.182493	-1.14504	0
13450	0.128909	-0.546393	0
13460	0.0804465	0.163748	0
13470	0.0345697	0.955262	0
13480	-0.0109881	1.78776	0
13490	-0.0599334	2.61522	0
13500	-0.114858	3.38943	0
13510	-0.174562	4.05503	0
13520	-0.241718	4.61328	0
13530	-0.306806	4.95844	0
13540	-0.372084	5.03198	0
13550	-0.439873	4.81964	0
13560	-0.497176	4.35779	0
13570	-0.546526	3.65621	0
13580	-0.582954	2.73432	0
13590	-0.595264	1.64734	0
13600	-0.586247	0.456437	0
13610	-0.558293	-0.771351	0
13620	-0.508577	-1.96443	0
13630	-0.406211	-3.03209	0
13640	-0.307727	-3.88863	0
13650	-0.202364	-4.52946	0
13660	-0.0857392	-4.923	0
13670	0.0373118	-5.00465	0
13680	0.150746	-4.73328	0
13690	0.251986	-4.12737	0
13700	0.335617	-3.23227	0
13710	0.391894	-2.10605	0
13720	0.413049	-0.834823	0
13730	0.403175	0.493485	0
13740	0.355859	1.78769	0
13750	0.279299	2.96532	0
13760	0.168004	3.95037	0
13770	0.0611353	4.67519	0
13780	-0.0390758	5.07183	0
13790	-0.121499	5.10364	0
13800	-0.184599	4.79167	0
13810	-0.217003	4.2452	0
13820	-0.22793	3.50342	0
13830	-0.221785	2.60895	0
13840	-0.192636	1.63679	0
13850	-0.136374	0.645234	0
13860	-0.0526963	-0.314182	0
13870	0.0524935	-1.20974	0
13880	0.172165	-1.99053	0
13890	0.299629	-2.56275	0
13900	0.428154	-2.89355	0
13910	0.543538	-2.96493	0
13920	0.640774	-2.76754	0
13930	0.711736	-2.31476	0
13940	0.754111	-1.65763	0
13950	0.768597	-0.840912	0
13960	0.743288	0.0952661	0
13970	0.679187	1.0716	0
13980	0.57411	2.02554	0
13990	0.500066	2.71049	0
14000	0.397695	2.97344	0
14010	0.277772	2.9748	0
14020	0.172478	2.72675	0
14030	0.0636946	2.22939	0
14040	-0.0396144	1.62195	0
14050	-0.125137	1.07285	0
14060	-0.195031	0.564174	0
14070	-0.261584	0.00931238	0
14080	-0.314092	-0.585318	0
14090	-0.353747	-1.18345	0
14100	-0.378953	-1.78864	0
14110	-0.385329	-2.37754	0
14120	-0.375535	-2.91858	0
14130	-0.351708	-3.3713	0
14140	-0.312861	-3.70228	0
14150	-0.265288	-3.88252	0
14160	-0.20922	-3.8611	0
14170	-0.156112	-3.62742	0
14180	-0.108547	-3.20915	0
14190	-0.0677853	-2.65315	0
14200	-0.0335588	-2.00743	0
14210	-0.00686362	-1.3096	0
14220	0.00595387	-0.611956	0
14230	0.00144067	0.0320376	0
14240	-0.0143506	0.586787	0
14250	-0.044255	1.00896	0
14260	-0.0834968	1.26381	0
14270	-0.12514	1.36529	0
14280	-0.167562	1.30283	0
14290	-0.213912	1.10766	0
14300	-0.258914	0.811891	0
14310	-0.299806	0.451638	0
14320	-0.336252	0.0640922	0
14330	-0.367465	-0.295607	0
14340	-0.388071	-0.601472	0
14350	-0.391609	-0.837333	0
14360	-0.381753	-1.01831	0
14370	-0.355563	-1.12975	0
14380	-0.31605	-1.16601	0
14390	-0.278578	-1.13486	0
14400	-0.232589	-1.03271	0
14410	-0.174171	-0.878482	0
14420	-0.11119	-0.700593	0
14430	-0.0443268	-0.521691	0
14440	0.0223476	-0.369786	0
14450	0.0852471	-0.270436	0
14460	0.140589	-0.236783	0
14470	0.185456	-0.278628	0
14480	0.221272	-0.397287	0
14490	0.2439	-0.58242	0
14500	0.248812	-0.818769	0
14510	0.227039	-1.08027	0
14520	0.182943	-1.34586	0
14530	0.117394	-1.58548	0
14540	0.0446089	-1.77118	0
14550	-0.028137	-1.87555	0
14560	-0.0932021	-1.88281	0
14570	-0.140652	-1.7747	0
14580	-0.1676	-1.55806	0
14590	-0.169849	-1.24094	0
14600	-0.144441	-0.839657	0
14610	-0.0923562	-0.379294	0
14620	-0.0153083	0.112074	0
14630	0.0796913	0.605995	0
14640	0.184111	1.06402	0
14650	0.295027	1.45403	0
14660	0.404558	1.75122	0
14670	0.48408	1.93357	0
14680	0.536463	1.9838	0
14690	0.548605	1.9083	0
14700	0.531715	1.71576	0
14710	0.488421	1.42589	0
14720	0.415318	1.06452	0
14730	0.312679	0.656849	0
14740	0.194878	0.25524	0
14750	0.08402	-0.100074	0
14760	-0.0153233	-0.332994	0
14770	-0.141228	-0.439461	0
14780	-0.273601	-0.431555	0
14790	-0.405355	-0.321864	0
14800	-0.529235	-0.143416	0
14810	-0.637624	0.0733733	0
14820	-0.722269	0.291946	0
14830	-0.777376	0.476641	0
14840	-0.798942	0.598499	0
14850	-0.785769	0.640065	0
14860	-0.721684	0.604456	0
14870	-0.615971	0.501652	0
14880	-0.467384	0.345242	0
14890	-0.288655	0.144817	0
14900	-0.0918876	-0.0782701	0
14910	0.110722	-0.295511	0
14920	0.310029	-0.473483	0
14930	0.495572	-0.581398	0
14940	0.653255	-0.582423	0
14950	0.759584	-0.456969	0
14960	0.814798	-0.191492	0
14970	0.824844	0.217846	0
14980	0.798152	0.761268	0
14990	0.743191	1.41231	0
15000	0.661618	2.14513	0
15010	0.561242	2.91949	0
15020	0.473386	3.67295	0
15030	0.381501	4.34824	0
15040	0.285287	4.90969	0
15050	0.182754	5.32226	0
15060	0.0981283	5.55949	0
15070	0.0218267	5.57982	0
15080	-0.0441258	5.35335	0
15090	-0.108809	4.8869	0
15100	-0.16193	4.20471	0
15110	-0.205412	3.33613	0
15120	-0.241031	2.3266	0
15130	-0.267405	1.22753	0
15140	-0.284097	0.0967361	0
15150	-0.291011	-1.00789	0
15160	-0.288206	-2.03099	0
15170	-0.276276	-2.92399	0
15180	-0.265418	-3.65601	0
15190	-0.226699	-4.19851	0
15200	-0.213523	-4.50386	0
15210	-0.199411	-4.58229	0
15220	-0.184565	-4.50693	0
15230	-0.168646	-4.29036	0
15240	-0.150959	-3.88865	0
15250	-0.134434	-3.32576	0
15260	-0.148823	-2.66482	0
15270	-0.141173	-1.93076	0
15280	-0.136152	-1.13016	0
15290	-0.132406	-0.306654	0
15300	-0.14005	0.474864	0
15310	-0.149009	1.21175	0
15320	-0.145484	1.89367	0
15330	-0.141111	2.42638	0
15340	-0.145993	2.80397	0
15350	-0.137717	3.04747	0
15360	-0.122353	3.16418	0
15370	-0.109742	3.16116	0
15380	-0.100158	3.02628	0
15390	-0.0802421	2.76636	0
15400	-0.0613226	2.40802	0
15410	-0.0351557	1.97482	0
15420	-0.00950051	1.50846	0
15430	0.021648	1.05577	0
15440	0.0581375	0.644314	0
15450	0.120934	0.2968	0
15460	0.16372	0.00964202	0
15470	0.21529	-0.238321	0
15480	0.269138	-0.458743	0
15490	0.319959	-0.656048	0
15500	0.350207	-0.837642	0
15510	0.393121	-1.0391	0
15520	0.424174	-1.2304	0
15530	0.440805	-1.41827	0
15540	0.438727	-1.59874	0
15550	0.42018	-1.76697	0
15560	0.38712	-1.94393	0
15570	0.332578	-2.11983	0
15580	0.25902	-2.28726	0
15590	0.167019	-2.44169	0
15600	0.066937	-2.57408	0
15610	-0.0355842	-2.68094	0
15620	-0.132325	-2.75767	0
15630	-0.210506	-2.78204	0
15640	-0.260474	-2.77657	0
15650	-0.287001	-2.7599	0
15660	-0.312391	-2.72903	0
15670	-0.339125	-2.68516	0
15680	-0.362504	-2.61111	0
15690	-0.373621	-2.49451	0
15700	-0.369283	-2.32013	0
15710	-0.350624	-2.08393	0
15720	-0.32117	-1.78946	0
15730	-0.276506	-1.45882	0
15740	-0.217414	-1.11038	0
15750	-0.153217	-0.76318	0
15760	-0.0875527	-0.439898	0
15770	-0.0264518	-0.152272	0
15780	0.0273991	0.0831244	0
15790	0.0673762	0.258216	0
15800	0.0943303	0.374287	0
15810	0.104469	0.437938	0
15820	0.102534	0.461376	0
15830	0.0844437	0.452813	0
15840	0.0562292	0.434496	0
15850	0.0221345	0.420365	0
15860	-0.01873	0.427439	0
15870	-0.0587584	0.468553	0
15880	-0.0934104	0.550723	0
15890	-0.121033	0.668521	0
15900	-0.135988	0.805259	0
15910	-0.14712	0.974177	0
15920	-0.144816	1.1677	0
15930	-0.120355	1.36899	0
15940	-0.0797021	1.54645	0
15950	-0.0237385	1.67174	0
15960	0.0434554	1.7252	0
15970	0.117505	1.69054	0
15980	0.194207	1.55607	0
15990	0.269198	1.3169	0
16000	0.337208	0.974681	0
16010	0.394637	0.542125	0
16020	0.437724	0.0381143	0
16030	0.462102	-0.51205	0
16040	0.461021	-1.07418	0
16050	0.438278	-1.61535	0
16060	0.392348	-2.10061	0
16070	0.32662	-2.5011	0
16080	0.243745	-2.791	0
16090	0.15206	-2.94839	0
16100	0.0517419	-2.96882	0
16110	-0.0542512	-2.85371	0
16120	-0.161259	-2.61504	0
16130	-0.259316	-2.27213	0
16140	-0.34412	-1.84709	0
16150	-0.417388	-1.36439	0
16160	-0.477393	-0.864651	0
16170	-0.507945	-0.383724	0
16180	-0.516364	0.0467937	0
16190	-0.502809	0.41443	0
16200	-0.468913	0.717744	0
16210	-0.418539	0.946078	0
16220	-0.341395	1.09606	0
16230	-0.242429	1.16936	0
16240	-0.123855	1.18198	0
16250	0.00436881	1.16155	0
16260	0.132101	1.13129	0
16270	0.230999	1.12181	0
16280	0.318153	1.15562	0
16290	0.380454	1.25507	0
16300	0.405169	1.43721	0
16310	0.398057	1.70852	0
16320	0.361427	2.05765	0
16330	0.30439	2.45244	0
16340	0.236651	2.87547	0
16350	0.168936	3.29178	0
16360	0.0927475	3.68297	0
16370	0.017735	4.01904	0
16380	-0.0506009	4.2605	0
16390	-0.105761	4.38506	0
16400	-0.145579	4.36188	0
16410	-0.167608	4.17609	0
16420	-0.160595	3.82101	0
16430	-0.140075	3.30603	0
16440	-0.107955	2.65015	0
16450	-0.0678839	1.87584	0
16460	-0.0245197	1.02213	0
16470	0.022708	0.142205	0
16480	0.0692119	-0.713119	0
16490	0.114253	-1.49446	0
16500	0.147146	-2.15898	0
16510	0.164004	-2.66168	0
16520	0.163729	-2.97398	0
16530	0.146667	-3.07827	0
16540	0.111405	-2.96791	0
16550	0.059516	-2.65593	0
16560	0.00129562	-2.16876	0
16570	-0.0648013	-1.54488	0
16580	-0.119062	-0.848868	0
16590	-0.167791	-0.118787	0
16600	-0.209722	0.584679	0
16610	-0.241944	1.22629	0
16620	-0.261022	1.76957	0
16630	-0.261828	2.15424	0
16640	-0.256914	2.34672	0
16650	-0.227179	2.31135	0
16660	-0.192798	2.14404	0
16670	-0.15486	1.88342	0
16680	-0.108525	1.54425	0
16690	-0.0516281	1.13901	0
16700	0.009205	0.701312	0
16710	0.0732427	0.25893	0
16720	0.143961	-0.168875	0
16730	0.204385	-0.543506	0
16740	0.262744	-0.848767	0
16750	0.317876	-1.07404	0
16760	0.365928	-1.20124	0
16770	0.399902	-1.21898	0
16780	0.414589	-1.1289	0
16790	0.412317	-0.943252	0
16800	0.391594	-0.685014	0
16810	0.336908	-0.378016	0
16820	0.26304	-0.0649149	0
16830	0.197339	0.225862	0
16840	0.125568	0.445589	0
16850	0.0528154	0.534132	0
16860	-0.037642	0.513964	0
16870	-0.101064	0.402917	0
16880	-0.162454	0.222525	0
16890	-0.207051	-0.0060869	0
16900	-0.250832	-0.264606	0
16910	-0.274195	-0.567678	0
16920	-0.265738	-0.891135	0
16930	-0.255752	-1.25908	0
16940	-0.258068	-1.64675	0
16950	-0.253765	-2.04773	0
16960	-0.242765	-2.44804	0
16970	-0.226168	-2.82756	0
16980	-0.211677	-3.16791	0
16990	-0.199695	-3.45682	0
17000	-0.182365	-3.67563	0
17010	-0.169681	-3.82082	0
17020	-0.152585	-3.86901	0
17030	-0.138299	-3.81167	0
17040	-0.12113	-3.64129	0
17050	-0.101763	-3.37035	0
17060	-0.0768313	-3.00974	0
17070	-0.0458925	-2.58298	0
17080	-0.0101495	-2.10065	0
17090	0.0346458	-1.58639	0
17100	0.0874481	-1.0549	0
17110	0.142649	-0.53881	0
17120	0.198082	-0.113501	0
17130	0.259048	0.249774	0
17140	0.3136	0.593969	0
17150	0.35862	0.905746	0
17160	0.391763	1.18637	0
17170	0.405146	1.44332	0
17180	0.405934	1.68738	0
17190	0.387515	1.91248	0
17200	0.351504	2.12737	0
17210	0.297852	2.33262	0
17220	0.228387	2.52096	0
17230	0.14242	2.69805	0
17240	0.0424463	2.83793	0
17250	-0.0655994	2.92796	0
17260	-0.180989	2.95056	0
17270	-0.297873	2.88385	0
17280	-0.409727	2.7137	0
17290	-0.505995	2.41949	0
17300	-0.576338	2.00063	0
17310	-0.615083	1.46681	0
17320	-0.614753	0.829264	0
17330	-0.575065	0.114632	0
17340	-0.49701	-0.645379	0
17350	-0.385842	-1.41638	0
17360	-0.247406	-2.15945	0
17370	-0.0910096	-2.83383	0
17380	0.0718264	-3.40062	0
17390	0.220126	-3.81998	0
17400	0.347207	-4.05525	0
17410	0.452095	-4.09308	0
17420	0.523281	-3.92211	0
17430	0.55107	-3.54998	0
17440	0.540072	-2.98757	0
17450	0.482799	-2.26008	0
17460	0.424534	-1.42749	0
17470	0.372171	-0.522947	0
17480	0.296686	0.397678	0
17490	0.212429	1.27398	0
17500	0.12072	2.07963	0
17510	0.0269499	2.77488	0
17520	-0.0627846	3.32839	0
17530	-0.14684	3.71848	0
17540	-0.214377	3.93107	0
17550	-0.263628	3.96138	0
17560	-0.294997	3.79931	0
17570	-0.306784	3.46518	0
17580	-0.299616	2.98518	0
17590	-0.273607	2.3935	0
17600	-0.231669	1.73003	0
17610	-0.178744	1.03105	0
17620	-0.117905	0.350674	0
17630	-0.0522264	-0.259098	0
17640	0.0109417	-0.760081	0
17650	0.0667075	-1.11747	0
17660	0.112976	-1.31653	0
17670	0.154655	-1.3533	0
17680	0.188069	-1.23203	0
17690	0.211548	-0.958989	0
17700	0.223844	-0.566252	0
17710	0.225101	-0.0854145	0
17720	0.214246	0.438477	0
17730	0.18558	0.951805	0
17740	0.14934	1.36075	0
17750	0.120182	1.66885	0
17760	0.0860896	1.86144	0
17770	0.0464599	1.92898	0
17780	0.00154649	1.86134	0
17790	-0.0454349	1.65964	0
17800	-0.0928694	1.34055	0
17810	-0.137782	0.92451	0
17820	-0.176837	0.444539	0
17830	-0.212704	-0.0716894	0
17840	-0.241424	-0.592844	0
17850	-0.262785	-1.08658	0
17860	-0.276913	-1.52642	0
17870	-0.283247	-1.88831	0
17880	-0.279741	-2.1702	0
17890	-0.266899	-2.35092	0
17900	-0.24545	-2.43252	0
17910	-0.215335	-2.42445	0
17920	-0.177878	-2.30174	0
17930	-0.134321	-2.06985	0
17940	-0.0853203	-1.74283	0
17950	-0.0324886	-1.3408	0
17960	0.0219581	-0.896162	0
17970	0.0804187	-0.441311	0
17980	0.143722	-0.0237076	0
17990	0.206857	0.35322	0
18000	0.266303	0.671138	0
