0	0	0	0
10	3.41498	0.280388	0
20	3.34806	0.534954	0
30	3.22483	0.934448	0
40	2.91073	1.33922	0
50	2.65511	1.76433	0
60	2.37967	2.1514	0
70	2.10773	2.42344	0
80	1.87226	2.55971	0
90	1.69129	2.53527	0
100	1.58625	2.34107	0
110	1.57613	1.87968	0
120	1.6649	1.09798	0
130	1.79936	0.19349	0
140	1.98232	-0.763101	0
150	0.210277	-1.63492	0
160	-1.85472	-2.35865	0
170	-3.30733	-2.85391	0
180	-4.18077	-3.20444	0
190	-4.5265	-3.26361	0
200	-4.2224	-3.08655	0
210	-3.87145	-2.83771	0
220	-3.45946	-2.64037	0
230	-2.98403	-2.48147	0
240	-2.59882	-2.31069	0
250	-2.14059	-2.07933	0
260	-1.77383	-1.90469	0
270	-1.43378	-1.75491	0
280	-1.02343	-1.60332	0
290	-0.854023	-1.60242	0
300	-0.48843	-1.50971	0
310	-0.19326	-1.43103	0
320	0.112267	-1.34756	0
330	0.565684	-1.16451	0
340	0.996722	-1.00133	0
350	1.58285	-0.758354	0
360	2.04094	-0.608635	0
370	2.67444	-0.36146	0
380	3.23833	-0.205228	0
390	3.75474	-0.00178765	0
400	4.27636	0.204766	0
410	4.78863	0.38861	0
420	5.14868	0.515162	0
430	5.55193	0.681452	0
440	5.75247	0.79512	0
450	5.74868	0.762198	0
460	2.6407	0.763475	0
470	0.0622283	0.699049	0
480	0.0190424	0.557343	0
490	0.0856938	0.466893	0
500	0.159029	0.332485	0
510	0.221316	0.208212	0
520	0.302885	0.136835	0
530	0.361769	0.0457713	0
540	0.430405	0.0266405	0
550	0.463923	0.00410846	0
560	0.524853	0.0587223	0
570	0.499001	0.131477	0
580	0.455734	0.163199	0
590	0.462213	0.319975	0
600	0.400544	0.321152	0
610	0.370113	0.421873	0
620	0.363261	0.468813	0
630	0.302248	0.453049	0
640	0.279636	0.369983	0
650	0.266345	0.249303	0
660	0.282359	0.113372	0
670	0.28967	-0.0429201	0
680	0.132706	-0.236591	0
690	-0.305574	-0.469761	0
700	-0.663705	-0.692479	0
710	-1.03371	-0.916987	0
720	-1.20932	-1.02854	0
730	-1.28109	-1.1696	0
740	-1.34583	-1.2166	0
750	-1.43406	-1.29804	0
760	-1.32372	-1.24974	0
770	-1.19176	-1.15285	0
780	-0.990715	-1.00625	0
790	-0.569323	-0.680181	0
800	-0.226889	-0.481061	0
810	0.111217	-0.200433	0
820	0.479276	0.0815959	0
830	0.856016	0.37364	0
840	1.1602	0.629479	0
850	1.30605	0.782078	0
860	1.44639	0.986287	0
870	1.46286	1.03851	0
880	1.36963	1.11133	0
890	1.25921	1.16317	0
900	0.855363	1.00493	0
910	0.535181	0.902589	0
920	0.117704	0.707123	0
930	-0.250942	0.54821	0
940	-0.490491	0.414627	0
950	-0.76072	0.263055	0
960	-1.03997	0.109757	0
970	-1.14972	0.105284	0
980	-1.32435	0.0599366	0
990	-1.57927	-0.0145362	0
1000	-1.6894	-0.0338226	0
1010	-1.72166	-0.0886851	0
1020	-1.92985	-0.120663	0
1030	-1.87803	-0.102082	0
1040	-1.80794	-0.0125878	0
1050	-1.75697	0.0789306	0
1060	-1.91594	0.0749845	0
1070	-1.84777	0.169165	0
1080	-1.776	0.23669	0
1090	-1.71134	0.328562	0
1100	-1.69744	0.402632	0
1110	-1.59665	0.576685	0
1120	-1.50295	0.637129	0
1130	-1.41589	0.707066	0
1140	-1.37956	0.825727	0
1150	-1.42488	0.804791	0
1160	-1.41772	0.876748	0
1170	-1.50083	0.796765	0
1180	-1.48104	0.83765	0
1190	-1.54937	0.728756	0
1200	-1.65945	0.663674	0
1210	-1.65115	0.585801	0
1220	-1.77213	0.461845	0
1230	-1.91605	0.337088	0
1240	-1.89188	0.293962	0
1250	-1.90376	0.20287	0
1260	-2.00528	0.0241469	0
1270	-1.98015	-0.0218811	0
1280	-1.97931	-0.172535	0
1290	-2.01985	-0.239214	0
1300	-1.88598	-0.29446	0
1310	-1.89137	-0.322843	0
1320	-1.81929	-0.381177	0
1330	-1.65362	-0.376788	0
1340	-1.51635	-0.394016	0
1350	-1.41784	-0.328001	0
1360	-1.39054	-0.383223	0
1370	-1.20609	-0.347486	0
1380	-0.951221	-0.279752	0
1390	-0.785803	-0.276813	0
1400	-0.604856	-0.25142	0
1410	-0.398579	-0.247978	0
1420	-0.208709	-0.230784	0
1430	-0.0596143	-0.1513	0
1440	0.067457	-0.224529	0
1450	0.0957403	-0.243256	0
1460	0.417979	-0.259926	0
1470	0.596492	-0.216326	0
1480	0.813905	-0.316959	0
1490	0.908629	-0.420406	0
1500	1.12387	-0.396134	0
1510	1.17159	-0.53558	0
1520	1.36183	-0.518331	0
1530	1.58064	-0.642823	0
1540	1.79742	-0.591648	0
1550	1.76126	-0.698256	0
1560	2.11181	-0.620362	0
1570	2.13491	-0.70733	0
1580	2.38982	-0.662184	0
1590	2.59656	-0.603544	0
1600	2.61731	-0.531052	0
1610	2.84913	-0.457325	0
1620	2.95818	-0.422029	0
1630	2.94098	-0.317369	0
1640	3.16964	-0.154141	0
1650	3.13292	-0.15607	0
1660	3.14355	-0.0775924	0
1670	3.32071	0.0811067	0
1680	3.34766	0.178754	0
1690	3.24687	0.182414	0
1700	3.36213	0.308548	0
1710	3.22257	0.347327	0
1720	3.21557	0.503268	0
1730	3.07702	0.479284	0
1740	2.92408	0.426817	0
1750	2.71456	0.437943	0
1760	2.59294	0.449192	0
1770	2.60992	0.54308	0
1780	2.21765	0.339646	0
1790	2.13167	0.297205	0
1800	2.00711	0.314508	0
1810	1.49447	0.06189	0
1820	1.28623	-0.0780663	0
1830	1.24319	-0.00341837	0
1840	1.01891	-0.128813	0
1850	0.71375	-0.266188	0
1860	0.672727	-0.251409	0
1870	0.412232	-0.331408	0
1880	0.36155	-0.230712	0
1890	0.314918	-0.245909	0
1900	0.0791897	-0.274244	0
1910	0.0478847	-0.314204	0
1920	-0.185226	-0.308456	0
1930	-0.204948	-0.28976	0
1940	-0.23226	-0.234722	0
1950	-0.451603	-0.193343	0
1960	-0.488029	-0.0947028	0
1970	-0.715727	-0.203522	0
1980	-0.678696	-0.161505	0
1990	-0.630638	-0.0104084	0
2000	-0.836795	0.00428914	0
2010	-0.829983	0.0616176	0
2020	-0.759671	0.18047	0
2030	-1.02449	0.122159	0
2040	-0.994373	0.189313	0
2050	-0.969041	0.259623	0
2060	-1.01385	0.203998	0
2070	-1.06965	0.191614	0
2080	-0.820955	0.313267	0
2090	-0.862132	0.207859	0
2100	-0.9044	0.192945	0
2110	-0.964124	0.0732968	0
2120	-1.02887	-0.0432866	0
2130	-1.10508	-0.0723052	0
2140	-1.14377	-0.0818425	0
2150	-0.985772	-0.108508	0
2160	-1.00468	-0.275089	0
2170	-0.948032	-0.279028	0
2180	-0.925912	-0.382352	0
2190	-0.861443	-0.338874	0
2200	-0.761458	-0.276886	0
2210	-0.660727	-0.281374	0
2220	-0.566875	-0.280814	0
2230	-0.350616	-0.190919	0
2240	-0.123238	-0.204897	0
2250	-0.423186	-0.305833	0
2260	-0.174619	-0.184837	0
2270	-0.0164883	-0.0638616	0
2280	0.113321	-0.191139	0
2290	0.0659535	-0.136328	0
2300	0.461659	0.0342481	0
2310	0.44071	0.0426387	0
2320	0.711383	0.111568	0
2330	0.647761	0.0863114	0
2340	1.02952	0.284162	0
2350	0.802175	0.185593	0
2360	1.16936	0.317123	0
2370	1.1238	0.31998	0
2380	1.03962	0.268045	0
2390	1.39779	0.27165	0
2400	1.25381	0.269426	0
2410	1.38083	0.295164	0
2420	1.19317	0.123977	0
2430	1.41439	0.186717	0
2440	1.36624	0.247305	0
2450	1.29197	0.262267	0
2460	1.29029	0.265834	0
2470	1.14523	0.204572	0
2480	1.01709	0.198208	0
2490	1.04731	0.214296	0
2500	1.02451	0.197134	0
2510	0.967631	0.220428	0
2520	0.91354	0.309435	0
2530	0.651739	0.21745	0
2540	0.54764	0.117937	0
2550	0.599739	0.22029	0
2560	0.463395	0.271954	0
2570	0.305067	0.203496	0
2580	0.105167	0.157373	0
2590	0.090106	0.252232	0
2600	-0.085654	0.280266	0
2610	-0.330467	0.106819	0
2620	-0.355859	0.0843376	0
2630	-0.543402	0.0689365	0
2640	-0.744908	0.0156521	0
2650	-0.730511	0.0447902	0
2660	-0.873137	-0.123014	0
2670	-1.12355	-0.29643	0
2680	-1.04373	-0.247194	0
2690	-1.0219	-0.371557	0
2700	-1.16479	-0.440481	0
2710	-0.958	-0.570321	0
2720	-1.12939	-0.594708	0
2730	-1.2226	-0.614793	0
2740	-1.04947	-0.600255	0
2750	-1.08518	-0.720228	0
2760	-1.11269	-0.752109	0
2770	-0.851682	-0.654822	0
2780	-0.842387	-0.790756	0
2790	-0.77956	-0.723362	0
2800	-0.722705	-0.942511	0
2810	-0.559864	-0.65281	0
2820	-0.620122	-0.687248	0
2830	-0.493467	-0.681844	0
2840	-0.342091	-0.629044	0
2850	-0.118379	-0.598312	0
2860	0.105955	-0.355434	0
2870	0.379346	-0.275919	0
2880	0.182573	-0.456476	0
2890	0.42192	-0.323318	0
2900	0.743528	-0.220397	0
2910	0.774989	-0.187791	0
2920	0.60105	-0.236116	0
2930	0.629499	-0.200805	0
2940	0.823397	-0.12863	0
2950	1.07803	-0.059586	0
2960	1.00212	0.0286538	0
2970	1.0493	-0.0868192	0
2980	0.942108	-0.0613907	0
2990	1.12137	-0.212517	0
3000	1.1518	0.00303625	0
3010	0.983612	0.0217275	0
3020	0.91714	-0.216755	0
3030	1.00256	-0.124191	0
3040	0.965291	-0.164058	0
3050	1.08367	-0.212198	0
3060	0.908065	-0.233944	0
3070	0.84329	-0.376503	0
3080	0.977461	-0.219418	0
3090	1.07854	-0.225198	0
3100	0.566006	-0.518723	0
3110	0.79204	-0.296381	0
3120	0.911489	-0.237603	0
3130	0.600351	-0.365807	0
3140	0.833491	-0.198911	0
3150	0.963289	-0.0631502	0
3160	0.637381	-0.139466	0
3170	0.665018	-0.0469852	0
3180	1.07713	0.134528	0
3190	0.746094	0.106774	0
3200	0.790837	0.249445	0
3210	0.733862	0.282369	0
3220	0.708256	0.157734	0
3230	0.5384	0.301303	0
3240	0.426374	0.149961	0
3250	0.273196	0.134156	0
3260	0.400238	0.0231876	0
3270	0.286226	-0.207607	0
3280	0.195	-0.476815	0
3290	0.394479	-0.576412	0
3300	0.303804	-0.892576	0
3310	0.41265	-1.24866	0
3320	0.69009	-1.57704	0
3330	1.0911	-1.74496	0
3340	1.60525	-1.91804	0
3350	1.94094	-2.33262	0
3360	2.57172	-2.2886	0
3370	3.20466	-2.45754	0
3380	4.10969	-2.36809	0
3390	4.89077	-2.2548	0
3400	6.50275	-1.98335	0
3410	7.73266	-1.63023	0
3420	4.2767	-1.44683	0
3430	-0.468356	-0.69911	0
3440	-0.694764	-0.0603838	0
3450	-0.836102	0.385149	0
3460	-0.831307	0.992005	0
3470	-0.789785	1.87015	0
3480	-0.679434	2.39815	0
3490	-0.722221	2.77989	0
3500	-0.815863	3.53966	0
3510	-0.869668	3.60761	0
3520	-0.874201	3.96586	0
3530	-0.940939	4.0949	0
3540	-0.893036	4.01644	0
3550	-1.0134	3.91946	0
3560	-0.985096	3.5753	0
3570	-0.994038	3.29532	0
3580	-1.00212	2.81833	0
3590	-0.746177	2.3836	0
3600	-0.893095	1.84913	0
3610	-0.606073	1.12148	0
3620	-0.647727	0.264116	0
3630	-0.520182	-0.617308	0
3640	-0.417113	-1.22498	0
3650	-0.426037	-1.81737	0
3660	-0.547679	-2.21769	0
3670	-0.463967	-2.59835	0
3680	-0.230978	-2.5194	0
3690	-0.369504	-2.81822	0
3700	-0.252481	-2.37088	0
3710	-0.0503958	-2.0526	0
3720	0.0642656	-1.70441	0
3730	0.145983	-1.26462	0
3740	0.36629	-0.381482	0
3750	0.439438	0.0536298	0
3760	0.511752	0.408726	0
3770	0.557673	0.872774	0
3780	0.278752	1.34191	0
3790	0.293132	1.91465	0
3800	0.172392	2.06606	0
3810	0.104712	2.48138	0
3820	0.261887	3.28368	0
3830	-0.0159278	3.35752	0
3840	-0.167102	3.71128	0
3850	-0.303927	3.76709	0
3860	-0.21792	4.11499	0
3870	-0.380337	4.34697	0
3880	-0.266894	4.30631	0
3890	-0.570324	4.13821	0
3900	-0.624302	3.98448	0
3910	-0.527404	3.72373	0
3920	-0.590443	3.31684	0
3930	-0.711819	2.67728	0
3940	-0.673786	2.46779	0
3950	-0.806684	1.76938	0
3960	-0.416069	1.40575	0
3970	-1.06502	1.39633	0
3980	-2.03655	1.39379	0
3990	-3.603	0.548246	0
4000	-4.68978	0.0750645	0
4010	-5.6373	-0.404392	0
4020	-6.93089	-0.983058	0
4030	-7.51749	-1.51995	0
4040	-8.49942	-2.22753	0
4050	-8.8962	-2.8291	0
4060	-9.32234	-3.20042	0
4070	-9.70689	-3.6014	0
4080	-9.63401	-3.79108	0
4090	-9.93146	-4.38268	0
4100	-9.65853	-4.22758	0
4110	-9.12712	-4.32198	0
4120	-8.70205	-4.65137	0
4130	-8.13835	-4.52047	0
4140	-7.22823	-4.3924	0
4150	-6.34008	-4.15248	0
4160	-5.43288	-3.70966	0
4170	-4.5141	-3.15094	0
4180	-3.69889	-2.72	0
4190	-2.33109	-1.88009	0
4200	-1.67436	-1.36276	0
4210	-0.40783	-0.617581	0
4220	0.430109	-0.11641	0
4230	1.45174	0.407102	0
4240	2.62219	1.14634	0
4250	3.38801	1.3874	0
4260	4.0953	1.67278	0
4270	4.73567	1.91961	0
4280	5.32389	1.81704	0
4290	5.81484	2.01902	0
4300	6.1391	1.82611	0
4310	6.13002	1.23896	0
4320	6.447	1.04379	0
4330	6.38647	0.660191	0
4340	6.15338	-0.168843	0
4350	6.1088	-0.738138	0
4360	5.7835	-1.4336	0
4370	5.52534	-2.22221	0
4380	5.70699	-2.64058	0
4390	5.38427	-3.33155	0
4400	5.3835	-3.65164	0
4410	5.54998	-3.95221	0
4420	5.30167	-4.11902	0
4430	5.4451	-3.98124	0
4440	5.52624	-3.98486	0
4450	5.2632	-3.98507	0
4460	5.37078	-3.64844	0
4470	5.30748	-3.24868	0
4480	5.32634	-2.79573	0
4490	4.97646	-2.6575	0
4500	4.61267	-2.34563	0
4510	4.32199	-1.80697	0
4520	4.53054	-1.31601	0
4530	3.73305	-1.07784	0
4540	3.29306	-0.637034	0
4550	2.69116	-0.381611	0
4560	-0.0295444	-0.136318	0
4570	-0.420503	0.125253	0
4580	-0.419085	0.329105	0
4590	-0.383214	0.733275	0
4600	-0.185768	0.996754	0
4610	-0.860873	1.06958	0
4620	-1.48959	1.20384	0
4630	-2.19528	1.26339	0
4640	-2.74806	1.44041	0
4650	-3.53033	1.38037	0
4660	-4.08325	1.46576	0
4670	-4.57884	1.45369	0
4680	-5.19492	1.36671	0
4690	-5.71358	1.22112	0
4700	-6.15834	1.04194	0
4710	-6.55109	0.940194	0
4720	-7.35483	0.682854	0
4730	-7.45621	0.625312	0
4740	-7.70322	0.356603	0
4750	-7.73948	0.427957	0
4760	-7.6767	0.471402	0
4770	-7.54454	0.398173	0
4780	-7.08934	0.773006	0
4790	-6.90895	0.829233	0
4800	-6.52037	1.0362	0
4810	-6.16428	1.16144	0
4820	-5.49508	1.5854	0
4830	-4.84158	1.8197	0
4840	-4.69491	1.97704	0
4850	-4.05005	2.2154	0
4860	-3.56399	2.29983	0
4870	-2.67956	2.41117	0
4880	-2.54005	2.24753	0
4890	-1.8742	2.26695	0
4900	-0.972271	2.36726	0
4910	-0.690607	2.06674	0
4920	-0.149355	1.92005	0
4930	0.561989	1.67928	0
4940	0.983669	1.30546	0
4950	1.2279	1.0558	0
4960	2.09432	0.930744	0
4970	2.25599	0.494648	0
4980	2.61442	0.237938	0
4990	3.20022	0.15846	0
5000	3.50769	0.0800372	0
5010	3.88586	-0.0358865	0
5020	4.58837	0.0955894	0
5030	4.53008	0.0739577	0
5040	4.53102	0.0672626	0
5050	5.37145	0.421306	0
5060	5.22573	0.532417	0
5070	5.07457	0.425212	0
5080	5.22607	0.440564	0
5090	5.38052	0.543382	0
5100	5.46428	0.52854	0
5110	5.0001	0.497163	0
5120	4.87883	0.5122	0
5130	4.84202	0.501799	0
5140	4.55312	0.350665	0
5150	4.10911	0.215201	0
5160	3.92124	0.268047	0
5170	3.45822	-0.177001	0
5180	3.17441	-0.132542	0
5190	2.67362	-0.214129	0
5200	2.30954	-0.51251	0
5210	1.70026	-0.760779	0
5220	1.16263	-1.09903	0
5230	0.792704	-1.22463	0
5240	0.714208	-1.26899	0
5250	0.205361	-1.30373	0
5260	-0.0530771	-1.19563	0
5270	-0.504146	-1.17009	0
5280	-0.921315	-1.34892	0
5290	-1.12863	-1.08526	0
5300	-1.0166	-1.08743	0
5310	-1.25891	-0.97264	0
5320	-1.27966	-0.636249	0
5330	-1.47412	-0.45388	0
5340	-1.61921	-0.196625	0
5350	-1.54088	0.208864	0
5360	-1.58122	0.55302	0
5370	-1.74126	0.80934	0
5380	-1.60433	1.01825	0
5390	-1.76742	1.4497	0
5400	-1.94928	1.46502	0
5410	-1.90638	1.85843	0
5420	-1.95986	1.83256	0
5430	-2.12566	2.06289	0
5440	-1.97366	2.14552	0
5450	-2.09756	2.19553	0
5460	-2.2798	1.99105	0
5470	-2.05958	1.93405	0
5480	-2.11847	1.69355	0
5490	-2.23321	1.27257	0
5500	-1.97403	0.988504	0
5510	-1.96939	0.704607	0
5520	-1.96571	0.246991	0
5530	-1.63728	-0.216708	0
5540	-1.51304	-0.418863	0
5550	-1.38834	-0.843614	0
5560	-1.35267	-1.21264	0
5570	-0.941683	-1.43094	0
5580	-0.55666	-1.47445	0
5590	-0.0847023	-1.59434	0
5600	-0.106894	-1.57921	0
5610	0.57173	-1.39388	0
5620	0.613868	-1.37537	0
5630	0.952636	-1.27874	0
5640	1.6885	-0.823377	0
5650	1.8541	-0.758133	0
5660	1.79434	-0.387492	0
5670	2.25813	-0.271607	0
5680	2.62953	0.142597	0
5690	2.97549	0.300461	0
5700	3.20583	0.277525	0
5710	3.55642	0.600931	0
5720	3.38438	0.47726	0
5730	3.23179	0.449929	0
5740	3.43687	0.426799	0
5750	2.97994	-0.0124873	0
5760	3.04733	0.0346701	0
5770	2.4988	-0.433341	0
5780	2.46793	-0.545063	0
5790	2.3243	-0.63625	0
5800	1.74058	-1.00483	0
5810	1.92503	-0.887822	0
5820	1.73942	-0.937355	0
5830	1.04672	-1.04963	0
5840	0.778233	-0.976218	0
5850	0.326735	-0.852335	0
5860	0.210517	-0.592543	0
5870	-0.208082	-0.295577	0
5880	-0.630417	-0.194746	0
5890	-1.06997	0.0444908	0
5900	-1.3148	0.372329	0
5910	-1.79459	0.791521	0
5920	-2.38965	1.01379	0
5930	-2.57542	1.21151	0
5940	-3.11958	1.35791	0
5950	-3.62749	1.4708	0
5960	-3.93345	1.65727	0
5970	-4.22398	1.78442	0
5980	-4.74431	1.82179	0
5990	-5.09483	1.72265	0
6000	-5.34385	1.6864	0
6010	-5.49596	1.52512	0
6020	-5.6662	1.31609	0
6030	-5.83972	1.01891	0
6040	-6.42432	0.585958	0
6050	-6.31471	0.550395	0
6060	-6.42597	0.195806	0
6070	-6.23658	-0.163089	0
6080	-6.28473	-0.32689	0
6090	-5.85341	-0.458075	0
6100	-5.81054	-0.566189	0
6110	-5.14064	-0.272852	0
6120	-5.12591	-0.609535	0
6130	-4.73163	-0.680726	0
6140	-4.06252	-0.280451	0
6150	-3.55974	-0.217445	0
6160	-3.28977	-0.472995	0
6170	-2.11674	-0.141682	0
6180	-1.79931	0.0238382	0
6190	1.17718	1.40277	0
6200	2.18142	2.73678	0
6210	2.32355	3.83709	0
6220	2.2005	4.71712	0
6230	2.83535	5.81425	0
6240	2.227	5.72767	0
6250	2.08867	5.45642	0
6260	2.30669	5.38245	0
6270	1.74509	4.91832	0
6280	0.996437	4.44459	0
6290	0.916509	3.82912	0
6300	0.526079	3.06225	0
6310	-0.52026	2.31269	0
6320	-0.0992734	1.93021	0
6330	-0.689019	0.998944	0
6340	-1.44968	0.634869	0
6350	-1.08089	-0.133439	0
6360	-1.47122	-0.209359	0
6370	-1.76715	-0.802657	0
6380	-1.66149	-1.04801	0
6390	-1.6636	-1.28017	0
6400	-1.78391	-1.45327	0
6410	-1.60516	-1.18527	0
6420	-1.00344	-1.13703	0
6430	-1.10824	-1.15325	0
6440	-0.295911	-1.03013	0
6450	-0.129078	-0.667364	0
6460	0.637494	-0.0224641	0
6470	1.00527	-0.131546	0
6480	1.81788	0.339031	0
6490	2.04292	0.558844	0
6500	2.80926	0.751814	0
6510	2.98293	0.777051	0
6520	3.78022	1.06554	0
6530	4.25757	1.0133	0
6540	4.1272	1.07904	0
6550	4.51405	0.859049	0
6560	4.72647	0.276752	0
6570	5.23621	0.254502	0
6580	5.0491	-0.129259	0
6590	5.2519	-0.481949	0
6600	5.46399	-0.791088	0
6610	5.13302	-1.64609	0
6620	5.36019	-1.90231	0
6630	5.69302	-2.02669	0
6640	4.78895	-3.00128	0
6650	5.16577	-3.14282	0
6660	4.35395	-3.54347	0
6670	0.551948	-3.73967	0
6680	0.176994	-4.09317	0
6690	1.11256	-3.94749	0
6700	0.915585	-3.87457	0
6710	0.85942	-3.64787	0
6720	0.302351	-3.84506	0
6730	0.431992	-3.40926	0
6740	0.5596	-2.78538	0
6750	0.749389	-2.53265	0
6760	0.992353	-1.77849	0
6770	0.689491	-1.65921	0
6780	0.843422	-0.786622	0
6790	1.00401	-0.0588288	0
6800	1.25149	0.223194	0
6810	0.829252	0.789986	0
6820	1.30266	1.47982	0
6830	1.24695	1.68392	0
6840	1.12244	1.75165	0
6850	1.42068	2.06142	0
6860	0.593429	2.07973	0
6870	0.289781	2.08703	0
6880	0.624673	1.96107	0
6890	0.343926	1.54819	0
6900	-0.0898428	1.07711	0
6910	0.445798	1.15371	0
6920	0.0267768	0.726195	0
6930	-0.826554	0.44255	0
6940	-0.346016	0.103897	0
6950	-0.464831	0.0625866	0
6960	-1.08556	-0.246926	0
6970	-0.858909	-0.223476	0
6980	11.389	-0.34311	0
6990	9.67006	-0.645346	0
7000	8.12841	-0.825601	0
7010	6.20069	-1.22936	0
7020	3.22259	-1.41601	0
7030	0.450939	-1.78334	0
7040	-3.00033	-1.79674	0
7050	-5.15672	-1.6312	0
7060	-6.96661	-1.33351	0
7070	-8.94863	-1.47832	0
7080	-9.04131	-0.4227	0
7090	-8.44167	0.500278	0
7100	-8.23256	1.84492	0
7110	-7.40167	2.32718	0
7120	-7.80065	2.37131	0
7130	-7.24503	2.68432	0
7140	-7.52277	2.42086	0
7150	-6.93539	2.49767	0
7160	-6.40481	2.91883	0
7170	-6.14465	2.2962	0
7180	-5.57701	2.11671	0
7190	-5.34967	1.78387	0
7200	-5.02568	1.50881	0
7210	-4.29845	0.776316	0
7220	-5.4718	0.0149185	0
7230	-4.37385	-0.509654	0
7240	-2.8532	-0.930334	0
7250	-2.29994	-3.11667	0
7260	-1.02084	-3.05326	0
7270	-0.226365	-3.51848	0
7280	0.377036	-3.76661	0
7290	1.11584	-3.47911	0
7300	3.64757	-3.01904	0
7310	4.89186	-3.16415	0
7320	5.92145	-2.64615	0
7330	6.64623	-2.79628	0
7340	8.02056	-2.27121	0
7350	10.1154	-1.97786	0
7360	10.7189	-1.71005	0
7370	11.3534	-1.21251	0
7380	13.3937	-0.835268	0
7390	13.3854	-0.803058	0
7400	15.2833	-0.258637	0
7410	15.6705	-0.0244385	0
7420	15.8598	0.218446	0
7430	18.1345	0.75956	0
7440	18.1716	0.479239	0
7450	18.2737	1.01898	0
7460	19.398	0.98605	0
7470	1.24398	1.02674	0
7480	0.258729	0.591522	0
7490	-0.233428	0.551415	0
7500	-0.329479	0.649905	0
7510	-0.458786	0.641678	0
7520	-0.471245	0.0110907	0
7530	-1.6061	-0.192255	0
7540	-1.84757	-0.296327	0
7550	-2.43276	-0.458869	0
7560	-0.737619	-0.0945657	0
7570	-3.52031	-0.145239	0
7580	-3.47631	0.170155	0
7590	-3.44841	-0.00232049	0
7600	-3.40014	0.187128	0
7610	-3.782	0.512206	0
7620	-3.37374	1.19952	0
7630	-3.75819	1.2921	0
7640	-4.02659	1.67916	0
7650	-4.28324	2.25642	0
7660	-3.49596	2.74414	0
7670	-3.87201	3.1655	0
7680	-3.90812	3.75209	0
7690	-3.37119	4.08664	0
7700	-4.19953	4.06754	0
7710	-2.95047	4.54136	0
7720	-2.82588	5.20466	0
7730	-2.0041	5.32752	0
7740	-1.06163	5.50291	0
7750	-0.246713	6.05874	0
7760	1.61804	6.26193	0
7770	2.6391	6.43738	0
7780	-4.67664	6.42744	0
7790	-4.87681	6.62279	0
7800	-5.35562	6.05034	0
7810	-6.16633	5.64784	0
7820	-6.30554	5.05937	0
7830	-6.71441	4.33271	0
7840	-7.28464	3.52073	0
7850	-7.51457	2.44336	0
7860	-7.69333	1.01059	0
7870	-8.0359	0.109914	0
7880	-8.00559	-1.36042	0
7890	-8.06056	-2.12999	0
7900	-7.7851	-3.49613	0
7910	-7.79533	-4.77135	0
7920	-7.43901	-5.51337	0
7930	-7.2378	-6.42327	0
7940	-7.12399	-6.56288	0
7950	-6.62369	-6.91555	0
7960	-6.43613	-7.05234	0
7970	-6.05889	-6.78932	0
7980	-5.69861	-5.90471	0
7990	-5.33471	-5.77535	0
8000	-5.24908	-5.45353	0
8010	-4.86851	-5.25542	0
8020	-4.51085	-5.39736	0
8030	-5.06967	-5.38844	0
8040	-3.02171	-3.81113	0
8050	-3.38689	-1.58388	0
8060	-4.20034	0.248632	0
8070	-4.91713	0.321351	0
8080	-5.69473	-0.226042	0
8090	-6.93844	-0.0619956	0
8100	-7.30811	-0.0782495	0
8110	-7.90922	-0.316598	0
8120	-8.19134	-0.234844	0
8130	-8.49655	-0.136059	0
8140	-8.15028	-0.584729	0
8150	-9.03848	-0.409814	0
8160	-8.55754	-0.421508	0
8170	-8.76956	-0.58765	0
8180	-7.80389	-0.765006	0
8190	-7.59957	-0.668886	0
8200	-6.70936	-0.811862	0
8210	-5.93883	-0.654202	0
8220	0.389696	4.80023	0
8230	-0.38538	3.01784	0
8240	-0.392384	1.89507	0
8250	-0.188102	1.00727	0
8260	0.0378029	0.767709	0
8270	0.61744	0.801866	0
8280	0.565816	0.380634	0
8290	1.02365	0.405834	0
8300	1.00238	-0.0363092	0
8310	1.0878	-0.237351	0
8320	1.81532	-0.175874	0
8330	1.93286	-0.988245	0
8340	1.99273	-0.880485	0
8350	2.65481	-0.625377	0
8360	3.04652	-0.742965	0
8370	3.33087	-1.2877	0
8380	3.32852	-1.14217	0
8390	3.75159	-1.34877	0
8400	2.37583	-1.1606	0
8410	2.19918	-1.0889	0
8420	0.857625	-1.63129	0
8430	0.495612	-0.894685	0
8440	0.526259	-1.11945	0
8450	0.619525	-0.930376	0
8460	-0.0975802	-0.659349	0
8470	1.091	-0.640302	0
8480	0.632542	-0.34779	0
8490	1.35567	0.204922	0
8500	0.678329	0.136502	0
8510	0.488739	0.185703	0
8520	0.73324	0.0499069	0
8530	0.909487	-0.435976	0
8540	1.09824	-0.892424	0
8550	0.956865	-0.874708	0
8560	1.2957	-1.73683	0
8570	1.37154	-2.1765	0
8580	1.44883	-2.63837	0
8590	1.30414	-3.60741	0
8600	2.3999	-3.77252	0
8610	2.5533	-3.77952	0
8620	3.10475	-4.40794	0
8630	1.73455	-4.66384	0
8640	2.37161	-3.93029	0
8650	3.46595	-3.98074	0
8660	5.42216	-2.88003	0
8670	5.69454	-2.2289	0
8680	-10.2539	-1.20466	0
8690	-17.4548	-0.167714	0
8700	-16.6644	0.570012	0
8710	-9.99436	1.61604	0
8720	-10.4582	2.32717	0
8730	-10.6199	3.06232	0
8740	-10.4741	3.66089	0
8750	-10.9883	3.745	0
8760	-10.1068	4.19219	0
8770	-9.15876	4.28743	0
8780	-9.02126	4.4684	0
8790	-8.66246	4.11923	0
8800	-7.8457	3.92184	0
8810	-6.80883	3.50771	0
8820	-6.05874	2.95815	0
8830	-4.46925	2.69021	0
8840	-3.59126	2.22416	0
8850	-2.43752	1.89977	0
8860	-0.983334	1.31568	0
8870	0.810814	1.43185	0
8880	2.00058	1.32331	0
8890	3.13202	0.968675	0
8900	4.79477	1.32047	0
8910	5.85774	1.23267	0
8920	7.03332	1.1642	0
8930	8.11645	1.797	0
8940	8.89205	2.18838	0
8950	10.2935	2.47609	0
8960	10.5013	2.75282	0
8970	10.9042	3.17506	0
8980	1.1641	3.35538	0
8990	1.95713	4.04776	0
9000	1.95244	4.12212	0
9010	1.73778	4.52303	0
9020	1.84507	4.45015	0
9030	0.460522	4.41642	0
9040	0.193968	3.97615	0
9050	-1.33142	3.48164	0
9060	-1.78225	2.59538	0
9070	-2.30771	1.77604	0
9080	-3.41304	0.593936	0
9090	-3.74681	-0.383916	0
9100	-3.86297	-1.69467	0
9110	-4.58909	-2.80491	0
9120	-4.47542	-3.50665	0
9130	-4.75557	-4.20796	0
9140	-5.72563	-4.6857	0
9150	-6.1984	-4.85595	0
9160	-6.44982	-4.92658	0
9170	-5.2803	-4.73045	0
9180	-3.89274	-4.12708	0
9190	-1.92851	-3.55371	0
9200	-0.215587	-2.88863	0
9210	1.51468	-2.56373	0
9220	3.13986	-1.5346	0
9230	5.16518	-1.08553	0
9240	6.08234	-0.762027	0
9250	7.49081	0.0414147	0
9260	8.59589	0.282492	0
9270	5.53835	0.667781	0
9280	5.59699	1.14767	0
9290	5.92814	1.18902	0
9300	5.62248	1.23928	0
9310	-2.7243	0.827072	0
9320	-3.10842	0.901401	0
9330	-2.97111	0.207253	0
9340	-3.43528	0.210638	0
9350	-3.19135	-0.0939922	0
9360	-3.58862	-0.873647	0
9370	-3.96129	-0.912006	0
9380	-4.40723	-1.66264	0
9390	-4.60424	-1.75179	0
9400	-4.9399	-2.2657	0
9410	-5.40462	-2.34999	0
9420	-5.49801	-2.66213	0
9430	-5.82392	-2.46307	0
9440	-5.77428	-2.75188	0
9450	-5.8812	-2.26624	0
9460	-5.8691	-2.09183	0
9470	-5.62306	-1.78555	0
9480	-5.39681	-1.32856	0
9490	-5.32775	-0.979242	0
9500	-4.97776	-0.680275	0
9510	-4.45223	-0.409036	0
9520	-4.38591	-0.0160006	0
9530	-4.06335	0.178281	0
9540	-3.55843	0.465809	0
9550	-3.46375	0.742785	0
9560	-3.67608	0.591833	0
9570	-3.65908	0.7695	0
9580	-3.56561	0.80541	0
9590	-3.65063	0.774415	0
9600	-3.71669	0.614709	0
9610	-3.64819	0.672883	0
9620	-3.88639	0.441334	0
9630	-3.68098	0.44191	0
9640	-3.70196	0.382152	0
9650	-3.73176	0.749273	0
9660	-3.76448	0.838241	0
9670	-3.70288	1.10004	0
9680	-3.36073	1.11233	0
9690	-3.60484	1.59968	0
9700	-3.68275	1.87749	0
9710	-3.14787	2.2147	0
9720	-3.06004	2.09779	0
9730	-2.93212	2.31445	0
9740	-2.85025	2.25531	0
9750	-2.72943	2.44159	0
9760	-2.53917	2.08834	0
9770	-2.45145	1.9298	0
9780	-2.22445	1.64109	0
9790	-1.91346	1.28486	0
9800	-1.66193	0.789618	0
9810	-1.63517	0.153455	0
9820	-2.29973	-0.115035	0
9830	-3.12074	-0.60621	0
9840	-4.45825	-1.11682	0
9850	-4.64241	-1.37291	0
9860	-5.09145	-1.41556	0
9870	-5.47313	-1.71359	0
9880	-5.12462	-1.09319	0
9890	-5.62912	-0.943687	0
9900	-5.03039	-0.628647	0
9910	-4.76511	-0.0868602	0
9920	-4.52359	0.172362	0
9930	-4.02878	0.521999	0
9940	-3.50771	0.796876	0
9950	-2.81373	1.10189	0
9960	-1.56334	1.66076	0
9970	-0.915366	1.91597	0
9980	0.038194	2.30257	0
9990	0.71065	2.58217	0
10000	1.21484	2.69783	0
10010	1.98979	2.67321	0
10020	2.38666	2.29152	0
10030	2.98047	1.99477	0
10040	3.30585	1.28716	0
10050	3.42849	0.76366	0
10060	3.63151	0.567528	0
10070	3.80512	0.341838	0
10080	3.51054	0.071436	0
10090	3.82128	-0.148144	0
10100	3.9762	-0.542623	0
10110	4.01043	-0.716773	0
10120	4.44876	-0.784446	0
10130	4.55305	-1.0216	0
10140	4.66594	-1.3931	0
10150	4.80637	-1.77076	0
10160	5.14672	-2.24004	0
10170	5.64997	-2.6461	0
10180	6.40012	-3.22124	0
10190	7.10713	-3.65035	0
10200	8.37212	-4.04218	0
10210	9.40101	-4.34189	0
10220	10.8914	-4.49397	0
10230	12.0947	-4.58175	0
10240	13.7633	-4.17752	0
10250	15.3732	-3.6446	0
10260	16.5357	-2.99676	0
10270	17.8152	-1.97305	0
10280	18.485	-0.924258	0
10290	18.3621	0.214738	0
10300	18.1186	1.61006	0
10310	16.8373	2.95465	0
10320	-1.39855	4.08804	0
10330	-1.58782	4.99038	0
10340	-2.30845	5.49707	0
10350	-2.72377	5.92472	0
10360	-3.05947	5.90645	0
10370	-3.75864	5.50202	0
10380	-4.24484	5.04451	0
10390	-4.75773	4.39756	0
10400	-5.47942	3.38674	0
10410	-6.67435	2.39628	0
10420	-8.59672	1.25007	0
10430	-9.36046	-0.00389036	0
10440	-9.99992	-0.997343	0
10450	-9.90794	-2.0852	0
10460	-9.43477	-2.94409	0
10470	-8.70035	-3.79065	0
10480	-7.59194	-4.59684	0
10490	-7.42809	-6.76623	0
10500	-6.64593	-7.23977	0
10510	-5.08905	-7.03824	0
10520	-2.58452	-6.39305	0
10530	0.142444	-5.20403	0
10540	3.35198	-3.94804	0
10550	6.71857	-2.35083	0
10560	9.12357	-0.753152	0
10570	12.4628	1.21448	0
10580	13.9054	2.771	0
10590	17.1085	4.52012	0
10600	18.8787	5.92564	0
10610	3.97982	6.70641	0
10620	4.40959	7.3178	0
10630	4.42463	7.27974	0
10640	2.19465	7.07255	0
10650	-0.376854	6.38622	0
10660	-0.288667	5.67109	0
10670	-0.193134	4.46038	0
10680	-0.0475357	3.42906	0
10690	0.0024747	2.28459	0
10700	0.169783	0.712079	0
10710	0.306805	-0.247603	0
10720	0.529454	-1.24022	0
10730	0.61713	-2.28491	0
10740	0.506482	-2.94583	0
10750	-1.55812	-3.3388	0
10760	-3.82578	-3.48047	0
10770	-5.15357	-3.52492	0
10780	-6.79989	-3.14196	0
10790	-7.53722	-2.77197	0
10800	-7.47785	-1.78174	0
10810	-7.75082	-1.05816	0
10820	-7.23999	-0.660207	0
10830	-7.07197	-0.179481	0
10840	-6.42028	0.026758	0
10850	-5.72274	0.33757	0
10860	-4.96259	0.360519	0
10870	-5.88134	0.819541	0
10880	-4.53645	0.598904	0
10890	-3.21479	0.953389	0
10900	-1.97005	0.91009	0
10910	-0.978074	0.796878	0
10920	-0.0233394	0.727494	0
10930	0.814438	0.473025	0
10940	1.61027	-0.146833	0
10950	2.1611	-0.587912	0
10960	2.12191	-1.05775	0
10970	3.10122	-1.64701	0
10980	3.64309	-2.38905	0
10990	4.27309	-2.91474	0
11000	4.89338	-3.19931	0
11010	5.63617	-3.30863	0
11020	5.19487	-3.1931	0
11030	6.74966	-3.02434	0
11040	8.16251	-2.03255	0
11050	7.47738	-1.41783	0
11060	8.84721	-0.18771	0
11070	9.83764	0.734931	0
11080	9.26365	1.21608	0
11090	9.93909	1.92356	0
11100	8.61386	1.73112	0
11110	0.486961	1.84191	0
11120	0.188072	2.0158	0
11130	0.0932711	1.51108	0
11140	-0.0395921	1.15857	0
11150	-0.170605	0.7038	0
11160	-0.243448	0.211454	0
11170	-0.482018	-0.216853	0
11180	-0.615252	-0.784425	0
11190	-0.666976	-1.0533	0
11200	-0.785667	-1.57083	0
11210	-0.882354	-2.04162	0
11220	-1.04216	-2.17824	0
11230	-1.08647	-2.38388	0
11240	-1.23629	-2.13541	0
11250	-1.26545	-2.24293	0
11260	-1.47995	-2.14376	0
11270	-1.53202	-1.79377	0
11280	-1.59437	-1.29777	0
11290	-1.71104	-0.762387	0
11300	-1.81571	-0.00152327	0
11310	-1.78677	0.508574	0
11320	-1.83119	1.23331	0
11330	-1.74009	2.00319	0
11340	-1.63199	2.69148	0
11350	-1.63019	2.73384	0
11360	-1.41529	3.29314	0
11370	-1.5042	3.51062	0
11380	-1.35033	3.63872	0
11390	-1.1311	3.20085	0
11400	-0.878592	2.7941	0
11410	-0.682771	2.41568	0
11420	-0.331502	1.53551	0
11430	-0.0741596	0.388983	0
11440	0.25738	-0.593979	0
11450	0.655887	-1.81337	0
11460	0.954473	-2.72699	0
11470	1.14683	-3.87376	0
11480	1.5015	-4.31888	0
11490	1.64279	-4.48923	0
11500	1.81295	-4.80413	0
11510	1.98838	-4.49131	0
11520	2.07476	-4.16423	0
11530	2.09784	-3.33169	0
11540	2.17539	-2.25192	0
11550	2.08633	-1.36883	0
11560	2.10756	-0.233965	0
11570	2.03162	0.386916	0
11580	2.03128	1.52081	0
11590	1.91459	2.05279	0
11600	1.86368	2.55742	0
11610	1.69953	3.05855	0
11620	1.63426	3.38795	0
11630	1.57275	3.10894	0
11640	1.36473	2.98686	0
11650	1.22362	2.4994	0
11660	1.04764	1.8383	0
11670	0.922715	0.943335	0
11680	0.70756	0.37254	0
11690	0.538908	-0.704066	0
11700	0.445214	-1.97035	0
11710	0.213302	-2.17395	0
11720	0.0926141	-2.49207	0
11730	-0.0165535	-2.64598	0
11740	0.00900789	-2.28811	0
11750	0.0877457	-2.32644	0
11760	0.225534	-2.10654	0
11770	0.243263	-1.49974	0
11780	0.390672	-1.17221	0
11790	0.472892	-0.53293	0
11800	-1.04481	-0.0274673	0
11810	-1.55653	0.506495	0
11820	-1.01829	0.993011	0
11830	-0.248845	1.4898	0
11840	0.425825	2.0764	0
11850	1.01209	2.32098	0
11860	1.34434	2.40553	0
11870	1.28139	2.69592	0
11880	1.2718	2.70804	0
11890	1.30886	2.64713	0
11900	1.19721	2.05599	0
11910	1.05457	1.61748	0
11920	0.929991	0.824747	0
11930	0.714873	0.239275	0
11940	0.383176	-0.627776	0
11950	0.102124	-1.51256	0
11960	-0.225953	-2.11621	0
11970	-0.622619	-2.51661	0
11980	-1.06532	-2.87573	0
11990	-1.34922	-3.13866	0
12000	-1.66906	-3.14502	0
12010	-1.7911	-3.06442	0
12020	-1.99345	-2.62788	0
12030	-2.10595	-2.28234	0
12040	-2.06254	-1.59653	0
12050	-1.88414	-0.946938	0
12060	-1.63694	-0.130033	0
12070	-1.24521	0.896464	0
12080	-1.06847	1.65739	0
12090	-0.699518	2.05761	0
12100	-0.517049	2.76876	0
12110	-0.189152	3.61368	0
12120	0.158908	4.16112	0
12130	0.509471	4.38943	0
12140	0.931404	4.59571	0
12150	1.2627	4.75455	0
12160	1.60578	4.89598	0
12170	1.99758	4.75237	0
12180	2.2779	4.40404	0
12190	2.59006	4.01143	0
12200	2.80256	3.61579	0
12210	3.08394	2.85369	0
12220	3.14166	2.35903	0
12230	3.213	1.82775	0
12240	3.21263	1.37337	0
12250	3.17844	0.966903	0
12260	2.98698	0.649047	0
12270	2.43244	-0.120013	0
12280	1.36292	-0.583266	0
12290	1.06608	-1.25267	0
12300	0.953658	-2.045	0
12310	0.803943	-2.49268	0
12320	0.674362	-2.75566	0
12330	0.432617	-2.85494	0
12340	0.0608232	-2.92268	0
12350	-0.345038	-2.97122	0
12360	-0.756223	-2.73798	0
12370	-0.856888	-2.57156	0
12380	-0.965305	-2.3377	0
12390	-1.11849	-1.91203	0
12400	-1.1566	-1.58293	0
12410	-1.25972	-1.23191	0
12420	-1.34965	-0.709927	0
12430	-1.39755	-0.0488643	0
12440	-1.34138	0.475945	0
12450	-1.42282	0.821681	0
12460	-1.63096	1.49377	0
12470	-1.81074	1.53806	0
12480	-2.01711	1.9477	0
12490	-2.33132	2.19834	0
12500	-2.54271	2.07603	0
12510	-2.89421	2.18791	0
12520	-1.57971	2.24126	0
12530	-0.737562	1.87278	0
12540	-0.486399	1.682	0
12550	-0.332459	1.33655	0
12560	-0.181552	0.936208	0
12570	-0.00233126	0.480936	0
12580	0.0725093	0.0526799	0
12590	0.167203	-0.624784	0
12600	0.308962	-1.13555	0
12610	0.324502	-1.72378	0
12620	0.40414	-2.19627	0
12630	0.354412	-2.4161	0
12640	0.305006	-2.8773	0
12650	0.316794	-2.97917	0
12660	0.284218	-2.9943	0
12670	0.160298	-2.82055	0
12680	0.100503	-2.71635	0
12690	0.121165	-2.70543	0
12700	0.0823163	-2.19506	0
12710	0.0346582	-1.81534	0
12720	0.0308556	-1.52365	0
12730	0.052155	-1.12566	0
12740	0.0361653	-0.676604	0
12750	0.0604276	-0.36422	0
12760	0.0437192	-0.0158588	0
12770	0.0911913	0.24372	0
12780	0.0836786	0.454225	0
12790	0.102566	0.587604	0
12800	0.119592	0.545231	0
12810	0.177868	0.567634	0
12820	0.238041	0.483411	0
12830	0.283354	0.0710046	0
12840	0.356374	-0.224245	0
12850	0.347109	-0.461121	0
12860	0.441041	-0.49699	0
12870	0.487965	-0.731866	0
12880	0.246515	-0.816571	0
12890	0.285451	-0.714349	0
12900	0.308364	-0.467191	0
12910	0.408385	-0.207615	0
12920	0.569141	0.126599	0
12930	2.64515	0.0549543	0
12940	3.01906	0.416642	0
12950	3.06783	0.938262	0
12960	3.05961	1.2271	0
12970	3.0101	1.62216	0
12980	2.91626	1.69065	0
12990	2.73165	1.37555	0
13000	2.44182	0.905525	0
13010	2.10579	0.16338	0
13020	1.12044	-0.822271	0
13030	0.49004	-1.6854	0
13040	0.0646909	-2.68309	0
13050	-0.499037	-3.51197	0
13060	-0.643614	-4.25117	0
13070	-0.934448	-4.73074	0
13080	-1.12449	-4.7191	0
13090	-1.16476	-4.27209	0
13100	-1.23202	-3.35909	0
13110	-1.12455	-2.45409	0
13120	-1.03623	-1.5095	0
13130	-0.809691	0.00801526	0
13140	-0.59995	1.44386	0
13150	-0.318088	3.01146	0
13160	0.0428326	4.53829	0
13170	0.305788	5.73372	0
13180	0.605191	6.84459	0
13190	0.899196	7.48057	0
13200	1.10431	7.58509	0
13210	1.14996	7.36833	0
13220	1.0156	6.98064	0
13230	0.950083	5.70606	0
13240	0.969901	4.55889	0
13250	0.89742	3.11907	0
13260	0.83252	1.4971	0
13270	0.769168	-0.138866	0
13280	0.682487	-1.66333	0
13290	0.620213	-3.02994	0
13300	0.51593	-3.99084	0
13310	0.458045	-4.58212	0
13320	0.29692	-4.77333	0
13330	0.150152	-4.51855	0
13340	0.00538394	-3.85558	0
13350	-0.123116	-3.1282	0
13360	-0.227101	-2.13742	0
13370	-0.316316	-1.34826	0
13380	-0.335222	-0.418112	0
13390	-0.293623	0.383248	0
13400	-0.221974	0.972245	0
13410	-0.0571509	1.46655	0
13420	0.0799047	1.78666	0
13430	0.256937	1.94569	0
13440	0.403482	2.09955	0
13450	0.518459	1.88675	0
13460	0.698686	1.7672	0
13470	0.796678	1.56183	0
13480	0.867696	1.16289	0
13490	0.948709	0.827379	0
13500	0.843666	0.525202	0
13510	0.799956	0.127072	0
13520	0.741834	-0.109666	0
13530	0.515315	-0.322922	0
13540	0.209375	-0.485499	0
13550	0.0220643	-0.668704	0
13560	-0.142116	-0.699295	0
13570	-0.0295329	-0.613931	0
13580	0.0567417	-0.725994	0
13590	0.0966182	-0.58735	0
13600	-0.00428734	-0.520074	0
13610	-0.0994857	-0.32096	0
13620	-0.237901	0.0228904	0
13630	-0.0310964	0.0945522	0
13640	-0.0967389	0.247882	0
13650	-0.321289	0.290683	0
13660	-0.602795	0.439398	0
13670	-0.815475	0.328136	0
13680	-1.03292	0.224975	0
13690	-1.17988	0.38849	0
13700	-1.31659	0.160233	0
13710	-0.547804	0.0749361	0
13720	-0.580791	-0.0312812	0
13730	-0.653652	-0.354897	0
13740	-0.687956	-0.692437	0
13750	-0.692818	-0.839453	0
13760	-0.741865	-1.1206	0
13770	-0.748179	-1.32533	0
13780	-0.593969	-1.05823	0
13790	-0.356972	-1.35281	0
13800	-0.303186	-1.61251	0
13810	-0.334988	-1.6436	0
13820	-0.268982	-1.67342	0
13830	-0.190712	-1.74096	0
13840	-0.115488	-1.52105	0
13850	-0.0459898	-1.31698	0
13860	-0.0945919	-0.983891	0
13870	-0.0192476	-0.775248	0
13880	0.0298934	-0.379314	0
13890	0.088734	-0.0565977	0
13900	0.200874	0.40028	0
13910	0.268605	0.706299	0
13920	-0.0949589	1.06469	0
13930	-0.0235873	1.28447	0
13940	0.521969	1.55798	0
13950	0.147591	1.66159	0
13960	0.284361	1.84199	0
13970	0.399105	1.79326	0
13980	0.576889	1.8004	0
13990	0.693793	1.59226	0
14000	0.877885	1.40393	0
14010	0.984223	1.02459	0
14020	1.00253	0.819334	0
14030	1.09508	0.270124	0
14040	1.14909	0.0115248	0
14050	1.22604	-0.398115	0
14060	1.27125	-0.656033	0
14070	1.26654	-0.804078	0
14080	1.28376	-1.21407	0
14090	1.25723	-1.13326	0
14100	1.14652	-1.38033	0
14110	1.19018	-1.30564	0
14120	1.16552	-1.29258	0
14130	1.11791	-1.08535	0
14140	1.10038	-1.05118	0
14150	1.06262	-0.912019	0
14160	1.05391	-0.614533	0
14170	1.05327	-0.477435	0
14180	1.08128	-0.332444	0
14190	1.06287	-0.139742	0
14200	1.06373	-0.0471933	0
14210	1.37976	0.256308	0
14220	1.52413	0.400136	0
14230	1.49798	0.446729	0
14240	1.39726	0.564808	0
14250	1.33167	0.52457	0
14260	1.22591	0.591527	0
14270	1.1428	0.544948	0
14280	1.06408	0.458926	0
14290	0.978692	0.375765	0
14300	0.896242	0.209077	0
14310	0.771424	0.112379	0
14320	0.698133	-0.00768088	0
14330	0.677584	-0.127293	0
14340	0.589588	-0.280435	0
14350	0.499387	-0.482919	0
14360	0.465354	-0.597019	0
14370	0.497362	-0.708987	0
14380	0.504896	-0.825425	0
14390	0.467911	-0.829257	0
14400	0.424145	-0.918569	0
14410	0.402468	-1.01257	0
14420	0.343364	-1.04341	0
14430	0.295229	-1.11697	0
14440	0.347017	-1.09157	0
14450	0.217986	-1.21684	0
14460	0.217139	-1.19996	0
14470	0.208043	-1.14825	0
14480	0.213868	-1.19314	0
14490	0.31748	-1.1294	0
14500	0.452421	-1.01601	0
14510	0.508565	-1.02858	0
14520	0.506431	-0.949485	0
14530	0.514905	-0.822985	0
14540	1.49635	-0.762833	0
14550	1.50169	-0.619222	0
14560	1.46783	-0.550019	0
14570	1.42866	-0.3424	0
14580	1.38924	-0.169205	0
14590	1.25562	-0.0649507	0
14600	1.18114	0.208827	0
14610	1.3359	0.229771	0
14620	1.21251	0.379938	0
14630	1.21009	0.47522	0
14640	1.09326	0.379403	0
14650	1.09631	0.428367	0
14660	0.926695	0.327026	0
14670	0.83236	0.123918	0
14680	0.720704	0.0352263	0
14690	0.62955	-0.0587496	0
14700	0.452889	-0.206911	0
14710	0.321646	-0.240885	0
14720	0.127845	-0.229565	0
14730	-0.112658	-0.328808	0
14740	-0.0958585	-0.259033	0
14750	-0.193043	-0.182649	0
14760	-0.2968	-0.075314	0
14770	-0.26803	0.0862819	0
14780	-0.255865	0.0984342	0
14790	-0.199864	0.18532	0
14800	-0.0763268	0.215936	0
14810	-0.111799	0.205041	0
14820	0.190174	0.166518	0
14830	0.28882	0.00392143	0
14840	0.691498	-0.127925	0
14850	0.924232	-0.380695	0
14860	1.15111	-0.654815	0
14870	1.62586	-0.850785	0
14880	1.82085	-0.796115	0
14890	1.97061	-0.886522	0
14900	2.02903	-0.873588	0
14910	2.11301	-0.925988	0
14920	2.08703	-1.03591	0
14930	2.28861	-0.960947	0
14940	2.11459	-0.927284	0
14950	1.92115	-0.837697	0
14960	1.67156	-0.686213	0
14970	1.61319	-0.533367	0
14980	1.22584	-0.353845	0
14990	0.865772	-0.233994	0
15000	0.60557	-0.244187	0
15010	0.239662	-0.156214	0
15020	-0.100003	-0.090764	0
15030	-0.489347	-0.0636961	0
15040	-0.785425	-0.103593	0
15050	-1.05706	0.0303907	0
15060	-1.59937	-0.00919275	0
15070	-3.12064	0.203166	0
15080	-4.05533	0.317976	0
15090	-3.97922	0.488444	0
15100	-3.54847	0.625621	0
15110	-3.05059	0.755432	0
15120	-2.37346	0.994943	0
15130	-1.66086	1.08136	0
15140	-0.944426	1.09937	0
15150	-0.177613	1.21802	0
15160	0.500004	1.11852	0
15170	1.13484	1.00949	0
15180	1.57954	0.898493	0
15190	2.05369	0.670515	0
15200	2.22123	0.358207	0
15210	2.48854	0.0497457	0
15220	2.48361	-0.333751	0
15230	2.31996	-0.591069	0
15240	2.27135	-0.906197	0
15250	2.05625	-1.16231	0
15260	-0.368988	-1.40791	0
15270	-0.525838	-1.54183	0
15280	-0.675618	-1.6094	0
15290	-0.765692	-1.51695	0
15300	-0.91497	-1.36656	0
15310	-1.02643	-1.09692	0
15320	-1.1373	-0.747073	0
15330	-1.20099	-0.311785	0
15340	-1.21207	0.153652	0
15350	-1.1413	0.669497	0
15360	-1.09515	1.18742	0
15370	-0.999888	1.69441	0
15380	-0.974635	2.13907	0
15390	-0.936472	2.43535	0
15400	-0.926286	2.54855	0
15410	-0.841972	2.61172	0
15420	-0.789662	2.59264	0
15430	-0.675667	2.40919	0
15440	-0.563052	2.21502	0
15450	-0.405108	1.88562	0
15460	-0.218898	1.48439	0
15470	-0.0256095	1.0585	0
15480	-0.713364	0.605558	0
15490	-1.30162	0.0948332	0
15500	0.00488527	-0.457775	0
15510	0.60503	-0.954851	0
15520	1.11371	-1.3088	0
15530	1.58514	-1.64474	0
15540	1.9757	-1.82281	0
15550	2.29386	-1.75323	0
15560	2.43195	-1.55891	0
15570	2.40353	-1.17879	0
15580	2.20772	-0.603066	0
15590	1.8838	0.011021	0
15600	1.51805	0.607939	0
15610	1.13824	1.12977	0
15620	0.774882	1.67898	0
15630	0.41528	2.07635	0
15640	0.0912631	2.41344	0
15650	-0.237405	2.54533	0
15660	-0.471076	2.52131	0
15670	-0.711602	2.335	0
15680	-0.906782	1.97655	0
15690	-1.04405	1.4609	0
15700	-1.1116	0.919383	0
15710	-1.12451	0.232412	0
15720	0.0700221	-0.484115	0
15730	0.360101	-1.00483	0
15740	0.390903	-1.40786	0
15750	0.437684	-1.62634	0
15760	0.476365	-1.68298	0
15770	0.469675	-1.61453	0
15780	0.439541	-1.32708	0
15790	0.348389	-1.08262	0
15800	0.277994	-0.74809	0
15810	0.175465	-0.621839	0
15820	0.0441489	-0.389614	0
15830	0.010696	-0.165573	0
15840	0.339121	-0.00633875	0
15850	0.569872	0.0665471	0
15860	0.896874	0.237945	0
15870	1.08867	0.241593	0
15880	1.19472	0.352961	0
15890	1.27939	0.3584	0
15900	1.16819	0.37974	0
15910	1.132	0.311051	0
15920	0.932376	0.338364	0
15930	0.707945	0.256142	0
15940	0.400459	0.242384	0
15950	0.362757	0.48784	0
15960	-0.130075	0.684788	0
15970	-0.523858	0.8713	0
15980	-0.905558	0.997302	0
15990	-1.31928	1.19245	0
16000	-1.60777	1.29116	0
16010	-1.88005	1.24212	0
16020	-2.13097	1.13799	0
16030	-2.20863	0.847044	0
16040	-1.29578	0.501504	0
16050	0.15674	0.0931268	0
16060	0.12149	-0.349941	0
16070	0.0366255	-0.914441	0
16080	-0.623349	-1.32191	0
16090	-1.43568	-1.71794	0
16100	-2.07798	-2.01857	0
16110	-2.75975	-2.20748	0
16120	-3.14651	-2.27743	0
16130	-3.46504	-2.382	0
16140	-3.53486	-2.2146	0
16150	-3.36904	-2.03682	0
16160	-3.02311	-1.68404	0
16170	-2.47999	-1.32234	0
16180	-1.80096	-1.00007	0
16190	-0.908129	-0.571012	0
16200	-0.0837052	-0.177172	0
16210	0.826104	0.228932	0
16220	1.70713	0.522948	0
16230	2.59789	0.91339	0
16240	3.28366	1.14428	0
16250	4.01812	1.33451	0
16260	-1.46768	1.53623	0
16270	-1.46328	1.47652	0
16280	-1.47506	1.49737	0
16290	-1.43601	1.44818	0
16300	-1.38492	1.37364	0
16310	-1.36243	1.292	0
16320	-1.29874	1.23056	0
16330	-1.22593	1.02058	0
16340	-1.12777	0.797183	0
16350	-0.972944	0.617339	0
16360	-0.873681	0.370394	0
16370	-0.69222	0.198868	0
16380	-0.49928	0.0271276	0
16390	-0.288216	-0.0792228	0
16400	-0.106721	-0.204913	0
16410	0.139439	-0.263569	0
16420	0.333004	-0.324627	0
16430	0.58115	-0.31654	0
16440	0.817044	-0.447069	0
16450	1.08922	-0.394476	0
16460	1.33455	-0.340624	0
16470	1.53689	-0.252227	0
16480	1.68806	-0.275125	0
16490	1.82596	-0.180113	0
16500	1.97022	-0.189285	0
16510	2.1106	-0.136359	0
16520	2.20789	-0.18766	0
16530	2.23347	-0.172192	0
16540	2.22515	-0.240269	0
16550	2.10225	-0.369093	0
16560	1.98988	-0.424694	0
16570	1.80932	-0.551076	0
16580	1.57983	-0.69593	0
16590	1.30351	-0.80257	0
16600	1.00613	-0.88868	0
16610	0.672436	-0.966388	0
16620	0.333704	-1.00681	0
16630	0.0362307	-0.92459	0
16640	-0.244982	-0.888412	0
16650	-0.20257	-0.714683	0
16660	-0.430264	-0.549992	0
16670	-0.679489	-0.324483	0
16680	-0.920027	-0.068285	0
16690	-1.17476	0.214112	0
16700	-1.38827	0.49732	0
16710	-1.57997	0.789538	0
16720	-1.736	1.0492	0
16730	-1.86735	1.15844	0
16740	-1.96861	1.25375	0
16750	-2.07697	1.27739	0
16760	-2.10871	1.31329	0
16770	-2.10893	1.2905	0
16780	-2.10774	1.22249	0
16790	-2.08171	1.11711	0
16800	-1.9949	0.932445	0
16810	-1.8867	0.822536	0
16820	-1.76272	0.52521	0
16830	-1.62671	0.321074	0
16840	-1.47972	0.0548738	0
16850	-1.31237	-0.130863	0
16860	-1.14664	-0.27869	0
16870	-0.994197	-0.4222	0
16880	-0.787413	-0.507953	0
16890	-0.609469	-0.556652	0
16900	-0.41693	-0.545188	0
16910	-0.222157	-0.571763	0
16920	0.0150117	-0.534754	0
16930	0.161127	-0.53129	0
16940	0.361148	-0.383279	0
16950	0.520887	-0.344806	0
16960	0.738813	-0.188138	0
16970	0.845938	-0.118376	0
16980	0.976649	0.0271052	0
16990	1.08179	0.0668157	0
17000	1.20913	0.0517056	0
17010	1.40762	0.128112	0
17020	1.36395	0.0805518	0
17030	1.37207	0.090219	0
17040	1.45513	-0.0234499	0
17050	1.43944	-0.135188	0
17060	1.46957	-0.144308	0
17070	1.42158	-0.327145	0
17080	1.37336	-0.454203	0
17090	1.37847	-0.578299	0
17100	1.27142	-0.675186	0
17110	1.21318	-0.790905	0
17120	1.17571	-0.746891	0
17130	1.09253	-0.809256	0
17140	1.03329	-0.830976	0
17150	0.95946	-0.791373	0
17160	0.935495	-0.690242	0
17170	0.832565	-0.58296	0
17180	0.750308	-0.467275	0
17190	0.734445	-0.261484	0
17200	0.661862	-0.0682928	0
17210	0.610878	0.113146	0
17220	0.553226	0.349495	0
17230	0.482824	0.455567	0
17240	0.446964	0.607521	0
17250	0.440217	0.755477	0
17260	0.41638	0.848658	0
17270	0.454059	0.956325	0
17280	0.414212	1.0626	0
17290	0.383714	1.16451	0
17300	0.33877	1.29676	0
17310	0.270563	1.28332	0
17320	0.138198	1.2585	0
17330	0.0223262	1.34927	0
17340	-0.144694	1.37754	0
17350	-0.274895	1.40125	0
17360	-0.404498	1.34606	0
17370	-0.492499	1.31	0
17380	-0.609217	1.28214	0
17390	-0.687455	1.1671	0
17400	-0.793799	1.06103	0
17410	-0.830083	0.966683	0
17420	-0.874015	0.814451	0
17430	-0.554713	0.619174	0
17440	-0.584511	0.391022	0
17450	-0.629243	0.124108	0
17460	-0.686037	-0.141724	0
17470	-0.726061	-0.401017	0
17480	-0.786281	-0.670632	0
17490	-0.856981	-0.918764	0
17500	-0.878873	-1.08626	0
17510	-0.918718	-1.31437	0
17520	-0.913334	-1.47244	0
17530	-0.892624	-1.54951	0
17540	-0.844041	-1.58308	0
17550	-0.800399	-1.52439	0
17560	-0.710853	-1.43539	0
17570	-0.621258	-1.28409	0
17580	-0.524899	-1.08273	0
17590	-0.402415	-0.850111	0
17600	-0.273708	-0.580219	0
17610	-0.144516	-0.274983	0
17620	-0.00668155	0.000806271	0
17630	0.129255	0.269641	0
17640	0.251077	0.515782	0
17650	0.378283	0.709779	0
17660	0.494466	0.836229	0
17670	0.599152	0.868815	0
17680	0.690804	0.856992	0
17690	0.744373	0.737899	0
17700	0.800855	0.581893	0
17710	0.83924	0.348299	0
17720	0.864006	0.101553	0
17730	0.872774	-0.157629	0
17740	0.87137	-0.418163	0
17750	0.861121	-0.634906	0
17760	0.860433	-0.796448	0
17770	0.836616	-0.932887	0
17780	0.824586	-0.99497	0
17790	0.78424	-0.983881	0
17800	0.778103	-0.977473	0
17810	0.773018	-0.903478	0
17820	0.774829	-0.748898	0
17830	0.782555	-0.585644	0
17840	0.78687	-0.351528	0
17850	0.77365	-0.114515	0
17860	0.762648	0.0976598	0
17870	0.711047	0.253377	0
17880	0.684261	0.385451	0
17890	0.538262	0.514944	0
17900	0.491054	0.611496	0
17910	0.37596	0.606529	0
17920	0.263046	0.550344	0
17930	0.180881	0.434366	0
17940	0.0857314	0.237884	0
17950	0.0460721	0.0483748	0
17960	0.00367352	-0.181794	0
17970	-0.028906	-0.381795	0
17980	-0.0324014	-0.623109	0
17990	-0.0224846	-0.875454	0
18000	-0.213562	-1.01688	0
