0	0	0	0
10	-2.88907e-08	0.19783	0
20	-2.97345e-05	0.183114	0
30	-8.57247e-05	0.160108	0
40	-0.000103256	0.130548	0
50	-0.000100455	0.0966381	0
60	-9.92617e-05	0.0608654	0
70	-0.000106299	0.0257924	0
80	-0.000118286	-0.00615748	0
90	-0.000131738	-0.0328967	0
100	-0.000145984	-0.0528397	0
110	-0.000158809	-0.0650217	0
120	-0.000167586	-0.0691626	0
130	-0.000171026	-0.0656693	0
140	-0.000173706	-0.0555796	0
150	-0.000178521	-0.0404524	0
160	-0.000185754	-0.022216	0
170	-0.000168322	-0.0029897	0
180	-0.000137797	0.0151068	0
190	-0.000137005	0.030136	0
200	-0.000196177	0.0405029	0
210	-0.00033561	0.0450802	0
220	-0.000561884	0.043286	0
230	-0.000846731	0.035111	0
240	-0.00119725	0.0210953	0
250	-0.00162724	0.0022573	0
260	-0.00217284	-0.0200166	0
270	-0.00271273	-0.0441065	0
280	-0.00323553	-0.0683024	0
290	-0.00374245	-0.0909477	0
300	-0.0041577	-0.110563	0
310	-0.00443375	-0.125969	0
320	-0.00470707	-0.136355	0
330	-0.00493898	-0.141269	0
340	-0.00508863	-0.140584	0
350	-0.00520511	-0.133999	0
360	-0.00504866	-0.121711	0
370	-0.0035581	-0.104071	0
380	-0.00225633	-0.0781459	0
390	-0.00140616	-0.0448299	0
400	-0.00125471	-0.0104795	0
410	-0.00145181	0.0227666	0
420	-0.000858834	0.0535491	0
430	-7.30596e-05	0.0817456	0
440	0.000296602	0.102458	0
450	-0.000223416	0.119997	0
460	-0.00106454	0.135469	0
470	-0.00223469	0.149426	0
480	-0.00367793	0.162342	0
490	-0.00543042	0.174497	0
500	-0.00760177	0.185896	0
510	-0.010157	0.196289	0
520	-0.0130455	0.205137	0
530	-0.0162516	0.211641	0
540	-0.0196737	0.214827	0
550	-0.0232231	0.213657	0
560	-0.0268234	0.207246	0
570	-0.0303356	0.195137	0
580	-0.0336162	0.177287	0
590	-0.0365079	0.154072	0
600	-0.0388525	0.126319	0
610	-0.0404923	0.0952941	0
620	-0.0412626	0.0626427	0
630	-0.040985	0.030282	0
640	-0.0396213	0.000254099	0
650	-0.0371948	-0.0254543	0
660	-0.0336476	-0.0451073	0
670	-0.0288913	-0.0574154	0
680	-0.0229227	-0.0617081	0
690	-0.0151919	-0.0580732	0
700	-0.00570671	-0.0474518	0
710	0.00527604	-0.0317045	0
720	0.0173567	-0.0136324	0
730	0.0300565	0.00246625	0
740	0.0446037	0.0124465	0
750	0.0624103	0.0129555	0
760	0.0843136	0.000302745	0
770	0.110167	-0.0295077	0
780	0.139476	-0.080492	0
790	0.170886	-0.161524	0
800	0.201409	-0.265928	0
810	0.227519	-0.377814	0
820	0.246681	-0.489809	0
830	0.25696	-0.596741	0
840	0.256765	-0.693131	0
850	0.244962	-0.773453	0
860	0.221003	-0.83245	0
870	0.185006	-0.865414	0
880	0.137806	-0.868518	0
890	0.080926	-0.839166	0
900	0.0164624	-0.776276	0
910	-0.0528362	-0.680573	0
920	-0.123845	-0.554786	0
930	-0.19311	-0.403728	0
940	-0.257195	-0.234215	0
950	-0.312853	-0.054807	0
960	-0.357152	0.124613	0
970	-0.387769	0.293424	0
980	-0.402792	0.440972	0
990	-0.401372	0.557322	0
1000	-0.38347	0.633016	0
1010	-0.349796	0.662044	0
1020	-0.302031	0.640557	0
1030	-0.242481	0.557057	0
1040	-0.174132	0.427372	0
1050	-0.100339	0.261637	0
1060	-0.0246722	0.0706057	0
1070	0.0492697	-0.132707	0
1080	0.118003	-0.333827	0
1090	0.178484	-0.517764	0
1100	0.228204	-0.670042	0
1110	0.265398	-0.778141	0
1120	0.288621	-0.84881	0
1130	0.292713	-0.89029	0
1140	0.281389	-0.848472	0
1150	0.259717	-0.722663	0
1160	0.229457	-0.519508	0
1170	0.193206	-0.252579	0
1180	0.151496	0.0574167	0
1190	0.106218	0.392671	0
1200	0.059844	0.731705	0
1210	0.0146594	1.05407	0
1220	-0.0275377	1.33888	0
1230	-0.0642854	1.56684	0
1240	-0.0939237	1.72407	0
1250	-0.114433	1.80132	0
1260	-0.12963	1.79105	0
1270	-0.136843	1.69131	0
1280	-0.136255	1.50834	0
1290	-0.128324	1.25332	0
1300	-0.114389	0.942198	0
1310	-0.0953833	0.594523	0
1320	-0.0726775	0.231116	0
1330	-0.0474408	-0.126179	0
1340	-0.0211434	-0.456507	0
1350	0.00440425	-0.741677	0
1360	0.0286185	-0.964579	0
1370	0.0500953	-1.11752	0
1380	0.0679548	-1.19566	0
1390	0.0810545	-1.19635	0
1400	0.0880056	-1.1211	0
1410	0.0895547	-0.991068	0
1420	0.0860117	-0.812288	0
1430	0.0775388	-0.598477	0
1440	0.0651048	-0.365396	0
1450	0.049746	-0.128441	0
1460	0.032432	0.0982615	0
1470	0.0141222	0.302689	0
1480	-0.00412907	0.475568	0
1490	-0.0213743	0.610739	0
1500	-0.0367674	0.705244	0
1510	-0.049581	0.759137	0
1520	-0.0592491	0.775066	0
1530	-0.0653836	0.757683	0
1540	-0.0677873	0.712938	0
1550	-0.0664491	0.647386	0
1560	-0.0615436	0.567517	0
1570	-0.0534237	0.479199	0
1580	-0.0425957	0.387268	0
1590	-0.0297192	0.295297	0
1600	-0.015542	0.20555	0
1610	-0.000841952	0.119111	0
1620	0.0135737	0.0361715	0
1630	0.0269353	-0.0435837	0
1640	0.0385401	-0.120548	0
1650	0.0478012	-0.194781	0
1660	0.05428	-0.265676	0
1670	0.0576969	-0.331746	0
1680	0.0579686	-0.390563	0
1690	0.0551789	-0.438862	0
1700	0.049595	-0.47281	0
1710	0.041643	-0.488398	0
1720	0.0318796	-0.481941	0
1730	0.0209403	-0.4506	0
1740	0.00954182	-0.392887	0
1750	-0.00158709	-0.309082	0
1760	-0.0117662	-0.201495	0
1770	-0.0203824	-0.0745598	0
1780	-0.0269352	0.0652761	0
1790	-0.0310563	0.209887	0
1800	-0.0325488	0.350068	0
1810	-0.0313876	0.476178	0
1820	-0.0277274	0.578763	0
1830	-0.0218714	0.64928	0
1840	-0.0142606	0.680848	0
1850	-0.00543893	0.668875	0
1860	0.00411058	0.611526	0
1870	0.013703	0.510023	0
1880	0.0226107	0.3687	0
1890	0.0303279	0.194819	0
1900	0.036416	-0.00186658	0
1910	0.040447	-0.20975	0
1920	0.0420789	-0.416189	0
1930	0.0411206	-0.608434	0
1940	0.037511	-0.774575	0
1950	0.0313189	-0.90444	0
1960	0.0227441	-0.990352	0
1970	0.0121143	-1.0277	0
1980	-0.000117763	-1.01527	0
1990	-0.0134531	-0.955251	0
2000	-0.0273528	-0.853075	0
2010	-0.0412352	-0.716885	0
2020	-0.0545264	-0.556857	0
2030	-0.0666723	-0.384361	0
2040	-0.0771677	-0.211035	0
2050	-0.085577	-0.0478848	0
2060	-0.0915399	0.0955387	0
2070	-0.0947923	0.211799	0
2080	-0.0951462	0.296024	0
2090	-0.0925073	0.346121	0
2100	-0.0868662	0.36273	0
2110	-0.0782896	0.348945	0
2120	-0.0669119	0.309842	0
2130	-0.0529344	0.251845	0
2140	-0.0366143	0.182027	0
2150	-0.0182642	0.107394	0
2160	0.00176916	0.0342383	0
2170	0.0230631	-0.0323882	0
2180	0.0451588	-0.0890322	0
2190	0.0675598	-0.133993	0
2200	0.0896405	-0.167271	0
2210	0.110811	-0.190322	0
2220	0.130421	-0.205651	0
2230	0.147789	-0.216303	0
2240	0.162224	-0.225331	0
2250	0.173045	-0.235271	0
2260	0.179625	-0.247704	0
2270	0.181496	-0.262948	0
2280	0.177983	-0.279911	0
2290	0.168791	-0.29616	0
2300	0.153807	-0.308184	0
2310	0.133076	-0.31181	0
2320	0.106875	-0.302696	0
2330	0.0756926	-0.276973	0
2340	0.0402499	-0.231845	0
2350	0.00147969	-0.166117	0
2360	-0.0394802	-0.0806295	0
2370	-0.081315	0.0215184	0
2380	-0.12256	0.135008	0
2390	-0.161706	0.252575	0
2400	-0.197254	0.365513	0
2410	-0.227768	0.464392	0
2420	-0.251973	0.539885	0
2430	-0.268811	0.583661	0
2440	-0.277488	0.58925	0
2450	-0.277542	0.552805	0
2460	-0.268849	0.473674	0
2470	-0.251694	0.35471	0
2480	-0.226709	0.202283	0
2490	-0.194844	0.0259399	0
2500	-0.157309	-0.162218	0
2510	-0.11561	-0.348415	0
2520	-0.071378	-0.518271	0
2530	-0.0262833	-0.657949	0
2540	0.0180146	-0.755317	0
2550	0.0598682	-0.800983	0
2560	0.0980853	-0.789127	0
2570	0.131507	-0.718051	0
2580	0.159266	-0.590435	0
2590	0.180774	-0.413218	0
2600	0.195966	-0.197136	0
2610	0.204872	0.0440722	0
2620	0.207836	0.294702	0
2630	0.205435	0.538288	0
2640	0.198431	0.758823	0
2650	0.187733	0.941964	0
2660	0.174245	1.0761	0
2670	0.158895	1.15321	0
2680	0.142534	1.16941	0
2690	0.125908	1.12522	0
2700	0.109529	1.02541	0
2710	0.0937721	0.87852	0
2720	0.0788021	0.69607	0
2730	0.0646043	0.491591	0
2740	0.0510038	0.279482	0
2750	0.0377169	0.0738621	0
2760	0.0243887	-0.112525	0
2770	0.0106351	-0.269233	0
2780	-0.00386302	-0.388809	0
2790	-0.0193461	-0.467197	0
2800	-0.0359136	-0.503829	0
2810	-0.0535097	-0.501412	0
2820	-0.0718572	-0.46602	0
2830	-0.0902087	-0.403949	0
2840	-0.10862	-0.323975	0
2850	-0.126193	-0.235389	0
2860	-0.142017	-0.146769	0
2870	-0.155237	-0.0654345	0
2880	-0.165047	0.00315688	0
2890	-0.170842	0.0556628	0
2900	-0.17183	0.0909374	0
2910	-0.167624	0.109905	0
2920	-0.158075	0.115227	0
2930	-0.143249	0.110812	0
2940	-0.123481	0.101222	0
2950	-0.0993531	0.0910646	0
2960	-0.0716828	0.0844252	0
2970	-0.0415201	0.0843758	0
2980	-0.0100619	0.0926075	0
2990	0.0214341	0.109238	0
3000	0.0516753	0.132818	0
3010	0.0794339	0.160527	0
3020	0.103609	0.188545	0
3030	0.123286	0.212536	0
3040	0.137782	0.228216	0
3050	0.146674	0.231922	0
3060	0.149846	0.221135	0
3070	0.147448	0.194887	0
3080	0.139911	0.154038	0
3090	0.127878	0.101279	0
3100	0.112185	0.0409483	0
3110	0.0937852	-0.0213435	0
3120	0.0736979	-0.0792468	0
3130	0.0529314	-0.126317	0
3140	0.0324402	-0.156707	0
3150	0.0130683	-0.165827	0
3160	-0.00448998	-0.150932	0
3170	-0.01972	-0.11155	0
3180	-0.032292	-0.0496964	0
3190	-0.0420665	0.0301511	0
3200	-0.0490656	0.121317	0
3210	-0.0534607	0.215436	0
3220	-0.0555353	0.303153	0
3230	-0.0556488	0.374919	0
3240	-0.0542031	0.421852	0
3250	-0.0515784	0.436579	0
3260	-0.0481461	0.413975	0
3270	-0.044195	0.351732	0
3280	-0.0399506	0.250699	0
3290	-0.035549	0.114955	0
3300	-0.0310764	-0.0483943	0
3310	-0.0265465	-0.2297	0
3320	-0.021941	-0.41748	0
3330	-0.0172307	-0.599294	0
3340	-0.0123979	-0.762721	0
3350	-0.007439	-0.896361	0
3360	-0.00240595	-0.990744	0
3370	0.00257131	-1.03908	0
3380	0.00733079	-1.03781	0
3390	0.0116675	-0.986662	0
3400	0.0153207	-0.888724	0
3410	0.0180013	-0.750267	0
3420	0.0194411	-0.580265	0
3430	0.0193928	-0.389657	0
3440	0.0177941	-0.190471	0
3450	0.0145273	0.00513358	0
3460	0.00937375	0.185802	0
3470	0.00248528	0.341829	0
3480	-0.00585322	0.465858	0
3490	-0.0152632	0.553355	0
3500	-0.025253	0.602811	0
3510	-0.0352614	0.615663	0
3520	-0.0446539	0.595947	0
3530	-0.0528049	0.549741	0
3540	-0.0591012	0.484483	0
3550	-0.0630066	0.408132	0
3560	-0.0640994	0.328336	0
3570	-0.0620999	0.251701	0
3580	-0.056898	0.183218	0
3590	-0.0485727	0.125879	0
3600	-0.0373823	0.0805386	0
3610	-0.0237586	0.0460035	0
3620	-0.0082664	0.0193533	0
3630	0.00842748	-0.00353868	0
3640	0.0254462	-0.0273524	0
3650	0.0419912	-0.0566075	0
3660	0.057269	-0.0949611	0
3670	0.0705427	-0.14461	0
3680	0.0811784	-0.205862	0
3690	0.0886831	-0.276923	0
3700	0.0927365	-0.353935	0
3710	0.0931871	-0.431248	0
3720	0.0901069	-0.501924	0
3730	0.0837457	-0.558406	0
3740	0.0745179	-0.593318	0
3750	0.0629855	-0.600296	0
3760	0.0498057	-0.574761	0
3770	0.0357015	-0.514554	0
3780	0.0214063	-0.420384	0
3790	0.00763452	-0.295984	0
3800	-0.00496974	-0.147979	0
3810	-0.0158756	0.0145213	0
3820	-0.0246862	0.180559	0
3830	-0.0311595	0.338176	0
3840	-0.0352133	0.475406	0
3850	-0.0369203	0.581309	0
3860	-0.036496	0.646965	0
3870	-0.0342739	0.666323	0
3880	-0.0306773	0.636825	0
3890	-0.0261816	0.559744	0
3900	-0.0212825	0.440198	0
3910	-0.0164753	0.286833	0
3920	-0.0121935	0.111198	0
3930	-0.00878042	-0.0731396	0
3940	-0.00651193	-0.251667	0
3950	-0.00556889	-0.410092	0
3960	-0.00604847	-0.535511	0
3970	-0.00787732	-0.617469	0
3980	-0.0108765	-0.64883	0
3990	-0.0148384	-0.626372	0
4000	-0.0194586	-0.551071	0
4010	-0.0244241	-0.428034	0
4020	-0.0294026	-0.266092	0
4030	-0.034062	-0.0771025	0
4040	-0.038098	0.125007	0
4050	-0.0412679	0.32534	0
4060	-0.043245	0.509205	0
4070	-0.0438521	0.663267	0
4080	-0.043004	0.776575	0
4090	-0.0406442	0.841363	0
4100	-0.0367835	0.853589	0
4110	-0.0314841	0.813166	0
4120	-0.0248588	0.72385	0
4130	-0.0170928	0.592837	0
4140	-0.00835363	0.430089	0
4150	0.00117953	0.247469	0
4160	0.0112915	0.0577729	0
4170	0.0217284	-0.12632	0
4180	0.0322178	-0.293202	0
4190	0.0424851	-0.433167	0
4200	0.0522343	-0.53903	0
4210	0.0611569	-0.60652	0
4220	0.0689413	-0.634395	0
4230	0.075273	-0.624301	0
4240	0.0798434	-0.5804	0
4250	0.0823202	-0.508814	0
4260	0.0824302	-0.41694	0
4270	0.0801624	-0.31269	0
4280	0.0752951	-0.203737	0
4290	0.0675918	-0.0969348	0
4300	0.0574953	0.00212463	0
4310	0.0450986	0.0894138	0
4320	0.0307011	0.162596	0
4330	0.0147115	0.220966	0
4340	-0.00235837	0.265227	0
4350	-0.019902	0.297147	0
4360	-0.0372384	0.319131	0
4370	-0.0536836	0.333769	0
4380	-0.0685368	0.343416	0
4390	-0.0811481	0.349837	0
4400	-0.0909234	0.353973	0
4410	-0.0973876	0.355841	0
4420	-0.100187	0.35458	0
4430	-0.0991297	0.348628	0
4440	-0.0942127	0.336016	0
4450	-0.0855837	0.314726	0
4460	-0.0735753	0.283075	0
4470	-0.058675	0.240086	0
4480	-0.0415311	0.185781	0
4490	-0.0228665	0.121373	0
4500	-0.00350521	0.0493224	0
4510	0.0157104	-0.0267557	0
4520	0.0339182	-0.102332	0
4530	0.050328	-0.17234	0
4540	0.064231	-0.231614	0
4550	0.075068	-0.275371	0
4560	0.0822615	-0.299716	0
4570	0.085211	-0.302078	0
4580	0.0846398	-0.281526	0
4590	0.0805424	-0.239003	0
4600	0.0729756	-0.177365	0
4610	0.0622982	-0.101252	0
4620	0.0490212	-0.0167798	0
4630	0.0337629	0.0689223	0
4640	0.0171884	0.14828	0
4650	-3.044e-05	0.213915	0
4660	-0.0172032	0.259296	0
4670	-0.0336577	0.279335	0
4680	-0.0487872	0.270884	0
4690	-0.0621904	0.233067	0
4700	-0.0731968	0.167421	0
4710	-0.0814919	0.0778363	0
4720	-0.0869802	-0.02971	0
4730	-0.0893947	-0.147612	0
4740	-0.0886459	-0.267243	0
4750	-0.0848721	-0.379656	0
4760	-0.078243	-0.476313	0
4770	-0.0690002	-0.549803	0
4780	-0.0574784	-0.594435	0
4790	-0.044059	-0.606711	0
4800	-0.0291878	-0.585599	0
4810	-0.0133322	-0.53258	0
4820	0.00301837	-0.451487	0
4830	0.0193539	-0.348139	0
4840	0.0351569	-0.229812	0
4850	0.0499581	-0.104598	0
4860	0.0633002	0.0193053	0
4870	0.0748005	0.134292	0
4880	0.0841505	0.233976	0
4890	0.0910536	0.313707	0
4900	0.0953062	0.370898	0
4910	0.0968129	0.405123	0
4920	0.0955565	0.418026	0
4930	0.0916174	0.413038	0
4940	0.0851729	0.394912	0
4950	0.0764941	0.369117	0
4960	0.0659485	0.341188	0
4970	0.053961	0.316093	0
4980	0.0410064	0.297656	0
4990	0.0276214	0.288126	0
5000	0.0143692	0.287913	0
5010	0.00177483	0.295533	0
5020	-0.00967858	0.307756	0
5030	-0.0195749	0.319958	0
5040	-0.0275798	0.32663	0
5050	-0.033474	0.321997	0
5060	-0.0371634	0.300695	0
5070	-0.0386865	0.258428	0
5080	-0.0382155	0.192549	0
5090	-0.0360479	0.10249	0
5100	-0.0325755	-0.00998376	0
5110	-0.0282896	-0.140758	0
5120	-0.0237284	-0.283564	0
5130	-0.0194371	-0.430403	0
5140	-0.0159266	-0.572144	0
5150	-0.0136652	-0.699257	0
5160	-0.0130245	-0.802602	0
5170	-0.0142444	-0.87421	0
5180	-0.01742	-0.908002	0
5190	-0.0224817	-0.900359	0
5200	-0.0291956	-0.850505	0
5210	-0.0371746	-0.760652	0
5220	-0.0459155	-0.635884	0
5230	-0.0547858	-0.483797	0
5240	-0.063084	-0.313927	0
5250	-0.0701016	-0.137018	0
5260	-0.0751313	0.0358124	0
5270	-0.0775765	0.193951	0
5280	-0.0769571	0.32811	0
5290	-0.0729488	0.431027	0
5300	-0.065411	0.497992	0
5310	-0.054414	0.527138	0
5320	-0.0402393	0.519488	0
5330	-0.0233631	0.478749	0
5340	-0.00443553	0.410875	0
5350	0.015889	0.323461	0
5360	0.0365006	0.225001	0
5370	0.0564682	0.124103	0
5380	0.0749183	0.0287223	0
5390	0.091014	-0.0545055	0
5400	0.103989	-0.120773	0
5410	0.113255	-0.167413	0
5420	0.118461	-0.193984	0
5430	0.11944	-0.202127	0
5440	0.116293	-0.195196	0
5450	0.109431	-0.177692	0
5460	0.0993523	-0.154688	0
5470	0.0867294	-0.1312	0
5480	0.0723454	-0.111547	0
5490	0.0570458	-0.0987844	0
5500	0.0416605	-0.094347	0
5510	0.0269527	-0.0978582	0
5520	0.0135039	-0.107153	0
5530	0.00197336	-0.118511	0
5540	-0.00737205	-0.127083	0
5550	-0.0144069	-0.127479	0
5560	-0.0192049	-0.114437	0
5570	-0.0220384	-0.0835365	0
5580	-0.0233336	-0.0318548	0
5590	-0.0236376	0.041504	0
5600	-0.0235697	0.135101	0
5610	-0.0237863	0.245033	0
5620	-0.0249094	0.365001	0
5630	-0.0274699	0.486675	0
5640	-0.0318588	0.600295	0
5650	-0.0382932	0.695466	0
5660	-0.0468134	0.762054	0
5670	-0.0571622	0.791129	0
5680	-0.0688551	0.775855	0
5690	-0.0812562	0.71227	0
5700	-0.0935743	0.599845	0
5710	-0.104911	0.441757	0
5720	-0.114351	0.244879	0
5730	-0.121004	0.0194445	0
5740	-0.124014	-0.221578	0
5750	-0.122678	-0.463365	0
5760	-0.116505	-0.690307	0
5770	-0.105255	-0.887169	0
5780	-0.088948	-1.04026	0
5790	-0.0679102	-1.13847	0
5800	-0.0427587	-1.1742	0
5810	-0.0143497	-1.14389	0
5820	0.0162245	-1.04836	0
5830	0.0477138	-0.892747	0
5840	0.0787843	-0.686081	0
5850	0.108075	-0.440607	0
5860	0.134264	-0.170835	0
5870	0.156158	0.10756	0
5880	0.172756	0.378917	0
5890	0.183291	0.62873	0
5900	0.187272	0.844659	0
5910	0.184498	1.01733	0
5920	0.175094	1.14085	0
5930	0.159475	1.21307	0
5940	0.138323	1.23545	0
5950	0.112552	1.21265	0
5960	0.0832621	1.15189	0
5970	0.0516707	1.06209	0
5980	0.0189822	0.952897	0
5990	-0.0135415	0.833771	0
6000	-0.044669	0.713063	0
6010	-0.0732664	0.597301	0
6020	-0.0985139	0.490692	0
6030	-0.119621	0.394883	0
6040	-0.136012	0.309018	0
6050	-0.147328	0.230065	0
6060	-0.153405	0.153369	0
6070	-0.154307	0.0733826	0
6080	-0.150262	-0.0154723	0
6090	-0.141655	-0.117986	0
6100	-0.129005	-0.237472	0
6110	-0.112934	-0.375194	0
6120	-0.0941386	-0.53	0
6130	-0.0733535	-0.698188	0
6140	-0.0513645	-0.873666	0
6150	-0.0289133	-1.04837	0
6160	-0.006746	-1.21286	0
6170	0.0143628	-1.35711	0
6180	0.0337706	-1.47131	0
6190	0.0508901	-1.54668	0
6200	0.0650575	-1.5763	0
6210	0.0760873	-1.55559	0
6220	0.0837947	-1.48282	0
6230	0.0879523	-1.35924	0
6240	0.0884955	-1.18905	0
6250	0.0855375	-0.979096	0
6260	0.0793274	-0.738428	0
6270	0.0702536	-0.477602	0
6280	0.0588547	-0.207965	0
6290	0.0457881	0.0591229	0
6300	0.0317938	0.31307	0
6310	0.0176502	0.544706	0
6320	0.00415686	0.74678	0
6330	-0.00793556	0.914268	0
6340	-0.0179333	1.04448	0
6350	-0.0252484	1.13695	0
6360	-0.0294538	1.19322	0
6370	-0.030336	1.21635	0
6380	-0.027868	1.21049	0
6390	-0.0222272	1.18033	0
6400	-0.0138039	1.13058	0
6410	-0.00318938	1.06558	0
6420	0.00887532	0.988955	0
6430	0.0215486	0.903461	0
6440	0.0339134	0.81095	0
6450	0.0450564	0.712495	0
6460	0.0541616	0.608636	0
6470	0.0604059	0.499694	0
6480	0.063203	0.386118	0
6490	0.0621955	0.268805	0
6500	0.0572408	0.149354	0
6510	0.0484662	0.0302021	0
6520	0.0362146	-0.0853737	0
6530	0.0210577	-0.193397	0
6540	0.00376622	-0.289472	0
6550	-0.0147432	-0.369169	0
6560	-0.0335793	-0.428511	0
6570	-0.0516729	-0.464454	0
6580	-0.0679455	-0.475292	0
6590	-0.0815594	-0.461008	0
6600	-0.0918062	-0.423511	0
6610	-0.09816	-0.366666	0
6620	-0.100326	-0.296131	0
6630	-0.0982479	-0.218982	0
6640	-0.0921142	-0.143188	0
6650	-0.082347	-0.0769551	0
6660	-0.0695544	-0.0279958	0
6670	-0.054533	-0.00282217	0
6680	-0.0380844	-0.00607503	0
6690	-0.021121	-0.0399728	0
6700	-0.00459958	-0.103971	0
6710	0.0106882	-0.194655	0
6720	0.024094	-0.30589	0
6730	0.0351096	-0.429229	0
6740	0.043407	-0.554558	0
6750	0.0488547	-0.670915	0
6760	0.0515152	-0.767443	0
6770	0.0516268	-0.834354	0
6780	0.0495704	-0.863836	0
6790	0.0458348	-0.85082	0
6800	0.0409774	-0.793525	0
6810	0.0355458	-0.693727	0
6820	0.0300626	-0.556715	0
6830	0.0250391	-0.390933	0
6840	0.0208008	-0.20734	0
6850	0.017584	-0.018552	0
6860	0.0154719	0.1622	0
6870	0.0144128	0.322174	0
6880	0.0142175	0.4502	0
6890	0.014607	0.53765	0
6900	0.0152228	0.57922	0
6910	0.0156698	0.573402	0
6920	0.0155493	0.522616	0
6930	0.0145283	0.433038	0
6940	0.0123511	0.314148	0
6950	0.00887032	0.177842	0
6960	0.00405457	0.0373795	0
6970	-0.00199325	-0.0937904	0
6980	-0.00905438	-0.203148	0
6990	-0.0168064	-0.280203	0
7000	-0.0246468	-0.317467	0
7010	-0.0323089	-0.311116	0
7020	-0.0395264	-0.261318	0
7030	-0.0457282	-0.172201	0
7040	-0.0504457	-0.0514646	0
7050	-0.0533273	0.0903314	0
7060	-0.0541528	0.240753	0
7070	-0.052845	0.38661	0
7080	-0.0494176	0.51515	0
7090	-0.043972	0.615252	0
7100	-0.0367485	0.678474	0
7110	-0.0280853	0.699807	0
7120	-0.0184113	0.678104	0
7130	-0.00819054	0.616149	0
7140	0.00209249	0.520351	0
7150	0.011963	0.400112	0
7160	0.0209942	0.266915	0
7170	0.0288799	0.13323	0
7180	0.0353754	0.0113278	0
7190	0.0403462	-0.0878789	0
7200	0.0437825	-0.155859	0
7210	0.0457808	-0.187256	0
7220	0.046496	-0.18038	0
7230	0.0461754	-0.137346	0
7240	0.0450958	-0.0638596	0
7250	0.0436591	0.0313439	0
7260	0.0421045	0.137339	0
7270	0.0406161	0.242054	0
7280	0.0392562	0.333416	0
7290	0.0381662	0.400488	0
7300	0.0371922	0.434503	0
7310	0.0362287	0.429676	0
7320	0.0350632	0.383747	0
7330	0.0334536	0.298158	0
7340	0.031088	0.177906	0
7350	0.0276751	0.0310812	0
7360	0.02301	-0.131891	0
7370	0.0169378	-0.299225	0
7380	0.00941477	-0.458865	0
7390	0.000528019	-0.599578	0
7400	-0.00950506	-0.711974	0
7410	-0.0203607	-0.789331	0
7420	-0.0315752	-0.82816	0
7430	-0.0426324	-0.828461	0
7440	-0.0529299	-0.793634	0
7450	-0.0618654	-0.730053	0
7460	-0.0688926	-0.646367	0
7470	-0.0735532	-0.552577	0
7480	-0.0755327	-0.458996	0
7490	-0.0745958	-0.375177	0
7500	-0.0707441	-0.308922	0
7510	-0.0641457	-0.265464	0
7520	-0.0551981	-0.246924	0
7530	-0.0443874	-0.252088	0
7540	-0.0322417	-0.27649	0
7550	-0.019538	-0.312828	0
7560	-0.0069535	-0.351678	0
7570	0.0047715	-0.382423	0
7580	0.0148045	-0.394339	0
7590	0.0231637	-0.377703	0
7600	0.0293355	-0.32487	0
7610	0.0329414	-0.231167	0
7620	0.0338736	-0.0955282	0
7630	0.0322462	0.0791867	0
7640	0.0282926	0.286235	0
7650	0.0224727	0.515385	0
7660	0.0153653	0.753635	0
7670	0.00757824	0.986215	0
7680	-0.000287886	1.19784	0
7690	-0.00765112	1.37385	0
7700	-0.0139864	1.50134	0
7710	-0.0189066	1.57027	0
7720	-0.0220881	1.57421	0
7730	-0.0233547	1.51093	0
7740	-0.0226717	1.38258	0
7750	-0.0201136	1.19558	0
7760	-0.0158422	0.960207	0
7770	-0.0101155	0.689786	0
7780	-0.0032742	0.399739	0
7790	0.00429492	0.106422	0
7800	0.012201	-0.174073	0
7810	0.0200503	-0.427071	0
7820	0.0274489	-0.640348	0
7830	0.0340609	-0.804928	0
7840	0.0396272	-0.915614	0
7850	0.0439844	-0.971196	0
7860	0.0470363	-0.97433	0
7870	0.0487475	-0.931113	0
7880	0.0491478	-0.850386	0
7890	0.048294	-0.742858	0
7900	0.0463153	-0.620094	0
7910	0.043388	-0.493496	0
7920	0.0396866	-0.373335	0
7930	0.0353841	-0.267929	0
7940	0.0306365	-0.183041	0
7950	0.0255958	-0.12152	0
7960	0.0203671	-0.0832563	0
7970	0.0150711	-0.0654379	0
7980	0.00983441	-0.0630233	0
7990	0.00475306	-0.0693975	0
8000	-5.7078e-05	-0.0771375	0
8010	-0.00451016	-0.0788265	0
8020	-0.00850793	-0.0678724	0
8030	-0.0119651	-0.0392385	0
8040	-0.0147956	0.00998323	0
8050	-0.0169136	0.0802098	0
8060	-0.0183289	0.169234	0
8070	-0.0188401	0.272337	0
8080	-0.0183837	0.382644	0
8090	-0.0170973	0.49168	0
8100	-0.0151495	0.590065	0
8110	-0.0125703	0.668322	0
8120	-0.0094639	0.717698	0
8130	-0.00599451	0.730945	0
8140	-0.0023585	0.702997	0
8150	0.00118476	0.631477	0
8160	0.00438029	0.517002	0
8170	0.00697736	0.363265	0
8180	0.00861928	0.176904	0
8190	0.00903669	-0.0328779	0
8200	0.00800533	-0.254943	0
8210	0.00534477	-0.476958	0
8220	0.00095841	-0.686212	0
8230	-0.00534639	-0.870478	0
8240	-0.0140468	-1.0188	0
8250	-0.0241984	-1.12219	0
8260	-0.0356375	-1.1743	0
8270	-0.0482829	-1.17183	0
8280	-0.061775	-1.11479	0
8290	-0.0755767	-1.00646	0
8300	-0.0892589	-0.853219	0
8310	-0.102291	-0.664142	0
8320	-0.114027	-0.450418	0
8330	-0.123815	-0.224679	0
8340	-0.131034	-0.000212775	0
8350	-0.135129	0.20986	0
8360	-0.135648	0.393405	0
8370	-0.132267	0.540028	0
8380	-0.12471	0.641729	0
8390	-0.11287	0.693412	0
8400	-0.0968307	0.693224	0
8410	-0.0767597	0.642698	0
8420	-0.0529426	0.546698	0
8430	-0.0258285	0.413167	0
8440	0.00401206	0.252685	0
8450	0.0358916	0.0778611	0
8460	0.0690533	-0.0973995	0
8470	0.102664	-0.258725	0
8480	0.135823	-0.39216	0
8490	0.167591	-0.485057	0
8500	0.197009	-0.526917	0
8510	0.223147	-0.510147	0
8520	0.245073	-0.43068	0
8530	0.2619	-0.288435	0
8540	0.272885	-0.0875484	0
8550	0.27745	0.163624	0
8560	0.275039	0.452758	0
8570	0.265216	0.764056	0
8580	0.247949	1.07898	0
8590	0.223426	1.37726	0
8600	0.192049	1.638	0
8610	0.154432	1.84092	0
8620	0.111436	1.96766	0
8630	0.0642431	2.00297	0
8640	0.0142058	1.93597	0
8650	-0.0371676	1.76104	0
8660	-0.0883366	1.47857	0
8670	-0.137676	1.09532	0
8680	-0.183538	0.624496	0
8690	-0.224376	0.0853079	0
8700	-0.258559	-0.497882	0
8710	-0.284979	-1.09678	0
8720	-0.303019	-1.68063	0
8730	-0.311974	-2.21787	0
8740	-0.311609	-2.67803	0
8750	-0.302182	-3.03355	0
8760	-0.284342	-3.26159	0
8770	-0.25911	-3.34556	0
8780	-0.227358	-3.27628	0
8790	-0.190535	-3.05279	0
8800	-0.150457	-2.68254	0
8810	-0.108666	-2.18119	0
8820	-0.0666975	-1.57185	0
8830	-0.0263016	-0.883769	0
8840	0.0111307	-0.150748	0
8850	0.0444475	0.590781	0
8860	0.0727208	1.30377	0
8870	0.0952556	1.95271	0
8880	0.111702	2.50573	0
8890	0.122073	2.93633	0
8900	0.126745	3.22497	0
8910	0.126412	3.36003	0
8920	0.122017	3.33843	0
8930	0.114718	3.16563	0
8940	0.105796	2.8551	0
8950	0.0965653	2.42746	0
8960	0.0882618	1.90903	0
8970	0.0819272	1.32998	0
8980	0.0783301	0.722426	0
8990	0.0779876	0.118383	0
9000	0.0809593	-0.452171	0
9010	0.0869979	-0.96298	0
9020	0.095596	-1.39285	0
9030	0.105813	-1.7266	0
9040	0.116512	-1.95558	0
9050	0.126383	-2.07772	0
9060	0.134004	-2.09712	0
9070	0.138023	-2.02326	0
9080	0.137227	-1.86998	0
9090	0.130603	-1.65413	0
9100	0.117519	-1.39414	0
9110	0.0977556	-1.10862	0
9120	0.0714983	-0.815119	0
9130	0.0393394	-0.529115	0
9140	0.00240258	-0.263235	0
9150	-0.0378747	-0.0268142	0
9160	-0.0796917	0.174268	0
9170	-0.121001	0.337439	0
9180	-0.159642	0.463031	0
9190	-0.193443	0.553765	0
9200	-0.220375	0.614099	0
9210	-0.2387	0.64941	0
9220	-0.247065	0.665219	0
9230	-0.2446	0.666558	0
9240	-0.231001	0.657586	0
9250	-0.206541	0.641154	0
9260	-0.172096	0.618677	0
9270	-0.129073	0.590221	0
9280	-0.0793725	0.554743	0
9290	-0.025291	0.510518	0
9300	0.0306035	0.45564	0
9310	0.0856007	0.388522	0
9320	0.13714	0.308489	0
9330	0.182746	0.216289	0
9340	0.219893	0.114359	0
9350	0.246672	0.00678534	0
9360	0.261767	-0.100961	0
9370	0.264386	-0.202477	0
9380	0.25434	-0.291055	0
9390	0.232128	-0.360394	0
9400	0.198761	-0.405334	0
9410	0.155782	-0.422523	0
9420	0.105244	-0.410935	0
9430	0.0496596	-0.372188	0
9440	-0.00827485	-0.310624	0
9450	-0.0657025	-0.233127	0
9460	-0.119819	-0.148667	0
9470	-0.167988	-0.067603	0
9480	-0.207915	-0.000794005	0
9490	-0.237776	0.0414019	0
9500	-0.256314	0.0501464	0
9510	-0.262829	0.019065	0
9520	-0.257243	-0.0549741	0
9530	-0.240139	-0.171323	0
9540	-0.212698	-0.325303	0
9550	-0.176583	-0.5083	0
9560	-0.133849	-0.708204	0
9570	-0.086816	-0.910178	0
9580	-0.0378959	-1.09768	0
9590	0.010518	-1.25363	0
9600	0.0562074	-1.36172	0
9610	0.0972354	-1.40763	0
9620	0.132007	-1.38025	0
9630	0.159377	-1.27262	0
9640	0.178701	-1.08264	0
9650	0.189782	-0.81345	0
9660	0.192877	-0.473398	0
9670	0.188605	-0.0756776	0
9680	0.177915	0.362435	0
9690	0.161877	0.820608	0
9700	0.141639	1.27671	0
9710	0.118417	1.70815	0
9720	0.0934735	2.0933	0
9730	0.0677233	2.41277	0
9740	0.0419383	2.65054	0
9750	0.0167078	2.79482	0
9760	-0.00759167	2.83866	0
9770	-0.0307556	2.78015	0
9780	-0.0527143	2.62233	0
9790	-0.0734686	2.37281	0
9800	-0.0930394	2.04312	0
9810	-0.111414	1.64792	0
9820	-0.128476	1.20399	0
9830	-0.143984	0.729302	0
9840	-0.157555	0.242008	0
9850	-0.168658	-0.240392	0
9860	-0.176655	-0.701794	0
9870	-0.180794	-1.12805	0
9880	-0.180341	-1.50734	0
9890	-0.174636	-1.83038	0
9900	-0.163165	-2.09047	0
9910	-0.145635	-2.28336	0
9920	-0.122029	-2.40714	0
9930	-0.0926799	-2.46199	0
9940	-0.0582737	-2.44996	0
9950	-0.0198423	-2.37473	0
9960	0.0212324	-2.24141	0
9970	0.0633435	-2.05645	0
9980	0.104689	-1.8274	0
9990	0.143418	-1.56285	0
10000	0.177742	-1.27215	0
10010	0.206062	-0.965303	0
10020	0.227007	-0.652627	0
10030	0.239588	-0.344385	0
10040	0.243296	-0.0503814	0
10050	0.238118	0.220488	0
10060	0.224495	0.460695	0
10070	0.203368	0.664492	0
10080	0.176049	0.828251	0
10090	0.144154	0.950694	0
10100	0.109508	1.03297	0
10110	0.0740116	1.07858	0
10120	0.0394538	1.09305	0
10130	0.00756238	1.08355	0
10140	-0.0202529	1.05825	0
10150	-0.0430563	1.02564	0
10160	-0.0601956	0.993779	0
10170	-0.0714997	0.969492	0
10180	-0.077262	0.957768	0
10190	-0.0781615	0.961191	0
10200	-0.0752021	0.979612	0
10210	-0.0696246	1.01004	0
10220	-0.0627983	1.04683	0
10230	-0.0561082	1.0821	0
10240	-0.050818	1.10645	0
10250	-0.0479283	1.1098	0
10260	-0.048276	1.08246	0
10270	-0.0522533	1.01608	0
10280	-0.0598616	0.904699	0
10290	-0.070754	0.745534	0
10300	-0.084365	0.539511	0
10310	-0.0995491	0.291519	0
10320	-0.115147	0.0103006	0
10330	-0.129967	-0.292013	0
10340	-0.142755	-0.600687	0
10350	-0.152012	-0.89945	0
10360	-0.156631	-1.17173	0
10370	-0.155819	-1.40197	0
10380	-0.149087	-1.57687	0
10390	-0.136251	-1.68646	0
10400	-0.117506	-1.7249	0
10410	-0.0934506	-1.69098	0
10420	-0.0649247	-1.58816	0
10430	-0.0330883	-1.42428	0
10440	0.000601086	-1.211	0
10450	0.0346283	-0.96299	0
10460	0.0675006	-0.696649	0
10470	0.0982045	-0.428653	0
10480	0.125461	-0.174587	0
10490	0.148253	0.0522502	0
10500	0.165732	0.24186	0
10510	0.177574	0.388197	0
10520	0.183533	0.489449	0
10530	0.183824	0.547916	0
10540	0.178923	0.569502	0
10550	0.169387	0.562856	0
10560	0.155926	0.538212	0
10570	0.139304	0.506153	0
10580	0.120368	0.476294	0
10590	0.0998765	0.45615	0
10600	0.0785096	0.450337	0
10610	0.0568364	0.460079	0
10620	0.0353235	0.483105	0
10630	0.0141764	0.513984	0
10640	-0.00616111	0.544825	0
10650	-0.0253971	0.56628	0
10660	-0.0434383	0.568745	0
10670	-0.0601398	0.543637	0
10680	-0.0752115	0.484609	0
10690	-0.0884478	0.388573	0
10700	-0.0996052	0.256418	0
10710	-0.108375	0.0933319	0
10720	-0.114511	-0.0912755	0
10730	-0.11778	-0.284479	0
10740	-0.117984	-0.471028	0
10750	-0.114976	-0.634819	0
10760	-0.10873	-0.760371	0
10770	-0.0993861	-0.834181	0
10780	-0.0872595	-0.846365	0
10790	-0.0727814	-0.791926	0
10800	-0.0565869	-0.671617	0
10810	-0.0391484	-0.492301	0
10820	-0.0212611	-0.266754	0
10830	-0.00373692	-0.0128211	0
10840	0.0126419	0.24798	0
10850	0.027123	0.492293	0
10860	0.0391619	0.697005	0
10870	0.0483219	0.841412	0
10880	0.0541902	0.909272	0
10890	0.0566973	0.890491	0
10900	0.0559924	0.782291	0
10910	0.0523612	0.58974	0
10920	0.0464087	0.325572	0
10930	0.0388477	0.00927811	0
10940	0.0304927	-0.334381	0
10950	0.0222104	-0.677376	0
10960	0.0148573	-0.990786	0
10970	0.00918305	-1.24732	0
10980	0.00576371	-1.42375	0
10990	0.00496397	-1.50308	0
11000	0.00691288	-1.47617	0
11010	0.0114387	-1.34269	0
11020	0.0181368	-1.11131	0
11030	0.0263565	-0.799141	0
11040	0.0352235	-0.430382	0
11050	0.0437464	-0.034291	0
11060	0.0508708	0.357301	0
11070	0.0555855	0.712764	0
11080	0.0570258	1.00345	0
11090	0.0545941	1.20629	0
11100	0.0478667	1.30585	0
11110	0.0364993	1.29582	0
11120	0.0210678	1.17959	0
11130	0.00286935	0.970096	0
11140	-0.0172061	0.688676	0
11150	-0.0381317	0.363212	0
11160	-0.0581015	0.0255994	0
11170	-0.0755761	-0.291151	0
11180	-0.0893573	-0.555915	0
11190	-0.0983763	-0.74248	0
11200	-0.10184	-0.832159	0
11210	-0.0993165	-0.815639	0
11220	-0.0907898	-0.694032	0
11230	-0.0766756	-0.478944	0
11240	-0.0577991	-0.191563	0
11250	-0.0353497	0.139163	0
11260	-0.0108093	0.479117	0
11270	0.0141549	0.792162	0
11280	0.0378199	1.04355	0
11290	0.058516	1.20328	0
11300	0.0747935	1.24915	0
11310	0.0854919	1.16912	0
11320	0.0898437	0.962807	0
11330	0.087536	0.642021	0
11340	0.0787377	0.230099	0
11350	0.064095	-0.239781	0
11360	0.044681	-0.727257	0
11370	0.0219199	-1.18817	0
11380	-0.00250852	-1.5784	0
11390	-0.0268234	-1.85782	0
11400	-0.0492291	-1.99409	0
11410	-0.0680666	-1.9658	0
11420	-0.081984	-1.76481	0
11430	-0.0899271	-1.39741	0
11440	-0.0912496	-0.884345	0
11450	-0.0857911	-0.25949	0
11460	-0.0738887	0.432546	0
11470	-0.0563263	1.13985	0
11480	-0.0342834	1.8073	0
11490	-0.00925088	2.38108	0
11500	0.0170969	2.81312	0
11510	0.0430186	3.06524	0
11520	0.066846	3.11239	0
11530	0.0870978	2.94498	0
11540	0.102587	2.56984	0
11550	0.112498	2.00987	0
11560	0.116444	1.30237	0
11570	0.114481	0.49621	0
11580	0.107094	-0.352068	0
11590	0.095131	-1.18266	0
11600	0.0797275	-1.93728	0
11610	0.0621966	-2.56375	0
11620	0.0439217	-3.02012	0
11630	0.0261966	-3.27788	0
11640	0.0101567	-3.32406	0
11650	-0.00333611	-3.16204	0
11660	-0.0137581	-2.811	0
11670	-0.0209788	-2.30406	0
11680	-0.0252503	-1.68528	0
11690	-0.0271636	-1.00586	0
11700	-0.0275649	-0.319716	0
11710	-0.0275718	0.320964	0
11720	-0.0282134	0.870048	0
11730	-0.0305708	1.2911	0
11740	-0.0355262	1.56014	0
11750	-0.0435487	1.66726	0
11760	-0.0548042	1.61701	0
11770	-0.0690205	1.42751	0
11780	-0.0854682	1.12845	0
11790	-0.102994	0.758041	0
11800	-0.120104	0.359375	0
11810	-0.135112	-0.0236129	0
11820	-0.146266	-0.350147	0
11830	-0.151693	-0.586245	0
11840	-0.149898	-0.707665	0
11850	-0.139768	-0.701922	0
11860	-0.120698	-0.569206	0
11870	-0.0926939	-0.322139	0
11880	-0.0564424	0.0155709	0
11890	-0.0133181	0.411466	0
11900	0.0346833	0.827408	0
11910	0.0850684	1.22312	0
11920	0.134962	1.55984	0
11930	0.181285	1.80385	0
11940	0.221036	1.92939	0
11950	0.251464	1.92096	0
11960	0.270292	1.7746	0
11970	0.275884	1.49812	0
11980	0.267392	1.11038	0
11990	0.244786	0.639533	0
12000	0.209016	0.120533	0
12010	0.161881	-0.407973	0
12020	0.105936	-0.906946	0
12030	0.0443442	-1.3401	0
12040	-0.01934	-1.67684	0
12050	-0.081421	-1.89462	0
12060	-0.138354	-1.98058	0
12070	-0.186878	-1.93236	0
12080	-0.224278	-1.75794	0
12090	-0.248664	-1.47472	0
12100	-0.25898	-1.10769	0
12110	-0.255102	-0.687148	0
12120	-0.237838	-0.246038	0
12130	-0.208863	0.182848	0
12140	-0.170577	0.569481	0
12150	-0.125927	0.888849	0
12160	-0.0781784	1.12268	0
12170	-0.0306586	1.26048	0
12180	0.0134684	1.29989	0
12190	0.0514288	1.24622	0
12200	0.0810126	1.11141	0
12210	0.100728	0.912406	0
12220	0.109925	0.669378	0
12230	0.108761	0.403671	0
12240	0.0981705	0.135803	0
12250	0.0797846	-0.116275	0
12260	0.055797	-0.3385	0
12270	0.0287617	-0.521484	0
12280	0.00137637	-0.660766	0
12290	-0.02375	-0.756527	0
12300	-0.0442686	-0.812836	0
12310	-0.0582927	-0.836529	0
12320	-0.0645852	-0.835893	0
12330	-0.0625615	-0.81937	0
12340	-0.0523374	-0.794326	0
12350	-0.0348049	-0.766058	0
12360	-0.0114766	-0.73714	0
12370	0.0157279	-0.707221	0
12380	0.0445941	-0.673261	0
12390	0.0727635	-0.630112	0
12400	0.0979362	-0.571435	0
12410	0.118061	-0.490723	0
12420	0.131462	-0.382422	0
12430	0.137039	-0.242983	0
12440	0.134306	-0.0717716	0
12450	0.123415	0.128303	0
12460	0.105071	0.350535	0
12470	0.0804884	0.584555	0
12480	0.0518088	0.81689	0
12490	0.0209165	1.03199	0
12500	-0.00971625	1.21357	0
12510	-0.0381471	1.34618	0
12520	-0.0625479	1.4167	0
12530	-0.0814114	1.41584	0
12540	-0.0936455	1.33924	0
12550	-0.0987438	1.18826	0
12560	-0.0968113	0.970207	0
12570	-0.0884656	0.698053	0
12580	-0.0748213	0.389603	0
12590	-0.0575838	0.0661834	0
12600	-0.0384976	-0.249037	0
12610	-0.019471	-0.532951	0
12620	-0.00237375	-0.76447	0
12630	0.0111602	-0.926364	0
12640	0.0198419	-1.00684	0
12650	0.0228664	-1.00064	0
12660	0.0199396	-0.909538	0
12670	0.0113108	-0.74233	0
12680	-0.00223877	-0.514134	0
12690	-0.0195198	-0.245224	0
12700	-0.0389312	0.040616	0
12710	-0.0586174	0.31803	0
12720	-0.0767097	0.562164	0
12730	-0.0911774	0.750817	0
12740	-0.100415	0.866363	0
12750	-0.103032	0.897233	0
12760	-0.0983191	0.838861	0
12770	-0.085901	0.694062	0
12780	-0.0660626	0.472776	0
12790	-0.0396516	0.19122	0
12800	-0.00799783	-0.129493	0
12810	0.0270792	-0.465126	0
12820	0.0635809	-0.790331	0
12830	0.0994132	-1.08069	0
12840	0.132292	-1.31467	0
12850	0.160123	-1.47534	0
12860	0.181104	-1.55164	0
12870	0.193802	-1.53908	0
12880	0.197249	-1.43988	0
12890	0.19104	-1.26254	0
12900	0.175343	-1.02089	0
12910	0.150848	-0.732652	0
12920	0.118763	-0.417869	0
12930	0.0807278	-0.0971002	0
12940	0.0387102	0.210259	0
12950	-0.00512594	0.487513	0
12960	-0.048505	0.721824	0
12970	-0.0892627	0.904931	0
12980	-0.125396	1.03339	0
12990	-0.15518	1.10829	0
13000	-0.177262	1.13458	0
13010	-0.190727	1.11994	0
13020	-0.195118	1.0736	0
13030	-0.190455	1.00503	0
13040	-0.177204	0.922749	0
13050	-0.156216	0.833419	0
13060	-0.128685	0.741139	0
13070	-0.096069	0.64712	0
13080	-0.0600142	0.549782	0
13090	-0.0222459	0.445253	0
13100	0.0155381	0.328246	0
13110	0.0517138	0.193189	0
13120	0.084791	0.0353609	0
13130	0.113483	-0.147961	0
13140	0.136752	-0.35652	0
13150	0.15383	-0.586368	0
13160	0.164236	-0.829561	0
13170	0.167771	-1.07431	0
13180	0.164523	-1.30563	0
13190	0.154834	-1.50638	0
13200	0.139283	-1.65867	0
13210	0.118658	-1.74553	0
13220	0.0939398	-1.75255	0
13230	0.066222	-1.66946	0
13240	0.0366774	-1.49147	0
13250	0.00650339	-1.22017	0
13260	-0.0231049	-0.863932	0
13270	-0.0510154	-0.437767	0
13280	-0.0761954	0.0374424	0
13290	-0.0977253	0.536215	0
13300	-0.11488	1.03019	0
13310	-0.127126	1.49017	0
13320	-0.134132	1.88821	0
13330	-0.135806	2.19981	0
13340	-0.132287	2.40566	0
13350	-0.123908	2.49319	0
13360	-0.111266	2.45746	0
13370	-0.0951032	2.30149	0
13380	-0.0762877	2.03598	0
13390	-0.0557744	1.67842	0
13400	-0.0345438	1.25164	0
13410	-0.0135489	0.78209	0
13420	0.00634243	0.297747	0
13430	0.0243944	-0.173911	0
13440	0.0400346	-0.607872	0
13450	0.05288	-0.983253	0
13460	0.0627447	-1.28455	0
13470	0.0696106	-1.5024	0
13480	0.0736326	-1.63379	0
13490	0.0750839	-1.68172	0
13500	0.0742749	-1.65439	0
13510	0.071611	-1.56405	0
13520	0.0673831	-1.42544	0
13530	0.0618906	-1.25433	0
13540	0.0554059	-1.06596	0
13550	0.0480853	-0.873693	0
13560	0.0400075	-0.688091	0
13570	0.0311882	-0.51622	0
13580	0.0215331	-0.361464	0
13590	0.0109733	-0.223759	0
13600	-0.000362688	-0.100223	0
13610	-0.0122951	0.0139108	0
13620	-0.02465	0.124184	0
13630	-0.0370984	0.235739	0
13640	-0.049159	0.352237	0
13650	-0.0602525	0.474942	0
13660	-0.0697052	0.602125	0
13670	-0.0767729	0.729082	0
13680	-0.0806691	0.848452	0
13690	-0.0807796	0.950839	0
13700	-0.0766853	1.02578	0
13710	-0.0681628	1.06299	0
13720	-0.0554045	1.05365	0
13730	-0.0386324	0.991757	0
13740	-0.0182885	0.875137	0
13750	0.00445699	0.706191	0
13760	0.0283432	0.492168	0
13770	0.0521912	0.244991	0
13780	0.0743879	-0.0193843	0
13790	0.0936433	-0.282103	0
13800	0.108417	-0.522911	0
13810	0.11765	-0.721865	0
13820	0.120331	-0.86113	0
13830	0.115798	-0.926737	0
13840	0.103882	-0.910058	0
13850	0.084938	-0.808866	0
13860	0.0601423	-0.627901	0
13870	0.0302016	-0.378894	0
13880	-0.0035201	-0.0799006	0
13890	-0.0390057	0.245965	0
13900	-0.0741194	0.572303	0
13910	-0.106756	0.871514	0
13920	-0.134782	1.11714	0
13930	-0.156004	1.28608	0
13940	-0.169765	1.36034	0
13950	-0.174667	1.32897	0
13960	-0.169931	1.18913	0
13970	-0.155607	0.946579	0
13980	-0.132223	0.615266	0
13990	-0.100903	0.216335	0
14000	-0.0631591	-0.223513	0
14010	-0.021148	-0.673876	0
14020	0.0223976	-1.10294	0
14030	0.0652535	-1.47994	0
14040	0.104965	-1.77764	0
14050	0.139237	-1.97442	0
14060	0.166134	-2.05594	0
14070	0.184439	-2.01616	0
14080	0.193497	-1.85758	0
14090	0.192833	-1.5908	0
14100	0.182419	-1.23378	0
14110	0.162855	-0.810366	0
14120	0.135254	-0.348448	0
14130	0.101119	0.122178	0
14140	0.0622721	0.572019	0
14150	0.0208919	0.974001	0
14160	-0.0206918	1.30533	0
14170	-0.0602008	1.54896	0
14180	-0.0955148	1.6946	0
14190	-0.124776	1.73908	0
14200	-0.146484	1.68626	0
14210	-0.159577	1.54626	0
14220	-0.163499	1.33431	0
14230	-0.158182	1.06917	0
14240	-0.144117	0.771472	0
14250	-0.122234	0.461949	0
14260	-0.0938946	0.159902	0
14270	-0.0608598	-0.118139	0
14280	-0.025056	-0.359378	0
14290	0.0114532	-0.555316	0
14300	0.0466106	-0.701866	0
14310	0.0784374	-0.799077	0
14320	0.105199	-0.850509	0
14330	0.125512	-0.862364	0
14340	0.138388	-0.842475	0
14350	0.143283	-0.799257	0
14360	0.140112	-0.74074	0
14370	0.129294	-0.673789	0
14380	0.111649	-0.603581	0
14390	0.0883681	-0.533347	0
14400	0.0609403	-0.464411	0
14410	0.0310399	-0.396473	0
14420	0.000422594	-0.328097	0
14430	-0.0291954	-0.257314	0
14440	-0.0562053	-0.182261	0
14450	-0.0792542	-0.101766	0
14460	-0.0972351	-0.0158105	0
14470	-0.109414	0.0741936	0
14480	-0.115425	0.165341	0
14490	-0.115268	0.253418	0
14500	-0.109298	0.333295	0
14510	-0.0981864	0.399465	0
14520	-0.0828406	0.446693	0
14530	-0.064354	0.470686	0
14540	-0.0438957	0.468698	0
14550	-0.0226471	0.439996	0
14560	-0.00172185	0.386118	0
14570	0.0178872	0.310885	0
14580	0.0353567	0.220165	0
14590	0.0500831	0.121383	0
14600	0.0617441	0.0228455	0
14610	0.0699841	-0.0670614	0
14620	0.07466	-0.140727	0
14630	0.075954	-0.192113	0
14640	0.0740857	-0.217416	0
14650	0.0693244	-0.215505	0
14660	0.0619514	-0.188094	0
14670	0.0522561	-0.139604	0
14680	0.0405124	-0.0767332	0
14690	0.0269563	-0.00777441	0
14700	0.0118246	0.0582647	0
14710	-0.00464458	0.112645	0
14720	-0.0221686	0.147897	0
14730	-0.0404095	0.158695	0
14740	-0.0589478	0.142535	0
14750	-0.0773061	0.100131	0
14760	-0.0947389	0.0354611	0
14770	-0.110486	-0.0445221	0
14780	-0.123719	-0.130513	0
14790	-0.133537	-0.211767	0
14800	-0.139025	-0.277204	0
14810	-0.139297	-0.31661	0
14820	-0.133585	-0.32179	0
14830	-0.121321	-0.287579	0
14840	-0.102212	-0.212582	0
14850	-0.0762968	-0.0995603	0
14860	-0.0440037	0.0445896	0
14870	-0.0061768	0.209279	0
14880	0.0359172	0.38107	0
14890	0.080618	0.544844	0
14900	0.125932	0.685209	0
14910	0.169622	0.788001	0
14920	0.209316	0.841703	0
14930	0.242656	0.838666	0
14940	0.267439	0.776012	0
14950	0.281772	0.656114	0
14960	0.284211	0.486593	0
14970	0.273892	0.279809	0
14980	0.250623	0.0518772	0
14990	0.214932	-0.1787	0
15000	0.168072	-0.392684	0
15010	0.111979	-0.571875	0
15020	0.0491967	-0.70085	0
15030	-0.017293	-0.768486	0
15040	-0.0842045	-0.769127	0
15050	-0.148126	-0.703265	0
15060	-0.205765	-0.577659	0
15070	-0.254135	-0.404868	0
15080	-0.290702	-0.202218	0
15090	-0.313655	0.00972019	0
15100	-0.321859	0.209001	0
15110	-0.315092	0.374364	0
15120	-0.294029	0.487307	0
15130	-0.26012	0.533955	0
15140	-0.215538	0.506562	0
15150	-0.163021	0.404487	0
15160	-0.105718	0.234529	0
15170	-0.0469367	0.0105947	0
15180	0.0100647	-0.247324	0
15190	0.0622891	-0.514759	0
15200	0.107184	-0.764846	0
15210	0.142796	-0.970696	0
15220	0.167877	-1.10785	0
15230	0.181944	-1.15662	0
15240	0.185273	-1.10403	0
15250	0.178821	-0.945294	0
15260	0.164164	-0.6846	0
15270	0.143278	-0.335133	0
15280	0.118468	0.0816608	0
15290	0.0921445	0.537573	0
15300	0.0665755	0.999723	0
15310	0.0437898	1.43312	0
15320	0.0253785	1.80351	0
15330	0.01238	2.08015	0
15340	0.00527156	2.23843	0
15350	0.00396434	2.26187	0
15360	0.00771042	2.14367	0
15370	0.0153201	1.88731	0
15380	0.0252652	1.50647	0
15390	0.0358041	1.02411	0
15400	0.0451059	0.470881	0
15410	0.051449	-0.117133	0
15420	0.0533371	-0.701085	0
15430	0.0497272	-1.24226	0
15440	0.039963	-1.70498	0
15450	0.0239123	-2.05918	0
15460	0.00214071	-2.28271	0
15470	-0.0243986	-2.3628	0
15480	-0.0542622	-2.29691	0
15490	-0.0856626	-2.09278	0
15500	-0.116685	-1.76769	0
15510	-0.145351	-1.34689	0
15520	-0.169614	-0.861636	0
15530	-0.187562	-0.346697	0
15540	-0.197748	0.162282	0
15550	-0.19928	0.631375	0
15560	-0.191703	1.03076	0
15570	-0.175064	1.33667	0
15580	-0.149968	1.53284	0
15590	-0.117511	1.61125	0
15600	-0.0791568	1.57235	0
15610	-0.0367074	1.42453	0
15620	0.00785504	1.18312	0
15630	0.0524838	0.868885	0
15640	0.095193	0.506287	0
15650	0.134146	0.121513	0
15660	0.167762	-0.259439	0
15670	0.194792	-0.612537	0
15680	0.214351	-0.917223	0
15690	0.22594	-1.15754	0
15700	0.229396	-1.32284	0
15710	0.224968	-1.40805	0
15720	0.213211	-1.4135	0
15730	0.194929	-1.3444	0
15740	0.171106	-1.20998	0
15750	0.14284	-1.02246	0
15760	0.111263	-0.795908	0
15770	0.077501	-0.545155	0
15780	0.0426162	-0.284748	0
15790	0.00757747	-0.0280983	0
15800	-0.0267499	0.213163	0
15810	-0.0596122	0.429605	0
15820	-0.0903503	0.61421	0
15830	-0.118386	0.762379	0
15840	-0.14321	0.87175	0
15850	-0.164347	0.941912	0
15860	-0.181342	0.974069	0
15870	-0.19375	0.970685	0
15880	-0.201149	0.935162	0
15890	-0.203152	0.871556	0
15900	-0.199435	0.784358	0
15910	-0.189761	0.678332	0
15920	-0.174062	0.558398	0
15930	-0.152466	0.429544	0
15940	-0.125342	0.296754	0
15950	-0.0933675	0.164901	0
15960	-0.0574836	0.0386296	0
15970	-0.0189004	-0.0777991	0
15980	0.0208499	-0.180684	0
15990	0.0600554	-0.26708	0
16000	0.0969482	-0.334985	0
16010	0.129679	-0.383501	0
16020	0.156475	-0.412929	0
16030	0.175766	-0.424784	0
16040	0.1863	-0.421703	0
16050	0.187236	-0.407231	0
16060	0.178239	-0.385528	0
16070	0.159525	-0.360982	0
16080	0.131864	-0.337772	0
16090	0.096582	-0.319416	0
16100	0.0555235	-0.308345	0
16110	0.0109577	-0.305573	0
16120	-0.0345572	-0.310493	0
16130	-0.0783079	-0.320845	0
16140	-0.1176	-0.332872	0
16150	-0.149945	-0.341667	0
16160	-0.173197	-0.341672	0
16170	-0.185713	-0.327308	0
16180	-0.18646	-0.293644	0
16190	-0.175098	-0.237071	0
16200	-0.152004	-0.155889	0
16210	-0.118274	-0.0507358	0
16220	-0.07565	0.0751712	0
16230	-0.0264363	0.216063	0
16240	0.0266461	0.363907	0
16250	0.0806165	0.508952	0
16260	0.132429	0.640483	0
16270	0.179164	0.747737	0
16280	0.218135	0.820887	0
16290	0.247172	0.852047	0
16300	0.264727	0.836169	0
16310	0.269828	0.771741	0
16320	0.262178	0.661241	0
16330	0.242007	0.511152	0
16340	0.210398	0.331581	0
16350	0.168949	0.135621	0
16360	0.119654	-0.0616649	0
16370	0.0648379	-0.244537	0
16380	0.00705779	-0.397943	0
16390	-0.0510653	-0.508877	0
16400	-0.107004	-0.567626	0
16410	-0.158441	-0.568766	0
16420	-0.20334	-0.511813	0
16430	-0.240095	-0.40146	0
16440	-0.267505	-0.247381	0
16450	-0.284973	-0.0636066	0
16460	-0.292263	0.132592	0
16470	-0.289419	0.322104	0
16480	-0.277055	0.485606	0
16490	-0.255962	0.605256	0
16500	-0.227336	0.666317	0
16510	-0.19249	0.658578	0
16520	-0.152841	0.577435	0
16530	-0.109848	0.424521	0
16540	-0.0649348	0.207835	0
16550	-0.019462	-0.0586629	0
16560	0.0251817	-0.356005	0
16570	0.067745	-0.661624	0
16580	0.107145	-0.951076	0
16590	0.142409	-1.19995	0
16600	0.172829	-1.38582	0
16610	0.197758	-1.49007	0
16620	0.216686	-1.49946	0
16630	0.229299	-1.40733	0
16640	0.235459	-1.21423	0
16650	0.235138	-0.92802	0
16660	0.228529	-0.56336	0
16670	0.215875	-0.140724	0
16680	0.197684	0.315073	0
16690	0.174701	0.776673	0
16700	0.147937	1.21615	0
16710	0.118093	1.60699	0
16720	0.086281	1.92598	0
16730	0.0535457	2.15481	0
16740	0.0210778	2.2813	0
16750	-0.00981265	2.30015	0
16760	-0.0380493	2.21294	0
16770	-0.0626702	2.02778	0
16780	-0.082888	1.75823	0
16790	-0.0981425	1.42215	0
16800	-0.108106	1.04019	0
16810	-0.112766	0.634166	0
16820	-0.112497	0.225415	0
16830	-0.107912	-0.166708	0
16840	-0.0998918	-0.52602	0
16850	-0.0894875	-0.840431	0
16860	-0.0779469	-1.10243	0
16870	-0.0665342	-1.30907	0
16880	-0.0564544	-1.46159	0
16890	-0.0487847	-1.56464	0
16900	-0.0443129	-1.62531	0
16910	-0.0435483	-1.65195	0
16920	-0.0466478	-1.65302	0
16930	-0.0533892	-1.63595	0
16940	-0.0631771	-1.60631	0
16950	-0.0750709	-1.56716	0
16960	-0.0878447	-1.51886	0
16970	-0.100082	-1.45917	0
16980	-0.110263	-1.38374	0
16990	-0.116857	-1.28683	0
17000	-0.118443	-1.16222	0
17010	-0.113863	-1.00432	0
17020	-0.102347	-0.80917	0
17030	-0.0835733	-0.575439	0
17040	-0.0576917	-0.305055	0
17050	-0.0253569	-0.00362373	0
17060	0.0122748	0.31953	0
17070	0.0536038	0.651694	0
17080	0.0966661	0.977501	0
17090	0.139248	1.27996	0
17100	0.179029	1.54172	0
17110	0.213726	1.74652	0
17120	0.241247	1.88057	0
17130	0.25983	1.93384	0
17140	0.268123	1.90111	0
17150	0.265342	1.7826	0
17160	0.251303	1.5842	0
17170	0.226425	1.31729	0
17180	0.191708	0.997968	0
17190	0.148699	0.646006	0
17200	0.0993944	0.283409	0
17210	0.0461647	-0.0671979	0
17220	-0.00849047	-0.384284	0
17230	-0.0620649	-0.649055	0
17240	-0.112097	-0.84689	0
17250	-0.156417	-0.968441	0
17260	-0.193236	-1.0103	0
17270	-0.22123	-0.975178	0
17280	-0.239573	-0.871545	0
17290	-0.247977	-0.712794	0
17300	-0.246745	-0.516012	0
17310	-0.236652	-0.30046	0
17320	-0.21888	-0.0859103	0
17330	-0.194971	0.109026	0
17340	-0.166653	0.26842	0
17350	-0.135444	0.380287	0
17360	-0.10309	0.437512	0
17370	-0.0711291	0.438303	0
17380	-0.0408251	0.386142	0
17390	-0.0131782	0.289268	0
17400	0.0111221	0.159741	0
17410	0.031767	0.0121794	0
17420	0.048649	-0.137652	0
17430	0.0619964	-0.27441	0
17440	0.072173	-0.384699	0
17450	0.0796867	-0.458358	0
17460	0.0850801	-0.48939	0
17470	0.0888335	-0.476407	0
17480	0.091222	-0.422603	0
17490	0.0926426	-0.335287	0
17500	0.0934349	-0.225048	0
17510	0.0938821	-0.104598	0
17520	0.0941727	0.0126062	0
17530	0.0943793	0.113756	0
17540	0.094484	0.188043	0
17550	0.0943661	0.227755	0
17560	0.093825	0.22902	0
17570	0.0925972	0.192241	0
17580	0.090409	0.122121	0
17590	0.0869981	0.0271765	0
17600	0.0821398	-0.0810761	0
17610	0.0756726	-0.189235	0
17620	0.0675145	-0.283341	0
17630	0.0576742	-0.350286	0
17640	0.046254	-0.379157	0
17650	0.033444	-0.362396	0
17660	0.0195197	-0.296667	0
17670	0.00483304	-0.1833	0
17680	-0.0103124	-0.0282989	0
17690	-0.0256168	0.157984	0
17700	-0.0406129	0.361639	0
17710	-0.0548949	0.566346	0
17720	-0.0680902	0.754768	0
17730	-0.0798361	0.910079	0
17740	-0.0897831	1.01746	0
17750	-0.0976538	1.06544	0
17760	-0.10328	1.047	0
17770	-0.106515	0.96021	0
17780	-0.107218	0.808541	0
17790	-0.105291	0.600625	0
17800	-0.100731	0.349677	0
17810	-0.0935895	0.0725058	0
17820	-0.0839497	-0.211884	0
17830	-0.0719744	-0.483921	0
17840	-0.0579111	-0.725111	0
17850	-0.0420959	-0.919477	0
17860	-0.0249372	-1.05484	0
17870	-0.00689344	-1.12373	0
17880	0.0115196	-1.12386	0
17890	0.0297535	-1.05817	0
17900	0.0472345	-0.934429	0
17910	0.0633774	-0.764354	0
17920	0.0776002	-0.562481	0
17930	0.0893437	-0.344807	0
17940	0.0980963	-0.127361	0
17950	0.103428	0.075172	0
17960	0.104995	0.250624	0
17970	0.102561	0.390245	0
17980	0.0960261	0.489248	0
17990	0.085442	0.546931	0
18000	0.0710323	0.5664	0
