0	0	0	0
10	1.28595e-15	3.50004e-07	-2.67639e-16
20	4.56995e-12	1.34957e-06	-9.62365e-13
30	3.22892e-11	2.95271e-06	-6.77497e-12
40	7.53897e-11	5.09664e-06	-1.57293e-11
50	1.20323e-10	7.70016e-06	-2.49078e-11
60	1.63891e-10	1.06691e-05	-3.35039e-11
70	2.09318e-10	1.39029e-05	-4.17406e-11
80	2.60491e-10	1.73007e-05	-4.90967e-11
90	3.20926e-10	2.07681e-05	-5.29539e-11
100	3.9634e-10	2.42225e-05	-4.7012e-11
110	4.97381e-10	2.75973e-05	-1.81856e-11
120	6.43407e-10	3.08455e-05	5.85416e-11
130	8.69275e-10	3.394e-05	2.27682e-10
140	1.23617e-09	3.6874e-05	5.63525e-10
150	1.84571e-09	3.96585e-05	1.1837e-09
160	2.85347e-09	4.23191e-05	2.26713e-09
170	4.48227e-09	4.48915e-05	4.07614e-09
180	7.04347e-09	4.74165e-05	6.98049e-09
190	1.09832e-08	4.99346e-05	1.14771e-08
200	1.69012e-08	5.24811e-05	1.82123e-08
210	2.55681e-08	5.50816e-05	2.80004e-08
220	3.79334e-08	5.7749e-05	4.18391e-08
230	5.51244e-08	6.04806e-05	6.09204e-08
240	7.84442e-08	6.32581e-05	8.66283e-08
250	1.09371e-07	6.60472e-05	1.20518e-07
260	1.49537e-07	6.88002e-05	1.64287e-07
270	2.00648e-07	7.14582e-05	2.19721e-07
280	2.6435e-07	7.3955e-05	2.88603e-07
290	3.42147e-07	7.62211e-05	3.7259e-07
300	4.35353e-07	7.81878e-05	4.73147e-07
310	5.44834e-07	7.97921e-05	5.91433e-07
320	6.70772e-07	8.09799e-05	7.28111e-07
330	8.12731e-07	8.17102e-05	8.83323e-07
340	9.69819e-07	8.19569e-05	1.05682e-06
350	1.14105e-06	8.1712e-05	1.24814e-06
360	1.32494e-06	8.09884e-05	1.45663e-06
370	1.51841e-06	7.98191e-05	1.68094e-06
380	1.71811e-06	7.82576e-05	1.91856e-06
390	1.92229e-06	7.63791e-05	2.16697e-06
400	2.13087e-06	7.42792e-05	2.42449e-06
410	2.34397e-06	7.20649e-05	2.69033e-06
420	2.56108e-06	6.9849e-05	2.9638e-06
430	2.7815e-06	6.77451e-05	3.24399e-06
440	3.00597e-06	6.58664e-05	3.53124e-06
450	3.2374e-06	6.43172e-05	3.82898e-06
460	3.47946e-06	6.31957e-05	4.14289e-06
470	3.73669e-06	6.25947e-05	4.48017e-06
480	4.01457e-06	6.26002e-05	4.8495e-06
490	4.31943e-06	6.32896e-05	5.26088e-06
500	4.65825e-06	6.4732e-05	5.72563e-06
510	5.03869e-06	6.69834e-05	6.25597e-06
520	5.46906e-06	7.0084e-05	6.86461e-06
530	5.95813e-06	7.40552e-05	7.56443e-06
540	6.51494e-06	7.88971e-05	8.36806e-06
550	7.14855e-06	8.45872e-05	9.2874e-06
560	7.86798e-06	9.10833e-05	1.03329e-05
570	8.682e-06	9.83258e-05	1.15128e-05
580	9.59844e-06	0.000106233	1.28333e-05
590	1.06238e-05	0.000114705	1.42972e-05
600	1.17627e-05	0.000123624	1.59044e-05
610	1.30178e-05	0.000132862	1.76507e-05
620	1.43891e-05	0.000142287	1.9528e-05
630	1.58737e-05	0.000151769	2.15238e-05
640	1.74659e-05	0.000161186	2.36215e-05
650	1.91565e-05	0.000170434	2.58002e-05
660	2.09332e-05	0.000179427	2.80355e-05
670	2.278e-05	0.000188109	3.02991e-05
680	2.46776e-05	0.000196448	3.256e-05
690	2.66028e-05	0.000204444	3.47843e-05
700	2.85282e-05	0.000212122	3.69349e-05
710	3.04209e-05	0.000219529	3.89701e-05
720	3.22429e-05	0.000226724	4.08442e-05
730	3.39503e-05	0.000233773	4.25069e-05
740	3.54926e-05	0.000240729	4.39036e-05
750	3.68103e-05	0.000247625	4.49744e-05
760	3.7836e-05	0.00025446	4.56544e-05
770	3.84956e-05	0.000261189	4.58747e-05
780	3.87104e-05	0.000267719	4.55648e-05
790	3.84007e-05	0.000273896	4.4655e-05
800	3.74924e-05	0.000279497	4.30835e-05
810	3.59253e-05	0.000284236	4.08033e-05
820	3.36591e-05	0.000287795	3.77882e-05
830	3.06794e-05	0.000289842	3.40377e-05
840	2.70015e-05	0.000290053	2.95803e-05
850	2.26731e-05	0.000288139	2.44757e-05
860	1.77748e-05	0.00028386	1.88145e-05
870	1.24191e-05	0.000277042	1.27176e-05
880	6.74679e-06	0.000267591	6.33229e-06
890	9.2217e-07	0.000255496	-1.71972e-07
900	-4.87364e-06	0.000240837	-6.61068e-06
910	-1.04507e-05	0.000223785	-1.27919e-05
920	-1.56189e-05	0.000204591	-1.85251e-05
930	-2.01976e-05	0.00018358	-2.36302e-05
940	-2.40242e-05	0.000161134	-2.79465e-05
950	-2.69626e-05	0.000137673	-3.1341e-05
960	-2.89105e-05	0.00011363	-3.37147e-05
970	-2.98048e-05	8.94318e-05	-3.50084e-05
980	-2.96251e-05	6.54697e-05	-3.52055e-05
990	-2.83949e-05	4.20798e-05	-3.43325e-05
1000	-2.61808e-05	1.95224e-05	-3.24571e-05
1010	-2.3089e-05	-2.03702e-06	-2.96854e-05
1020	-1.92602e-05	-2.25361e-05	-2.61552e-05
1030	-1.48624e-05	-4.20205e-05	-2.20278e-05
1040	-1.00824e-05	-6.06526e-05	-1.74766e-05
1050	-5.11659e-06	-7.86819e-05	-1.26801e-05
1060	-1.6142e-07	-9.64174e-05	-7.81378e-06
1070	4.59581e-06	-0.000114201	-3.04219e-06
1080	8.98552e-06	-0.00013238	1.48845e-06
1090	1.28631e-05	-0.000151275	5.65569e-06
1100	1.61148e-05	-0.000171152	9.36469e-06
1110	1.86612e-05	-0.000192192	1.25502e-05
1120	2.04604e-05	-0.000214479	1.5177e-05
1130	2.15135e-05	-0.000238013	1.72456e-05
1140	2.1862e-05	-0.000262715	1.87931e-05
1150	2.15715e-05	-0.000288354	1.98738e-05
1160	2.07288e-05	-0.000314534	2.05482e-05
1170	1.94367e-05	-0.000340717	2.08766e-05
1180	1.78097e-05	-0.000366263	2.09154e-05
1190	1.5969e-05	-0.000390476	2.07182e-05
1200	1.40363e-05	-0.00041264	2.03333e-05
1210	1.21278e-05	-0.000432071	1.98021e-05
1220	1.03499e-05	-0.000448149	1.91589e-05
1230	8.79433e-06	-0.000460367	1.84308e-05
1240	7.5343e-06	-0.00046836	1.76372e-05
1250	6.62006e-06	-0.000471931	1.67912e-05
1260	6.07931e-06	-0.000471059	1.59004e-05
1270	5.91998e-06	-0.000465912	1.49738e-05
1280	6.1313e-06	-0.000456841	1.40249e-05
1290	6.68591e-06	-0.000444358	1.30727e-05
1300	7.54238e-06	-0.000429109	1.21409e-05
1310	8.64838e-06	-0.000411831	1.1258e-05
1320	9.94421e-06	-0.000393313	1.04568e-05
1330	1.13658e-05	-0.000374344	9.77187e-06
1340	1.28469e-05	-0.000355681	9.23769e-06
1350	1.43206e-05	-0.000338004	8.88544e-06
1360	1.57221e-05	-0.000321884	8.74027e-06
1370	1.69918e-05	-0.000307747	8.81948e-06
1380	1.80786e-05	-0.000295868	9.13055e-06
1390	1.8941e-05	-0.000286374	9.66898e-06
1400	1.95497e-05	-0.000279245	1.04185e-05
1410	1.98876e-05	-0.000274326	1.1351e-05
1420	1.99479e-05	-0.000271356	1.24269e-05
1430	1.97357e-05	-0.000269984	1.35965e-05
1440	1.92669e-05	-0.0002698	1.48028e-05
1450	1.8567e-05	-0.000270362	1.5983e-05
1460	1.767e-05	-0.000271224	1.70724e-05
1470	1.66169e-05	-0.000271966	1.80079e-05
1480	1.5454e-05	-0.000272205	1.87317e-05
1490	1.42308e-05	-0.00027162	1.91949e-05
1500	1.29985e-05	-0.000269951	1.93606e-05
1510	1.18074e-05	-0.000267007	1.92067e-05
1520	1.07054e-05	-0.000262662	1.87272e-05
1530	9.73574e-06	-0.000256849	1.79331e-05
1540	8.93547e-06	-0.000249552	1.68518e-05
1550	8.33386e-06	-0.000240795	1.55266e-05
1560	7.95156e-06	-0.000230633	1.40141e-05
1570	7.79979e-06	-0.000219144	1.2382e-05
1580	7.87996e-06	-0.000206419	1.07048e-05
1590	8.18374e-06	-0.00019256	9.06086e-06
1600	8.69342e-06	-0.000177677	7.52765e-06
1610	9.38274e-06	-0.000161886	6.17816e-06
1620	1.02182e-05	-0.000145311	5.07709e-06
1630	1.11606e-05	-0.000128085	4.27776e-06
1640	1.21671e-05	-0.000110352	3.81954e-06
1650	1.3193e-05	-9.22674e-05	3.72609e-06
1660	1.41941e-05	-7.39951e-05	4.00449e-06
1670	1.51286e-05	-5.57051e-05	4.64514e-06
1680	1.59589e-05	-3.75668e-05	5.62252e-06
1690	1.66536e-05	-1.97413e-05	6.89672e-06
1700	1.71883e-05	-2.37148e-06	8.41556e-06
1710	1.75467e-05	1.44285e-05	1.01172e-05
1720	1.77212e-05	3.05826e-05	1.1933e-05
1730	1.77126e-05	4.60621e-05	1.37908e-05
1740	1.75295e-05	6.08905e-05	1.56176e-05
1750	1.71878e-05	7.5146e-05	1.73431e-05
1760	1.67091e-05	8.89593e-05	1.89016e-05
1770	1.61192e-05	0.000102507	2.02348e-05
1780	1.54465e-05	0.000115998	2.12935e-05
1790	1.472e-05	0.000129662	2.20385e-05
1800	1.39681e-05	0.000143729	2.24422e-05
1810	1.32165e-05	0.000158406	2.24882e-05
1820	1.24872e-05	0.000173865	2.21719e-05
1830	1.17976e-05	0.000190218	2.14999e-05
1840	1.11597e-05	0.000207507	2.04892e-05
1850	1.05798e-05	0.000225689	1.91665e-05
1860	1.00589e-05	0.000244636	1.75667e-05
1870	9.59232e-06	0.000264129	1.57315e-05
1880	9.17117e-06	0.000283873	1.3707e-05
1890	8.78262e-06	0.000303505	1.15429e-05
1900	8.41121e-06	0.000322614	9.2903e-06
1910	8.03998e-06	0.000340766	7.00035e-06
1920	7.65185e-06	0.00035753	4.72307e-06
1930	7.23102e-06	0.000372505	2.50621e-06
1940	6.76421e-06	0.000385343	3.94499e-07
1950	6.24189e-06	0.000395773	-1.57105e-06
1960	5.65918e-06	0.00040362	-3.35353e-06
1970	5.01654e-06	0.000408813	-4.92059e-06
1980	4.32001e-06	0.000411388	-6.24472e-06
1990	3.58125e-06	0.000411486	-7.30358e-06
2000	2.81715e-06	0.000409343	-8.08034e-06
2010	2.04905e-06	0.000405266	-8.56404e-06
2020	1.30181e-06	0.000399621	-8.74998e-06
2030	6.02483e-07	0.000392796	-8.64006e-06
2040	-2.10728e-08	0.000385186	-8.24317e-06
2050	-5.41702e-07	0.000377159	-7.57539e-06
2060	-9.34457e-07	0.000369037	-6.66005e-06
2070	-1.17801e-06	0.00036108	-5.52756e-06
2080	-1.25591e-06	0.000353474	-4.21499e-06
2090	-1.1576e-06	0.000346322	-2.7653e-06
2100	-8.79134e-07	0.000339652	-1.22619e-06
2110	-4.23636e-07	0.000333418	3.51266e-07
2120	1.98651e-07	0.000327519	1.91435e-06
2130	9.70601e-07	0.000321809	3.41065e-06
2140	1.86878e-06	0.000316122	4.79007e-06
2150	2.86432e-06	0.000310284	6.00695e-06
2160	3.92398e-06	0.000304135	7.022e-06
2170	5.01144e-06	0.00029754	7.80403e-06
2180	6.0887e-06	0.000290401	8.33129e-06
2190	7.11751e-06	0.000282662	8.59241e-06
2200	8.06085e-06	0.000274305	8.58679e-06
2210	8.88427e-06	0.000265354	8.32435e-06
2220	9.55717e-06	0.00025586	7.82484e-06
2230	1.00539e-05	0.000245892	7.11659e-06
2240	1.03548e-05	0.000235529	6.23474e-06
2250	1.04468e-05	0.000224847	5.21931e-06
2260	1.03239e-05	0.000213907	4.11289e-06
2270	9.98754e-06	0.000202751	2.95836e-06
2280	9.44665e-06	0.0001914	1.79663e-06
2290	8.71727e-06	0.000179848	6.64607e-07
2300	7.82213e-06	0.000168077	-4.06388e-07
2310	6.78993e-06	0.000156052	-1.3918e-06
2320	5.65454e-06	0.000143742	-2.27445e-06
2330	4.45387e-06	0.000131126	-3.04451e-06
2340	3.22882e-06	0.000118201	-3.69901e-06
2350	2.02194e-06	0.000104998	-4.24064e-06
2360	8.76167e-07	9.15788e-05	-4.67626e-06
2370	-1.66576e-07	7.80459e-05	-5.01506e-06
2380	-1.06681e-06	6.45337e-05	-5.26664e-06
2390	-1.78894e-06	5.12028e-05	-5.43925e-06
2400	-2.30251e-06	3.82272e-05	-5.53814e-06
2410	-2.58341e-06	2.57787e-05	-5.56427e-06
2420	-2.61483e-06	1.40097e-05	-5.51343e-06
2430	-2.38794e-06	3.03566e-06	-5.37593e-06
2440	-1.90231e-06	-7.08069e-06	-5.13682e-06
2450	-1.16601e-06	-1.63417e-05	-4.77669e-06
2460	-1.95422e-07	-2.48222e-05	-4.27306e-06
2470	9.85269e-07	-3.267e-05	-3.60193e-06
2480	2.34499e-06	-4.01007e-05	-2.73982e-06
2490	3.84713e-06	-4.73858e-05	-1.66627e-06
2500	5.45098e-06	-5.48341e-05	-3.6613e-07
2510	7.11339e-06	-6.27692e-05	1.16828e-06
2520	8.79054e-06	-7.1503e-05	2.93539e-06
2530	1.04396e-05	-8.13087e-05	4.92301e-06
2540	1.20205e-05	-9.23952e-05	7.10759e-06
2550	1.34973e-05	-0.000104885	9.45411e-06
2560	1.48394e-05	-0.000118799	1.19167e-05
2570	1.60223e-05	-0.000134045	1.44396e-05
2580	1.70287e-05	-0.000150419	1.69596e-05
2590	1.7848e-05	-0.000167614	1.94075e-05
2600	1.84766e-05	-0.000185232	2.17119e-05
2610	1.89173e-05	-0.000202815	2.38017e-05
2620	1.91788e-05	-0.000219863	2.56095e-05
2630	1.92741e-05	-0.000235877	2.70747e-05
2640	1.92203e-05	-0.000250385	2.81467e-05
2650	1.90366e-05	-0.000262973	2.87872e-05
2660	1.87432e-05	-0.000273316	2.8972e-05
2670	1.83604e-05	-0.000281195	2.86921e-05
2680	1.79065e-05	-0.000286511	2.79541e-05
2690	1.73981e-05	-0.000289288	2.67802e-05
2700	1.68485e-05	-0.000289669	2.52066e-05
2710	1.62674e-05	-0.000287903	2.32821e-05
2720	1.56613e-05	-0.000284318	2.10663e-05
2730	1.50334e-05	-0.000279305	1.86266e-05
2740	1.43847e-05	-0.000273277	1.60359e-05
2750	1.37145e-05	-0.000266648	1.33694e-05
2760	1.30215e-05	-0.000259795	1.07022e-05
2770	1.23044e-05	-0.000253042	8.10645e-06
2780	1.15636e-05	-0.000246633	5.64918e-06
2790	1.08011e-05	-0.000240728	3.39005e-06
2800	1.0022e-05	-0.000235389	1.37996e-06
2810	9.23394e-06	-0.000230593	-3.40231e-07
2820	8.44789e-06	-0.000226239	-1.7406e-06
2830	7.67705e-06	-0.000222165	-2.80291e-06
2840	6.93752e-06	-0.000218166	-3.5198e-06
2850	6.24703e-06	-0.000214019	-3.89421e-06
2860	5.62371e-06	-0.000209501	-3.93904e-06
2870	5.08511e-06	-0.000204417	-3.67622e-06
2880	4.6471e-06	-0.000198608	-3.13547e-06
2890	4.32292e-06	-0.000191969	-2.35291e-06
2900	4.12219e-06	-0.000184453	-1.36956e-06
2910	4.05003e-06	-0.00017607	-2.29817e-07
2920	4.10656e-06	-0.000166885	1.0199e-06
2930	4.28648e-06	-0.000157004	2.33255e-06
2940	4.57906e-06	-0.000146562	3.66179e-06
2950	4.96829e-06	-0.000135709	4.96309e-06
2960	5.43346e-06	-0.000124595	6.19497e-06
2970	5.95003e-06	-0.000113354	7.32005e-06
2980	6.4907e-06	-0.000102095	8.30602e-06
2990	7.02662e-06	-9.08949e-05	9.12661e-06
3000	7.52891e-06	-7.9793e-05	9.76236e-06
3010	7.97014e-06	-6.87948e-05	1.02012e-05
3020	8.32579e-06	-5.78769e-05	1.04388e-05
3030	8.5753e-06	-4.69957e-05	1.04786e-05
3040	8.70304e-06	-3.6099e-05	1.03313e-05
3050	8.69886e-06	-2.51375e-05	1.00142e-05
3060	8.55845e-06	-1.40762e-05	9.55031e-06
3070	8.28325e-06	-2.90441e-06	8.96693e-06
3080	7.88011e-06	8.35872e-06	8.29383e-06
3090	7.36064e-06	1.96614e-05	7.56163e-06
3100	6.74037e-06	3.09214e-05	6.7998e-06
3110	6.03772e-06	4.20325e-05	6.03488e-06
3120	5.27292e-06	5.28739e-05	5.28881e-06
3130	4.46697e-06	6.33235e-05	4.57757e-06
3140	3.64064e-06	7.32708e-05	3.91023e-06
3150	2.8136e-06	8.26313e-05	3.28851e-06
3160	2.0038e-06	9.13578e-05	2.70681e-06
3170	1.22698e-06	9.94497e-05	2.1529e-06
3180	4.96478e-07	0.000106957	1.60903e-06
3190	-1.7688e-07	0.000113981	1.05351e-06
3200	-7.8461e-07	0.000120668	4.62662e-07
3210	-1.32035e-06	0.000127198	-1.8703e-07
3220	-1.77951e-06	0.000133772	-9.16503e-07
3230	-2.15896e-06	0.000140594	-1.74224e-06
3240	-2.45674e-06	0.00014785	-2.67451e-06
3250	-2.67184e-06	0.000155691	-3.71603e-06
3260	-2.80405e-06	0.000164216	-4.86096e-06
3270	-2.85401e-06	0.000173458	-6.0946e-06
3280	-2.82323e-06	0.000183375	-7.39367e-06
3290	-2.71435e-06	0.000193852	-8.72709e-06
3300	-2.53131e-06	0.0002047	-1.00573e-05
3310	-2.27959e-06	0.000215667	-1.13422e-05
3320	-1.96647e-06	0.000226458	-1.25371e-05
3330	-1.60109e-06	0.00023675	-1.35975e-05
3340	-1.19445e-06	0.000246217	-1.44809e-05
3350	-7.59191e-07	0.000254554	-1.51496e-05
3360	-3.09223e-07	0.000261499	-1.55723e-05
3370	1.40801e-07	0.000266849	-1.57257e-05
3380	5.76166e-07	0.000270483	-1.55959e-05
3390	9.82865e-07	0.00027236	-1.51786e-05
3400	1.34841e-06	0.000272534	-1.44796e-05
3410	1.66263e-06	0.000271139	-1.35142e-05
3420	1.9184e-06	0.000268387	-1.23064e-05
3430	2.11226e-06	0.00026455	-1.08877e-05
3440	2.2448e-06	0.00025994	-9.29535e-06
3450	2.32084e-06	0.000254887	-7.57069e-06
3460	2.34949e-06	0.000249716	-5.75731e-06
3470	2.34373e-06	0.000244727	-3.89917e-06
3480	2.31973e-06	0.000240172	-2.03895e-06
3490	2.29593e-06	0.000236245	-2.16623e-07
3500	2.29196e-06	0.00023307	1.53167e-06
3510	2.32737e-06	0.000230699	3.17437e-06
3520	2.42028e-06	0.000229118	4.68493e-06
3530	2.58611e-06	0.00022825	6.04187e-06
3540	2.83628e-06	0.000227974	7.22859e-06
3550	3.17732e-06	0.000228138	8.23295e-06
3560	3.61009e-06	0.000228575	9.04685e-06
3570	4.1295e-06	0.000229123	9.66571e-06
3580	4.72452e-06	0.000229636	1.00881e-05
3590	5.37866e-06	0.000229997	1.03155e-05
3600	6.07078e-06	0.000230126	1.03519e-05
3610	6.77626e-06	0.000229977	1.02044e-05
3620	7.46841e-06	0.00022954	9.88285e-06
3630	8.12005e-06	0.000228831	9.40019e-06
3640	8.7052e-06	0.000227882	8.77296e-06
3650	9.20069e-06	0.00022673	8.02134e-06
3660	9.58761e-06	0.000225402	7.16932e-06
3670	9.85251e-06	0.00022391	6.24458e-06
3680	9.98831e-06	0.000222236	5.27813e-06
3690	9.99476e-06	0.00022033	4.3037e-06
3700	9.87842e-06	0.000218113	3.35672e-06
3710	9.65234e-06	0.000215479	2.47315e-06
3720	9.33531e-06	0.000212305	1.68796e-06
3730	8.9507e-06	0.000208464	1.03363e-06
3740	8.52506e-06	0.000203839	5.38375e-07
3750	8.08645e-06	0.000198339	2.24368e-07
3760	7.66273e-06	0.000191912	1.06245e-07
3770	7.27984e-06	0.00018456	1.89918e-07
3780	6.96005e-06	0.000176343	4.7166e-07
3790	6.72072e-06	0.000167383	9.37982e-07
3800	6.57344e-06	0.000157858	1.56617e-06
3810	6.52345e-06	0.000147998	2.32523e-06
3820	6.56938e-06	0.000138065	3.17744e-06
3830	6.70348e-06	0.000128337	4.08026e-06
3840	6.91223e-06	0.000119086	4.98873e-06
3850	7.17724e-06	0.000110556	5.85795e-06
3860	7.47649e-06	0.00010294	6.64566e-06
3870	7.78581e-06	9.63648e-05	7.31475e-06
3880	8.08038e-06	9.08735e-05	7.83541e-06
3890	8.33626e-06	8.64227e-05	8.18685e-06
3900	8.53187e-06	8.28806e-05	8.35845e-06
3910	8.64921e-06	8.00353e-05	8.35022e-06
3920	8.67482e-06	7.76095e-05	8.17254e-06
3930	8.60046e-06	7.52817e-05	7.84522e-06
3940	8.42342e-06	7.27111e-05	7.39594e-06
3950	8.14652e-06	6.95661e-05	6.85807e-06
3960	7.77774e-06	6.55515e-05	6.26825e-06
3970	7.32965e-06	6.04349e-05	5.66366e-06
3980	6.81844e-06	5.40679e-05	5.07938e-06
3990	6.26304e-06	4.64015e-05	4.54594e-06
4000	5.68401e-06	3.74937e-05	4.08725e-06
4010	5.10247e-06	2.75088e-05	3.71912e-06
4020	4.53914e-06	1.67085e-05	3.44837e-06
4030	4.01341e-06	5.4351e-06	3.27271e-06
4040	3.54265e-06	-5.9121e-06	3.18133e-06
4050	3.14169e-06	-1.69044e-05	3.15611e-06
4060	2.82235e-06	-2.71143e-05	3.1734e-06
4070	2.59323e-06	-3.61463e-05	3.20615e-06
4080	2.45968e-06	-4.36652e-05	3.22625e-06
4090	2.42382e-06	-4.94196e-05	3.20696e-06
4100	2.48469e-06	-5.32599e-05	3.12514e-06
4110	2.63851e-06	-5.51477e-05	2.96325e-06
4120	2.87886e-06	-5.51578e-05	2.7108e-06
4130	3.19701e-06	-5.34709e-05	2.36531e-06
4140	3.58214e-06	-5.03599e-05	1.93261e-06
4150	4.02155e-06	-4.61686e-05	1.42647e-06
4160	4.50084e-06	-4.12863e-05	8.67838e-07
4170	5.00408e-06	-3.61204e-05	2.83001e-07
4180	5.51413e-06	-3.10683e-05	-2.98497e-07
4190	6.01293e-06	-2.64912e-05	-8.46109e-07
4200	6.48192e-06	-2.26916e-05	-1.33062e-06
4210	6.90241e-06	-1.98955e-05	-1.72633e-06
4220	7.25617e-06	-1.82418e-05	-2.01298e-06
4230	7.52609e-06	-1.77776e-05	-2.1772e-06
4240	7.69684e-06	-1.84607e-05	-2.21341e-06
4250	7.75572e-06	-2.01684e-05	-2.12406e-06
4260	7.6935e-06	-2.2711e-05	-1.91933e-06
4270	7.50504e-06	-2.58497e-05	-1.61608e-06
4280	7.19001e-06	-2.93157e-05	-1.23651e-06
4290	6.75342e-06	-3.28308e-05	-8.06286e-07
4300	6.20586e-06	-3.61255e-05	-3.52459e-07
4310	5.56349e-06	-3.89562e-05	9.86342e-08
4320	4.84776e-06	-4.11177e-05	5.23267e-07
4330	4.08473e-06	-4.24525e-05	9.01978e-07
4340	3.30411e-06	-4.28552e-05	1.22085e-06
4350	2.53817e-06	-4.22736e-05	1.47233e-06
4360	1.82032e-06	-4.07049e-05	1.65551e-06
4370	1.18358e-06	-3.81893e-05	1.77593e-06
4380	6.58904e-07	-3.4802e-05	1.8448e-06
4390	2.73614e-07	-3.0643e-05	1.87784e-06
4400	4.98412e-08	-2.58278e-05	1.89379e-06
4410	3.23398e-09	-2.04779e-05	1.91271e-06
4420	1.41928e-07	-1.47136e-05	1.95412e-06
4430	4.65865e-07	-8.64812e-06	2.03538e-06
4440	9.66541e-07	-2.38393e-06	2.17008e-06
4450	1.62716e-06	3.98869e-06	2.36687e-06
4460	2.42323e-06	1.03918e-05	2.62861e-06
4470	3.3236e-06	1.67584e-05	2.95195e-06
4480	4.29183e-06	2.30308e-05	3.32747e-06
4490	5.28781e-06	2.91582e-05	3.74013e-06
4500	6.26968e-06	3.50953e-05	4.17021e-06
4510	7.1958e-06	4.08013e-05	4.59458e-06
4520	8.02675e-06	4.62398e-05	4.98814e-06
4530	8.72725e-06	5.13803e-05	5.32544e-06
4540	9.26778e-06	5.61995e-05	5.58228e-06
4550	9.62603e-06	6.06844e-05	5.73718e-06
4560	9.78784e-06	6.48347e-05	5.77268e-06
4570	9.74796e-06	6.8666e-05	5.67627e-06
4580	9.50984e-06	7.2211e-05	5.44105e-06
4590	9.08529e-06	7.55204e-05	5.06602e-06
4600	8.49411e-06	7.86625e-05	4.55602e-06
4610	7.76297e-06	8.17202e-05	3.92138e-06
4620	6.92411e-06	8.47873e-05	3.17731e-06
4630	6.01377e-06	8.79621e-05	2.34311e-06
4640	5.07053e-06	9.13408e-05	1.44123e-06
4650	4.13357e-06	9.50102e-05	4.96318e-07
4660	3.24107e-06	9.90397e-05	-4.65719e-07
4670	2.42877e-06	0.000103475	-1.41858e-06
4680	1.72865e-06	0.000108334	-2.33628e-06
4690	1.16787e-06	0.000113602	-3.19368e-06
4700	7.68004e-07	0.000119229	-3.96688e-06
4710	5.44347e-07	0.000125138	-4.63343e-06
4720	5.0575e-07	0.000131224	-5.17252e-06
4730	6.54638e-07	0.000137361	-5.56496e-06
4740	9.87156e-07	0.000143413	-5.79324e-06
4750	1.49362e-06	0.000149242	-5.84157e-06
4760	2.1592e-06	0.000154719	-5.69606e-06
4770	2.96461e-06	0.000159732	-5.34489e-06
4780	3.88699e-06	0.000164195	-4.77871e-06
4790	4.90075e-06	0.000168053	-3.99116e-06
4800	5.97852e-06	0.000171286	-2.97939e-06
4810	7.09202e-06	0.00017391	-1.74487e-06
4820	8.21289e-06	0.000175976	-2.93993e-07
4830	9.31354e-06	0.000177561	1.36111e-06
4840	1.03679e-05	0.000178766	3.20202e-06
4850	1.13519e-05	0.000179704	5.20363e-06
4860	1.22443e-05	0.000180492	7.33394e-06
4870	1.30271e-05	0.000181245	9.55422e-06
4880	1.36858e-05	0.000182063	1.18195e-05
4890	1.42098e-05	0.00018303	1.40794e-05
4900	1.45926e-05	0.000184208	1.62795e-05
4910	1.48319e-05	0.000185635	1.83629e-05
4920	1.49297e-05	0.000187328	2.02719e-05
4930	1.4892e-05	0.000189286	2.19508e-05
4940	1.47285e-05	0.000191495	2.33475e-05
4950	1.44528e-05	0.000193935	2.44161e-05
4960	1.4081e-05	0.000196587	2.51193e-05
4970	1.36321e-05	0.000199437	2.543e-05
4980	1.31264e-05	0.000202483	2.53328e-05
4990	1.25854e-05	0.000205736	2.48255e-05
5000	1.20304e-05	0.000209221	2.39192e-05
5010	1.14817e-05	0.000212973	2.26383e-05
5020	1.0958e-05	0.000217035	2.10199e-05
5030	1.04753e-05	0.000221446	1.91123e-05
5040	1.0046e-05	0.000226239	1.69733e-05
5050	9.67867e-06	0.000231425	1.46677e-05
5060	9.37743e-06	0.000236991	1.22647e-05
5070	9.14185e-06	0.000242888	9.83499e-06
5080	8.96715e-06	0.000249031	7.44807e-06
5090	8.8446e-06	0.000255295	5.16946e-06
5100	8.76214e-06	0.000261514	3.05821e-06
5110	8.70532e-06	0.000267496	1.16488e-06
5120	8.65831e-06	0.000273021	-4.70096e-07
5130	8.60503e-06	0.000277861	-1.8174e-06
5140	8.53041e-06	0.000281791	-2.85932e-06
5150	8.42149e-06	0.000284606	-3.58961e-06
5160	8.26847e-06	0.000286133	-4.01282e-06
5170	8.06557e-06	0.000286244	-4.14322e-06
5180	7.81157e-06	0.000284869	-4.00328e-06
5190	7.51011e-06	0.000281999	-3.62199e-06
5200	7.16959e-06	0.000277693	-3.03304e-06
5210	6.80278e-06	0.000272069	-2.27292e-06
5220	6.42607e-06	0.000265304	-1.37925e-06
5230	6.05841e-06	0.000257616	-3.89247e-07
5240	5.7201e-06	0.000249256	6.61502e-07
5250	5.43133e-06	0.000240488	1.73997e-06
5260	5.21076e-06	0.00023157	2.81623e-06
5270	5.07409e-06	0.000222742	3.86367e-06
5280	5.03275e-06	0.000214208	4.85892e-06
5290	5.0929e-06	0.000206125	5.78161e-06
5300	5.25471e-06	0.000198594	6.61403e-06
5310	5.51208e-06	0.000191661	7.34073e-06
5320	5.85274e-06	0.000185311	7.94832e-06
5330	6.25882e-06	0.000179484	8.42524e-06
5340	6.70781e-06	0.000174075	8.7619e-06
5350	7.17377e-06	0.000168954	8.95084e-06
5360	7.62893e-06	0.000163975	8.98715e-06
5370	8.04538e-06	0.000158995	8.86899e-06
5380	8.39674e-06	0.000153882	8.59831e-06
5390	8.65989e-06	0.00014853	8.18149e-06
5400	8.81642e-06	0.000142868	7.63e-06
5410	8.85396e-06	0.000136857	6.96094e-06
5420	8.76701e-06	0.000130498	6.19716e-06
5430	8.55729e-06	0.000123825	5.36722e-06
5440	8.23377e-06	0.000116894	4.50475e-06
5450	7.81189e-06	0.000109779	3.64716e-06
5460	7.31259e-06	0.00010256	2.83399e-06
5470	6.76087e-06	9.531e-05	2.10484e-06
5480	6.18411e-06	8.80862e-05	1.4971e-06
5490	5.61024e-06	8.09249e-05	1.04353e-06
5500	5.06588e-06	7.38362e-05	7.6991e-07
5510	4.57466e-06	6.6804e-05	6.92938e-07
5520	4.15573e-06	5.97901e-05	8.18488e-07
5530	3.82256e-06	5.27415e-05	1.14043e-06
5540	3.58223e-06	4.55999e-05	1.64008e-06
5550	3.4351e-06	3.83139e-05	2.28631e-06
5560	3.37508e-06	3.08504e-05	3.03662e-06
5570	3.39026e-06	2.32065e-05	3.83883e-06
5580	3.46408e-06	1.54177e-05	4.63366e-06
5590	3.57669e-06	7.56401e-06	5.35783e-06
5600	3.7067e-06	-2.2905e-07	5.94769e-06
5610	3.83299e-06	-7.79365e-06	6.34316e-06
5620	3.9366e-06	-1.49277e-05	6.49173e-06
5630	4.00237e-06	-2.14071e-05	6.35228e-06
5640	4.02036e-06	-2.70018e-05	5.89837e-06
5650	3.98685e-06	-3.14936e-05	5.12084e-06
5660	3.90486e-06	-3.46953e-05	4.02949e-06
5670	3.78411e-06	-3.64685e-05	2.65378e-06
5680	3.64044e-06	-3.67383e-05	1.04233e-06
5690	3.4947e-06	-3.55041e-05	-7.3858e-07
5700	3.37115e-06	-3.28442e-05	-2.60761e-06
5710	3.29582e-06	-2.89178e-05	-4.4723e-06
5720	3.29455e-06	-2.39587e-05	-6.23352e-06
5730	3.39093e-06	-1.82629e-05	-7.79045e-06
5740	3.60427e-06	-1.21703e-05	-9.0457e-06
5750	3.9477e-06	-6.04242e-06	-9.91047e-06
5760	4.42671e-06	-2.37656e-07	-1.03095e-05
5770	5.03823e-06	4.91308e-06	-1.01853e-05
5780	5.77006e-06	9.12963e-06	-9.5015e-06
5790	6.60113e-06	1.2202e-05	-8.24528e-06
5800	7.50212e-06	1.40049e-05	-6.42832e-06
5810	8.43684e-06	1.45056e-05	-4.08676e-06
5820	9.36397e-06	1.37649e-05	-1.27994e-06
5830	1.02392e-05	1.19314e-05	1.91211e-06
5840	1.10176e-05	9.22836e-06	5.39193e-06
5850	1.16561e-05	5.93636e-06	9.0489e-06
5860	1.2116e-05	2.37086e-06	1.27638e-05
5870	1.2365e-05	-1.14137e-06	1.64139e-05
5880	1.23791e-05	-4.28619e-06	1.98776e-05
5890	1.21442e-05	-6.78385e-06	2.30398e-05
5900	1.16566e-05	-8.40724e-06	2.57952e-05
5910	1.09235e-05	-8.99488e-06	2.80525e-05
5920	9.96267e-06	-8.45787e-06	2.97366e-05
5930	8.80155e-06	-6.7804e-06	3.07909e-05
5940	7.47581e-06	-4.01386e-06	3.11776e-05
5950	6.02768e-06	-2.65519e-07	3.08784e-05
5960	4.50383e-06	4.31712e-06	2.98937e-05
5970	2.95317e-06	9.56461e-06	2.82415e-05
5980	1.42466e-06	1.53046e-05	2.59555e-05
5990	-3.48662e-08	2.13798e-05	2.30835e-05
6000	-1.38266e-06	2.76631e-05	1.96852e-05
6010	-2.58168e-06	3.40684e-05	1.583e-05
6020	-3.60183e-06	4.05557e-05	1.15948e-05
6030	-4.42081e-06	4.71316e-05	7.06241e-06
6040	-5.02465e-06	5.38429e-05	2.31984e-06
6050	-5.40763e-06	6.07663e-05	-2.5434e-06
6060	-5.572e-06	6.79937e-05	-7.43635e-06
6070	-5.52723e-06	7.56154e-05	-1.22677e-05
6080	-5.28906e-06	8.37026e-05	-1.6947e-05
6090	-4.87835e-06	9.22916e-05	-2.13851e-05
6100	-4.31982e-06	0.000101371	-2.54958e-05
6110	-3.6408e-06	0.000110872	-2.91969e-05
6120	-2.86994e-06	0.000120668	-3.24113e-05
6130	-2.03613e-06	0.000130573	-3.50691e-05
6140	-1.1675e-06	0.000140356	-3.71086e-05
6150	-2.90502e-07	0.000149748	-3.84787e-05
6160	5.70655e-07	0.000158465	-3.91404e-05
6170	1.39462e-06	0.000166227	-3.90683e-05
6180	2.16318e-06	0.000172778	-3.82525e-05
6190	2.86146e-06	0.000177906	-3.66996e-05
6200	3.47796e-06	0.00018146	-3.44332e-05
6210	4.00451e-06	0.000183363	-3.1495e-05
6220	4.43598e-06	0.000183619	-2.79437e-05
6230	4.77032e-06	0.000182318	-2.38541e-05
6240	5.00829e-06	0.000179624	-1.93161e-05
6250	5.15325e-06	0.000175773	-1.44318e-05
6260	5.21093e-06	0.000171053	-9.3129e-06
6270	5.18909e-06	0.000165789	-4.07736e-06
6280	5.09724e-06	0.000160322	1.15408e-06
6290	4.9462e-06	0.000154987	6.26168e-06
6300	4.74764e-06	0.000150095	1.11304e-05
6310	4.51366e-06	0.000145917	1.56535e-05
6320	4.25622e-06	0.000142671	1.97356e-05
6330	3.98666e-06	0.000140511	2.32958e-05
6340	3.71528e-06	0.00013953	2.62693e-05
6350	3.45078e-06	0.000139755	2.86096e-05
6360	3.19999e-06	0.00014116	3.02892e-05
6370	2.96754e-06	0.000143671	3.12995e-05
6380	2.75578e-06	0.00014718	3.16504e-05
6390	2.56471e-06	0.000151557	3.13693e-05
6400	2.39225e-06	0.000156661	3.04993e-05
6410	2.23453e-06	0.000162353	2.90974e-05
6420	2.08639e-06	0.000168504	2.72313e-05
6430	1.94199e-06	0.000174997	2.49776e-05
6440	1.79546e-06	0.000181734	2.24184e-05
6450	1.64161e-06	0.000188628	1.96386e-05
6460	1.47657e-06	0.000195606	1.67233e-05
6470	1.29841e-06	0.000202599	1.37549e-05
6480	1.10755e-06	0.000209539	1.08107e-05
6490	9.07048e-07	0.000216354	7.96108e-06
6500	7.02632e-07	0.000222958	5.26744e-06
6510	5.02501e-07	0.00022926	2.78079e-06
6520	3.16925e-07	0.000235157	5.40685e-07
6530	1.5767e-07	0.000240541	-1.42541e-06
6540	3.72482e-08	0.000245306	-3.10231e-06
6550	-3.19091e-08	0.000249358	-4.48687e-06
6560	-3.83154e-08	0.000252623	-5.58726e-06
6570	2.7742e-08	0.000255059	-6.42191e-06
6580	1.73374e-07	0.00025666	-7.01803e-06
6590	4.02461e-07	0.000257469	-7.40986e-06
6600	7.15241e-07	0.000257573	-7.63674e-06
6610	1.10811e-06	0.000257105	-7.74088e-06
6620	1.57364e-06	0.000256236	-7.76513e-06
6630	2.10091e-06	0.000255166	-7.75075e-06
6640	2.676e-06	0.000254107	-7.73529e-06
6650	3.28275e-06	0.000253268	-7.75067e-06
6660	3.9036e-06	0.000252835	-7.82164e-06
6670	4.52035e-06	0.000252958	-7.96474e-06
6680	5.11519e-06	0.000253728	-8.18748e-06
6690	5.67199e-06	0.000255173	-8.48801e-06
6700	6.17722e-06	0.000257247	-8.85532e-06
6710	6.62047e-06	0.00025983	-9.27011e-06
6720	6.99487e-06	0.000262734	-9.70609e-06
6730	7.29726e-06	0.000265715	-1.01317e-05
6740	7.52805e-06	0.000268491	-1.05121e-05
6750	7.69088e-06	0.000270762	-1.08116e-05
6760	7.79221e-06	0.000272236	-1.09955e-05
6770	7.84054e-06	0.000272652	-1.10328e-05
6780	7.84577e-06	0.000271804	-1.08976e-05
6790	7.81831e-06	0.000269562	-1.05708e-05
6800	7.7684e-06	0.00026588	-1.00416e-05
6810	7.70539e-06	0.000260812	-9.30743e-06
6820	7.63726e-06	0.000254503	-8.37441e-06
6830	7.57019e-06	0.000247187	-7.25669e-06
6840	7.50843e-06	0.00023917	-5.97542e-06
6850	7.45432e-06	0.000230806	-4.55735e-06
6860	7.40847e-06	0.000222474	-3.03308e-06
6870	7.37012e-06	0.00021455	-1.43514e-06
6880	7.33757e-06	0.000207379	2.03891e-07
6890	7.30871e-06	0.000201247	1.85316e-06
6900	7.28148e-06	0.000196361	3.48535e-06
6910	7.25418e-06	0.000192835	5.07779e-06
6920	7.2256e-06	0.000190683	6.61254e-06
6930	7.19552e-06	0.000189815	8.07667e-06
6940	7.1647e-06	0.00019005	9.46205e-06
6950	7.13487e-06	0.000191132	1.07647e-05
6960	7.10856e-06	0.000192749	1.19837e-05
6970	7.08871e-06	0.000194565	1.312e-05
6980	7.07819e-06	0.000196241	1.41751e-05
6990	7.07925e-06	0.000197469	1.51497e-05
7000	7.09322e-06	0.000197994	1.6043e-05
7010	7.1201e-06	0.000197634	1.68521e-05
7020	7.15857e-06	0.000196291	1.75714e-05
7030	7.20583e-06	0.00019396	1.81931e-05
7040	7.25767e-06	0.000190721	1.87077e-05
7050	7.30868e-06	0.000186732	1.91051e-05
7060	7.35272e-06	0.000182211	1.93753e-05
7070	7.38367e-06	0.000177411	1.95105e-05
7080	7.39604e-06	0.000172596	1.95055e-05
7090	7.38543e-06	0.000168015	1.9359e-05
7100	7.34907e-06	0.000163876	1.90753e-05
7110	7.2862e-06	0.000160335	1.86637e-05
7120	7.19837e-06	0.000157476	1.81396e-05
7130	7.0896e-06	0.000155308	1.75233e-05
7140	6.9662e-06	0.000153769	1.68395e-05
7150	6.83651e-06	0.000152733	1.61156e-05
7160	6.71034e-06	0.000152025	1.53798e-05
7170	6.59824e-06	0.000151445	1.46593e-05
7180	6.51063e-06	0.000150784	1.39775e-05
7190	6.45693e-06	0.000149853	1.33527e-05
7200	6.4446e-06	0.0001485	1.27952e-05
7210	6.47842e-06	0.00014663	1.23069e-05
7220	6.55973e-06	0.000144211	1.18799e-05
7230	6.68611e-06	0.000141285	1.14963e-05
7240	6.85113e-06	0.000137963	1.11293e-05
7250	7.04445e-06	0.000134413	1.07443e-05
7260	7.25229e-06	0.000130847	1.03007e-05
7270	7.45816e-06	0.000127498	9.75495e-06
7280	7.64385e-06	0.000124602	9.06332e-06
7290	7.79059e-06	0.000122367	8.18514e-06
7300	7.88037e-06	0.000120958	7.08616e-06
7310	7.89725e-06	0.000120477	5.74151e-06
7320	7.82864e-06	0.000120948	4.1383e-06
7330	7.66623e-06	0.000122317	2.27745e-06
7340	7.40679e-06	0.000124449	1.74779e-07
7350	7.05302e-06	0.00012714	-2.13843e-06
7360	6.61364e-06	0.000130133	-4.61602e-06
7370	6.10298e-06	0.000133138	-7.19848e-06
7380	5.5406e-06	0.000135855	-9.81519e-06
7390	4.95042e-06	0.000137999	-1.23874e-05
7400	4.35955e-06	0.000139328	-1.48318e-05
7410	3.79678e-06	0.000139654	-1.70643e-05
7420	3.29091e-06	0.000138867	-1.90038e-05
7430	2.86907e-06	0.00013694	-2.05761e-05
7440	2.55505e-06	0.000133926	-2.17173e-05
7450	2.3678e-06	0.000129957	-2.23767e-05
7460	2.32019e-06	0.00012523	-2.2519e-05
7470	2.41816e-06	0.000119983	-2.21255e-05
7480	2.66041e-06	0.000114476	-2.11948e-05
7490	3.03844e-06	0.000108968	-1.9742e-05
7500	3.53715e-06	0.000103689	-1.77975e-05
7510	4.13574e-06	9.88239e-05	-1.54046e-05
7520	4.80913e-06	9.44918e-05	-1.26178e-05
7530	5.5294e-06	9.07388e-05	-9.49932e-06
7540	6.26746e-06	8.75324e-05	-6.11714e-06
7550	6.99479e-06	8.47686e-05	-2.5417e-06
7560	7.68506e-06	8.22842e-05	1.15622e-06
7570	8.31534e-06	7.98746e-05	4.90754e-06
7580	8.86731e-06	7.7317e-05	8.64617e-06
7590	9.32787e-06	7.43953e-05	1.23099e-05
7600	9.68927e-06	7.09257e-05	1.58409e-05
7610	9.94913e-06	6.6779e-05	1.91851e-05
7620	1.01102e-05	6.18999e-05	2.22927e-05
7630	1.01797e-05	5.63189e-05	2.51171e-05
7640	1.01681e-05	5.01571e-05	2.76149e-05
7650	1.00885e-05	4.36238e-05	2.97455e-05
7660	9.95483e-06	3.7005e-05	3.14706e-05
7670	9.78114e-06	3.06455e-05	3.27551e-05
7680	9.58053e-06	2.4926e-05	3.35676e-05
7690	9.36443e-06	2.02357e-05	3.38819e-05
7700	9.14205e-06	1.69444e-05	3.3678e-05
7710	8.9202e-06	1.53751e-05	3.29446e-05
7720	8.70324e-06	1.57788e-05	3.16807e-05
7730	8.49333e-06	1.83154e-05	2.98978e-05
7740	8.29072e-06	2.30394e-05	2.76206e-05
7750	8.09422e-06	2.98942e-05	2.48889e-05
7760	7.90162e-06	3.87132e-05	2.17573e-05
7770	7.71015e-06	4.92298e-05	1.82948e-05
7780	7.51686e-06	6.10933e-05	1.45835e-05
7790	7.31895e-06	7.38922e-05	1.07165e-05
7800	7.11387e-06	8.71799e-05	6.7948e-06
7810	6.89942e-06	0.000100504	2.92349e-06
7820	6.67364e-06	0.000113434	-7.92063e-07
7830	6.4346e-06	0.000125588	-4.25078e-06
7840	6.18025e-06	0.000136652	-7.36013e-06
7850	5.90818e-06	0.000146401	-1.00402e-05
7860	5.61535e-06	0.000154702	-1.22274e-05
7870	5.29805e-06	0.000161519	-1.38768e-05
7880	4.95191e-06	0.000166908	-1.49643e-05
7890	4.57201e-06	0.000171004	-1.54877e-05
7900	4.15323e-06	0.000174002	-1.54658e-05
7910	3.69061e-06	0.000176141	-1.49378e-05
7920	3.17989e-06	0.000177677	-1.39607e-05
7930	2.61813e-06	0.000178861	-1.26061e-05
7940	2.00438e-06	0.000179923	-1.09563e-05
7950	1.3403e-06	0.00018105	-9.10049e-06
7960	6.30689e-07	0.000182377	-7.12968e-06
7970	-1.16219e-07	0.000183982	-5.13289e-06
7980	-8.88629e-07	0.000185883	-3.19312e-06
7990	-1.67139e-06	0.000188045	-1.3842e-06
8000	-2.44645e-06	0.000190387	2.31648e-07
8010	-3.19363e-06	0.0001928	1.60538e-06
8020	-3.89152e-06	0.000195158	2.70175e-06
8030	-4.51873e-06	0.000197338	3.49911e-06
8040	-5.05507e-06	0.000199234	3.98847e-06
8050	-5.48288e-06	0.000200768	4.17193e-06
8060	-5.78813e-06	0.000201906	4.06078e-06
8070	-5.96159e-06	0.00020266	3.6734e-06
8080	-5.99955e-06	0.000203088	3.03314e-06
8090	-5.90428e-06	0.000203295	2.16632e-06
8100	-5.68416e-06	0.00020342	1.10069e-06
8110	-5.3535e-06	0.000203625	-1.35844e-07
8120	-4.93205e-06	0.000204082	-1.51593e-06
8130	-4.44402e-06	0.000204954	-3.01303e-06
8140	-3.9169e-06	0.000206381	-4.60126e-06
8150	-3.38003e-06	0.000208464	-6.25486e-06
8160	-2.86304e-06	0.000211253	-7.94756e-06
8170	-2.39422e-06	0.000214736	-9.65185e-06
8180	-1.99906e-06	0.00021884	-1.13384e-05
8190	-1.69881e-06	0.000223426	-1.29755e-05
8200	-1.50942e-06	0.0002283	-1.45297e-05
8210	-1.44071e-06	0.000233223	-1.59656e-05
8220	-1.49589e-06	0.000237922	-1.7247e-05
8230	-1.67137e-06	0.000242111	-1.83383e-05
8240	-1.95681e-06	0.000245511	-1.92056e-05
8250	-2.33588e-06	0.000247863	-1.98189e-05
8260	-2.78723e-06	0.000248953	-2.01534e-05
8270	-3.28535e-06	0.000248626	-2.01913e-05
8280	-3.80179e-06	0.000246794	-1.99231e-05
8290	-4.30659e-06	0.000243449	-1.93484e-05
8300	-4.76963e-06	0.000238661	-1.84765e-05
8310	-5.16196e-06	0.000232578	-1.73256e-05
8320	-5.45701e-06	0.000225413	-1.59223e-05
8330	-5.63168e-06	0.000217438	-1.43001e-05
8340	-5.66714e-06	0.00020896	-1.24969e-05
8350	-5.54941e-06	0.000200305	-1.0553e-05
8360	-5.26964e-06	0.000191798	-8.50831e-06
8370	-4.82416e-06	0.000183737	-6.39965e-06
8380	-4.21441e-06	0.000176378	-4.25855e-06
8390	-3.44661e-06	0.000169918	-2.10925e-06
8400	-2.53142e-06	0.000164477	3.24115e-08
8410	-1.48351e-06	0.000160096	2.15947e-06
8420	-3.2109e-07	0.000156732	4.27323e-06
8430	9.3445e-07	0.000154262	6.38172e-06
8440	2.25894e-06	0.000152491	8.49736e-06
8450	3.62573e-06	0.000151168	1.06337e-05
8460	5.00602e-06	0.000150005	1.2802e-05
8470	6.36909e-06	0.000148701	1.50069e-05
8480	7.68268e-06	0.000146961	1.7243e-05
8490	8.91339e-06	0.000144526	1.94916e-05
8500	1.00273e-05	0.000141192	2.17179e-05
8510	1.09907e-05	0.000136835	2.38698e-05
8520	1.1771e-05	0.000131421	2.58779e-05
8530	1.23379e-05	0.000125019	2.76569e-05
8540	1.26647e-05	0.000117806	2.91089e-05
8550	1.27294e-05	0.000110061	3.01274e-05
8560	1.25168e-05	0.000102152	3.06037e-05
8570	1.20191e-05	9.45221e-05	3.04336e-05
8580	1.12377e-05	8.76639e-05	2.95241e-05
8590	1.01842e-05	8.20881e-05	2.78024e-05
8600	8.88094e-06	7.82928e-05	2.52225e-05
8610	7.36165e-06	7.67292e-05	2.17716e-05
8620	5.67079e-06	7.77686e-05	1.74755e-05
8630	3.86245e-06	8.16723e-05	1.24013e-05
8640	1.99897e-06	8.85673e-05	6.65851e-06
8650	1.49022e-07	9.84276e-05	3.98003e-07
8660	-1.61484e-06	0.000111065	-6.192e-06
8670	-3.21911e-06	0.00012613	-1.28918e-05
8680	-4.59244e-06	0.00014312	-1.94584e-05
8690	-5.66894e-06	0.000161401	-2.56353e-05
8700	-6.39142e-06	0.000180236	-3.11643e-05
8710	-6.71478e-06	0.000198823	-3.57971e-05
8720	-6.608e-06	0.000216332	-3.93081e-05
8730	-6.05619e-06	0.000231959	-4.15051e-05
8740	-5.06234e-06	0.000244973	-4.22386e-05
8750	-3.64735e-06	0.000254756	-4.14116e-05
8760	-1.84924e-06	0.000260832	-3.89864e-05
8770	2.78463e-07	0.0002629	-3.49873e-05
8780	2.66876e-06	0.000260848	-2.95019e-05
8790	5.24441e-06	0.000254769	-2.26775e-05
8800	7.92171e-06	0.000244953	-1.47163e-05
8810	1.06143e-05	0.000231879	-5.86702e-06
8820	1.32372e-05	0.000216186	3.58554e-06
8830	1.57108e-05	0.000198644	1.33326e-05
8840	1.79648e-05	0.000180113	2.30546e-05
8850	1.9941e-05	0.000161499	3.24343e-05
8860	2.15943e-05	0.000143709	4.11688e-05
8870	2.28958e-05	0.000127603	4.89838e-05
8880	2.38338e-05	0.000113954	5.56439e-05
8890	2.44139e-05	0.000103404	6.09622e-05
8900	2.46586e-05	9.64328e-05	6.48062e-05
8910	2.46051e-05	9.33388e-05	6.7102e-05
8920	2.43013e-05	9.42254e-05	6.78346e-05
8930	2.38029e-05	9.90013e-05	6.70461e-05
8940	2.31698e-05	0.00010739	6.48313e-05
8950	2.24616e-05	0.00011895	6.1331e-05
8960	2.17336e-05	0.000133104	5.67231e-05
8970	2.1033e-05	0.000149173	5.12135e-05
8980	2.03959e-05	0.00016642	4.50255e-05
8990	1.98453e-05	0.000184085	3.839e-05
9000	1.939e-05	0.000201433	3.15359e-05
9010	1.90246e-05	0.000217785	2.46814e-05
9020	1.87304e-05	0.000232551	1.80269e-05
9030	1.84777e-05	0.000245258	1.17495e-05
9040	1.82282e-05	0.000255563	5.99836e-06
9050	1.79388e-05	0.000263262	8.93241e-07
9060	1.75657e-05	0.000268291	-3.47672e-06
9070	1.7068e-05	0.000270719	-7.05205e-06
9080	1.64122e-05	0.000270729	-9.80095e-06
9090	1.55753e-05	0.000268607	-1.17165e-05
9100	1.4548e-05	0.000264707	-1.2813e-05
9110	1.33362e-05	0.000259437	-1.31228e-05
9120	1.1962e-05	0.000253228	-1.26924e-05
9130	1.04631e-05	0.000246511	-1.15796e-05
9140	8.89147e-06	0.000239697	-9.85086e-06
9150	7.3103e-06	0.000233163	-7.57939e-06
9160	5.7904e-06	0.000227231	-4.84386e-06
9170	4.40565e-06	0.000222169	-1.7278e-06
9180	3.22813e-06	0.000218177	1.68058e-06
9190	2.32329e-06	0.000215391	5.28871e-06
9200	1.74528e-06	0.000213885	8.99971e-06
9210	1.53284e-06	0.000213669	1.27129e-05
9220	1.70606e-06	0.000214704	1.63248e-05
9230	2.26419e-06	0.0002169	1.97306e-05
9240	3.18512e-06	0.000220131	2.28269e-05
9250	4.42608e-06	0.000224235	2.55139e-05
9260	5.92556e-06	0.000229026	2.76997e-05
9270	7.60636e-06	0.0002343	2.93036e-05
9280	9.3796e-06	0.00023984	3.02598e-05
9290	1.11496e-05	0.000245422	3.05211e-05
9300	1.28189e-05	0.000250821	3.00617e-05
9310	1.42939e-05	0.000255821	2.88797e-05
9320	1.54899e-05	0.000260213	2.6998e-05
9330	1.63354e-05	0.000263813	2.44648e-05
9340	1.67769e-05	0.000266459	2.13522e-05
9350	1.67817e-05	0.000268026	1.77544e-05
9360	1.63394e-05	0.000268436	1.37839e-05
9370	1.54628e-05	0.000267661	9.56787e-06
9380	1.41876e-05	0.000265737	5.24259e-06
9390	1.25696e-05	0.00026276	9.48174e-07
9400	1.06828e-05	0.000258894	-3.17729e-06
9410	8.61432e-06	0.000254364	-7.00336e-06
9420	6.46031e-06	0.000249445	-1.04125e-05
9430	4.32045e-06	0.000244452	-1.3305e-05
9440	2.29251e-06	0.000239718	-1.56021e-05
9450	4.67041e-07	0.000235577	-1.72495e-05
9460	-1.07749e-06	0.000232333	-1.82187e-05
9470	-2.27888e-06	0.000230243	-1.85069e-05
9480	-3.09436e-06	0.000229486	-1.81364e-05
9490	-3.50266e-06	0.000230147	-1.71526e-05
9500	-3.5047e-06	0.000232203	-1.56198e-05
9510	-3.12304e-06	0.000235511	-1.3618e-05
9520	-2.40004e-06	0.00023981	-1.12371e-05
9530	-1.39487e-06	0.000244732	-8.57222e-06
9540	-1.79553e-07	0.000249814	-5.71805e-06
9550	1.16561e-06	0.000254524	-2.76401e-06
9560	2.55698e-06	0.000258297	2.10075e-07
9570	3.91257e-06	0.000260565	3.13739e-06
9580	5.15673e-06	0.000260796	5.96635e-06
9590	6.22423e-06	0.000258535	8.66142e-06
9600	7.06355e-06	0.000253432	1.12028e-05
9610	7.63919e-06	0.000245275	1.35845e-05
9620	7.93282e-06	0.000234007	1.58118e-05
9630	7.94342e-06	0.000219739	1.78977e-05
9640	7.68621e-06	0.000202749	1.98582e-05
9650	7.19072e-06	0.000183471	2.17088e-05
9660	6.49795e-06	0.000162478	2.34593e-05
9670	5.65711e-06	0.000140447	2.51108e-05
9680	4.72193e-06	0.00011813	2.66523e-05
9690	3.74696e-06	9.63027e-05	2.80591e-05
9700	2.78424e-06	7.57321e-05	2.9292e-05
9710	1.88018e-06	5.71277e-05	3.02986e-05
9720	1.07335e-06	4.11063e-05	3.10152e-05
9730	3.92907e-07	2.81605e-05	3.13704e-05
9740	-1.41994e-07	1.86356e-05	3.12904e-05
9750	-5.22034e-07	1.27164e-05	3.07041e-05
9760	-7.46769e-07	1.04238e-05	2.9549e-05
9770	-8.23078e-07	1.16223e-05	2.77777e-05
9780	-7.63249e-07	1.60352e-05	2.53624e-05
9790	-5.82879e-07	2.32685e-05	2.23002e-05
9800	-2.98769e-07	3.28397e-05	1.86156e-05
9810	7.29792e-08	4.42094e-05	1.43624e-05
9820	5.18492e-07	5.6814e-05	9.62341e-06
9830	1.02715e-06	7.0096e-05	4.5085e-06
9840	1.59203e-06	8.3531e-05	-8.49189e-07
9850	2.20972e-06	9.66495e-05	-6.29857e-06
9860	2.87959e-06	0.000109052	-1.16773e-05
9870	3.60267e-06	0.000120417	-1.6819e-05
9880	4.38008e-06	0.000130507	-2.15612e-05
9890	5.21154e-06	0.000139159	-2.57532e-05
9900	6.09382e-06	0.000146286	-2.92623e-05
9910	7.01946e-06	0.000151858	-3.19805e-05
9920	7.97592e-06	0.000155897	-3.38284e-05
9930	8.94523e-06	0.000158464	-3.47584e-05
9940	9.90423e-06	0.000159644	-3.47551e-05
9950	1.08253e-05	0.000159545	-3.38351e-05
9960	1.1678e-05	0.000158286	-3.2044e-05
9970	1.24305e-05	0.000155994	-2.94531e-05
9980	1.30518e-05	0.000152806	-2.61536e-05
9990	1.35146e-05	0.000148865	-2.22516e-05
10000	1.37964e-05	0.000144324	-1.78617e-05
10010	1.38823e-05	0.000139346	-1.31012e-05
10020	1.37662e-05	0.000134104	-8.0855e-06
10030	1.34511e-05	0.000128781	-2.92331e-06
10040	1.29499e-05	0.000123565	2.28586e-06
10050	1.22843e-05	0.000118644	7.45354e-06
10060	1.14832e-05	0.000114202	1.25026e-05
10070	1.05817e-05	0.000110408	1.73667e-05
10080	9.61771e-06	0.000107409	2.19883e-05
10090	8.62999e-06	0.000105323	2.6317e-05
10100	7.65527e-06	0.000104235	3.03064e-05
10110	6.72564e-06	0.000104191	3.39118e-05
10120	5.86644e-06	0.000105197	3.70882e-05
10130	5.09456e-06	0.000107227	3.9789e-05
10140	4.41746e-06	0.000110219	4.19651e-05
10150	3.83299e-06	0.000114093	4.35661e-05
10160	3.32997e-06	0.000118753	4.45417e-05
10170	2.88947e-06	0.0001241	4.48442e-05
10180	2.48684e-06	0.000130043	4.44325e-05
10190	2.09414e-06	0.000136507	4.32758e-05
10200	1.68298e-06	0.000143434	4.13582e-05
10210	1.22734e-06	0.000150793	3.86825e-05
10220	7.06283e-07	0.000158576	3.52737e-05
10230	1.06227e-07	0.00016679	3.11812e-05
10240	-5.77326e-07	0.000175456	2.64801e-05
10250	-1.33884e-06	0.000184592	2.12708e-05
10260	-2.16261e-06	0.000194201	1.56762e-05
10270	-3.02346e-06	0.000204262	9.83883e-06
10280	-3.88824e-06	0.000214711	3.91467e-06
10290	-4.71796e-06	0.000225438	-1.93262e-06
10300	-5.47027e-06	0.000236277	-7.53891e-06
10310	-6.10232e-06	0.000247009	-1.27468e-05
10320	-6.5737e-06	0.000257369	-1.74128e-05
10330	-6.84912e-06	0.000267053	-2.14134e-05
10340	-6.90081e-06	0.000275741	-2.4651e-05
10350	-6.71061e-06	0.000283114	-2.70575e-05
10360	-6.27132e-06	0.000288878	-2.8597e-05
10370	-5.58718e-06	0.00029279	-2.92663e-05
10380	-4.67375e-06	0.000294675	-2.90941e-05
10390	-3.55706e-06	0.000294447	-2.81377e-05
10400	-2.27208e-06	0.000292118	-2.6479e-05
10410	-8.60587e-07	0.000287807	-2.42192e-05
10420	6.31277e-07	0.000281733	-2.1472e-05
10430	2.15568e-06	0.00027421	-1.83575e-05
10440	3.66574e-06	0.000265623	-1.4996e-05
10450	5.11807e-06	0.000256411	-1.15016e-05
10460	6.47458e-06	0.000247034	-7.97799e-06
10470	7.70404e-06	0.000237943	-4.51456e-06
10480	8.78312e-06	0.000229556	-1.18413e-06
10490	9.69675e-06	0.000222226	1.95767e-06
10500	1.04379e-05	0.000216223	4.87184e-06
10510	1.10066e-05	0.000211722	7.53412e-06
10520	1.1409e-05	0.000208796	9.93222e-06
10530	1.16554e-05	0.00020742	1.20623e-05
10540	1.17588e-05	0.000207484	1.39254e-05
10550	1.17332e-05	0.000208807	1.55235e-05
10560	1.15921e-05	0.000211164	1.68577e-05
10570	1.1348e-05	0.000214312	1.79258e-05
10580	1.10113e-05	0.000218013	1.87217e-05
10590	1.05901e-05	0.000222057	1.92354e-05
10600	1.00909e-05	0.000226284	1.94553e-05
10610	9.51933e-06	0.000230594	1.93709e-05
10620	8.88154e-06	0.000234952	1.8976e-05
10630	8.18533e-06	0.00023938	1.8272e-05
10640	7.44137e-06	0.000243954	1.72715e-05
10650	6.66402e-06	0.000248779	1.60006e-05
10660	5.87192e-06	0.000253973	1.45004e-05
10670	5.08802e-06	0.000259639	1.2827e-05
10680	4.33886e-06	0.000265848	1.10504e-05
10690	3.65339e-06	0.000272616	9.25109e-06
10700	3.06133e-06	0.000279893	7.51592e-06
10710	2.59112e-06	0.000287557	5.93285e-06
10720	2.2678e-06	0.000295417	4.58482e-06
10730	2.11089e-06	0.000303226	3.54371e-06
10740	2.13264e-06	0.0003107	2.86465e-06
10750	2.33663e-06	0.000317542	2.5813e-06
10760	2.71696e-06	0.000323471	2.70253e-06
10770	3.25832e-06	0.000328248	3.21075e-06
10780	3.93663e-06	0.000331707	4.06239e-06
10790	4.72057e-06	0.000333767	5.19019e-06
10800	5.57355e-06	0.000334453	6.50738e-06
10810	6.45613e-06	0.000333893	7.91335e-06
10820	7.32867e-06	0.000332316	9.30055e-06
10830	8.15411e-06	0.000330032	1.05619e-05
10840	8.90049e-06	0.000327407	1.15984e-05
10850	9.54322e-06	0.000324828	1.23267e-05
10860	1.00668e-05	0.00032267	1.26852e-05
10870	1.04656e-05	0.000321257	1.2639e-05
10880	1.07449e-05	0.000320827	1.21836e-05
10890	1.09193e-05	0.000321509	1.13456e-05
10900	1.10125e-05	0.000323304	1.01816e-05
10910	1.10545e-05	0.00032608	8.77536e-06
10920	1.10794e-05	0.000329577	7.23231e-06
10930	1.1122e-05	0.000333434	5.67244e-06
10940	1.1215e-05	0.000337207	4.22224e-06
10950	1.13856e-05	0.000340419	3.00582e-06
10960	1.1653e-05	0.000342593	2.136e-06
10970	1.2026e-05	0.000343305	1.70614e-06
10980	1.25019e-05	0.000342217	1.78325e-06
10990	1.3066e-05	0.000339119	2.40264e-06
11000	1.36918e-05	0.000333945	3.56501e-06
11010	1.43434e-05	0.000326793	5.2364e-06
11020	1.49772e-05	0.000317913	7.35017e-06
11030	1.55454e-05	0.000307696	9.81124e-06
11040	1.59997e-05	0.000296641	1.25024e-05
11050	1.62953e-05	0.000285313	1.52922e-05
11060	1.63946e-05	0.000274297	1.80438e-05
11070	1.62709e-05	0.000264146	2.06244e-05
11080	1.59115e-05	0.000255329	2.29134e-05
11090	1.53191e-05	0.000248194	2.48106e-05
11100	1.45132e-05	0.000242931	2.62415e-05
11110	1.35294e-05	0.000239559	2.71619e-05
11120	1.24177e-05	0.000237917	2.75584e-05
11130	1.12387e-05	0.000237684	2.7448e-05
11140	1.00605e-05	0.000238403	2.6874e-05
11150	8.95322e-06	0.000239529	2.59011e-05
11160	7.98355e-06	0.000240477	2.4608e-05
11170	7.20961e-06	0.000240682	2.30811e-05
11180	6.67732e-06	0.000239657	2.14073e-05
11190	6.41734e-06	0.000237038	1.96668e-05
11200	6.44262e-06	0.000232621	1.79272e-05
11210	6.74741e-06	0.000226387	1.62401e-05
11220	7.30762e-06	0.000218512	1.46395e-05
11230	8.08265e-06	0.000209354	1.31426e-05
11240	9.018e-06	0.000199426	1.17517e-05
11250	1.00491e-05	0.000189356	1.04581e-05
11260	1.11057e-05	0.000179826	9.24706e-06
11270	1.21174e-05	0.000171506	8.10313e-06
11280	1.3018e-05	0.000164995	7.01574e-06
11290	1.37506e-05	0.000160753	5.98402e-06
11300	1.42715e-05	0.000159051	5.02055e-06
11310	1.45528e-05	0.000159939	4.15338e-06
11320	1.45847e-05	0.000163224	3.42623e-06
11330	1.43753e-05	0.000168481	2.89656e-06
11340	1.39498e-05	0.000175075	2.63172e-06
11350	1.33485e-05	0.000182213	2.70333e-06
11360	1.26228e-05	0.000189004	3.18034e-06
11370	1.18318e-05	0.000194537	4.12121e-06
11380	1.1037e-05	0.000197964	5.56613e-06
11390	1.02978e-05	0.000198573	7.52986e-06
11400	9.66712e-06	0.000195864	9.99595e-06
11410	9.18732e-06	0.000189601	1.2913e-05
11420	8.88744e-06	0.000179846	1.61931e-05
11430	8.78137e-06	0.000166971	1.97137e-05
11440	8.86727e-06	0.000151636	2.33217e-05
11450	9.12836e-06	0.000134753	2.68403e-05
11460	9.53479e-06	0.000117418	3.00788e-05
11470	1.00465e-05	0.000100831	3.28434e-05
11480	1.0617e-05	8.62003e-05	3.49496e-05
11490	1.11973e-05	7.46487e-05	3.62341e-05
11500	1.17397e-05	6.71184e-05	3.65666e-05
11510	1.22024e-05	6.42926e-05	3.58594e-05
11520	1.25519e-05	6.6535e-05	3.40755e-05
11530	1.27658e-05	7.38539e-05	3.12323e-05
11540	1.2834e-05	8.58947e-05	2.74038e-05
11550	1.27587e-05	0.000101962	2.27174e-05
11560	1.25537e-05	0.000121068	1.73484e-05
11570	1.22424e-05	0.000142007	1.15109e-05
11580	1.1855e-05	0.000163443	5.44626e-06
11590	1.14254e-05	0.000184014	-5.90752e-07
11600	1.09867e-05	0.000202431	-6.34627e-06
11610	1.05678e-05	0.000217579	-1.15819e-05
11620	1.01902e-05	0.000228598	-1.60883e-05
11630	9.86515e-06	0.000234943	-1.96964e-05
11640	9.59198e-06	0.00023642	-2.22867e-05
11650	9.35794e-06	0.000233196	-2.37943e-05
11660	9.13884e-06	0.000225772	-2.42108e-05
11670	8.90114e-06	0.000214937	-2.35826e-05
11680	8.60502e-06	0.000201697	-2.20054e-05
11690	8.20831e-06	0.000187188	-1.96157e-05
11700	7.6709e-06	0.00017258	-1.65802e-05
11710	6.95928e-06	0.000158984	-1.30834e-05
11720	6.05077e-06	0.00014736	-9.3146e-06
11730	4.93712e-06	0.000138448	-5.45585e-06
11740	3.62698e-06	0.000132717	-1.67047e-06
11750	2.14714e-06	0.000130333	1.90574e-06
11760	5.42222e-07	0.000131164	5.17082e-06
11770	-1.12714e-06	0.000134803	8.05972e-06
11780	-2.78758e-06	0.00014062	1.05443e-05
11790	-4.35755e-06	0.000147825	1.26302e-05
11800	-5.75284e-06	0.000155549	1.43508e-05
11810	-6.8927e-06	0.000162931	1.57598e-05
11820	-7.70599e-06	0.000169194	1.69217e-05
11830	-8.13698e-06	0.000173717	1.79024e-05
11840	-8.15035e-06	0.000176092	1.87601e-05
11850	-7.73486e-06	0.000176156	1.95373e-05
11860	-6.90537e-06	0.000173998	2.02554e-05
11870	-5.70309e-06	0.000169949	2.09109e-05
11880	-4.19387e-06	0.000164545	2.14753e-05
11890	-2.46467e-06	0.00015847	2.18973e-05
11900	-6.18446e-07	0.000152489	2.21076e-05
11910	1.23239e-06	0.000147375	2.20264e-05
11920	2.97324e-06	0.000143832	2.15719e-05
11930	4.49496e-06	0.00014243	2.06696e-05
11940	5.70127e-06	0.000143545	1.92623e-05
11950	6.51536e-06	0.00014733	1.73178e-05
11960	6.8852e-06	0.000153695	1.48361e-05
11970	6.78717e-06	0.000162314	1.18532e-05
11980	6.22784e-06	0.000172652	8.44278e-06
11990	5.24344e-06	0.000184017	4.71406e-06
12000	3.89739e-06	0.000195612	8.06944e-07
12010	2.27579e-06	0.000206613	-3.11575e-06
12020	4.81458e-07	0.000216232	-6.8784e-06
12030	-1.37329e-06	0.000223792	-1.03043e-05
12040	-3.17444e-06	0.000228777	-1.3228e-05
12050	-4.81411e-06	0.000230878	-1.55071e-05
12060	-6.19776e-06	0.000230015	-1.70334e-05
12070	-7.25036e-06	0.000226345	-1.77412e-05
12080	-7.92099e-06	0.000220242	-1.76129e-05
12090	-8.18558e-06	0.000212267	-1.66816e-05
12100	-8.0476e-06	0.000203118	-1.50298e-05
12110	-7.53671e-06	0.000193571	-1.27844e-05
12120	-6.70548e-06	0.000184419	-1.01087e-05
12130	-5.62444e-06	0.000176408	-7.19151e-06
12140	-4.37594e-06	0.00017018	-4.2345e-06
12150	-3.04727e-06	0.000166226	-1.43804e-06
12160	-1.72357e-06	0.000164857	1.0124e-06
12170	-4.81255e-07	0.000166188	2.95918e-06
12180	6.17717e-07	0.00017014	4.28323e-06
12190	1.53019e-06	0.000176456	4.91214e-06
12200	2.23446e-06	0.000184735	4.82473e-06
12210	2.73108e-06	0.000194477	4.0521e-06
12220	3.04222e-06	0.000205123	2.67508e-06
12230	3.20857e-06	0.000216112	8.17849e-07
12240	3.28465e-06	0.000226921	-1.36142e-06
12250	3.33328e-06	0.000237108	-3.68211e-06
12260	3.41939e-06	0.000246337	-5.95416e-06
12270	3.60395e-06	0.000254394	-7.99125e-06
12280	3.93802e-06	0.000261185	-9.62374e-06
12290	4.45792e-06	0.000266732	-1.07102e-05
12300	5.18144e-06	0.000271143	-1.11468e-05
12310	6.10575e-06	0.00027459	-1.08734e-05
12320	7.20697e-06	0.000277275	-9.87705e-06
12330	8.44149e-06	0.000279393	-8.19174e-06
12340	9.749e-06	0.000281113	-5.8946e-06
12350	1.10569e-05	0.000282547	-3.09951e-06
12360	1.22856e-05	0.000283742	5.18642e-08
12370	1.33552e-05	0.000284679	3.40068e-06
12380	1.41909e-05	0.00028528	6.78239e-06
12390	1.47296e-05	0.000285421	1.00382e-05
12400	1.49249e-05	0.000284962	1.30256e-05
12410	1.47509e-05	0.000283771	1.56275e-05
12420	1.42049e-05	0.000281752	1.77594e-05
12430	1.33081e-05	0.000278872	1.93732e-05
12440	1.21047e-05	0.000275179	2.04588e-05
12450	1.06592e-05	0.000270818	2.10428e-05
12460	9.05209e-06	0.000266031	2.11836e-05
12470	7.37497e-06	0.000261145	2.09657e-05
12480	5.72382e-06	0.00025656	2.0491e-05
12490	4.19293e-06	0.000252712	1.98696e-05
12500	2.8685e-06	0.000250041	1.92107e-05
12510	1.82303e-06	0.000248947	1.8613e-05
12520	1.11074e-06	0.000249753	1.81577e-05
12530	7.6431e-07	0.000252664	1.79022e-05
12540	7.93251e-07	0.00025774	1.78762e-05
12550	1.18396e-06	0.000264879	1.80811e-05
12560	1.90138e-06	0.00027381	1.84903e-05
12570	2.89219e-06	0.000284104	1.90531e-05
12580	4.08915e-06	0.000295197	1.96997e-05
12590	5.41629e-06	0.000306428	2.03482e-05
12600	6.79473e-06	0.000317087	2.09115e-05
12610	8.14828e-06	0.000326468	2.13052e-05
12620	9.40883e-06	0.000333921	2.14553e-05
12630	1.05209e-05	0.000338911	2.13039e-05
12640	1.1445e-05	0.00034106	2.08142e-05
12650	1.216e-05	0.000340182	1.99737e-05
12660	1.26631e-05	0.000336302	1.87946e-05
12670	1.29699e-05	0.00032966	1.7313e-05
12680	1.31116e-05	0.000320699	1.55865e-05
12690	1.31318e-05	0.000310032	1.36892e-05
12700	1.3083e-05	0.0002984	1.17068e-05
12710	1.30211e-05	0.000286619	9.73033e-06
12720	1.30004e-05	0.000275517	7.84899e-06
12730	1.30694e-05	0.000265875	6.14501e-06
12740	1.32671e-05	0.000258362	4.68857e-06
12750	1.36198e-05	0.000253493	3.53393e-06
12760	1.4139e-05	0.000251582	2.71695e-06
12770	1.48204e-05	0.000252724	2.2541e-06
12780	1.56444e-05	0.000256788	2.14305e-06
12790	1.6577e-05	0.000263428	2.36448e-06
12800	1.75724e-05	0.000272112	2.88514e-06
12810	1.85765e-05	0.000282157	3.66177e-06
12820	1.95301e-05	0.000292787	4.64531e-06
12830	2.03734e-05	0.000303189	5.78531e-06
12840	2.10501e-05	0.000312567	7.03374e-06
12850	2.15108e-05	0.000320202	8.34819e-06
12860	2.17168e-05	0.0003255	9.6941e-06
12870	2.1642e-05	0.000328027	1.10459e-05
12880	2.12749e-05	0.000327536	1.23873e-05
12890	2.0619e-05	0.000323975	1.37098e-05
12900	1.96928e-05	0.000317482	1.50114e-05
12910	1.85287e-05	0.000308365	1.62935e-05
12920	1.71707e-05	0.000297078	1.75581e-05
12930	1.5672e-05	0.000284174	1.88043e-05
12940	1.4092e-05	0.000270272	2.00255e-05
12950	1.24926e-05	0.000256008	2.12069e-05
12960	1.09351e-05	0.000241995	2.23241e-05
12970	9.47693e-06	0.00022879	2.33422e-05
12980	8.16899e-06	0.000216865	2.42168e-05
12990	7.05312e-06	0.000206589	2.48954e-05
13000	6.16063e-06	0.000198223	2.53206e-05
13010	5.51122e-06	0.000191915	2.54338e-05
13020	5.11262e-06	0.000187715	2.51797e-05
13030	4.96093e-06	0.000185584	2.45113e-05
13040	5.0415e-06	0.000185416	2.33944e-05
13050	5.3304e-06	0.000187052	2.18129e-05
13060	5.79615e-06	0.0001903	1.97715e-05
13070	6.4016e-06	0.00019495	1.72994e-05
13080	7.10606e-06	0.000200782	1.44507e-05
13090	7.86708e-06	0.000207571	1.13042e-05
13100	8.64223e-06	0.000215089	7.96102e-06
13110	9.39123e-06	0.000223099	4.54121e-06
13120	1.00775e-05	0.000231347	1.1788e-06
13130	1.0669e-05	0.000239561	-1.98441e-06
13140	1.11395e-05	0.000247441	-4.80595e-06
13150	1.14683e-05	0.000254659	-7.15013e-06
13160	1.16411e-05	0.000260865	-8.89546e-06
13170	1.16491e-05	0.000265691	-9.94142e-06
13180	1.14894e-05	0.00026877	-1.02144e-05
13190	1.11648e-05	0.000269756	-9.67214e-06
13200	1.06833e-05	0.00026835	-8.30707e-06
13210	1.00578e-05	0.00026432	-6.14722e-06
13220	9.30587e-06	0.000257536	-3.25599e-06
13230	8.44911e-06	0.000247985	2.70234e-07
13240	7.51282e-06	0.000235791	4.30588e-06
13250	6.52526e-06	0.000221222	8.70157e-06
13260	5.51701e-06	0.000204687	1.32905e-05
13270	4.52012e-06	0.000186727	1.78959e-05
13280	3.56715e-06	0.000167986	2.23379e-05
13290	2.69006e-06	0.000149185	2.64421e-05
13300	1.91899e-06	0.000131077	3.00457e-05
13310	1.28105e-06	0.000114404	3.30046e-05
13320	7.99012e-07	9.98503e-05	3.51984e-05
13330	4.90189e-07	8.79999e-05	3.65353e-05
13340	3.65437e-07	7.92973e-05	3.69546e-05
13350	4.28467e-07	7.4019e-05	3.6429e-05
13360	6.75472e-07	7.22556e-05	3.49649e-05
13370	1.09515e-06	7.39069e-05	3.26022e-05
13380	1.66907e-06	7.86904e-05	2.94118e-05
13390	2.37248e-06	8.61621e-05	2.54934e-05
13400	3.17537e-06	9.57486e-05	2.09714e-05
13410	4.04384e-06	0.000106787	1.59905e-05
13420	4.94169e-06	0.00011857	1.07105e-05
13430	5.83202e-06	0.000130394	5.30032e-06
13440	6.67887e-06	0.000141599	-6.75786e-08
13450	7.44872e-06	0.000151615	-5.22375e-06
13460	8.11183e-06	0.000159985	-1.00077e-05
13470	8.64326e-06	0.000166388	-1.4274e-05
13480	9.02368e-06	0.00017065	-1.78972e-05
13490	9.23982e-06	0.000172735	-2.0777e-05
13500	9.2848e-06	0.00017274	-2.28415e-05
13510	9.15808e-06	0.000170866	-2.40501e-05
13520	8.86527e-06	0.000167393	-2.43941e-05
13530	8.41795e-06	0.000162649	-2.38969e-05
13540	7.83312e-06	0.00015698	-2.26125e-05
13550	7.1327e-06	0.00015072	-2.06217e-05
13560	6.34292e-06	0.00014417	-1.80288e-05
13570	5.49356e-06	0.00013758	-1.49556e-05
13580	4.61717e-06	0.000131146	-1.15359e-05
13590	3.74811e-06	0.000125007	-7.9084e-06
13600	2.92146e-06	0.000119251	-4.21095e-06
13610	2.17183e-06	0.000113936	-5.73661e-07
13620	1.53214e-06	0.000109098	2.88647e-06
13630	1.03225e-06	0.000104777	6.07036e-06
13640	6.97722e-07	0.000101029	8.9005e-06
13650	5.48011e-07	9.7942e-05	1.13232e-05
13660	5.95309e-07	9.56393e-05	1.33094e-05
13670	8.44459e-07	9.42814e-05	1.48537e-05
13680	1.29237e-06	9.4055e-05	1.59725e-05
13690	1.92746e-06	9.5159e-05	1.67008e-05
13700	2.72964e-06	9.77836e-05	1.70886e-05
13710	3.67082e-06	0.000102087	1.71965e-05
13720	4.71611e-06	0.000108168	1.70906e-05
13730	5.8252e-06	0.000116048	1.68385e-05
13740	6.95429e-06	0.000125647	1.65046e-05
13750	8.05865e-06	0.000136776	1.61465e-05
13760	9.09509e-06	0.000149139	1.58123e-05
13770	1.0024e-05	0.000162336	1.55386e-05
13780	1.08119e-05	0.000175888	1.53489e-05
13790	1.14337e-05	0.00018926	1.5254e-05
13800	1.18741e-05	0.000201904	1.52517e-05
13810	1.21282e-05	0.000213294	1.53289e-05
13820	1.22021e-05	0.000222969	1.54623e-05
13830	1.21123e-05	0.000230571	1.56216e-05
13840	1.18847e-05	0.000235882	1.5772e-05
13850	1.15531e-05	0.000238841	1.58775e-05
13860	1.11573e-05	0.000239561	1.59037e-05
13870	1.07407e-05	0.000238324	1.58198e-05
13880	1.03475e-05	0.000235563	1.56009e-05
13890	1.00198e-05	0.000231839	1.52304e-05
13900	9.7958e-06	0.000227793	1.47009e-05
13910	9.70752e-06	0.000224103	1.40153e-05
13920	9.77924e-06	0.00022143	1.31867e-05
13930	1.00248e-05	0.000220364	1.22384e-05
13940	1.04469e-05	0.000221382	1.12028e-05
13950	1.10379e-05	0.000224803	1.012e-05
13960	1.17808e-05	0.000230761	9.03581e-06
13970	1.26499e-05	0.000239189	7.99998e-06
13980	1.36122e-05	0.000249824	7.06373e-06
13990	1.46292e-05	0.000262221	6.27756e-06
14000	1.56586e-05	0.000275788	5.689e-06
14010	1.66562e-05	0.000289822	5.34019e-06
14020	1.75788e-05	0.000303567	5.26639e-06
14030	1.83861e-05	0.000316265	5.49517e-06
14040	1.9042e-05	0.000327215	6.04439e-06
14050	1.95169e-05	0.000335822	6.92039e-06
14060	1.97885e-05	0.000341641	8.11718e-06
14070	1.98425e-05	0.000344408	9.61568e-06
14080	1.96731e-05	0.000344057	1.13838e-05
14090	1.92836e-05	0.000340723	1.33771e-05
14100	1.8686e-05	0.000334728	1.5539e-05
14110	1.79006e-05	0.000326558	1.78032e-05
14120	1.69552e-05	0.000316827	2.00949e-05
14130	1.58836e-05	0.000306229	2.23336e-05
14140	1.47248e-05	0.000295496	2.44359e-05
14150	1.35211e-05	0.000285338	2.63187e-05
14160	1.23167e-05	0.000276407	2.7902e-05
14170	1.11553e-05	0.000269246	2.91126e-05
14180	1.00787e-05	0.000264265	2.98867e-05
14190	9.12477e-06	0.000261717	3.01727e-05
14200	8.32517e-06	0.000261685	2.99339e-05
14210	7.70411e-06	0.000264092	2.91495e-05
14220	7.2768e-06	0.000268709	2.78169e-05
14230	7.0485e-06	0.000275182	2.59514e-05
14240	7.014e-06	0.000283063	2.35869e-05
14250	7.15772e-06	0.00029184	2.07749e-05
14260	7.45447e-06	0.000300979	1.75839e-05
14270	7.87075e-06	0.000309953	1.40966e-05
14280	8.36648e-06	0.000318277	1.04086e-05
14290	8.89719e-06	0.000325531	6.62469e-06
14300	9.41648e-06	0.000331377	2.85578e-06
14310	9.87872e-06	0.000335571	-7.84749e-07
14320	1.02418e-05	0.00033797	-4.18503e-06
14330	1.04698e-05	0.000338521	-7.23853e-06
14340	1.05354e-05	0.00033726	-9.84779e-06
14350	1.04213e-05	0.000334297	-1.19279e-05
14360	1.01223e-05	0.000329801	-1.341e-05
14370	9.64493e-06	0.000323987	-1.42437e-05
14380	9.00756e-06	0.000317097	-1.43999e-05
14390	8.23929e-06	0.000309391	-1.38719e-05
14400	7.37812e-06	0.00030113	-1.26767e-05
14410	6.46859e-06	0.000292573	-1.08549e-05
14420	5.55886e-06	0.000283963	-8.46998e-06
14430	4.69763e-06	0.000275526	-5.60627e-06
14440	3.93087e-06	0.000267464	-2.36669e-06
14450	3.29877e-06	0.000259955	1.131e-06
14460	2.83303e-06	0.000253146	4.75846e-06
14470	2.55472e-06	0.000247152	8.38161e-06
14480	2.47288e-06	0.000242053	1.18659e-05
14490	2.58382e-06	0.000237891	1.50815e-05
14500	2.87141e-06	0.000234664	1.7909e-05
14510	3.30807e-06	0.000232328	2.02437e-05
14520	3.85649e-06	0.00023079	2.2e-05
14530	4.47211e-06	0.000229913	2.31152e-05
14540	5.10595e-06	0.000229515	2.35511e-05
14550	5.7077e-06	0.000229381	2.32962e-05
14560	6.22888e-06	0.000229265	2.2365e-05
14570	6.62584e-06	0.000228911	2.07972e-05
14580	6.86237e-06	0.00022806	1.86557e-05
14590	6.91186e-06	0.000226471	1.60227e-05
14600	6.75875e-06	0.000223935	1.29961e-05
14610	6.39933e-06	0.000220293	9.68497e-06
14620	5.84189e-06	0.000215448	6.20448e-06
14630	5.10608e-06	0.000209372	2.67127e-06
14640	4.2217e-06	0.000202114	-8.00879e-07
14650	3.22702e-06	0.000193795	-4.10499e-06
14660	2.16678e-06	0.000184604	-7.14392e-06
14670	1.08991e-06	0.000174783	-9.83269e-06
14680	4.72416e-08	0.000164611	-1.20998e-05
14690	-9.1081e-07	0.000154383	-1.3888e-05
14700	-1.73635e-06	0.000144387	-1.51539e-05
14710	-2.38591e-06	0.000134885	-1.58675e-05
14720	-2.82213e-06	0.00012609	-1.60114e-05
14730	-3.01506e-06	0.000118154	-1.55796e-05
14740	-2.94321e-06	0.000111157	-1.45766e-05
14750	-2.59412e-06	0.000105104	-1.30168e-05
14760	-1.96476e-06	9.99331e-05	-1.09237e-05
14770	-1.06177e-06	9.5521e-05	-8.32994e-06
14780	9.87855e-08	9.17051e-05	-5.27782e-06
14790	1.49175e-06	8.83024e-05	-1.81939e-06
14800	3.08352e-06	8.51342e-05	1.98297e-06
14810	4.83279e-06	8.2049e-05	6.0561e-06
14820	6.69152e-06	7.89434e-05	1.03158e-05
14830	8.60607e-06	7.57787e-05	1.46669e-05
14840	1.05185e-05	7.25895e-05	1.90041e-05
14850	1.23682e-05	6.94857e-05	2.32134e-05
14860	1.40936e-05	6.66456e-05	2.71745e-05
14870	1.56339e-05	6.43009e-05	3.0764e-05
14880	1.69318e-05	6.27148e-05	3.38597e-05
14890	1.79351e-05	6.21559e-05	3.63455e-05
14900	1.85996e-05	6.28681e-05	3.81168e-05
14910	1.88913e-05	6.50429e-05	3.90862e-05
14920	1.87882e-05	6.87927e-05	3.91885e-05
14930	1.82824e-05	7.41321e-05	3.83866e-05
14940	1.73815e-05	8.09658e-05	3.66744e-05
14950	1.61091e-05	8.90873e-05	3.40806e-05
14960	1.45049e-05	9.81873e-05	3.06691e-05
14970	1.2624e-05	0.000107872	2.65385e-05
14980	1.05351e-05	0.000117691	2.182e-05
14990	8.31791e-06	0.000127171	1.66719e-05
15000	6.06021e-06	0.000135853	1.12743e-05
15010	3.85368e-06	0.000143331	5.82083e-06
15020	1.78974e-06	0.000149286	5.10144e-07
15030	-4.50118e-08	0.000153516	-4.46349e-06
15040	-1.5732e-06	0.000155956	-8.91946e-06
15050	-2.73078e-06	0.000156683	-1.26996e-05
15060	-3.47058e-06	0.000155914	-1.56759e-05
15070	-3.76489e-06	0.00015399	-1.77562e-05
15080	-3.60707e-06	0.000151346	-1.88885e-05
15090	-3.01199e-06	0.000148473	-1.90626e-05
15100	-2.01503e-06	0.000145879	-1.83095e-05
15110	-6.70048e-07	0.000144039	-1.66986e-05
15120	9.53771e-07	0.000143354	-1.43323e-05
15130	2.77596e-06	0.000144111	-1.13395e-05
15140	4.70946e-06	0.00014646	-7.86745e-06
15150	6.66565e-06	0.000150392	-4.07298e-06
15160	8.55933e-06	0.000155738	-1.13624e-07
15170	1.03134e-05	0.000162186	3.86065e-06
15180	1.18629e-05	0.000169302	7.71465e-06
15190	1.3158e-05	0.00017657	1.13336e-05
15200	1.41661e-05	0.00018344	1.46272e-05
15210	1.48723e-05	0.000189379	1.7531e-05
15220	1.52791e-05	0.000193923	2.00065e-05
15230	1.54049e-05	0.000196722	2.20391e-05
15240	1.52807e-05	0.000197583	2.36339e-05
15250	1.49473e-05	0.000196494	2.48115e-05
15260	1.44509e-05	0.000193633	2.56022e-05
15270	1.38395e-05	0.000189367	2.60409e-05
15280	1.3159e-05	0.000184227	2.61615e-05
15290	1.24498e-05	0.000178873	2.59934e-05
15300	1.17443e-05	0.000174044	2.55584e-05
15310	1.10653e-05	0.000170501	2.48691e-05
15320	1.04255e-05	0.000168965	2.39297e-05
15330	9.82775e-06	0.000170057	2.27372e-05
15340	9.26681e-06	0.000174244	2.12845e-05
15350	8.73134e-06	0.000181796	1.95651e-05
15360	8.20666e-06	0.000192759	1.7577e-05
15370	7.67767e-06	0.000206941	1.53273e-05
15380	7.13187e-06	0.000223918	1.28366e-05
15390	6.56197e-06	0.000243063	1.01418e-05
15400	5.96798e-06	0.00026358	7.29802e-06
15410	5.35842e-06	0.000284561	4.37851e-06
15420	4.7507e-06	0.000305048	1.4732e-06
15430	4.17043e-06	0.000324098	-1.31517e-06
15440	3.64976e-06	0.000340851	-3.87615e-06
15450	3.22485e-06	0.000354587	-6.09833e-06
15460	2.93274e-06	0.000364775	-7.87677e-06
15470	2.80807e-06	0.000371111	-9.12026e-06
15480	2.87956e-06	0.000373531	-9.75854e-06
15490	3.16681e-06	0.000372217	-9.74887e-06
15500	3.67793e-06	0.000367578	-9.08033e-06
15510	4.40846e-06	0.000360216	-7.77606e-06
15520	5.34045e-06	0.00035088	-5.8936e-06
15530	6.44308e-06	0.000340414	-3.52291e-06
15540	7.67441e-06	0.000329693	-7.82169e-07
15550	8.98373e-06	0.000319562	2.18844e-06
15560	1.03148e-05	0.000310781	5.23464e-06
15570	1.16096e-05	0.000303977	8.19717e-06
15580	1.28122e-05	0.000299606	1.09214e-05
15590	1.38727e-05	0.000297929	1.3267e-05
15600	1.47503e-05	0.000299007	1.51167e-05
15610	1.54164e-05	0.000302702	1.63832e-05
15620	1.58558e-05	0.0003087	1.70153e-05
15630	1.60678e-05	0.000316538	1.70003e-05
15640	1.6065e-05	0.000325645	1.63644e-05
15650	1.58725e-05	0.000335383	1.51714e-05
15660	1.55242e-05	0.000345093	1.35169e-05
15670	1.50602e-05	0.000354139	1.15226e-05
15680	1.45222e-05	0.000361945	9.32723e-06
15690	1.39498e-05	0.000368027	7.07755e-06
15700	1.33766e-05	0.000372017	4.91823e-06
15710	1.28271e-05	0.000373676	2.98249e-06
15720	1.2314e-05	0.000372898	1.38356e-06
15730	1.18373e-05	0.000369706	2.0775e-07
15740	1.13844e-05	0.000364242	-4.9051e-07
15750	1.0931e-05	0.000356745	-6.91265e-07
15760	1.04439e-05	0.00034753	-4.09114e-07
15770	9.88471e-06	0.000336969	3.09173e-07
15780	9.21373e-06	0.000325461	1.3893e-06
15790	8.39496e-06	0.000313415	2.73591e-06
15800	7.40065e-06	0.000301227	4.24047e-06
15810	6.21554e-06	0.000289264	5.78969e-06
15820	4.84022e-06	0.000277854	7.27405e-06
15830	3.29339e-06	0.000267277	8.59561e-06
15840	1.61258e-06	0.000257756	9.67467e-06
15850	-1.46645e-07	0.000249459	1.04547e-05
15860	-1.9131e-06	0.000242497	1.09053e-05
15870	-3.60389e-06	0.000236927	1.10227e-05
15880	-5.12961e-06	0.00023275	1.08285e-05
15890	-6.40034e-06	0.00022992	1.03659e-05
15900	-7.33221e-06	0.000228345	9.69474e-06
15910	-7.85385e-06	0.00022789	8.88528e-06
15920	-7.91241e-06	0.000228388	8.01099e-06
15930	-7.47844e-06	0.000229637	7.14189e-06
15940	-6.54945e-06	0.000231417	6.33821e-06
15950	-5.15161e-06	0.00023349	5.64529e-06
15960	-3.3395e-06	0.000235616	5.09018e-06
15970	-1.1939e-06	0.000237557	4.68e-06
15980	1.18239e-06	0.000239091	4.4024e-06
15990	3.67044e-06	0.000240024	4.22788e-06
16000	6.14227e-06	0.000240193	4.11376e-06
16010	8.46887e-06	0.000239478	4.00958e-06
16020	1.05285e-05	0.000237807	3.86332e-06
16030	1.22146e-05	0.000235157	3.62784e-06
16040	1.34432e-05	0.000231552	3.26702e-06
16050	1.41581e-05	0.000227062	2.76099e-06
16060	1.43356e-05	0.000221791	2.10998e-06
16070	1.39856e-05	0.00021587	1.33629e-06
16080	1.31519e-05	0.000209445	4.8435e-07
16090	1.19088e-05	0.000202664	-3.81423e-07
16100	1.03573e-05	0.000195662	-1.18074e-06
16110	8.61743e-06	0.000188559	-1.82327e-06
16120	6.82148e-06	0.000181444	-2.21572e-06
16130	5.10464e-06	0.000174375	-2.2695e-06
16140	3.59644e-06	0.000167381	-1.90862e-06
16150	2.4122e-06	0.000160463	-1.0768e-06
16160	1.64561e-06	0.000153602	2.56472e-07
16170	1.36278e-06	0.000146774	2.09174e-06
16180	1.59815e-06	0.000139957	4.39747e-06
16190	2.35263e-06	0.000133148	7.11025e-06
16200	3.59382e-06	0.00012637	1.01375e-05
16210	5.25857e-06	0.000119684	1.33622e-05
16220	7.2574e-06	0.00011319	1.66497e-05
16230	9.48058e-06	0.000107029	1.98562e-05
16240	1.18054e-05	0.000101378	2.28372e-05
16250	1.41041e-05	9.64334e-05	2.54576e-05
16260	1.62519e-05	9.24041e-05	2.75998e-05
16270	1.81347e-05	8.94874e-05	2.91715e-05
16280	1.96554e-05	8.78522e-05	3.01112e-05
16290	2.07398e-05	8.76189e-05	3.0392e-05
16300	2.13401e-05	8.88433e-05	3.00226e-05
16310	2.14371e-05	9.15046e-05	2.90465e-05
16320	2.10396e-05	9.54992e-05	2.75376e-05
16330	2.01833e-05	0.000100642	2.55947e-05
16340	1.89272e-05	0.000106675	2.33341e-05
16350	1.73487e-05	0.000113284	2.08809e-05
16360	1.55388e-05	0.00012012	1.8361e-05
16370	1.35958e-05	0.000126829	1.58928e-05
16380	1.16197e-05	0.000133078	1.35796e-05
16390	9.706e-06	0.000138586	1.15043e-05
16400	7.94133e-06	0.000143149	9.72527e-06
16410	6.39882e-06	0.000146661	8.27382e-06
16420	5.13529e-06	0.000149124	7.15485e-06
16430	4.18947e-06	0.000150653	6.34899e-06
16440	3.58149e-06	0.000151471	5.81694e-06
16450	3.31374e-06	0.000151887	5.50546e-06
16460	3.373e-06	0.000152276	5.35402e-06
16470	3.73316e-06	0.000153042	5.30209e-06
16480	4.3582e-06	0.000154586	5.29605e-06
16490	5.20567e-06	0.000157264	5.29541e-06
16500	6.22987e-06	0.000161352	5.27759e-06
16510	7.38467e-06	0.000167018	5.24086e-06
16520	8.62593e-06	0.000174298	5.20521e-06
16530	9.91308e-06	0.000183084	5.21108e-06
16540	1.12102e-05	0.000193123	5.3162e-06
16550	1.24865e-05	0.000204032	5.59115e-06
16560	1.37155e-05	0.000215319	6.11225e-06
16570	1.48748e-05	0.000226413	6.95375e-06
16580	1.59448e-05	0.00023671	8.18008e-06
16590	1.69073e-05	0.000245614	9.83834e-06
16600	1.7745e-05	0.000252586	1.19519e-05
16610	1.84402e-05	0.000257188	1.45155e-05
16620	1.89753e-05	0.000259123	1.74924e-05
16630	1.93328e-05	0.000258264	2.08138e-05
16640	1.94965e-05	0.000254667	2.43808e-05
16650	1.94527e-05	0.000248579	2.8068e-05
16660	1.91913e-05	0.000240422	3.17287e-05
16670	1.87083e-05	0.000230771	3.52031e-05
16680	1.80067e-05	0.000220322	3.83264e-05
16690	1.70984e-05	0.000209837	4.0938e-05
16700	1.60051e-05	0.000200106	4.28909e-05
16710	1.47582e-05	0.000191884	4.40598e-05
16720	1.33985e-05	0.000185851	4.43482e-05
16730	1.19752e-05	0.000182559	4.3694e-05
16740	1.05434e-05	0.000182404	4.20734e-05
16750	9.16185e-06	0.000185601	3.95013e-05
16760	7.88941e-06	0.000192172	3.60302e-05
16770	6.78142e-06	0.000201952	3.1747e-05
16780	5.88567e-06	0.000214602	2.67679e-05
16790	5.23931e-06	0.000229642	2.12331e-05
16800	4.86598e-06	0.000246483	1.53001e-05
16810	4.77411e-06	0.00026447	9.13739e-06
16820	4.95588e-06	0.00028292	2.91645e-06
16830	5.38729e-06	0.000301171	-3.19452e-06
16840	6.02928e-06	0.000318611	-9.03675e-06
16850	6.83008e-06	0.000334713	-1.44658e-05
16860	7.72842e-06	0.000349053	-1.93554e-05
16870	8.65757e-06	0.000361323	-2.35997e-05
16880	9.54985e-06	0.000371331	-2.71147e-05
16890	1.03414e-05	0.000378996	-2.98386e-05
16900	1.09768e-05	0.000384333	-3.17303e-05
16910	1.14131e-05	0.000387432	-3.2768e-05
16920	1.16231e-05	0.000388437	-3.29475e-05
16930	1.15976e-05	0.000387523	-3.228e-05
16940	1.13462e-05	0.000384876	-3.07901e-05
16950	1.08969e-05	0.000380675	-2.85141e-05
16960	1.0294e-05	0.000375084	-2.54996e-05
16970	9.59537e-06	0.000368245	-2.18042e-05
16980	8.86775e-06	0.000360281	-1.74959e-05
16990	8.18205e-06	0.000351302	-1.26534e-05
17000	7.60783e-06	0.000341417	-7.36626e-06
17010	7.20781e-06	0.000330748	-1.73487e-06
17020	7.03279e-06	0.000319438	4.12844e-06
17030	7.11748e-06	0.000307667	1.00998e-05
17040	7.47737e-06	0.000295653	1.60454e-05
17050	8.10689e-06	0.000283661	2.18233e-05
17060	8.97913e-06	0.000271999	2.72876e-05
17070	1.00471e-05	0.000261006	3.22923e-05
17080	1.12465e-05	0.000251036	3.66964e-05
17090	1.25001e-05	0.000242439	4.03705e-05
17100	1.37227e-05	0.000235534	4.32023e-05
17110	1.4827e-05	0.000230586	4.51031e-05
17120	1.573e-05	0.000227776	4.60132e-05
17130	1.63587e-05	0.000227187	4.59064e-05
17140	1.66555e-05	0.000228783	4.47926e-05
17150	1.65821e-05	0.000232406	4.27198e-05
17160	1.61234e-05	0.000237778	3.97732e-05
17170	1.5288e-05	0.000244509	3.60724e-05
17180	1.41084e-05	0.000252124	3.17672e-05
17190	1.26393e-05	0.000260087	2.70312e-05
17200	1.09541e-05	0.000267839	2.2054e-05
17210	9.14021e-06	0.000274832	1.70327e-05
17220	7.29391e-06	0.000280571	1.21625e-05
17230	5.51397e-06	0.000284647	7.62744e-06
17240	3.89574e-06	0.000286765	3.59228e-06
17250	2.52526e-06	0.000286766	1.94473e-07
17260	1.47415e-06	0.000284638	-2.46154e-06
17270	7.95407e-07	0.000280508	-4.30848e-06
17280	5.20746e-07	0.000274638	-5.31818e-06
17290	6.59474e-07	0.000267396	-5.5014e-06
17300	1.19873e-06	0.000259225	-4.9056e-06
17310	2.10511e-06	0.000250607	-3.61079e-06
17320	3.32762e-06	0.000242021	-1.72373e-06
17330	4.80182e-06	0.000233907	6.29071e-07
17340	6.45449e-06	0.000226632	3.309e-06
17350	8.20826e-06	0.000220457	6.17319e-06
17360	9.98655e-06	0.000215526	9.08188e-06
17370	1.17181e-05	0.000211856	1.1905e-05
17380	1.33408e-05	0.00020934	1.45275e-05
17390	1.48041e-05	0.000207763	1.68541e-05
17400	1.60714e-05	0.000206829	1.88112e-05
17410	1.71201e-05	0.00020619	2.03489e-05
17420	1.79419e-05	0.000205488	2.14411e-05
17430	1.85411e-05	0.000204385	2.20845e-05
17440	1.89329e-05	0.0002026	2.22954e-05
17450	1.91402e-05	0.000199932	2.21078e-05
17460	1.919e-05	0.000196285	2.15687e-05
17470	1.91117e-05	0.000191676	2.07345e-05
17480	1.89363e-05	0.000186224	1.9669e-05
17490	1.86936e-05	0.000180147	1.84408e-05
17500	1.84108e-05	0.000173731	1.71202e-05
17510	1.81103e-05	0.000167314	1.57769e-05
17520	1.78094e-05	0.000161244	1.44779e-05
17530	1.75191e-05	0.000155853	1.32851e-05
17540	1.72446e-05	0.000151425	1.22534e-05
17550	1.69859e-05	0.00014817	1.14301e-05
17560	1.67386e-05	0.000146201	1.08527e-05
17570	1.64957e-05	0.000145532	1.05491e-05
17580	1.62487e-05	0.000146071	1.05364e-05
17590	1.5989e-05	0.000147634	1.08209e-05
17600	1.57094e-05	0.000149961	1.13975e-05
17610	1.54048e-05	0.000152745	1.22501e-05
17620	1.5073e-05	0.000155663	1.33518e-05
17630	1.47145e-05	0.000158403	1.46652e-05
17640	1.43331e-05	0.000160704	1.61435e-05
17650	1.39346e-05	0.000162376	1.77319e-05
17660	1.35267e-05	0.000163321	1.93686e-05
17670	1.31179e-05	0.000163549	2.09875e-05
17680	1.27166e-05	0.000163175	2.25202e-05
17690	1.23304e-05	0.00016241	2.38993e-05
17700	1.19655e-05	0.000161546	2.50606e-05
17710	1.1626e-05	0.000160929	2.59463e-05
17720	1.13141e-05	0.000160923	2.65084e-05
17730	1.10296e-05	0.000161883	2.67102e-05
17740	1.07709e-05	0.000164113	2.65294e-05
17750	1.05351e-05	0.000167844	2.59595e-05
17760	1.03189e-05	0.000173201	2.50104e-05
17770	1.01195e-05	0.000180192	2.37085e-05
17780	9.93484e-06	0.000188704	2.20963e-05
17790	9.7649e-06	0.000198506	2.02304e-05
17800	9.61171e-06	0.000209261	1.8179e-05
17810	9.47988e-06	0.000220556	1.60193e-05
17820	9.37639e-06	0.000231929	1.38339e-05
17830	9.31005e-06	0.000242906	1.1707e-05
17840	9.29059e-06	0.000253037	9.72045e-06
17850	9.32784e-06	0.000261931	7.95066e-06
17860	9.43062e-06	0.000269281	6.46451e-06
17870	9.60547e-06	0.000274889	5.31663e-06
17880	9.85553e-06	0.000278668	4.547e-06
17890	1.01795e-05	0.000280651	4.17933e-06
17900	1.05711e-05	0.000280977	4.22015e-06
17910	1.10184e-05	0.000279876	4.65873e-06
17920	1.15044e-05	0.000277639	5.46786e-06
17930	1.20071e-05	0.000274598	6.60536e-06
17940	1.2501e-05	0.000271086	8.01636e-06
17950	1.2958e-05	0.000267415	9.63604e-06
17960	1.33496e-05	0.000263849	1.13927e-05
17970	1.36489e-05	0.000260586	1.32109e-05
17980	1.38323e-05	0.000257745	1.50149e-05
17990	1.38814e-05	0.000255365	1.67317e-05
18000	1.37851e-05	0.000253415	1.82938e-05
