0	0	0	0
10	1.06298e-18	-8.05345e-13	1.52016e-17
20	1.92451e-17	-6.36453e-11	1.49657e-16
30	5.2067e-16	-7.57594e-10	4.61588e-16
40	8.80432e-15	-4.2799e-09	3.51124e-16
50	8.28265e-14	-1.61198e-08	-4.973e-15
60	5.11779e-13	-4.69526e-08	-3.73876e-14
70	2.34694e-12	-1.14367e-07	-1.6576e-13
80	8.66537e-12	-2.44023e-07	-5.57746e-13
90	2.71809e-11	-4.69883e-07	-1.54794e-12
100	7.49707e-11	-8.33257e-07	-3.75136e-12
110	1.84392e-10	-1.38051e-06	-8.93994e-12
120	4.10917e-10	-2.15944e-06	-2.1406e-11
130	8.48396e-10	-3.21452e-06	-4.87079e-11
140	1.6494e-09	-4.58133e-06	-1.02635e-10
150	3.05147e-09	-6.2807e-06	-1.99927e-10
160	5.40057e-09	-8.31302e-06	-3.65795e-10
170	9.13613e-09	-1.06535e-05	-6.50153e-10
180	1.48931e-08	-1.32489e-05	-1.10303e-09
190	2.35928e-08	-1.60161e-05	-1.75909e-09
200	3.64471e-08	-1.88439e-05	-2.64696e-09
210	5.49944e-08	-2.15965e-05	-3.79236e-09
220	8.11384e-08	-2.41195e-05	-5.24223e-09
230	1.17119e-07	-2.62483e-05	-7.11241e-09
240	1.65435e-07	-2.78191e-05	-9.6456e-09
250	2.28736e-07	-2.86804e-05	-1.33079e-08
260	3.09658e-07	-2.87053e-05	-1.89954e-08
270	4.10702e-07	-2.78011e-05	-2.80786e-08
280	5.34285e-07	-2.59196e-05	-4.24177e-08
290	6.8316e-07	-2.3065e-05	-6.453e-08
300	8.60052e-07	-1.92981e-05	-9.75827e-08
310	1.06703e-06	-1.47341e-05	-1.4549e-07
320	1.3055e-06	-9.53713e-06	-2.12632e-07
330	1.57625e-06	-3.9078e-06	-3.03393e-07
340	1.87966e-06	1.93011e-06	-4.22027e-07
350	2.21605e-06	7.74537e-06	-5.72508e-07
360	2.58615e-06	1.33181e-05	-7.58112e-07
370	2.99125e-06	1.84526e-05	-9.81328e-07
380	3.43278e-06	2.29903e-05	-1.24366e-06
390	3.91172e-06	2.68205e-05	-1.54529e-06
400	4.42935e-06	2.98868e-05	-1.88527e-06
410	4.98743e-06	3.2189e-05	-2.26171e-06
420	5.58727e-06	3.37808e-05	-2.67211e-06
430	6.22771e-06	3.47592e-05	-3.11347e-06
440	6.90435e-06	3.52538e-05	-3.58128e-06
450	7.61041e-06	3.54101e-05	-4.06871e-06
460	8.34337e-06	3.53713e-05	-4.56879e-06
470	9.10457e-06	3.52687e-05	-5.0743e-06
480	9.90108e-06	3.52051e-05	-5.57879e-06
490	1.07448e-05	3.52498e-05	-6.07564e-06
500	1.16528e-05	3.5434e-05	-6.55842e-06
510	1.26458e-05	3.57491e-05	-7.02185e-06
520	1.37499e-05	3.61428e-05	-7.46117e-06
530	1.49979e-05	3.65217e-05	-7.87254e-06
540	1.64304e-05	3.67595e-05	-8.25385e-06
550	1.80984e-05	3.67089e-05	-8.60605e-06
560	2.00617e-05	3.62118e-05	-8.93374e-06
570	2.23911e-05	3.51181e-05	-9.24475e-06
580	2.51669e-05	3.32951e-05	-9.55086e-06
590	2.84747e-05	3.06341e-05	-9.86858e-06
600	3.24044e-05	2.70593e-05	-1.02192e-05
610	3.70468e-05	2.25323e-05	-1.06286e-05
620	4.24918e-05	1.70543e-05	-1.11267e-05
630	4.88245e-05	1.06649e-05	-1.17472e-05
640	5.61225e-05	3.43662e-06	-1.25261e-05
650	6.44523e-05	-4.53194e-06	-1.35012e-05
660	7.38662e-05	-1.31258e-05	-1.47109e-05
670	8.43997e-05	-2.22241e-05	-1.61926e-05
680	9.60683e-05	-3.17106e-05	-1.79815e-05
690	0.000108866	-4.14837e-05	-2.01094e-05
700	0.000122764	-5.14647e-05	-2.26035e-05
710	0.000137708	-6.1604e-05	-2.54853e-05
720	0.000153623	-7.18844e-05	-2.87698e-05
730	0.000170407	-8.23222e-05	-3.24649e-05
740	0.000187938	-9.29648e-05	-3.65714e-05
750	0.000206074	-0.000103887	-4.10822e-05
760	0.000224656	-0.000115183	-4.59836e-05
770	0.000243512	-0.000126962	-5.1255e-05
780	0.00026246	-0.000139337	-5.68701e-05
790	0.00028131	-0.00015242	-6.27979e-05
800	0.000299873	-0.000166309	-6.90036e-05
810	0.000317964	-0.000181088	-7.54501e-05
820	0.000335401	-0.000196819	-8.20983e-05
830	0.000352018	-0.00021354	-8.89091e-05
840	0.000367665	-0.000231258	-9.58446e-05
850	0.000382207	-0.000249954	-0.000102869
860	0.000395538	-0.000269577	-0.000109948
870	0.000407571	-0.000290045	-0.000117048
880	0.000418253	-0.000311238	-0.000124134
890	0.000427555	-0.000333002	-0.000131169
900	0.000435483	-0.000355145	-0.000138111
910	0.000442074	-0.000377443	-0.00014491
920	0.00044739	-0.000399646	-0.000151509
930	0.00045152	-0.000421482	-0.000157844
940	0.000454573	-0.000442661	-0.000163836
950	0.00045667	-0.000462891	-0.0001694
960	0.000457939	-0.000481881	-0.000174445
970	0.000458512	-0.000499355	-0.000178876
980	0.000458512	-0.000515065	-0.000182598
990	0.000458048	-0.000528801	-0.000185523
1000	0.000457204	-0.000540406	-0.000187573
1010	0.000456037	-0.000549781	-0.000188688
1020	0.000454574	-0.000556898	-0.000188825
1030	0.000452821	-0.00056182	-0.000187967
1040	0.000450761	-0.000564696	-0.000186124
1050	0.000448363	-0.000565762	-0.000183336
1060	0.000445594	-0.000565332	-0.000179673
1070	0.000442425	-0.000563778	-0.000175234
1080	0.000438844	-0.000561517	-0.000170141
1090	0.000434862	-0.000558991	-0.000164539
1100	0.000430524	-0.000556654	-0.000158586
1110	0.000425908	-0.000554945	-0.000152452
1120	0.000421133	-0.000554267	-0.000146308
1130	0.000416353	-0.000554972	-0.000140316
1140	0.000411751	-0.000557333	-0.000134626
1150	0.000407534	-0.000561536	-0.000129366
1160	0.000403921	-0.000567666	-0.000124636
1170	0.00040113	-0.000575707	-0.000120509
1180	0.000399368	-0.000585538	-0.000117025
1190	0.000398814	-0.000596944	-0.000114195
1200	0.000399606	-0.000609626	-0.000111997
1210	0.000401824	-0.000623234	-0.000110381
1220	0.000405496	-0.000637388	-0.000109279
1230	0.000410591	-0.000651709	-0.000108612
1240	0.000417007	-0.000665862	-0.000108289
1250	0.000424588	-0.000679567	-0.000108223
1260	0.000433129	-0.000692605	-0.00010833
1270	0.000442385	-0.000704838	-0.000108541
1280	0.000452151	-0.000716178	-0.000108791
1290	0.000462356	-0.000726674	-0.000109033
1300	0.000472931	-0.000736501	-0.000109255
1310	0.000483786	-0.000745906	-0.000109468
1320	0.000494815	-0.000755196	-0.000109707
1330	0.000505906	-0.000764698	-0.000110016
1340	0.000516938	-0.000774732	-0.000110448
1350	0.000527789	-0.000785583	-0.000111052
1360	0.00053834	-0.000797474	-0.000111874
1370	0.000548475	-0.00081053	-0.000112941
1380	0.000558087	-0.00082477	-0.000114266
1390	0.000567074	-0.000840088	-0.000115838
1400	0.00057535	-0.000856261	-0.000117625
1410	0.000582836	-0.000872945	-0.000119575
1420	0.000589465	-0.000889695	-0.000121612
1430	0.000595181	-0.000905983	-0.000123648
1440	0.000599943	-0.000921231	-0.000125581
1450	0.000603723	-0.000934841	-0.000127309
1460	0.000606511	-0.000946226	-0.000128731
1470	0.000608323	-0.000954839	-0.000129751
1480	0.000609203	-0.000960212	-0.00013029
1490	0.000609221	-0.000961978	-0.000130287
1500	0.000608469	-0.000959905	-0.000129707
1510	0.000607066	-0.00095392	-0.000128546
1520	0.000605152	-0.000944127	-0.000126835
1530	0.000602887	-0.0009308	-0.000124633
1540	0.000600442	-0.000914366	-0.000122028
1550	0.000597991	-0.000895376	-0.000119129
1560	0.000595712	-0.000874474	-0.000116062
1570	0.000593769	-0.00085235	-0.000112955
1580	0.000592315	-0.000829705	-0.000109939
1590	0.000591484	-0.000807207	-0.000107135
1600	0.00059138	-0.000785453	-0.000104649
1610	0.000592079	-0.000764942	-0.000102571
1620	0.000593626	-0.000746046	-0.000100964
1630	0.00059603	-0.000729005	-9.98726e-05
1640	0.000599271	-0.000713929	-9.93192e-05
1650	0.000603296	-0.000700803	-9.93049e-05
1660	0.000608028	-0.000689502	-9.98117e-05
1670	0.00061337	-0.000679816	-0.000100808
1680	0.00061921	-0.000671489	-0.000102256
1690	0.000625426	-0.000664242	-0.000104116
1700	0.000631899	-0.000657803	-0.00010635
1710	0.000638528	-0.000651956	-0.000108923
1720	0.000645227	-0.000646547	-0.000111806
1730	0.000651925	-0.000641493	-0.000114979
1740	0.000658567	-0.000636804	-0.000118444
1750	0.000665124	-0.00063257	-0.000122223
1760	0.000671587	-0.000628928	-0.000126347
1770	0.000677964	-0.000626041	-0.000130851
1780	0.00068427	-0.000624089	-0.000135779
1790	0.000690533	-0.000623231	-0.000141171
1800	0.000696785	-0.000623584	-0.000147055
1810	0.000703062	-0.000625203	-0.000153438
1820	0.000709403	-0.000628078	-0.000160296
1830	0.000715853	-0.000632131	-0.000167575
1840	0.000722458	-0.000637222	-0.000175197
1850	0.000729264	-0.000643146	-0.000183057
1860	0.000736313	-0.000649656	-0.000191028
1870	0.000743637	-0.000656473	-0.00019897
1880	0.000751263	-0.000663308	-0.000206729
1890	0.000759211	-0.000669888	-0.000214144
1900	0.0007675	-0.000675974	-0.00022105
1910	0.000776129	-0.00068137	-0.000227301
1920	0.000785071	-0.000685934	-0.000232775
1930	0.000794285	-0.000689604	-0.000237381
1940	0.000803712	-0.000692398	-0.000241063
1950	0.000813281	-0.000694424	-0.000243802
1960	0.000822909	-0.000695869	-0.00024561
1970	0.000832509	-0.00069698	-0.000246534
1980	0.000841985	-0.000698059	-0.000246644
1990	0.000851246	-0.000699432	-0.000246036
2000	0.000860199	-0.000701421	-0.000244817
2010	0.000868762	-0.000704328	-0.000243098
2020	0.000876861	-0.000708404	-0.000240989
2030	0.000884435	-0.000713833	-0.000238589
2040	0.000891435	-0.000720716	-0.000235978
2050	0.000897832	-0.000729046	-0.000233216
2060	0.00090361	-0.000738726	-0.00023034
2070	0.000908769	-0.000749578	-0.000227371
2080	0.000913325	-0.000761359	-0.000224311
2090	0.000917305	-0.00077377	-0.000221149
2100	0.000920752	-0.000786477	-0.000217868
2110	0.000923715	-0.000799137	-0.000214452
2120	0.00092625	-0.000811418	-0.000210884
2130	0.000928418	-0.000823023	-0.000207159
2140	0.000930283	-0.00083372	-0.000203282
2150	0.000931902	-0.000843347	-0.000199274
2160	0.000933332	-0.000851834	-0.000195171
2170	0.000934622	-0.000859207	-0.000191018
2180	0.000935821	-0.00086558	-0.000186872
2190	0.000936975	-0.000871153	-0.000182801
2200	0.000938124	-0.000876186	-0.000178882
2210	0.000939304	-0.000880985	-0.000175193
2220	0.000940544	-0.000885881	-0.000171815
2230	0.000941865	-0.000891207	-0.000168823
2240	0.00094328	-0.000897266	-0.000166289
2250	0.000944796	-0.000904314	-0.000164269
2260	0.000946417	-0.000912541	-0.000162811
2270	0.000948141	-0.000922053	-0.000161937
2280	0.000949962	-0.00093287	-0.000161657
2290	0.000951862	-0.000944929	-0.000161961
2300	0.000953818	-0.000958087	-0.000162821
2310	0.000955806	-0.000972144	-0.000164194
2320	0.000957799	-0.000986857	-0.00016602
2330	0.000959773	-0.00100197	-0.000168223
2340	0.000961701	-0.00101722	-0.000170725
2350	0.00096356	-0.00103238	-0.000173439
2360	0.00096533	-0.00104726	-0.000176278
2370	0.000966991	-0.00106174	-0.000179159
2380	0.000968524	-0.00107577	-0.000182004
2390	0.00096991	-0.00108937	-0.000184747
2400	0.00097113	-0.00110261	-0.000187332
2410	0.000972165	-0.0011156	-0.000189718
2420	0.000972998	-0.00112847	-0.000191875
2430	0.00097361	-0.00114136	-0.000193788
2440	0.000973984	-0.00115438	-0.00019545
2450	0.000974104	-0.00116761	-0.000196866
2460	0.000973955	-0.00118108	-0.000198045
2470	0.000973528	-0.00119478	-0.000199003
2480	0.000972814	-0.0012086	-0.00019976
2490	0.000971811	-0.0012224	-0.000200336
2500	0.000970523	-0.00123597	-0.000200757
2510	0.000968965	-0.00124904	-0.000201052
2520	0.00096716	-0.00126135	-0.000201247
2530	0.00096515	-0.00127263	-0.00020137
2540	0.000962986	-0.0012826	-0.000201447
2550	0.00096073	-0.00129108	-0.000201506
2560	0.000958453	-0.00129791	-0.000201573
2570	0.000956232	-0.00130301	-0.000201674
2580	0.000954147	-0.00130642	-0.000201837
2590	0.000952275	-0.00130825	-0.000202091
2600	0.000950691	-0.00130868	-0.000202466
2610	0.000949461	-0.00130797	-0.000202991
2620	0.000948642	-0.00130642	-0.000203696
2630	0.000948279	-0.00130438	-0.000204604
2640	0.000948402	-0.00130219	-0.000205734
2650	0.000949024	-0.0013002	-0.0002071
2660	0.000950146	-0.00129871	-0.000208709
2670	0.000951749	-0.00129798	-0.000210565
2680	0.000953802	-0.00129819	-0.000212664
2690	0.000956264	-0.00129944	-0.000214997
2700	0.000959094	-0.00130178	-0.000217549
2710	0.000962244	-0.00130518	-0.000220306
2720	0.000965668	-0.00130957	-0.000223252
2730	0.000969338	-0.00131484	-0.000226373
2740	0.000973233	-0.00132087	-0.000229654
2750	0.000977347	-0.00132751	-0.000233082
2760	0.000981686	-0.00133458	-0.000236641
2770	0.000986271	-0.00134192	-0.000240319
2780	0.000991133	-0.00134937	-0.000244108
2790	0.000996316	-0.00135679	-0.000248004
2800	0.00100187	-0.00136409	-0.000252003
2810	0.00100785	-0.00137118	-0.000256105
2820	0.00101432	-0.00137802	-0.000260309
2830	0.0010213	-0.00138458	-0.000264618
2840	0.00102884	-0.00139088	-0.000269026
2850	0.00103694	-0.00139694	-0.00027352
2860	0.00104561	-0.0014028	-0.000278079
2870	0.00105481	-0.00140849	-0.00028268
2880	0.0010645	-0.00141403	-0.000287292
2890	0.00107461	-0.00141942	-0.000291868
2900	0.00108504	-0.00142469	-0.00029635
2910	0.0010957	-0.00142979	-0.000300675
2920	0.00110651	-0.00143466	-0.000304771
2930	0.00111738	-0.00143926	-0.000308554
2940	0.00112823	-0.00144352	-0.000311943
2950	0.00113897	-0.00144741	-0.000314867
2960	0.00114952	-0.00145089	-0.000317267
2970	0.00115981	-0.00145394	-0.000319105
2980	0.00116977	-0.00145655	-0.000320361
2990	0.00117935	-0.00145875	-0.00032104
3000	0.00118853	-0.00146057	-0.000321169
3010	0.00119728	-0.00146207	-0.0003208
3020	0.0012056	-0.00146332	-0.000320005
3030	0.00121353	-0.0014644	-0.000318872
3040	0.00122111	-0.00146539	-0.000317504
3050	0.00122838	-0.00146636	-0.000316013
3060	0.00123541	-0.0014674	-0.000314514
3070	0.00124227	-0.00146855	-0.000313119
3080	0.00124905	-0.00146987	-0.000311933
3090	0.0012558	-0.00147138	-0.000311044
3100	0.00126259	-0.00147307	-0.00031052
3110	0.00126948	-0.00147494	-0.000310412
3120	0.00127651	-0.00147695	-0.000310742
3130	0.00128369	-0.00147903	-0.000311503
3140	0.00129104	-0.00148111	-0.000312664
3150	0.00129854	-0.00148312	-0.000314169
3160	0.00130615	-0.00148504	-0.000315946
3170	0.00131382	-0.00148682	-0.000317913
3180	0.00132151	-0.00148848	-0.00031998
3190	0.00132913	-0.00149003	-0.000322057
3200	0.00133663	-0.00149154	-0.000324058
3210	0.00134394	-0.00149308	-0.000325905
3220	0.00135099	-0.00149472	-0.000327529
3230	0.00135772	-0.00149656	-0.000328888
3240	0.0013641	-0.00149869	-0.000329955
3250	0.00137008	-0.00150118	-0.000330727
3260	0.00137565	-0.00150409	-0.000331216
3270	0.00138081	-0.00150743	-0.000331453
3280	0.00138555	-0.00151117	-0.000331481
3290	0.00138992	-0.00151525	-0.000331351
3300	0.00139395	-0.00151955	-0.00033112
3310	0.00139769	-0.00152392	-0.000330846
3320	0.00140118	-0.00152817	-0.000330583
3330	0.00140448	-0.00153211	-0.000330381
3340	0.00140764	-0.0015355	-0.000330279
3350	0.00141069	-0.00153815	-0.000330305
3360	0.00141365	-0.00153989	-0.00033047
3370	0.00141654	-0.00154056	-0.000330775
3380	0.00141934	-0.00154009	-0.000331202
3390	0.00142203	-0.00153843	-0.000331723
3400	0.00142458	-0.00153558	-0.000332297
3410	0.00142691	-0.00153165	-0.000332878
3420	0.00142896	-0.00152679	-0.000333412
3430	0.00143065	-0.00152123	-0.000333852
3440	0.00143188	-0.00151522	-0.000334149
3450	0.00143257	-0.00150904	-0.000334263
3460	0.00143264	-0.00150294	-0.00033416
3470	0.00143202	-0.00149719	-0.000333828
3480	0.00143066	-0.00149202	-0.000333265
3490	0.00142856	-0.00148765	-0.000332483
3500	0.00142574	-0.00148422	-0.000331511
3510	0.00142229	-0.00148183	-0.000330389
3520	0.0014183	-0.00148053	-0.000329173
3530	0.00141391	-0.00148028	-0.000327923
3540	0.0014093	-0.001481	-0.000326703
3550	0.00140463	-0.00148256	-0.000325578
3560	0.00140011	-0.00148478	-0.000324611
3570	0.0013959	-0.00148747	-0.000323858
3580	0.00139219	-0.0014904	-0.000323371
3590	0.00138912	-0.00149339	-0.00032319
3600	0.00138683	-0.00149624	-0.000323344
3610	0.00138539	-0.00149881	-0.000323852
3620	0.00138485	-0.00150101	-0.000324717
3630	0.00138523	-0.0015028	-0.000325927
3640	0.00138647	-0.00150419	-0.000327457
3650	0.00138851	-0.00150528	-0.000329271
3660	0.00139121	-0.00150619	-0.000331336
3670	0.00139443	-0.00150707	-0.00033362
3680	0.001398	-0.00150813	-0.000336091
3690	0.00140173	-0.00150957	-0.000338713
3700	0.00140544	-0.00151159	-0.000341448
3710	0.00140895	-0.00151437	-0.000344254
3720	0.0014121	-0.00151805	-0.000347078
3730	0.00141478	-0.00152272	-0.000349865
3740	0.00141688	-0.00152845	-0.000352554
3750	0.00141836	-0.00153521	-0.000355085
3760	0.00141921	-0.00154292	-0.000357397
3770	0.00141944	-0.00155144	-0.000359435
3780	0.00141912	-0.00156055	-0.000361148
3790	0.00141832	-0.00156999	-0.000362496
3800	0.00141714	-0.00157949	-0.00036345
3810	0.0014157	-0.00158875	-0.000363991
3820	0.0014141	-0.00159751	-0.000364115
3830	0.00141248	-0.00160551	-0.000363833
3840	0.00141095	-0.00161256	-0.000363167
3850	0.00140962	-0.00161852	-0.00036215
3860	0.00140856	-0.00162334	-0.000360833
3870	0.00140784	-0.00162699	-0.000359274
3880	0.00140752	-0.00162955	-0.000357541
3890	0.00140759	-0.00163116	-0.000355708
3900	0.00140806	-0.00163199	-0.000353856
3910	0.00140889	-0.00163227	-0.000352067
3920	0.00141005	-0.00163226	-0.000350421
3930	0.00141146	-0.0016322	-0.000348993
3940	0.00141305	-0.00163236	-0.00034785
3950	0.00141475	-0.00163298	-0.00034705
3960	0.00141649	-0.00163423	-0.000346638
3970	0.0014182	-0.00163627	-0.00034665
3980	0.00141983	-0.0016392	-0.000347111
3990	0.00142135	-0.00164306	-0.000348035
4000	0.00142274	-0.00164783	-0.000349423
4010	0.00142399	-0.00165344	-0.000351258
4020	0.00142513	-0.00165977	-0.00035351
4030	0.00142617	-0.00166665	-0.000356138
4040	0.00142717	-0.00167391	-0.000359087
4050	0.00142816	-0.00168135	-0.000362293
4060	0.0014292	-0.00168877	-0.000365682
4070	0.00143034	-0.00169598	-0.000369177
4080	0.00143163	-0.0017028	-0.000372698
4090	0.00143311	-0.0017091	-0.000376163
4100	0.0014348	-0.00171477	-0.000379493
4110	0.00143673	-0.00171975	-0.000382613
4120	0.00143891	-0.00172399	-0.000385457
4130	0.00144133	-0.0017275	-0.000387961
4140	0.00144398	-0.00173032	-0.000390068
4150	0.00144683	-0.00173252	-0.000391733
4160	0.00144985	-0.0017342	-0.000392927
4170	0.001453	-0.00173544	-0.000393636
4180	0.00145623	-0.00173635	-0.000393866
4190	0.00145949	-0.00173701	-0.000393643
4200	0.00146273	-0.00173753	-0.000393009
4210	0.00146589	-0.00173797	-0.000392026
4220	0.00146895	-0.00173841	-0.000390767
4230	0.00147186	-0.0017389	-0.000389317
4240	0.0014746	-0.00173948	-0.000387774
4250	0.00147718	-0.0017402	-0.000386238
4260	0.00147958	-0.00174108	-0.000384812
4270	0.00148183	-0.00174215	-0.000383598
4280	0.00148394	-0.00174341	-0.000382691
4290	0.00148593	-0.0017449	-0.000382182
4300	0.00148784	-0.00174661	-0.000382143
4310	0.0014897	-0.00174858	-0.000382631
4320	0.00149154	-0.00175081	-0.000383686
4330	0.00149342	-0.0017533	-0.000385331
4340	0.00149537	-0.00175607	-0.000387565
4350	0.00149743	-0.00175911	-0.000390372
4360	0.00149964	-0.00176242	-0.000393716
4370	0.00150203	-0.00176599	-0.000397545
4380	0.00150463	-0.0017698	-0.000401793
4390	0.00150745	-0.00177382	-0.000406384
4400	0.00151051	-0.00177802	-0.000411238
4410	0.00151379	-0.00178237	-0.000416272
4420	0.0015173	-0.00178682	-0.000421401
4430	0.00152102	-0.00179133	-0.000426541
4440	0.00152491	-0.00179587	-0.000431611
4450	0.00152895	-0.00180038	-0.000436539
4460	0.00153313	-0.00180483	-0.000441261
4470	0.00153742	-0.00180918	-0.000445725
4480	0.00154182	-0.00181338	-0.000449886
4490	0.0015463	-0.00181741	-0.000453708
4500	0.00155083	-0.00182121	-0.000457165
4510	0.0015554	-0.00182477	-0.000460243
4520	0.00155999	-0.00182805	-0.00046293
4530	0.00156457	-0.00183099	-0.000465217
4540	0.00156913	-0.00183352	-0.0004671
4550	0.00157365	-0.0018356	-0.000468581
4560	0.0015781	-0.00183716	-0.000469666
4570	0.00158247	-0.00183816	-0.000470364
4580	0.00158674	-0.00183857	-0.000470689
4590	0.00159089	-0.00183836	-0.000470654
4600	0.00159491	-0.00183753	-0.000470279
4610	0.00159878	-0.0018361	-0.00046958
4620	0.0016025	-0.0018341	-0.000468576
4630	0.00160607	-0.0018316	-0.000467295
4640	0.00160949	-0.00182867	-0.000465773
4650	0.0016128	-0.0018254	-0.000464051
4660	0.00161604	-0.00182189	-0.000462181
4670	0.00161924	-0.00181825	-0.000460221
4680	0.00162246	-0.00181462	-0.000458231
4690	0.00162575	-0.00181111	-0.000456278
4700	0.00162919	-0.00180784	-0.000454426
4710	0.00163281	-0.00180492	-0.000452735
4720	0.00163668	-0.00180244	-0.000451264
4730	0.00164083	-0.00180047	-0.000450058
4740	0.00164529	-0.00179902	-0.00044915
4750	0.00165007	-0.00179811	-0.000448561
4760	0.00165518	-0.00179771	-0.000448293
4770	0.0016606	-0.00179775	-0.000448332
4780	0.0016663	-0.00179813	-0.000448646
4790	0.00167225	-0.0017987	-0.000449189
4800	0.00167841	-0.0017993	-0.000449901
4810	0.00168472	-0.00179977	-0.000450709
4820	0.0016911	-0.00179992	-0.000451537
4830	0.00169748	-0.00179958	-0.0004523
4840	0.00170378	-0.00179858	-0.000452919
4850	0.00170994	-0.00179681	-0.000453317
4860	0.00171589	-0.00179418	-0.000453432
4870	0.00172159	-0.00179064	-0.000453216
4880	0.00172698	-0.00178621	-0.000452644
4890	0.00173203	-0.00178099	-0.000451708
4900	0.00173674	-0.00177512	-0.000450422
4910	0.0017411	-0.00176878	-0.000448822
4920	0.00174514	-0.00176221	-0.000446968
4930	0.00174888	-0.0017557	-0.000444938
4940	0.00175236	-0.00174952	-0.00044283
4950	0.00175564	-0.001744	-0.000440752
4960	0.00175879	-0.00173944	-0.000438814
4970	0.00176187	-0.00173611	-0.000437129
4980	0.00176497	-0.00173426	-0.000435801
4990	0.00176816	-0.00173405	-0.000434922
5000	0.00177152	-0.00173562	-0.000434567
5010	0.00177511	-0.00173903	-0.000434794
5020	0.00177899	-0.00174429	-0.000435637
5030	0.00178321	-0.0017513	-0.000437109
5040	0.00178779	-0.00175994	-0.000439198
5050	0.00179275	-0.00176999	-0.000441879
5060	0.00179809	-0.00178118	-0.00044511
5070	0.00180378	-0.00179322	-0.000448835
5080	0.0018098	-0.00180576	-0.000452995
5090	0.00181609	-0.00181847	-0.000457528
5100	0.00182262	-0.00183103	-0.000462371
5110	0.00182933	-0.00184313	-0.000467467
5120	0.00183617	-0.00185453	-0.000472772
5130	0.0018431	-0.00186502	-0.000478247
5140	0.00185008	-0.00187448	-0.000483863
5150	0.00185704	-0.00188288	-0.0004896
5160	0.00186396	-0.00189023	-0.000495453
5170	0.00187076	-0.00189664	-0.00050142
5180	0.00187741	-0.00190228	-0.000507503
5190	0.00188386	-0.00190736	-0.000513702
5200	0.00189004	-0.00191211	-0.000520012
5210	0.00189591	-0.00191681	-0.000526418
5220	0.00190142	-0.00192169	-0.000532895
5230	0.00190652	-0.00192698	-0.000539398
5240	0.00191116	-0.00193287	-0.000545872
5250	0.00191529	-0.00193945	-0.000552245
5260	0.00191886	-0.0019468	-0.000558432
5270	0.00192186	-0.0019549	-0.000564327
5280	0.00192426	-0.0019637	-0.000569817
5290	0.00192608	-0.00197307	-0.000574779
5300	0.00192732	-0.00198283	-0.000579081
5310	0.00192804	-0.00199277	-0.000582596
5320	0.0019283	-0.00200264	-0.000585214
5330	0.00192818	-0.00201222	-0.000586842
5340	0.00192778	-0.0020213	-0.000587409
5350	0.00192723	-0.00202971	-0.000586877
5360	0.00192664	-0.00203733	-0.000585246
5370	0.00192615	-0.0020441	-0.000582557
5380	0.00192588	-0.00205002	-0.000578897
5390	0.00192598	-0.00205514	-0.00057439
5400	0.00192654	-0.00205959	-0.000569197
5410	0.00192765	-0.0020635	-0.000563508
5420	0.00192941	-0.00206708	-0.000557535
5430	0.00193184	-0.00207052	-0.000551502
5440	0.00193498	-0.00207405	-0.000545634
5450	0.00193882	-0.00207787	-0.000540149
5460	0.0019433	-0.00208214	-0.00053525
5470	0.00194837	-0.002087	-0.000531116
5480	0.00195392	-0.00209252	-0.000527894
5490	0.0019598	-0.00209873	-0.000525696
5500	0.00196588	-0.00210561	-0.000524591
5510	0.00197201	-0.00211308	-0.000524604
5520	0.00197804	-0.00212102	-0.000525715
5530	0.00198386	-0.00212928	-0.000527859
5540	0.00198935	-0.00213768	-0.000530934
5550	0.0019944	-0.00214608	-0.000534803
5560	0.00199895	-0.00215429	-0.000539296
5570	0.00200295	-0.00216218	-0.00054422
5580	0.0020064	-0.00216963	-0.000549372
5590	0.00200932	-0.00217656	-0.000554544
5600	0.00201175	-0.00218291	-0.000559535
5610	0.00201373	-0.00218872	-0.000564151
5620	0.00201534	-0.00219402	-0.000568212
5630	0.00201663	-0.00219892	-0.000571558
5640	0.00201769	-0.00220353	-0.000574057
5650	0.00201859	-0.00220798	-0.000575612
5660	0.0020194	-0.0022124	-0.00057616
5670	0.00202016	-0.00221689	-0.000575676
5680	0.00202091	-0.00222153	-0.000574171
5690	0.00202167	-0.00222637	-0.000571692
5700	0.00202244	-0.00223142	-0.00056832
5710	0.00202322	-0.00223665	-0.000564164
5720	0.002024	-0.00224201	-0.000559359
5730	0.00202474	-0.00224739	-0.000554057
5740	0.00202543	-0.00225271	-0.000548426
5750	0.00202604	-0.00225783	-0.000542644
5760	0.00202655	-0.00226263	-0.000536892
5770	0.00202693	-0.002267	-0.000531354
5780	0.00202718	-0.00227084	-0.000526206
5790	0.00202731	-0.00227406	-0.000521614
5800	0.00202731	-0.00227662	-0.000517723
5810	0.00202724	-0.0022785	-0.000514657
5820	0.00202713	-0.00227972	-0.000512513
5830	0.00202705	-0.00228033	-0.00051137
5840	0.00202706	-0.0022804	-0.000511281
5850	0.00202724	-0.00227999	-0.00051228
5860	0.00202769	-0.0022792	-0.000514375
5870	0.00202848	-0.00227813	-0.000517556
5880	0.00202971	-0.00227688	-0.000521788
5890	0.00203145	-0.00227554	-0.00052702
5900	0.00203376	-0.0022742	-0.000533182
5910	0.00203669	-0.00227295	-0.000540189
5920	0.00204027	-0.00227183	-0.000547932
5930	0.00204449	-0.00227085	-0.000556281
5940	0.00204933	-0.00226999	-0.000565076
5950	0.00205477	-0.0022692	-0.000574141
5960	0.00206073	-0.00226842	-0.000583293
5970	0.00206714	-0.00226762	-0.000592357
5980	0.00207389	-0.00226679	-0.000601167
5990	0.00208085	-0.00226594	-0.000609573
6000	0.0020879	-0.00226509	-0.000617439
6010	0.00209489	-0.00226427	-0.000624646
6020	0.00210169	-0.0022635	-0.000631101
6030	0.00210821	-0.00226282	-0.000636746
6040	0.00211436	-0.00226223	-0.000641555
6050	0.00212004	-0.00226175	-0.000645531
6060	0.00212521	-0.00226137	-0.000648701
6070	0.00212982	-0.00226107	-0.000651113
6080	0.00213383	-0.00226081	-0.000652833
6090	0.00213723	-0.00226053	-0.000653941
6100	0.00214004	-0.00226016	-0.000654533
6110	0.00214226	-0.00225961	-0.000654711
6120	0.00214394	-0.00225877	-0.000654583
6130	0.00214512	-0.00225755	-0.000654261
6140	0.00214585	-0.00225586	-0.000653852
6150	0.00214619	-0.00225363	-0.00065345
6160	0.00214618	-0.0022508	-0.000653128
6170	0.00214589	-0.00224737	-0.000652937
6180	0.00214536	-0.00224335	-0.000652909
6190	0.00214466	-0.00223879	-0.000653054
6200	0.00214383	-0.00223378	-0.000653354
6210	0.00214292	-0.00222838	-0.000653768
6220	0.00214196	-0.0022227	-0.000654234
6230	0.00214096	-0.00221681	-0.000654677
6240	0.00213993	-0.00221078	-0.000655012
6250	0.00213889	-0.00220467	-0.000655151
6260	0.00213781	-0.00219852	-0.000655006
6270	0.00213667	-0.00219238	-0.000654498
6280	0.00213545	-0.00218622	-0.000653555
6290	0.00213413	-0.00218004	-0.000652113
6300	0.0021327	-0.0021738	-0.000650127
6310	0.00213113	-0.00216743	-0.000647563
6320	0.00212943	-0.00216088	-0.000644409
6330	0.00212762	-0.00215408	-0.00064067
6340	0.00212571	-0.00214696	-0.000636372
6350	0.00212374	-0.00213947	-0.000631561
6360	0.00212173	-0.00213156	-0.000626303
6370	0.00211972	-0.00212321	-0.000620682
6380	0.00211777	-0.00211443	-0.000614796
6390	0.00211589	-0.00210526	-0.000608758
6400	0.00211415	-0.00209576	-0.000602689
6410	0.00211257	-0.00208604	-0.000596706
6420	0.00211118	-0.00207623	-0.000590934
6430	0.00211	-0.00206651	-0.000585492
6440	0.00210904	-0.00205704	-0.000580498
6450	0.00210833	-0.00204802	-0.000576062
6460	0.00210787	-0.00203964	-0.000572286
6470	0.00210765	-0.00203209	-0.000569262
6480	0.00210769	-0.00202552	-0.00056706
6490	0.00210797	-0.00202006	-0.000565735
6500	0.00210851	-0.00201581	-0.000565323
6510	0.00210929	-0.00201281	-0.000565847
6520	0.00211031	-0.00201105	-0.000567319
6530	0.00211157	-0.00201045	-0.000569737
6540	0.00211307	-0.00201092	-0.000573077
6550	0.00211477	-0.00201231	-0.000577293
6560	0.00211667	-0.00201447	-0.000582316
6570	0.00211872	-0.00201723	-0.000588045
6580	0.00212089	-0.00202044	-0.000594351
6590	0.00212312	-0.00202395	-0.000601075
6600	0.00212534	-0.00202763	-0.000608028
6610	0.00212751	-0.00203137	-0.000614992
6620	0.00212956	-0.0020351	-0.000621729
6630	0.00213142	-0.00203874	-0.000627986
6640	0.00213304	-0.00204227	-0.00063351
6650	0.00213436	-0.00204566	-0.000638054
6660	0.00213536	-0.0020489	-0.000641396
6670	0.00213599	-0.00205197	-0.000643346
6680	0.00213626	-0.00205488	-0.00064376
6690	0.00213617	-0.0020576	-0.00064255
6700	0.00213575	-0.00206013	-0.000639693
6710	0.00213505	-0.00206243	-0.000635239
6720	0.00213415	-0.00206451	-0.000629304
6730	0.0021331	-0.00206637	-0.000622071
6740	0.00213201	-0.002068	-0.000613769
6750	0.00213094	-0.0020694	-0.000604673
6760	0.00212998	-0.00207059	-0.000595099
6770	0.00212919	-0.00207161	-0.000585386
6780	0.00212865	-0.0020725	-0.000575877
6790	0.00212841	-0.00207336	-0.000566911
6800	0.0021285	-0.00207425	-0.000558812
6810	0.00212896	-0.00207528	-0.00055188
6820	0.00212978	-0.00207653	-0.000546382
6830	0.00213095	-0.00207808	-0.000542542
6840	0.00213244	-0.00208001	-0.000540537
6850	0.00213421	-0.00208239	-0.000540482
6860	0.00213622	-0.00208524	-0.000542432
6870	0.00213841	-0.00208862	-0.000546372
6880	0.00214075	-0.00209251	-0.000552222
6890	0.00214318	-0.00209694	-0.000559842
6900	0.00214567	-0.00210186	-0.000569044
6910	0.00214821	-0.00210724	-0.000579601
6920	0.00215078	-0.00211299	-0.000591258
6930	0.0021534	-0.00211901	-0.000603746
6940	0.00215609	-0.00212516	-0.000616791
6950	0.00215885	-0.00213128	-0.000630119
6960	0.00216174	-0.00213722	-0.000643465
6970	0.0021648	-0.00214284	-0.000656593
6980	0.00216808	-0.00214806	-0.000669304
6990	0.00217163	-0.00215281	-0.000681432
7000	0.00217551	-0.00215706	-0.000692839
7010	0.00217976	-0.00216082	-0.00070342
7020	0.00218439	-0.00216414	-0.000713102
7030	0.00218941	-0.00216711	-0.00072184
7040	0.00219482	-0.00216986	-0.000729611
7050	0.00220056	-0.00217255	-0.000736405
7060	0.00220657	-0.00217535	-0.000742221
7070	0.00221278	-0.00217845	-0.000747061
7080	0.00221907	-0.00218202	-0.000750925
7090	0.00222534	-0.00218621	-0.000753799
7100	0.00223146	-0.0021911	-0.000755663
7110	0.00223732	-0.00219673	-0.000756477
7120	0.0022428	-0.00220305	-0.000756204
7130	0.00224779	-0.00220999	-0.000754815
7140	0.0022522	-0.00221747	-0.000752297
7150	0.00225594	-0.00222534	-0.000748649
7160	0.00225899	-0.00223346	-0.000743894
7170	0.00226132	-0.00224163	-0.000738081
7180	0.00226295	-0.00224967	-0.000731295
7190	0.00226394	-0.0022574	-0.000723659
7200	0.00226435	-0.00226466	-0.000715331
7210	0.0022643	-0.00227132	-0.000706507
7220	0.00226392	-0.00227729	-0.000697416
7230	0.00226334	-0.00228252	-0.000688311
7240	0.00226271	-0.00228701	-0.000679462
7250	0.00226215	-0.00229078	-0.00067114
7260	0.00226177	-0.00229393	-0.000663597
7270	0.00226167	-0.00229654	-0.000657063
7280	0.0022619	-0.00229874	-0.000651725
7290	0.00226247	-0.00230064	-0.000647725
7300	0.00226338	-0.00230235	-0.000645148
7310	0.00226455	-0.00230395	-0.000644022
7320	0.0022659	-0.00230551	-0.000644317
7330	0.00226731	-0.00230704	-0.000645944
7340	0.00226865	-0.00230854	-0.000648769
7350	0.00226978	-0.00231	-0.000652616
7360	0.00227057	-0.00231139	-0.000657282
7370	0.00227092	-0.00231265	-0.000662554
7380	0.00227076	-0.00231373	-0.000668214
7390	0.00227003	-0.00231458	-0.000674064
7400	0.00226873	-0.00231515	-0.000679922
7410	0.00226689	-0.0023154	-0.000685631
7420	0.00226459	-0.00231533	-0.00069107
7430	0.00226192	-0.00231493	-0.000696155
7440	0.00225903	-0.00231425	-0.00070084
7450	0.00225609	-0.00231335	-0.000705114
7460	0.00225326	-0.0023123	-0.000708995
7470	0.00225073	-0.0023112	-0.000712528
7480	0.00224864	-0.00231014	-0.000715774
7490	0.00224713	-0.00230924	-0.000718789
7500	0.00224632	-0.00230861	-0.000721625
7510	0.00224628	-0.00230836	-0.000724329
7520	0.00224704	-0.00230854	-0.000726931
7530	0.00224859	-0.00230919	-0.000729444
7540	0.00225087	-0.0023103	-0.000731864
7550	0.00225381	-0.00231183	-0.000734169
7560	0.00225729	-0.00231371	-0.000736325
7570	0.00226118	-0.00231584	-0.000738288
7580	0.00226535	-0.00231808	-0.000740014
7590	0.00226968	-0.00232032	-0.000741471
7600	0.00227406	-0.00232246	-0.000742643
7610	0.00227841	-0.00232439	-0.000743535
7620	0.00228266	-0.00232603	-0.000744168
7630	0.00228676	-0.00232733	-0.000744579
7640	0.0022907	-0.00232827	-0.000744824
7650	0.00229446	-0.00232884	-0.000744975
7660	0.00229809	-0.00232911	-0.000745124
7670	0.00230162	-0.00232912	-0.000745376
7680	0.00230512	-0.00232897	-0.000745851
7690	0.00230865	-0.00232877	-0.000746672
7700	0.00231228	-0.00232863	-0.000747954
7710	0.00231609	-0.00232868	-0.000749799
7720	0.00232016	-0.00232906	-0.000752277
7730	0.00232454	-0.00232994	-0.000755424
7740	0.00232929	-0.00233147	-0.000759239
7750	0.00233444	-0.00233377	-0.000763685
7760	0.00234001	-0.00233698	-0.000768688
7770	0.002346	-0.00234114	-0.000774145
7780	0.00235241	-0.00234627	-0.000779921
7790	0.0023592	-0.00235232	-0.00078586
7800	0.00236634	-0.00235921	-0.000791791
7810	0.00237375	-0.0023668	-0.000797535
7820	0.00238139	-0.00237493	-0.000802912
7830	0.00238919	-0.00238337	-0.000807751
7840	0.00239708	-0.00239192	-0.000811902
7850	0.00240499	-0.00240035	-0.000815234
7860	0.00241287	-0.00240845	-0.000817655
7870	0.00242066	-0.002416	-0.000819104
7880	0.00242833	-0.00242283	-0.000819564
7890	0.00243583	-0.00242878	-0.000819056
7900	0.00244314	-0.00243374	-0.000817641
7910	0.00245025	-0.00243763	-0.000815415
7920	0.00245716	-0.00244042	-0.000812499
7930	0.00246388	-0.00244212	-0.000809042
7940	0.00247042	-0.0024428	-0.000805203
7950	0.00247679	-0.00244251	-0.000801147
7960	0.002483	-0.00244139	-0.000797036
7970	0.00248904	-0.00243955	-0.000793019
7980	0.00249493	-0.00243712	-0.000789223
7990	0.00250063	-0.00243424	-0.000785753
8000	0.00250613	-0.00243104	-0.000782678
8010	0.00251138	-0.00242762	-0.000780041
8020	0.00251634	-0.00242409	-0.000777847
8030	0.00252095	-0.00242052	-0.000776073
8040	0.00252513	-0.002417	-0.000774669
8050	0.00252882	-0.00241358	-0.000773575
8060	0.00253196	-0.00241033	-0.000772723
8070	0.00253447	-0.00240728	-0.000772045
8080	0.00253632	-0.00240447	-0.000771483
8090	0.00253748	-0.00240194	-0.000770995
8100	0.00253794	-0.00239972	-0.000770563
8110	0.00253774	-0.00239781	-0.000770193
8120	0.00253691	-0.00239624	-0.000769925
8130	0.00253555	-0.00239504	-0.000769826
8140	0.00253375	-0.00239425	-0.00076999
8150	0.00253167	-0.0023939	-0.000770532
8160	0.00252942	-0.00239404	-0.000771572
8170	0.00252717	-0.00239476	-0.000773218
8180	0.00252503	-0.00239613	-0.000775564
8190	0.00252313	-0.00239822	-0.000778686
8200	0.00252156	-0.00240106	-0.000782643
8210	0.00252036	-0.00240464	-0.000787466
8220	0.00251956	-0.00240889	-0.000793155
8230	0.00251915	-0.00241371	-0.000799674
8240	0.00251908	-0.00241892	-0.000806953
8250	0.00251926	-0.00242434	-0.000814883
8260	0.00251956	-0.00242974	-0.000823317
8270	0.00251984	-0.00243488	-0.000832076
8280	0.00251995	-0.00243954	-0.000840955
8290	0.00251975	-0.00244351	-0.000849744
8300	0.00251909	-0.00244664	-0.00085825
8310	0.00251786	-0.0024488	-0.000866274
8320	0.00251598	-0.00244991	-0.00087362
8330	0.00251342	-0.00244992	-0.000880101
8340	0.0025102	-0.00244883	-0.000885551
8350	0.00250638	-0.0024467	-0.000889832
8360	0.00250209	-0.0024436	-0.00089285
8370	0.00249749	-0.00243968	-0.000894553
8380	0.00249278	-0.0024351	-0.000894936
8390	0.00248818	-0.00243003	-0.000894034
8400	0.00248395	-0.00242466	-0.000891927
8410	0.00248032	-0.00241916	-0.000888739
8420	0.00247751	-0.00241367	-0.000884619
8430	0.0024757	-0.00240831	-0.000879736
8440	0.00247504	-0.00240318	-0.00087427
8450	0.0024756	-0.00239839	-0.000868407
8460	0.00247738	-0.002394	-0.000862328
8470	0.00248031	-0.00239008	-0.000856207
8480	0.00248423	-0.00238668	-0.000850205
8490	0.00248894	-0.00238386	-0.000844463
8500	0.00249416	-0.00238171	-0.000839092
8510	0.00249958	-0.00238028	-0.000834177
8520	0.00250488	-0.00237963	-0.000829773
8530	0.00250975	-0.00237982	-0.00082591
8540	0.00251392	-0.00238088	-0.000822602
8550	0.00251718	-0.00238283	-0.000819843
8560	0.00251941	-0.00238562	-0.000817602
8570	0.00252051	-0.00238918	-0.000815829
8580	0.00252052	-0.00239338	-0.00081446
8590	0.00251952	-0.00239803	-0.000813415
8600	0.00251765	-0.00240289	-0.000812612
8610	0.00251514	-0.00240767	-0.000811967
8620	0.00251223	-0.00241207	-0.000811405
8630	0.00250915	-0.00241574	-0.000810859
8640	0.00250611	-0.00241839	-0.000810296
8650	0.00250333	-0.00241972	-0.000809711
8660	0.002501	-0.00241952	-0.000809132
8670	0.0024993	-0.00241764	-0.000808623
8680	0.00249837	-0.00241405	-0.000808278
8690	0.00249833	-0.00240882	-0.00080822
8700	0.00249924	-0.00240214	-0.000808589
8710	0.00250112	-0.00239434	-0.00080953
8720	0.00250392	-0.00238579	-0.000811175
8730	0.00250757	-0.00237693	-0.00081361
8740	0.00251194	-0.00236817	-0.000816859
8750	0.0025169	-0.00235992	-0.0008209
8760	0.00252226	-0.00235263	-0.00082568
8770	0.00252785	-0.00234669	-0.000831124
8780	0.00253348	-0.00234246	-0.000837136
8790	0.00253898	-0.00234023	-0.000843595
8800	0.00254421	-0.00234027	-0.000850379
8810	0.00254905	-0.00234275	-0.000857359
8820	0.00255341	-0.00234773	-0.000864395
8830	0.00255725	-0.00235516	-0.000871334
8840	0.00256055	-0.00236483	-0.000878013
8850	0.00256334	-0.00237641	-0.000884264
8860	0.00256567	-0.00238943	-0.000889902
8870	0.00256766	-0.00240338	-0.000894737
8880	0.0025694	-0.00241765	-0.000898603
8890	0.00257102	-0.00243156	-0.000901381
8900	0.00257267	-0.00244451	-0.000903001
8910	0.00257448	-0.00245594	-0.000903452
8920	0.00257662	-0.00246543	-0.000902789
8930	0.00257924	-0.00247269	-0.000901134
8940	0.00258249	-0.0024776	-0.000898674
8950	0.0025865	-0.0024802	-0.000895668
8960	0.00259139	-0.0024807	-0.000892427
8970	0.00259722	-0.00247944	-0.000889302
8980	0.00260405	-0.00247688	-0.000886677
8990	0.00261192	-0.00247355	-0.000884951
9000	0.00262082	-0.00246997	-0.000884513
9010	0.00263072	-0.0024666	-0.000885705
9020	0.00264159	-0.00246385	-0.000888812
9030	0.00265334	-0.00246209	-0.000894053
9040	0.00266587	-0.00246165	-0.000901567
9050	0.00267905	-0.00246277	-0.000911401
9060	0.00269275	-0.00246564	-0.000923515
9070	0.00270677	-0.00247036	-0.000937776
9080	0.00272096	-0.00247696	-0.000953974
9090	0.00273513	-0.00248543	-0.000971835
9100	0.00274911	-0.00249566	-0.000991019
9110	0.00276273	-0.00250747	-0.00101114
9120	0.00277584	-0.00252063	-0.00103178
9130	0.00278832	-0.00253485	-0.0010525
9140	0.00280006	-0.00254978	-0.00107286
9150	0.002811	-0.0025651	-0.00109242
9160	0.00282112	-0.00258044	-0.00111075
9170	0.00283044	-0.00259549	-0.00112746
9180	0.002839	-0.00260995	-0.00114224
9190	0.00284686	-0.0026236	-0.00115483
9200	0.00285412	-0.00263629	-0.00116506
9210	0.00286087	-0.00264791	-0.00117284
9220	0.00286723	-0.00265844	-0.00117817
9230	0.0028733	-0.00266792	-0.00118111
9240	0.00287919	-0.00267645	-0.00118178
9250	0.002885	-0.00268415	-0.00118036
9260	0.00289082	-0.00269119	-0.00117706
9270	0.0028967	-0.00269774	-0.00117213
9280	0.0029027	-0.00270397	-0.00116582
9290	0.00290885	-0.00271004	-0.00115839
9300	0.00291514	-0.00271608	-0.00115006
9310	0.00292155	-0.00272221	-0.00114103
9320	0.00292801	-0.0027285	-0.00113147
9330	0.00293445	-0.00273496	-0.00112149
9340	0.00294077	-0.00274156	-0.00111116
9350	0.00294687	-0.00274818	-0.00110055
9360	0.00295265	-0.00275469	-0.0010897
9370	0.002958	-0.00276091	-0.00107863
9380	0.00296283	-0.00276669	-0.00106737
9390	0.00296706	-0.00277185	-0.00105595
9400	0.00297063	-0.00277626	-0.00104444
9410	0.00297349	-0.00277982	-0.00103293
9420	0.00297561	-0.00278249	-0.00102156
9430	0.002977	-0.00278429	-0.00101052
9440	0.00297771	-0.00278531	-0.00100002
9450	0.00297779	-0.00278567	-0.00099034
9460	0.00297735	-0.0027856	-0.000981757
9470	0.0029765	-0.00278532	-0.000974587
9480	0.00297539	-0.00278511	-0.00096914
9490	0.00297414	-0.00278526	-0.000965708
9500	0.00297289	-0.00278606	-0.000964544
9510	0.00297177	-0.00278779	-0.000965842
9520	0.00297087	-0.00279067	-0.000969715
9530	0.00297024	-0.00279487	-0.000976183
9540	0.0029699	-0.00280048	-0.000985148
9550	0.00296981	-0.00280748	-0.000996384
9560	0.0029699	-0.00281578	-0.00100954
9570	0.00297006	-0.00282518	-0.00102417
9580	0.00297014	-0.00283542	-0.00103969
9590	0.00296999	-0.00284612	-0.00105548
9600	0.00296945	-0.00285688	-0.00107084
9610	0.0029684	-0.00286723	-0.00108509
9620	0.00296672	-0.0028767	-0.00109756
9630	0.00296437	-0.00288483	-0.00110765
9640	0.00296134	-0.00289116	-0.00111486
9650	0.00295771	-0.0028953	-0.00111883
9660	0.00295358	-0.00289699	-0.00111936
9670	0.0029491	-0.00289605	-0.0011164
9680	0.00294448	-0.00289243	-0.00111005
9690	0.00293994	-0.00288622	-0.00110056
9700	0.00293575	-0.0028776	-0.00108837
9710	0.00293216	-0.00286685	-0.00107402
9720	0.0029294	-0.0028544	-0.00105818
9730	0.00292765	-0.00284074	-0.00104156
9740	0.00292705	-0.00282645	-0.0010249
9750	0.00292766	-0.00281211	-0.00100897
9760	0.0029295	-0.00279828	-0.000994449
9770	0.00293256	-0.0027854	-0.000981977
9780	0.00293676	-0.00277388	-0.000972135
9790	0.00294194	-0.0027641	-0.000965421
9800	0.00294786	-0.00275641	-0.000962226
9810	0.00295425	-0.00275116	-0.000962809
9820	0.0029608	-0.00274866	-0.000967287
9830	0.00296717	-0.00274916	-0.000975634
9840	0.00297305	-0.00275291	-0.000987693
9850	0.00297814	-0.00276001	-0.00100317
9860	0.00298222	-0.00277046	-0.00102164
9870	0.00298513	-0.00278406	-0.00104255
9880	0.00298679	-0.00280048	-0.00106525
9890	0.00298721	-0.0028192	-0.00108904
9900	0.0029865	-0.00283954	-0.00111313
9910	0.00298481	-0.00286071	-0.00113677
9920	0.00298237	-0.00288183	-0.0011592
9930	0.00297945	-0.00290194	-0.00117968
9940	0.00297632	-0.00292014	-0.00119757
9950	0.00297322	-0.00293553	-0.00121241
9960	0.0029703	-0.00294738	-0.00122394
9970	0.00296771	-0.00295507	-0.00123198
9980	0.00296557	-0.00295819	-0.00123647
9990	0.00296398	-0.0029566	-0.00123745
10000	0.00296301	-0.00295041	-0.00123502
10010	0.00296265	-0.00294004	-0.00122941
10020	0.00296288	-0.00292618	-0.00122092
10030	0.00296362	-0.00290975	-0.00120997
10040	0.00296477	-0.00289188	-0.00119704
10050	0.00296619	-0.00287371	-0.00118261
10060	0.00296772	-0.00285638	-0.00116715
10070	0.00296925	-0.00284088	-0.00115112
10080	0.00297065	-0.00282806	-0.00113499
10090	0.00297182	-0.00281856	-0.00111917
10100	0.00297269	-0.00281274	-0.00110404
10110	0.00297319	-0.00281072	-0.00108996
10120	0.00297332	-0.00281242	-0.00107722
10130	0.00297312	-0.00281755	-0.00106608
10140	0.00297265	-0.00282561	-0.00105674
10150	0.00297204	-0.0028359	-0.00104933
10160	0.0029714	-0.00284757	-0.00104388
10170	0.00297088	-0.00285966	-0.00104028
10180	0.0029706	-0.00287119	-0.00103834
10190	0.0029707	-0.0028812	-0.0010378
10200	0.00297133	-0.00288884	-0.0010384
10210	0.00297262	-0.00289339	-0.00103988
10220	0.00297469	-0.00289432	-0.00104199
10230	0.00297765	-0.00289134	-0.0010445
10240	0.00298156	-0.00288441	-0.00104723
10250	0.00298646	-0.00287373	-0.00105007
10260	0.00299229	-0.00285972	-0.00105296
10270	0.00299896	-0.00284297	-0.00105591
10280	0.00300631	-0.00282406	-0.00105892
10290	0.00301414	-0.00280368	-0.00106202
10300	0.00302223	-0.00278259	-0.00106528
10310	0.00303033	-0.00276156	-0.00106879
10320	0.00303815	-0.00274126	-0.0010726
10330	0.00304542	-0.00272233	-0.0010768
10340	0.0030518	-0.00270528	-0.0010814
10350	0.003057	-0.00269054	-0.00108636
10360	0.00306072	-0.00267838	-0.0010916
10370	0.00306274	-0.00266891	-0.00109701
10380	0.00306289	-0.00266209	-0.00110245
10390	0.00306108	-0.00265776	-0.00110774
10400	0.0030573	-0.00265562	-0.00111271
10410	0.00305167	-0.00265525	-0.00111716
10420	0.00304437	-0.00265617	-0.00112094
10430	0.00303566	-0.00265792	-0.00112393
10440	0.00302587	-0.00265999	-0.00112608
10450	0.0030154	-0.00266189	-0.00112735
10460	0.00300465	-0.00266317	-0.00112774
10470	0.00299405	-0.00266339	-0.0011273
10480	0.00298397	-0.0026622	-0.00112609
10490	0.0029748	-0.0026594	-0.00112426
10500	0.0029669	-0.00265488	-0.00112197
10510	0.00296055	-0.00264866	-0.00111943
10520	0.00295596	-0.00264093	-0.00111687
10530	0.00295326	-0.002632	-0.00111454
10540	0.00295248	-0.00262232	-0.0011127
10550	0.00295356	-0.00261244	-0.0011116
10560	0.00295639	-0.00260297	-0.00111144
10570	0.00296074	-0.00259454	-0.00111244
10580	0.00296641	-0.00258773	-0.00111476
10590	0.00297316	-0.00258303	-0.0011185
10600	0.00298073	-0.00258085	-0.00112369
10610	0.00298889	-0.00258144	-0.00113027
10620	0.00299741	-0.00258494	-0.00113814
10630	0.00300605	-0.00259136	-0.00114714
10640	0.00301463	-0.00260055	-0.00115704
10650	0.003023	-0.00261225	-0.00116767
10660	0.00303105	-0.00262606	-0.00117881
10670	0.00303871	-0.00264146	-0.00119023
10680	0.00304596	-0.00265783	-0.00120167
10690	0.0030528	-0.00267453	-0.0012129
10700	0.00305928	-0.00269094	-0.00122369
10710	0.00306542	-0.00270647	-0.00123384
10720	0.00307126	-0.00272056	-0.00124316
10730	0.00307685	-0.0027328	-0.00125145
10740	0.00308219	-0.00274289	-0.00125856
10750	0.0030873	-0.0027507	-0.00126437
10760	0.0030922	-0.00275623	-0.00126878
10770	0.00309688	-0.00275957	-0.00127175
10780	0.00310131	-0.00276095	-0.00127324
10790	0.00310543	-0.00276076	-0.00127327
10800	0.00310921	-0.00275948	-0.00127185
10810	0.00311257	-0.00275766	-0.00126902
10820	0.00311543	-0.00275589	-0.00126484
10830	0.00311768	-0.00275473	-0.00125939
10840	0.00311919	-0.00275473	-0.00125276
10850	0.00311986	-0.00275632	-0.00124507
10860	0.00311956	-0.00275982	-0.00123641
10870	0.00311821	-0.00276542	-0.00122692
10880	0.00311578	-0.00277312	-0.00121672
10890	0.00311227	-0.00278275	-0.00120594
10900	0.00310775	-0.00279392	-0.00119473
10910	0.00310235	-0.00280609	-0.00118328
10920	0.00309627	-0.0028186	-0.0011718
10930	0.00308978	-0.00283066	-0.00116054
10940	0.00308319	-0.00284149	-0.00114971
10950	0.00307684	-0.0028503	-0.00113959
10960	0.00307105	-0.00285643	-0.00113044
10970	0.0030661	-0.00285935	-0.0011225
10980	0.00306227	-0.00285872	-0.00111602
10990	0.00305975	-0.0028544	-0.00111118
11000	0.00305867	-0.00284647	-0.00110817
11010	0.00305912	-0.00283526	-0.00110709
11020	0.00306107	-0.00282134	-0.00110802
11030	0.00306441	-0.00280549	-0.00111098
11040	0.00306899	-0.00278864	-0.00111593
11050	0.00307457	-0.00277174	-0.00112277
11060	0.0030809	-0.00275564	-0.00113138
11070	0.00308769	-0.00274098	-0.0011415
11080	0.00309467	-0.00272832	-0.00115282
11090	0.00310158	-0.00271811	-0.00116503
11100	0.00310817	-0.00271069	-0.00117776
11110	0.00311418	-0.00270627	-0.0011907
11120	0.00311939	-0.0027049	-0.0012035
11130	0.00312365	-0.00270653	-0.00121586
11140	0.00312682	-0.00271097	-0.00122746
11150	0.00312885	-0.00271787	-0.00123803
11160	0.00312978	-0.00272682	-0.00124731
11170	0.0031297	-0.00273728	-0.00125512
11180	0.00312874	-0.00274869	-0.00126128
11190	0.00312711	-0.00276044	-0.00126569
11200	0.00312501	-0.00277198	-0.00126831
11210	0.00312268	-0.00278279	-0.00126914
11220	0.00312033	-0.00279247	-0.00126828
11230	0.00311818	-0.00280071	-0.00126589
11240	0.00311639	-0.00280733	-0.00126218
11250	0.00311513	-0.00281228	-0.00125741
11260	0.0031145	-0.00281559	-0.00125185
11270	0.00311456	-0.00281744	-0.00124579
11280	0.00311532	-0.00281806	-0.00123953
11290	0.00311674	-0.00281777	-0.00123335
11300	0.00311875	-0.00281688	-0.00122748
11310	0.00312123	-0.00281575	-0.00122215
11320	0.00312407	-0.00281471	-0.00121754
11330	0.00312712	-0.00281406	-0.00121378
11340	0.00313027	-0.00281405	-0.00121097
11350	0.00313342	-0.00281486	-0.00120918
11360	0.0031365	-0.0028166	-0.00120842
11370	0.00313947	-0.00281933	-0.00120869
11380	0.00314232	-0.00282303	-0.00120999
11390	0.00314505	-0.00282766	-0.00121231
11400	0.00314769	-0.00283313	-0.00121562
11410	0.00315032	-0.0028393	-0.00121986
11420	0.00315301	-0.00284602	-0.00122499
11430	0.00315583	-0.00285313	-0.00123096
11440	0.00315888	-0.00286045	-0.00123768
11450	0.00316222	-0.00286782	-0.00124507
11460	0.00316593	-0.00287512	-0.00125303
11470	0.00317006	-0.00288221	-0.00126142
11480	0.00317463	-0.002889	-0.00127011
11490	0.00317966	-0.00289544	-0.00127893
11500	0.00318513	-0.00290152	-0.00128769
11510	0.00319099	-0.00290724	-0.00129619
11520	0.00319716	-0.00291263	-0.00130425
11530	0.00320356	-0.00291772	-0.00131167
11540	0.00321005	-0.00292255	-0.00131828
11550	0.00321651	-0.00292721	-0.00132394
11560	0.0032228	-0.00293176	-0.00132851
11570	0.0032288	-0.00293633	-0.00133191
11580	0.00323442	-0.00294102	-0.00133409
11590	0.00323957	-0.00294598	-0.00133502
11600	0.00324419	-0.00295137	-0.00133475
11610	0.00324826	-0.00295733	-0.00133334
11620	0.00325174	-0.00296399	-0.00133091
11630	0.00325466	-0.00297148	-0.0013276
11640	0.00325704	-0.00297986	-0.00132358
11650	0.00325893	-0.00298912	-0.00131903
11660	0.00326042	-0.0029992	-0.00131417
11670	0.00326158	-0.00300996	-0.00130919
11680	0.00326254	-0.00302117	-0.0013043
11690	0.00326339	-0.00303255	-0.00129966
11700	0.00326423	-0.00304378	-0.00129543
11710	0.00326514	-0.00305451	-0.00129172
11720	0.00326618	-0.00306438	-0.00128862
11730	0.00326739	-0.00307303	-0.00128617
11740	0.00326879	-0.00308016	-0.00128439
11750	0.00327036	-0.00308553	-0.00128324
11760	0.00327209	-0.00308896	-0.00128267
11770	0.00327392	-0.00309042	-0.0012826
11780	0.00327577	-0.00308996	-0.00128292
11790	0.00327755	-0.00308775	-0.00128352
11800	0.00327917	-0.00308406	-0.00128427
11810	0.00328055	-0.00307924	-0.00128503
11820	0.00328159	-0.00307371	-0.0012857
11830	0.00328224	-0.00306793	-0.00128615
11840	0.00328248	-0.00306233	-0.00128629
11850	0.00328231	-0.00305732	-0.00128605
11860	0.00328175	-0.00305325	-0.00128539
11870	0.00328087	-0.00305033	-0.00128429
11880	0.00327974	-0.00304871	-0.00128277
11890	0.00327846	-0.00304835	-0.00128085
11900	0.00327714	-0.00304913	-0.0012786
11910	0.00327589	-0.00305077	-0.00127606
11920	0.00327477	-0.00305295	-0.00127328
11930	0.00327384	-0.00305523	-0.0012703
11940	0.00327312	-0.00305715	-0.00126718
11950	0.00327261	-0.00305821	-0.00126402
11960	0.0032723	-0.00305795	-0.00126091
11970	0.00327216	-0.003056	-0.00125796
11980	0.00327213	-0.00305207	-0.00125529
11990	0.00327214	-0.00304603	-0.00125304
12000	0.00327211	-0.00303794	-0.00125132
12010	0.00327194	-0.00302799	-0.00125025
12020	0.00327152	-0.00301652	-0.00124993
12030	0.00327076	-0.00300396	-0.00125042
12040	0.00326956	-0.00299083	-0.00125178
12050	0.00326787	-0.00297774	-0.00125405
12060	0.00326563	-0.00296527	-0.00125725
12070	0.00326282	-0.00295393	-0.00126141
12080	0.00325945	-0.00294417	-0.00126651
12090	0.00325556	-0.00293635	-0.00127249
12100	0.00325124	-0.00293074	-0.00127924
12110	0.0032466	-0.00292745	-0.0012866
12120	0.0032418	-0.00292651	-0.00129435
12130	0.00323696	-0.00292778	-0.00130225
12140	0.00323222	-0.002931	-0.00131003
12150	0.00322772	-0.00293577	-0.00131742
12160	0.0032236	-0.0029416	-0.00132416
12170	0.00321998	-0.00294788	-0.00133001
12180	0.00321699	-0.00295394	-0.00133474
12190	0.00321475	-0.00295912	-0.00133816
12200	0.00321336	-0.0029628	-0.00134015
12210	0.0032129	-0.00296446	-0.00134063
12220	0.00321339	-0.00296371	-0.0013396
12230	0.00321487	-0.00296038	-0.00133714
12240	0.0032173	-0.00295449	-0.00133339
12250	0.00322063	-0.00294627	-0.0013286
12260	0.00322479	-0.00293614	-0.00132303
12270	0.00322968	-0.00292457	-0.00131699
12280	0.00323521	-0.002912	-0.00131078
12290	0.00324128	-0.00289893	-0.00130472
12300	0.00324778	-0.00288589	-0.0012991
12310	0.00325456	-0.00287339	-0.00129418
12320	0.00326151	-0.00286191	-0.00129021
12330	0.0032685	-0.00285189	-0.00128741
12340	0.00327536	-0.00284371	-0.00128593
12350	0.00328194	-0.00283768	-0.00128588
12360	0.00328805	-0.00283402	-0.00128725
12370	0.00329356	-0.00283285	-0.00128999
12380	0.0032983	-0.00283421	-0.00129395
12390	0.00330212	-0.00283806	-0.00129893
12400	0.00330493	-0.00284427	-0.00130468
12410	0.00330668	-0.00285259	-0.00131095
12420	0.00330738	-0.00286265	-0.00131745
12430	0.00330712	-0.00287396	-0.00132388
12440	0.00330599	-0.00288593	-0.00132992
12450	0.00330414	-0.00289793	-0.00133531
12460	0.00330169	-0.00290929	-0.0013398
12470	0.00329882	-0.0029194	-0.0013432
12480	0.00329567	-0.00292765	-0.00134537
12490	0.00329238	-0.0029336	-0.00134625
12500	0.00328909	-0.00293692	-0.00134585
12510	0.00328591	-0.00293743	-0.00134421
12520	0.00328295	-0.00293512	-0.00134145
12530	0.00328029	-0.00293012	-0.0013377
12540	0.00327799	-0.00292271	-0.00133312
12550	0.0032761	-0.00291329	-0.00132791
12560	0.00327468	-0.00290234	-0.00132229
12570	0.00327381	-0.00289038	-0.00131651
12580	0.00327354	-0.00287794	-0.00131082
12590	0.00327389	-0.00286555	-0.00130544
12600	0.00327485	-0.00285371	-0.00130059
12610	0.00327637	-0.00284285	-0.00129642
12620	0.00327837	-0.00283331	-0.00129307
12630	0.00328071	-0.00282527	-0.00129062
12640	0.00328328	-0.0028188	-0.00128913
12650	0.0032859	-0.00281389	-0.00128857
12660	0.00328839	-0.00281046	-0.0012889
12670	0.00329054	-0.00280839	-0.00129001
12680	0.00329213	-0.0028075	-0.00129174
12690	0.00329296	-0.00280759	-0.00129392
12700	0.00329286	-0.00280842	-0.00129633
12710	0.00329172	-0.00280975	-0.00129873
12720	0.00328948	-0.00281132	-0.00130089
12730	0.00328617	-0.00281293	-0.00130259
12740	0.00328188	-0.0028144	-0.00130365
12750	0.00327678	-0.0028156	-0.00130395
12760	0.00327114	-0.00281644	-0.00130341
12770	0.00326524	-0.00281693	-0.00130201
12780	0.00325943	-0.00281708	-0.00129983
12790	0.00325406	-0.00281701	-0.00129699
12800	0.00324948	-0.00281684	-0.00129368
12810	0.003246	-0.00281674	-0.00129012
12820	0.00324391	-0.00281696	-0.00128658
12830	0.00324341	-0.00281773	-0.00128333
12840	0.00324467	-0.00281934	-0.00128063
12850	0.00324772	-0.00282203	-0.00127876
12860	0.00325256	-0.00282603	-0.00127793
12870	0.00325906	-0.00283152	-0.00127835
12880	0.00326705	-0.00283861	-0.00128016
12890	0.00327627	-0.00284732	-0.00128343
12900	0.00328642	-0.00285759	-0.00128815
12910	0.00329719	-0.00286924	-0.00129423
12920	0.00330823	-0.00288202	-0.00130148
12930	0.00331924	-0.00289571	-0.00130968
12940	0.00333002	-0.00291018	-0.0013186
12950	0.00334042	-0.0029253	-0.00132802
12960	0.00335035	-0.00294091	-0.00133772
12970	0.00335976	-0.00295676	-0.00134749
12980	0.00336861	-0.00297258	-0.00135715
12990	0.00337689	-0.00298807	-0.00136649
13000	0.00338462	-0.00300291	-0.00137533
13010	0.00339184	-0.00301678	-0.00138347
13020	0.00339858	-0.00302944	-0.00139076
13030	0.0034049	-0.00304071	-0.00139707
13040	0.00341085	-0.0030505	-0.00140231
13050	0.0034165	-0.00305881	-0.00140643
13060	0.0034219	-0.00306576	-0.00140943
13070	0.00342713	-0.00307154	-0.00141132
13080	0.00343224	-0.00307642	-0.00141217
13090	0.00343727	-0.00308073	-0.00141205
13100	0.00344226	-0.00308481	-0.00141106
13110	0.00344722	-0.00308901	-0.00140932
13120	0.00345214	-0.00309364	-0.00140695
13130	0.00345701	-0.00309895	-0.00140407
13140	0.00346177	-0.00310509	-0.00140083
13150	0.00346638	-0.00311213	-0.00139734
13160	0.00347076	-0.00312002	-0.00139373
13170	0.00347483	-0.0031286	-0.00139008
13180	0.0034785	-0.0031376	-0.00138649
13190	0.00348168	-0.00314669	-0.00138303
13200	0.00348428	-0.00315547	-0.00137975
13210	0.00348623	-0.00316354	-0.00137668
13220	0.00348747	-0.00317054	-0.00137386
13230	0.00348798	-0.00317615	-0.00137131
13240	0.00348772	-0.00318021	-0.00136903
13250	0.00348671	-0.00318267	-0.00136703
13260	0.00348498	-0.00318363	-0.00136532
13270	0.00348258	-0.00318341	-0.00136389
13280	0.00347962	-0.00318244	-0.00136273
13290	0.00347622	-0.00318128	-0.00136181
13300	0.00347254	-0.00318056	-0.0013611
13310	0.00346872	-0.00318091	-0.00136054
13320	0.00346494	-0.00318288	-0.00136008
13330	0.00346135	-0.00318689	-0.00135965
13340	0.00345811	-0.0031932	-0.00135918
13350	0.00345534	-0.00320181	-0.00135865
13360	0.00345315	-0.00321248	-0.001358
13370	0.0034516	-0.00322477	-0.00135723
13380	0.00345072	-0.00323801	-0.00135633
13390	0.00345049	-0.00325138	-0.00135535
13400	0.00345086	-0.00326399	-0.00135429
13410	0.00345178	-0.00327491	-0.00135323
13420	0.00345317	-0.00328327	-0.00135222
13430	0.00345497	-0.00328835	-0.00135134
13440	0.00345709	-0.00328959	-0.0013507
13450	0.00345949	-0.00328673	-0.00135044
13460	0.00346209	-0.00327975	-0.0013507
13470	0.00346486	-0.003269	-0.00135161
13480	0.00346777	-0.0032551	-0.00135329
13490	0.00347076	-0.00323897	-0.00135585
13500	0.00347383	-0.00322169	-0.00135934
13510	0.00347691	-0.00320453	-0.00136378
13520	0.00347998	-0.00318876	-0.00136914
13530	0.00348297	-0.00317559	-0.00137536
13540	0.00348584	-0.00316607	-0.00138236
13550	0.00348848	-0.00316097	-0.00138999
13560	0.00349078	-0.00316078	-0.00139805
13570	0.00349264	-0.00316568	-0.00140625
13580	0.00349395	-0.00317553	-0.00141427
13590	0.00349464	-0.00318982	-0.00142178
13600	0.00349466	-0.00320774	-0.00142842
13610	0.00349399	-0.00322817	-0.00143388
13620	0.00349268	-0.00324981	-0.00143786
13630	0.0034908	-0.0032712	-0.00144016
13640	0.0034885	-0.00329089	-0.00144063
13650	0.00348595	-0.0033075	-0.00143923
13660	0.00348337	-0.00331986	-0.00143599
13670	0.00348098	-0.00332706	-0.00143102
13680	0.00347899	-0.00332854	-0.00142449
13690	0.0034776	-0.00332412	-0.00141666
13700	0.00347693	-0.00331402	-0.00140786
13710	0.00347709	-0.00329881	-0.00139847
13720	0.00347812	-0.00327943	-0.00138887
13730	0.00347998	-0.00325712	-0.00137943
13740	0.00348261	-0.00323327	-0.00137052
13750	0.00348583	-0.00320936	-0.00136242
13760	0.00348946	-0.00318688	-0.00135539
13770	0.00349324	-0.00316717	-0.00134958
13780	0.00349695	-0.00315139	-0.00134509
13790	0.00350034	-0.00314033	-0.00134194
13800	0.00350323	-0.00313444	-0.00134011
13810	0.00350547	-0.00313374	-0.00133952
13820	0.00350695	-0.00313799	-0.00134005
13830	0.00350759	-0.00314669	-0.00134155
13840	0.00350738	-0.00315904	-0.00134385
13850	0.00350638	-0.00317402	-0.00134677
13860	0.0035047	-0.00319046	-0.0013501
13870	0.00350251	-0.0032071	-0.00135366
13880	0.00350007	-0.00322274	-0.00135727
13890	0.00349764	-0.00323633	-0.00136075
13900	0.00349551	-0.00324697	-0.00136399
13910	0.003494	-0.003254	-0.00136693
13920	0.00349337	-0.00325699	-0.00136957
13930	0.00349385	-0.00325578	-0.00137196
13940	0.00349563	-0.0032505	-0.00137422
13950	0.00349882	-0.00324153	-0.00137648
13960	0.00350347	-0.00322946	-0.00137892
13970	0.00350955	-0.00321508	-0.00138176
13980	0.00351698	-0.00319937	-0.0013852
13990	0.00352562	-0.00318334	-0.00138945
14000	0.00353526	-0.00316781	-0.00139467
14010	0.00354573	-0.00315338	-0.00140092
14020	0.00355682	-0.00314058	-0.00140819
14030	0.00356832	-0.00312986	-0.00141639
14040	0.00358001	-0.0031216	-0.00142536
14050	0.00359169	-0.00311608	-0.00143494
14060	0.00360317	-0.00311355	-0.00144496
14070	0.00361427	-0.00311417	-0.00145524
14080	0.00362486	-0.00311798	-0.00146562
14090	0.0036348	-0.00312488	-0.00147588
14100	0.003644	-0.00313468	-0.00148582
14110	0.0036524	-0.00314703	-0.00149523
14120	0.00365996	-0.00316145	-0.00150388
14130	0.00366669	-0.00317733	-0.00151156
14140	0.00367262	-0.00319398	-0.00151809
14150	0.00367783	-0.0032107	-0.00152332
14160	0.0036824	-0.00322679	-0.00152716
14170	0.00368648	-0.00324163	-0.00152956
14180	0.00369019	-0.00325471	-0.00153056
14190	0.00369367	-0.00326567	-0.00153025
14200	0.00369709	-0.0032743	-0.00152879
14210	0.00370058	-0.00328058	-0.00152639
14220	0.00370427	-0.00328463	-0.00152329
14230	0.00370825	-0.00328674	-0.00151975
14240	0.00371257	-0.00328728	-0.00151606
14250	0.00371724	-0.00328672	-0.00151248
14260	0.00372225	-0.00328558	-0.00150928
14270	0.00372754	-0.00328437	-0.00150669
14280	0.00373304	-0.00328355	-0.00150489
14290	0.00373861	-0.00328358	-0.00150395
14300	0.00374412	-0.00328482	-0.00150389
14310	0.00374939	-0.00328759	-0.00150464
14320	0.00375424	-0.00329208	-0.0015061
14330	0.00375846	-0.00329841	-0.00150808
14340	0.00376189	-0.00330657	-0.00151038
14350	0.00376435	-0.00331645	-0.00151279
14360	0.0037657	-0.00332786	-0.00151508
14370	0.00376585	-0.00334047	-0.00151704
14380	0.00376478	-0.00335386	-0.00151848
14390	0.00376252	-0.00336755	-0.00151923
14400	0.00375917	-0.00338102	-0.00151919
14410	0.00375492	-0.00339377	-0.0015183
14420	0.00375001	-0.00340535	-0.00151659
14430	0.0037447	-0.0034154	-0.0015141
14440	0.0037393	-0.00342365	-0.00151098
14450	0.00373414	-0.00342996	-0.00150737
14460	0.00372948	-0.00343427	-0.00150345
14470	0.00372561	-0.00343666	-0.00149942
14480	0.00372271	-0.00343732	-0.00149548
14490	0.00372094	-0.0034365	-0.00149178
14500	0.00372036	-0.00343452	-0.00148848
14510	0.00372097	-0.00343175	-0.00148567
14520	0.00372265	-0.0034286	-0.00148341
14530	0.0037252	-0.00342546	-0.00148171
14540	0.00372836	-0.00342272	-0.00148053
14550	0.00373183	-0.00342072	-0.00147981
14560	0.00373525	-0.00341973	-0.00147943
14570	0.00373834	-0.00341996	-0.0014793
14580	0.0037408	-0.00342153	-0.0014793
14590	0.00374242	-0.00342447	-0.00147931
14600	0.00374309	-0.00342872	-0.00147926
14610	0.00374276	-0.00343414	-0.0014791
14620	0.00374149	-0.00344051	-0.00147879
14630	0.00373943	-0.00344757	-0.00147838
14640	0.00373681	-0.00345504	-0.00147793
14650	0.00373391	-0.00346263	-0.00147754
14660	0.00373104	-0.00347008	-0.00147737
14670	0.00372854	-0.00347716	-0.00147758
14680	0.00372668	-0.00348367	-0.00147833
14690	0.00372572	-0.00348949	-0.00147976
14700	0.00372582	-0.00349453	-0.00148197
14710	0.00372707	-0.00349876	-0.00148504
14720	0.00372949	-0.00350217	-0.00148901
14730	0.00373302	-0.00350478	-0.00149386
14740	0.00373751	-0.00350661	-0.00149954
14750	0.00374276	-0.00350774	-0.00150595
14760	0.00374852	-0.00350825	-0.00151295
14770	0.00375451	-0.00350837	-0.00152037
14780	0.00376047	-0.00350836	-0.00152798
14790	0.00376612	-0.00350853	-0.00153554
14800	0.00377119	-0.00350919	-0.00154276
14810	0.00377547	-0.00351062	-0.00154935
14820	0.00377877	-0.00351305	-0.00155505
14830	0.00378097	-0.00351662	-0.00155958
14840	0.003782	-0.00352138	-0.0015627
14850	0.00378186	-0.00352728	-0.00156422
14860	0.0037806	-0.00353419	-0.00156396
14870	0.00377835	-0.00354187	-0.00156181
14880	0.00377528	-0.00355005	-0.00155772
14890	0.0037716	-0.00355841	-0.00155171
14900	0.00376755	-0.00356659	-0.00154386
14910	0.00376341	-0.00357423	-0.00153434
14920	0.00375946	-0.00358097	-0.00152334
14930	0.00375595	-0.00358649	-0.00151115
14940	0.0037531	-0.00359055	-0.00149807
14950	0.00375109	-0.00359296	-0.00148445
14960	0.00375002	-0.00359368	-0.00147064
14970	0.0037499	-0.00359277	-0.00145702
14980	0.00375069	-0.00359037	-0.00144396
14990	0.0037523	-0.00358671	-0.0014318
15000	0.00375459	-0.00358209	-0.00142087
15010	0.00375745	-0.00357684	-0.00141149
15020	0.00376075	-0.00357134	-0.00140393
15030	0.00376435	-0.00356599	-0.00139841
15040	0.00376815	-0.00356117	-0.00139511
15050	0.00377205	-0.0035572	-0.00139418
15060	0.00377597	-0.00355439	-0.00139564
15070	0.00377987	-0.003553	-0.00139951
15080	0.00378371	-0.00355318	-0.00140568
15090	0.00378749	-0.00355501	-0.00141401
15100	0.00379121	-0.00355849	-0.00142428
15110	0.00379488	-0.00356348	-0.00143622
15120	0.00379852	-0.00356979	-0.0014495
15130	0.00380217	-0.00357711	-0.00146375
15140	0.00380584	-0.0035851	-0.00147857
15150	0.00380954	-0.00359337	-0.00149355
15160	0.00381328	-0.0036015	-0.00150828
15170	0.00381702	-0.00360906	-0.00152237
15180	0.00382072	-0.00361562	-0.00153545
15190	0.00382432	-0.00362076	-0.00154721
15200	0.00382775	-0.00362415	-0.0015574
15210	0.00383095	-0.00362549	-0.00156585
15220	0.00383384	-0.00362463	-0.00157244
15230	0.00383635	-0.00362156	-0.0015771
15240	0.00383843	-0.00361638	-0.00157976
15250	0.00384005	-0.00360924	-0.00158042
15260	0.00384116	-0.00360036	-0.00157912
15270	0.00384176	-0.00358996	-0.00157596
15280	0.00384183	-0.0035783	-0.00157109
15290	0.00384137	-0.00356568	-0.00156472
15300	0.0038404	-0.00355238	-0.00155709
15310	0.00383897	-0.00353871	-0.00154847
15320	0.00383715	-0.00352496	-0.00153911
15330	0.00383503	-0.0035114	-0.00152933
15340	0.00383271	-0.0034982	-0.0015194
15350	0.00383028	-0.00348549	-0.00150958
15360	0.00382785	-0.00347339	-0.0015001
15370	0.00382554	-0.00346198	-0.00149117
15380	0.00382344	-0.00345139	-0.00148298
15390	0.00382162	-0.00344174	-0.00147569
15400	0.00382014	-0.00343313	-0.00146943
15410	0.00381902	-0.00342568	-0.00146428
15420	0.0038183	-0.00341947	-0.0014603
15430	0.00381797	-0.00341458	-0.00145751
15440	0.00381803	-0.00341103	-0.00145593
15450	0.00381843	-0.00340886	-0.00145556
15460	0.00381911	-0.00340806	-0.00145641
15470	0.00382002	-0.00340861	-0.00145849
15480	0.00382108	-0.00341044	-0.00146184
15490	0.00382225	-0.00341343	-0.00146646
15500	0.00382348	-0.00341741	-0.00147235
15510	0.00382475	-0.00342221	-0.00147946
15520	0.00382604	-0.0034276	-0.00148771
15530	0.00382738	-0.00343334	-0.00149698
15540	0.00382876	-0.0034392	-0.0015071
15550	0.00383022	-0.00344492	-0.00151789
15560	0.00383176	-0.00345024	-0.00152911
15570	0.00383339	-0.00345493	-0.00154054
15580	0.00383514	-0.00345877	-0.0015519
15590	0.00383697	-0.00346159	-0.00156294
15600	0.00383887	-0.00346331	-0.00157337
15610	0.0038408	-0.00346388	-0.00158295
15620	0.00384274	-0.00346334	-0.00159144
15630	0.00384465	-0.00346181	-0.00159865
15640	0.00384651	-0.00345949	-0.00160443
15650	0.00384825	-0.00345664	-0.0016087
15660	0.00384985	-0.00345353	-0.00161137
15670	0.00385127	-0.00345042	-0.00161242
15680	0.00385249	-0.00344755	-0.00161185
15690	0.00385348	-0.00344516	-0.0016097
15700	0.00385421	-0.00344343	-0.00160604
15710	0.00385468	-0.00344251	-0.00160099
15720	0.00385486	-0.00344253	-0.0015947
15730	0.00385474	-0.00344357	-0.00158733
15740	0.00385431	-0.00344564	-0.00157907
15750	0.00385356	-0.0034487	-0.00157013
15760	0.0038525	-0.00345258	-0.00156071
15770	0.00385116	-0.00345706	-0.00155102
15780	0.00384957	-0.00346184	-0.00154126
15790	0.00384777	-0.00346659	-0.00153161
15800	0.00384581	-0.00347094	-0.00152225
15810	0.00384373	-0.00347457	-0.00151333
15820	0.00384159	-0.0034772	-0.00150498
15830	0.00383943	-0.00347863	-0.00149733
15840	0.00383729	-0.00347875	-0.00149047
15850	0.00383521	-0.00347758	-0.00148449
15860	0.00383321	-0.00347523	-0.00147945
15870	0.00383131	-0.00347193	-0.00147542
15880	0.00382955	-0.00346802	-0.00147245
15890	0.00382793	-0.0034639	-0.0014706
15900	0.00382646	-0.00345999	-0.00146989
15910	0.00382512	-0.00345673	-0.00147037
15920	0.00382391	-0.00345451	-0.00147205
15930	0.00382281	-0.00345367	-0.00147494
15940	0.00382179	-0.00345448	-0.00147903
15950	0.00382082	-0.00345712	-0.00148427
15960	0.00381988	-0.00346165	-0.0014906
15970	0.00381893	-0.00346798	-0.00149793
15980	0.00381794	-0.00347593	-0.00150611
15990	0.0038169	-0.00348518	-0.00151499
16000	0.00381582	-0.00349533	-0.00152436
16010	0.0038147	-0.0035059	-0.001534
16020	0.0038136	-0.00351642	-0.00154367
16030	0.00381257	-0.00352641	-0.00155311
16040	0.00381168	-0.00353544	-0.00156209
16050	0.00381101	-0.00354318	-0.00157035
16060	0.00381064	-0.00354939	-0.00157768
16070	0.00381064	-0.00355396	-0.0015839
16080	0.00381107	-0.0035569	-0.00158887
16090	0.00381199	-0.00355834	-0.00159247
16100	0.00381343	-0.00355851	-0.00159466
16110	0.00381539	-0.00355772	-0.00159542
16120	0.00381785	-0.00355634	-0.0015948
16130	0.00382075	-0.00355474	-0.00159286
16140	0.00382402	-0.0035533	-0.00158972
16150	0.00382756	-0.00355235	-0.00158553
16160	0.00383124	-0.00355215	-0.00158045
16170	0.00383493	-0.00355292	-0.00157464
16180	0.00383851	-0.00355477	-0.00156829
16190	0.00384183	-0.00355771	-0.00156156
16200	0.00384481	-0.00356165	-0.0015546
16210	0.00384737	-0.00356642	-0.00154754
16220	0.00384949	-0.00357178	-0.00154049
16230	0.00385117	-0.00357739	-0.00153356
16240	0.00385241	-0.00358291	-0.00152686
16250	0.00385329	-0.00358796	-0.00152047
16260	0.00385388	-0.0035922	-0.0015145
16270	0.0038543	-0.00359532	-0.00150903
16280	0.00385466	-0.00359712	-0.00150414
16290	0.00385509	-0.00359747	-0.0014999
16300	0.00385571	-0.00359638	-0.00149638
16310	0.00385661	-0.00359398	-0.00149362
16320	0.00385786	-0.00359052	-0.00149166
16330	0.00385949	-0.00358638	-0.00149052
16340	0.00386151	-0.00358197	-0.00149024
16350	0.00386388	-0.00357777	-0.00149081
16360	0.00386655	-0.0035743	-0.00149223
16370	0.00386944	-0.00357202	-0.00149449
16380	0.00387248	-0.00357141	-0.00149753
16390	0.00387556	-0.0035728	-0.00150129
16400	0.00387862	-0.00357647	-0.00150566
16410	0.00388158	-0.00358253	-0.00151054
16420	0.0038844	-0.00359096	-0.00151576
16430	0.00388704	-0.00360161	-0.00152117
16440	0.00388948	-0.00361418	-0.00152658
16450	0.00389174	-0.00362823	-0.0015318
16460	0.00389384	-0.00364325	-0.00153663
16470	0.00389585	-0.00365861	-0.0015409
16480	0.00389782	-0.00367368	-0.00154444
16490	0.00389985	-0.00368781	-0.00154711
16500	0.00390201	-0.00370037	-0.00154883
16510	0.00390435	-0.00371078	-0.00154954
16520	0.00390695	-0.00371857	-0.00154925
16530	0.00390983	-0.00372338	-0.00154798
16540	0.00391301	-0.003725	-0.00154582
16550	0.00391649	-0.00372338	-0.00154291
16560	0.00392022	-0.00371866	-0.00153938
16570	0.00392417	-0.00371114	-0.00153543
16580	0.00392824	-0.00370124	-0.00153123
16590	0.00393236	-0.00368955	-0.00152698
16600	0.00393642	-0.00367671	-0.00152288
16610	0.0039403	-0.00366343	-0.00151911
16620	0.0039439	-0.00365044	-0.00151583
16630	0.0039471	-0.00363842	-0.00151319
16640	0.00394983	-0.00362795	-0.00151129
16650	0.00395202	-0.00361943	-0.00151021
16660	0.00395364	-0.00361306	-0.00150995
16670	0.00395469	-0.00360891	-0.00151049
16680	0.00395519	-0.00360698	-0.00151178
16690	0.00395517	-0.00360715	-0.0015137
16700	0.00395471	-0.00360927	-0.00151616
16710	0.00395391	-0.00361305	-0.00151904
16720	0.00395289	-0.00361817	-0.00152223
16730	0.00395181	-0.00362422	-0.00152562
16740	0.0039508	-0.00363078	-0.0015291
16750	0.00395003	-0.00363741	-0.0015326
16760	0.00394963	-0.00364365	-0.00153604
16770	0.00394973	-0.00364914	-0.00153941
16780	0.00395046	-0.00365356	-0.00154269
16790	0.00395188	-0.0036567	-0.00154589
16800	0.00395407	-0.00365845	-0.00154904
16810	0.00395702	-0.00365886	-0.00155219
16820	0.00396071	-0.00365806	-0.00155535
16830	0.00396505	-0.00365633	-0.00155857
16840	0.00396994	-0.00365398	-0.00156185
16850	0.00397524	-0.00365135	-0.00156522
16860	0.00398078	-0.00364877	-0.00156866
16870	0.00398641	-0.00364655	-0.00157216
16880	0.003992	-0.003645	-0.00157569
16890	0.00399741	-0.00364442	-0.00157926
16900	0.0040025	-0.00364505	-0.00158285
16910	0.0040072	-0.00364712	-0.00158644
16920	0.00401147	-0.00365075	-0.00159002
16930	0.00401531	-0.00365597	-0.00159359
16940	0.00401871	-0.00366274	-0.00159713
16950	0.00402168	-0.00367087	-0.00160061
16960	0.00402426	-0.00368008	-0.00160401
16970	0.00402649	-0.00369003	-0.00160727
16980	0.00402843	-0.00370026	-0.00161034
16990	0.00403016	-0.00371033	-0.00161313
17000	0.00403175	-0.00371976	-0.00161556
17010	0.00403329	-0.00372814	-0.00161754
17020	0.00403485	-0.00373509	-0.00161898
17030	0.00403647	-0.00374032	-0.0016198
17040	0.00403822	-0.00374362	-0.00161993
17050	0.0040401	-0.00374491	-0.00161932
17060	0.00404212	-0.00374421	-0.00161791
17070	0.00404428	-0.00374168	-0.00161569
17080	0.00404655	-0.00373755	-0.00161268
17090	0.00404892	-0.00373217	-0.00160893
17100	0.00405132	-0.00372593	-0.00160448
17110	0.00405374	-0.00371928	-0.00159945
17120	0.00405613	-0.00371265	-0.00159393
17130	0.00405848	-0.00370635	-0.00158804
17140	0.00406075	-0.00370063	-0.00158186
17150	0.00406293	-0.00369568	-0.00157554
17160	0.00406499	-0.00369161	-0.00156921
17170	0.0040669	-0.00368847	-0.00156302
17180	0.00406864	-0.00368625	-0.00155715
17190	0.0040702	-0.00368489	-0.00155179
17200	0.00407156	-0.00368429	-0.00154709
17210	0.00407272	-0.00368433	-0.00154324
17220	0.00407367	-0.00368489	-0.00154038
17230	0.0040744	-0.00368587	-0.00153866
17240	0.0040749	-0.00368722	-0.00153818
17250	0.00407517	-0.00368892	-0.001539
17260	0.00407519	-0.00369102	-0.00154115
17270	0.00407495	-0.00369361	-0.00154462
17280	0.00407442	-0.00369685	-0.00154934
17290	0.0040736	-0.00370091	-0.00155518
17300	0.00407249	-0.00370595	-0.00156197
17310	0.0040711	-0.00371212	-0.0015695
17320	0.00406946	-0.00371952	-0.00157753
17330	0.00406765	-0.00372817	-0.00158578
17340	0.00406573	-0.00373801	-0.00159399
17350	0.00406381	-0.00374888	-0.00160189
17360	0.00406201	-0.00376053	-0.00160922
17370	0.00406045	-0.00377262	-0.00161575
17380	0.00405927	-0.00378472	-0.00162129
17390	0.00405859	-0.00379637	-0.00162569
17400	0.00405853	-0.00380707	-0.00162883
17410	0.00405916	-0.00381638	-0.00163066
17420	0.00406054	-0.00382391	-0.00163117
17430	0.00406272	-0.00382936	-0.00163042
17440	0.0040657	-0.00383257	-0.0016285
17450	0.00406946	-0.00383354	-0.00162555
17460	0.00407394	-0.00383248	-0.00162173
17470	0.00407905	-0.00382973	-0.00161723
17480	0.00408464	-0.00382577	-0.00161227
17490	0.00409059	-0.00382124	-0.00160705
17500	0.00409675	-0.00381682	-0.00160181
17510	0.004103	-0.00381325	-0.00159674
17520	0.00410919	-0.00381118	-0.00159204
17530	0.00411521	-0.00381121	-0.00158787
17540	0.00412097	-0.00381381	-0.00158438
17550	0.00412639	-0.00381929	-0.00158167
17560	0.00413145	-0.00382777	-0.00157982
17570	0.00413612	-0.00383917	-0.00157888
17580	0.00414041	-0.00385319	-0.00157886
17590	0.00414436	-0.00386935	-0.00157976
17600	0.00414803	-0.00388701	-0.00158153
17610	0.00415151	-0.00390544	-0.00158412
17620	0.00415489	-0.00392387	-0.00158745
17630	0.00415829	-0.00394153	-0.00159144
17640	0.00416182	-0.00395772	-0.00159599
17650	0.0041656	-0.00397187	-0.00160099
17660	0.00416974	-0.00398356	-0.00160634
17670	0.00417434	-0.00399255	-0.00161193
17680	0.00417948	-0.00399881	-0.00161764
17690	0.00418524	-0.00400248	-0.00162336
17700	0.00419165	-0.00400392	-0.00162897
17710	0.00419874	-0.00400362	-0.00163439
17720	0.00420651	-0.0040022	-0.00163951
17730	0.00421491	-0.00400037	-0.00164428
17740	0.00422391	-0.00399884	-0.00164864
17750	0.00423343	-0.00399831	-0.00165255
17760	0.0042434	-0.00399937	-0.00165597
17770	0.00425369	-0.00400253	-0.00165892
17780	0.00426417	-0.00400815	-0.00166139
17790	0.00427473	-0.00401644	-0.00166339
17800	0.00428521	-0.00402744	-0.00166495
17810	0.0042955	-0.00404099	-0.00166608
17820	0.00430548	-0.0040568	-0.00166681
17830	0.00431504	-0.00407441	-0.00166717
17840	0.00432408	-0.00409329	-0.00166718
17850	0.00433254	-0.0041128	-0.00166687
17860	0.00434035	-0.00413226	-0.00166628
17870	0.00434747	-0.00415102	-0.00166544
17880	0.00435387	-0.00416847	-0.00166437
17890	0.00435955	-0.0041841	-0.00166309
17900	0.00436452	-0.00419753	-0.0016616
17910	0.00436882	-0.00420852	-0.00165988
17920	0.00437249	-0.00421698	-0.00165792
17930	0.00437559	-0.00422296	-0.00165567
17940	0.00437819	-0.00422663	-0.00165311
17950	0.00438038	-0.00422824	-0.00165018
17960	0.00438223	-0.0042281	-0.00164689
17970	0.00438383	-0.00422656	-0.00164321
17980	0.00438524	-0.00422395	-0.00163918
17990	0.00438655	-0.00422057	-0.00163484
18000	0.00438783	-0.00421666	-0.00163025
