0	-419.377	-1677.51	0
10	-551.174	-1437.92	0
20	-536.559	-1431.43	0
30	-513.462	-1420.15	0
40	-502.658	-1386	0
50	-489.302	-1340.67	0
60	-473.467	-1282.99	0
70	-455.105	-1212	0
80	-434.027	-1127.18	0
90	-409.878	-1028.63	0
100	-382.145	-917.296	0
110	-350.202	-795.074	0
120	-313.432	-665.226	0
130	-271.211	-532.199	0
140	-222.973	-401.365	0
150	-168.361	-277.772	0
160	-107.878	-165.098	0
170	-60.4974	-90.8953	0
180	-16.2464	-23.9847	0
190	-1.3873	-3.56138	0
200	0.273725	0.74785	0
210	-0.875608	-2.52618	0
220	-0.576238	-1.75673	0
230	-0.293504	-0.942997	0
240	3.03301	5.10805	0
250	2.07698	3.55756	0
260	2.92659	5.09385	0
270	-0.199165	-0.351679	0
280	-0.78152	-3.16671	0
290	-0.757649	-3.20267	0
300	-0.42654	-0.784655	0
310	-2.62452	-4.88817	0
320	-7.77244	-14.6452	0
330	-15.6263	-29.7623	0
340	-25.8826	-49.7856	0
350	-38.2154	-74.1711	0
360	-49.8727	-97.5624	0
370	-65.34	-128.73	0
380	-81.8293	-162.165	0
390	-96.6045	-192.366	0
400	-114.087	-228.058	0
410	-131.557	-263.729	0
420	-146.206	-293.64	0
430	-162.692	-327.07	0
440	-178.219	-358.338	0
450	-189.861	-381.548	0
460	-202.768	-407.108	0
470	-214.202	-429.863	0
480	-224.152	-450.059	0
490	-232.55	-467.504	0
500	-239.316	-481.985	0
510	-241.42	-487.343	0
520	-244.778	-495.455	0
530	-246.359	-500.178	0
540	-246.14	-501.435	0
550	-244.118	-499.182	0
560	-240.31	-493.386	0
570	-234.727	-483.987	0
580	-227.386	-470.915	0
590	-218.321	-454.175	0
600	-207.619	-433.898	0
610	-195.405	-410.315	0
620	-181.848	-383.734	0
630	-167.148	-354.513	0
640	-151.524	-323.054	0
650	-135.23	-289.852	0
660	-118.555	-255.495	0
670	-101.805	-220.607	0
680	-85.2973	-185.851	0
690	-69.3485	-151.927	0
700	-54.2853	-119.579	0
710	-40.418	-89.5098	0
720	-28.0126	-62.3591	0
730	-20.9389	-46.8329	0
740	-15.6994	-35.2645	0
750	-8.65166	-19.5041	0
760	-7.11064	-16.0763	0
770	-3.77402	-8.55069	0
780	-2.1477	-4.87191	0
790	-2.03602	-4.6192	0
800	-3.16269	-7.16797	0
810	-5.22862	-11.825	0
820	-7.9339	-17.8873	0
830	-10.9432	-24.5681	0
840	-13.9158	-31.0799	0
850	-16.5328	-36.7025	0
860	-18.5291	-40.8626	0
870	-19.645	-43.0164	0
880	-19.6799	-42.7793	0
890	-18.4741	-39.8624	0
900	-15.9409	-34.1573	0
910	-12.0968	-25.761	0
920	-6.99661	-14.8224	0
930	-0.765514	-1.61528	0
940	2.39669	5.04288	0
950	3.93626	8.26793	0
960	-0.276674	-0.580773	0
970	2.73628	5.7455	0
980	-0.59538	-1.25133	0
990	3.37272	7.10008	0
1000	1.22728	2.58853	0
1010	-0.762097	-1.61117	0
1020	4.17197	8.84375	0
1030	2.6509	5.63418	0
1040	1.06736	2.27442	0
1050	-0.163063	-0.348283	0
1060	-0.808629	-1.73062	0
1070	-0.877116	-1.88033	0
1080	-0.647437	-1.38959	0
1090	-0.241084	-0.517797	0
1100	0.803067	1.72511	0
1110	2.58155	5.54363	0
1120	-0.784652	-6.21261	0
1130	1.32578	2.84088	0
1140	-0.643963	-5.02769	0
1150	2.66592	5.69084	0
1160	0.634732	1.352	0
1170	0.0561103	0.119232	0
1180	0.0295882	0.0627244	0
1190	0.465138	0.983763	0
1200	2.74853	5.80058	0
1210	-0.738117	-5.37885	0
1220	0.986343	2.07464	0
1230	4.03596	8.47868	0
1240	-0.410464	-2.94781	0
1250	1.86183	3.90765	0
1260	4.78334	10.0399	0
1270	-0.299261	-2.15165	0
1280	1.97624	4.15282	0
1290	4.65382	9.78915	0
1300	-0.420729	-3.0641	0
1310	1.40015	2.95268	0
1320	3.80897	8.04372	0
1330	-0.706844	-5.23993	0
1340	0.39246	0.830919	0
1350	2.58777	5.4853	0
1360	3.292	6.9848	0
1370	3.72054	7.90013	0
1380	3.51585	7.47009	0
1390	2.59801	5.5223	0
1400	0.902167	1.91813	0
1410	-0.382991	-0.814323	0
1420	-0.94139	-7.14844	0
1430	2.82166	5.99767	0
1440	-0.530811	-1.12797	0
1450	4.41295	9.37404	0
1460	0.267681	0.568348	0
1470	4.2209	8.95856	0
1480	-0.298211	-0.63276	0
1490	3.37969	7.17015	0
1500	-0.805368	-6.05825	0
1510	0.152196	0.322952	0
1520	1.90802	4.05039	0
1530	3.3345	7.08214	0
1540	3.53377	7.51177	0
1550	3.17585	6.75633	0
1560	2.56824	5.46933	0
1570	1.32807	2.83082	0
1580	-0.507567	-1.08305	0
1590	-0.906349	-7.02971	0
1600	3.57681	7.6468	0
1610	0.407884	0.872697	0
1620	-1.01027	-7.92041	0
1630	2.81536	6.03057	0
1640	-1.13298	-2.42761	0
1650	4.55211	9.75504	0
1660	0.95608	2.04881	0
1670	-0.89693	-7.05309	0
1680	4.00845	8.58476	0
1690	1.2438	2.66252	0
1700	-0.546924	-1.17024	0
1710	-1.30679	-2.79418	0
1720	-1.15352	-2.46468	0
1730	-0.538506	-1.14966	0
1740	0.306851	0.654539	0
1750	2.55893	5.45437	0
1760	6.38309	13.5958	0
1770	-0.130693	-0.278212	0
1780	5.2831	11.2412	0
1790	0.598911	1.27393	0
1800	-1.2333	-9.38509	0
1810	4.10023	8.72176	0
1820	2.604	5.54058	0
1830	1.04101	2.21597	0
1840	0.169264	0.36052	0
1850	-0.512531	-3.93838	0
1860	-0.618881	-4.77333	0
1870	-0.598277	-4.63385	0
1880	-0.55308	-4.30289	0
1890	-0.509374	-3.98075	0
1900	-0.200822	-0.430107	0
1910	0.192552	0.412836	0
1920	0.314309	0.674548	0
1930	0.867736	1.86387	0
1940	1.01463	2.18124	0
1950	1.81319	3.90117	0
1960	2.02744	4.36528	0
1970	2.07119	4.46199	0
1980	2.06128	4.44325	0
1990	2.05401	4.42965	0
2000	2.06517	4.45495	0
2010	2.08181	4.49219	0
2020	2.11329	4.56096	0
2030	3.35336	7.23767	0
2040	3.78308	8.16477	0
2050	3.99747	8.62594	0
2060	4.70403	10.1478	0
2070	5.83098	12.5757	0
2080	-1.32392	-10.724	0
2090	-1.05803	-8.55927	0
2100	-0.480806	-3.88491	0
2110	0.404203	0.870906	0
2120	2.35432	5.07246	0
2130	4.18204	9.01129	0
2140	6.09117	13.1268	0
2150	-1.28319	-10.3859	0
2160	-1.05752	-8.57332	0
2170	-0.546118	-4.43682	0
2180	-0.042984	-0.0927771	0
2190	0.251934	0.544073	0
2200	0.159263	0.344126	0
2210	-0.0634982	-0.137279	0
2220	-0.34261	-0.741121	0
2230	-0.623667	-5.14512	0
2240	-1.1157	-9.22494	0
2250	6.99122	15.1448	0
2260	4.54101	9.83988	0
2270	1.66406	3.60663	0
2280	-0.611048	-5.07748	0
2290	7.38835	16.0149	0
2300	3.75717	8.14305	0
2310	-0.549341	-1.19024	0
2320	7.50705	16.2589	0
2330	3.45589	7.48088	0
2340	-0.672355	-5.53407	0
2350	6.84012	14.7883	0
2360	1.40956	3.04535	0
2370	-0.872453	-7.11122	0
2380	6.16439	13.2993	0
2390	1.46447	3.15763	0
2400	-0.785262	-6.34065	0
2410	7.65316	16.4815	0
2420	4.36132	9.38748	0
2430	1.04267	2.24319	0
2440	-0.633962	-5.07512	0
2450	-1.35949	-10.8684	0
2460	7.52028	16.1645	0
2470	5.53222	11.8887	0
2480	4.33917	9.32304	0
2490	3.67903	7.90279	0
2500	3.74936	8.0528	0
2510	4.042	8.68009	0
2520	4.40253	9.45271	0
2530	4.78744	10.2767	0
2540	5.81736	12.4841	0
2550	-1.56444	-12.3774	0
2560	-1.13573	-8.97127	0
2570	0.50988	1.09292	0
2580	5.06948	10.8607	0
2590	-1.37856	-10.8142	0
2600	0.985644	2.10928	0
2610	5.94951	12.7245	0
2620	-1.17186	-9.11923	0
2630	1.67228	3.57279	0
2640	6.6644	14.231	0
2650	-1.04386	-8.06912	0
2660	2.0631	4.40152	0
2670	7.04341	15.0211	0
2680	-0.999658	-7.68867	0
2690	2.11401	4.50631	0
2700	6.96488	14.8444	0
2710	-1.07977	-8.29058	0
2720	1.77769	3.78882	0
2730	6.48476	13.8225	0
2740	-1.25807	-9.67738	0
2750	1.10749	2.36198	0
2760	5.61798	11.986	0
2770	-1.53443	-11.8562	0
2780	0.159398	0.340306	0
2790	2.96047	6.32243	0
2800	5.05519	10.7983	0
2810	6.07222	12.9742	0
2820	7.10701	15.1876	0
2830	7.13222	15.243	0
2840	6.88011	14.7043	0
2850	6.57176	14.0442	0
2860	6.27302	13.4036	0
2870	5.01995	10.7235	0
2880	2.3799	5.08185	0
2890	0.503871	1.07546	0
2900	-0.812036	-6.26142	0
2910	-1.48464	-11.4204	0
2920	9.13465	19.4643	0
2930	6.49906	13.8398	0
2940	4.77486	10.1618	0
2950	2.16025	4.59513	0
2960	0.444387	0.944825	0
2970	-0.797471	-6.04572	0
2980	-1.43546	-10.8691	0
2990	-1.85595	-14.0403	0
3000	9.66998	20.5421	0
3010	8.99557	19.1114	0
3020	7.35426	15.626	0
3030	6.97766	14.8298	0
3040	6.96558	14.8108	0
3050	7.0591	15.0182	0
3060	7.16741	15.2589	0
3070	7.26723	15.4835	0
3080	7.35336	15.6814	0
3090	7.43162	15.8625	0
3100	7.49409	16.0112	0
3110	7.52955	16.1034	0
3120	7.57629	16.218	0
3130	7.6475	16.3838	0
3140	7.75353	16.6218	0
3150	7.91076	16.9664	0
3160	8.13054	17.4419	0
3170	10.1334	21.7375	0
3180	-1.85371	-14.6446	0
3190	-1.54377	-12.172	0
3200	-0.106261	-0.227651	0
3210	1.46237	3.13055	0
3220	6.12262	13.0951	0
3230	-1.77019	-13.7607	0
3240	0.94955	2.0277	0
3250	6.98539	14.9093	0
3260	-1.51708	-11.7207	0
3270	1.7032	3.63646	0
3280	7.48414	16.0019	0
3290	-1.5564	-12.2794	0
3300	0.723437	1.55689	0
3310	5.28172	11.4267	0
3320	5.47051	11.9099	0
3330	2.45036	5.37339	0
3340	-0.799404	-7.32612	0
3350	8.62598	19.2251	0
3360	-0.783049	-1.7599	0
3370	3.83345	8.68837	0
3380	5.93064	13.5467	0
3390	4.96781	11.4277	0
3400	1.95354	4.52122	0
3410	-0.943123	-11.5714	0
3420	7.31065	17.067	0
3430	0.751842	1.76151	0
3440	-1.29401	-16.9384	0
3450	5.71825	13.4499	0
3460	0.870406	2.04756	0
3470	-2.45168	-5.76171	0
3480	-1.03225	-13.3385	0
3490	-0.846606	-10.6969	0
3500	1.10023	2.56026	0
3510	9.51019	22.011	0
3520	4.62666	10.6446	0
3530	3.36193	7.68498	0
3540	7.50672	17.0443	0
3550	-0.779552	-7.953	0
3560	8.53455	19.1367	0
3570	5.15883	11.5081	0
3580	6.24686	13.8782	0
3590	10.6339	23.5566	0
3600	-0.946664	-8.66988	0
3610	5.8066	12.8103	0
3620	-0.826144	-7.43608	0
3630	8.1854	18.0365	0
3640	-0.205007	-1.86133	0
3650	7.55939	16.7226	0
3660	-1.17052	-10.9524	0
3670	2.05854	4.58563	0
3680	3.30546	7.39211	0
3690	2.46109	5.5237	0
3700	1.22625	2.76083	0
3710	-0.945731	-9.68265	0
3720	9.40739	21.2582	0
3730	0.798066	1.80352	0
3740	10.1103	22.8172	0
3750	-0.534319	-5.38917	0
3760	4.5524	10.2141	0
3770	11.0294	24.652	0
3780	3.31343	7.37415	0
3790	-1.17848	-10.8902	0
3800	8.14127	17.9286	0
3810	4.16281	9.11136	0
3820	4.559	9.91083	0
3830	6.02746	13.0035	0
3840	10.4588	22.3753	0
3850	-0.20631	-1.54581	0
3860	-1.91431	-13.7606	0
3870	-1.67511	-11.519	0
3880	-1.09938	-7.22053	0
3890	-0.422196	-2.65059	0
3900	0.312366	1.87827	0
3910	-2.3874	-13.8254	0
3920	9.76673	19.2636	0
3930	10.5252	20.5984	0
3940	-2.79437	-14.8687	0
3950	-0.293959	-1.54	0
3960	8.84599	17.0684	0
3970	-0.143454	-0.726615	0
3980	-2.59898	-12.9268	0
3990	9.27356	17.6083	0
4000	0.641504	3.09785	0
4010	-1.92728	-9.244	0
4020	9.85016	18.5802	0
4030	0.322345	1.54359	0
4040	-2.88625	-13.894	0
4050	0.356923	1.7357	0
4060	6.56424	12.4913	0
4070	6.67487	12.7654	0
4080	0.322328	1.65098	0
4090	10.3333	20.0057	0
4100	8.77489	17.1026	0
4110	5.6595	11.1066	0
4120	2.27236	4.49093	0
4130	5.36291	10.6829	0
4140	3.08615	6.19485	0
4150	8.42999	17.0449	0
4160	9.43939	19.2045	0
4170	4.30686	8.80679	0
4180	9.63031	19.7704	0
4190	-1.86794	-12.3363	0
4200	6.62764	13.6534	0
4210	-0.0312241	-0.0642957	0
4220	5.67003	11.6541	0
4230	-1.82093	-11.819	0
4240	-1.31371	-2.68227	0
4250	1.08912	2.21281	0
4260	4.04527	8.17009	0
4270	7.28712	14.6225	0
4280	-2.78468	-5.55113	0
4290	3.68087	7.28709	0
4300	-1.69523	-9.38521	0
4310	5.94172	11.6175	0
4320	1.70998	3.32733	0
4330	-0.759866	-1.47316	0
4340	-1.68465	-3.25863	0
4350	-1.51482	-2.92891	0
4360	-1.08889	-2.10822	0
4370	-0.835804	-1.62325	0
4380	-0.93394	-1.82251	0
4390	-1.37021	-2.68946	0
4400	-2.12122	-4.19202	0
4410	-2.16772	-12.5772	0
4420	8.29027	16.6328	0
4430	3.95601	7.99498	0
4440	-2.08771	-4.24867	0
4450	8.82662	18.0876	0
4460	1.20301	2.48247	0
4470	11.4769	23.836	0
4480	3.18157	6.64261	0
4490	-1.97823	-14.1564	0
4500	6.69382	14.0946	0
4510	0.986963	2.08456	0
4520	-1.62228	-12.0899	0
4530	12.5097	26.5283	0
4540	10.8432	23.0174	0
4550	11.8832	25.2392	0
4560	-2.23236	-16.8934	0
4570	-1.48712	-3.15917	0
4580	4.26215	9.05114	0
4590	-2.39096	-18.0101	0
4600	4.40308	9.33638	0
4610	-1.70718	-12.7432	0
4620	7.68244	16.2501	0
4630	2.12851	4.49587	0
4640	-0.799666	-1.68667	0
4650	-1.43736	-10.4669	0
4660	-2.08094	-15.072	0
4670	-2.46118	-17.7427	0
4680	-2.46211	-17.6877	0
4690	-2.39963	-17.204	0
4700	-2.37646	-17.0357	0
4710	-2.42168	-17.3886	0
4720	12.7637	26.819	0
4730	8.98056	18.8907	0
4740	5.7412	12.0935	0
4750	1.19866	2.52929	0
4760	-1.79761	-13.3277	0
4770	5.98161	12.675	0
4780	-1.66606	-12.575	0
4790	3.43761	7.31046	0
4800	9.20441	19.5994	0
4810	-1.90896	-14.6514	0
4820	-1.90562	-4.06177	0
4830	0.0161471	0.0344082	0
4840	1.88719	4.01783	0
4850	3.49224	7.42396	0
4860	5.59292	11.8689	0
4870	7.66381	16.2315	0
4880	11.1907	23.6458	0
4890	-1.35043	-9.87609	0
4900	0.700693	1.47401	0
4910	6.81702	14.308	0
4920	-1.93279	-13.7645	0
4930	2.94704	6.16738	0
4940	-2.13656	-15.075	0
4950	3.46212	7.23589	0
4960	-1.9156	-13.4913	0
4970	4.27872	8.94303	0
4980	-1.69549	-11.9788	0
4990	4.96302	10.3873	0
5000	-1.50016	-10.6618	0
5010	5.81021	12.1764	0
5020	-1.21756	-8.7029	0
5030	7.0718	14.8349	0
5040	1.53105	3.21179	0
5050	-1.47523	-10.5442	0
5060	-2.30091	-16.3921	0
5070	11.297	23.6536	0
5080	11.3365	23.7118	0
5090	-2.3946	-16.8392	0
5100	-1.80216	-12.6143	0
5110	1.1086	2.31076	0
5120	8.39875	17.4884	0
5130	-1.6417	-11.3361	0
5140	3.55077	7.38203	0
5150	11.5241	23.9437	0
5160	-0.91098	-6.24465	0
5170	5.52925	11.4821	0
5180	-1.96661	-13.4926	0
5190	5.07125	10.5348	0
5200	-1.98248	-13.6255	0
5210	5.08765	10.5746	0
5220	13.3497	27.7649	0
5230	-0.787489	-5.45178	0
5240	5.23335	10.9012	0
5250	12.2815	25.6055	0
5260	-1.25109	-8.74428	0
5270	3.71251	7.74919	0
5280	10.5706	22.074	0
5290	-1.72959	-12.1567	0
5300	2.36562	4.94222	0
5310	9.20624	19.2314	0
5320	-2.0425	-14.3448	0
5330	1.6662	3.47813	0
5340	8.69529	18.1363	0
5350	-2.08817	-14.5183	0
5360	1.83485	3.81831	0
5370	9.16412	19.0419	0
5380	-1.87199	-12.7765	0
5390	2.68264	5.55603	0
5400	10.2191	21.126	0
5410	-1.53387	-10.2378	0
5420	3.71558	7.65325	0
5430	11.2957	23.2219	0
5440	-1.21308	-7.9165	0
5450	4.54175	9.30449	0
5460	12.0397	24.622	0
5470	-1.00593	-6.43267	0
5480	4.89377	9.97858	0
5490	12.1027	24.6491	0
5500	-1.06418	-6.71515	0
5510	4.32642	8.7998	0
5520	10.9181	22.2058	0
5530	-1.52955	-9.63412	0
5540	2.53107	5.15128	0
5550	8.39368	17.0955	0
5560	-2.39012	-15.1924	0
5570	-0.969212	-6.19114	0
5580	-0.0620375	-0.126785	0
5590	-0.182002	-0.372399	0
5600	-1.19324	-7.72975	0
5610	-2.32342	-15.1096	0
5620	10.5151	21.5775	0
5630	4.83749	9.93265	0
5640	-1.24212	-8.14125	0
5650	10.9646	22.5294	0
5660	1.75768	3.61148	0
5670	12.5469	25.777	0
5680	1.90681	3.91654	0
5690	12.6836	26.0463	0
5700	2.13266	4.37821	0
5710	-2.21122	-14.4445	0
5720	7.50409	15.4007	0
5730	0.823717	1.69059	0
5740	-1.95106	-12.758	0
5750	11.7555	24.149	0
5760	8.00896	16.4673	0
5770	6.16654	12.6935	0
5780	3.11024	6.41306	0
5790	1.22156	2.52368	0
5800	1.07828	2.23278	0
5810	1.39502	2.89601	0
5820	1.84204	3.83396	0
5830	3.83405	8.00285	0
5840	7.1027	14.8641	0
5850	8.47164	17.7763	0
5860	-2.75523	-19.9531	0
5870	-1.91538	-14.0041	0
5880	1.06418	2.24747	0
5890	8.60235	18.1984	0
5900	-2.13408	-15.947	0
5910	2.42396	5.13989	0
5920	10.955	23.2445	0
5930	-1.36067	-10.2563	0
5940	5.05731	10.7357	0
5950	14.1026	29.9315	0
5960	4.5767	9.71069	0
5970	-1.66978	-12.5391	0
5980	10.4849	22.2231	0
5990	4.61269	9.77252	0
6000	-0.618223	-4.61266	0
6010	-1.41037	-10.5175	0
6020	-2.48545	-18.531	0
6030	-2.61896	-19.5416	0
6040	-2.59277	-19.3805	0
6050	-2.57296	-19.2934	0
6060	13.6139	28.8882	0
6070	10.516	22.3364	0
6080	6.76749	14.3897	0
6090	4.37045	9.3041	0
6100	-0.665935	-5.11559	0
6110	-2.31495	-17.8784	0
6120	8.89508	19.0028	0
6130	1.14956	2.45816	0
6140	12.7886	27.3681	0
6150	3.78164	8.09725	0
6160	12.3987	26.5591	0
6170	-0.825123	-6.4927	0
6180	4.44066	9.51509	0
6190	12.109	26.0546	0
6200	3.30332	7.13433	0
6210	-1.06814	-8.81834	0
6220	-0.918142	-7.60988	0
6230	-0.257896	-2.13548	0
6240	6.16262	13.3362	0
6250	-0.832655	-6.82681	0
6260	-1.74626	-14.2832	0
6270	-1.3459	-10.9941	0
6280	-0.795884	-6.51552	0
6290	-0.274622	-2.2616	0
6300	0.162336	1.35168	0
6310	10.3301	22.461	0
6320	-0.473657	-4.06846	0
6330	11.5055	25.2172	0
6340	0.218432	1.96646	0
6350	-1.02422	-9.47172	0
6360	11.4806	25.5622	0
6370	0.152741	1.50029	0
6380	12.4182	27.9682	0
6390	0.128524	1.34121	0
6400	10.8911	24.7737	0
6410	12.123	27.6855	0
6420	11.3968	26.1134	0
6430	10.4184	23.9267	0
6440	9.44487	21.7239	0
6450	8.51817	19.6016	0
6460	7.67843	17.6611	0
6470	6.9377	15.934	0
6480	6.31207	14.4635	0
6490	5.80775	13.2657	0
6500	5.40512	12.3005	0
6510	5.11676	11.5937	0
6520	4.91951	11.0946	0
6530	4.83003	10.8417	0
6540	4.80419	10.7312	0
6550	4.81112	10.6944	0
6560	4.80355	10.6277	0
6570	4.75319	10.471	0
6580	4.66401	10.2341	0
6590	4.46976	9.77892	0
6600	4.16335	9.08908	0
6610	3.79797	8.27962	0
6620	3.28107	7.15132	0
6630	-2.06543	-17.6838	0
6640	5.11541	11.1719	0
6650	-1.85121	-16.1282	0
6660	3.5204	7.72437	0
6670	7.80408	17.1758	0
6680	11.2643	24.877	0
6690	11.6666	25.861	0
6700	10.1621	22.5992	0
6710	4.35206	9.70593	0
6720	-1.02667	-9.99285	0
6730	5.87685	13.1687	0
6740	13.1383	29.4861	0
6750	-1.03361	-10.3134	0
6760	3.24795	7.3003	0
6770	9.9579	22.3788	0
6780	-1.66654	-16.6079	0
6790	1.39183	3.1228	0
6800	8.56718	19.1902	0
6810	-1.87034	-18.1598	0
6820	1.40915	3.14225	0
6830	9.31833	20.7185	0
6840	-1.65283	-15.3841	0
6850	2.87532	6.36004	0
6860	11.2924	24.9156	0
6870	-1.19012	-10.6754	0
6880	4.98248	10.9505	0
6890	13.9276	30.5708	0
6900	0.991957	2.17613	0
6910	13.9239	30.5526	0
6920	4.92633	10.8181	0
6930	-1.10571	-9.87245	0
6940	12.3911	27.3147	0
6950	3.98102	8.79955	0
6960	-1.41509	-13.17	0
6970	10.5288	23.4211	0
6980	3.82432	8.52156	0
6990	12.8583	28.2979	0
7000	-1.98057	-16.796	0
7010	-2.31588	-18.8578	0
7020	5.84927	12.551	0
7030	12.2614	26.2323	0
7040	11.2638	24.0979	0
7050	5.26997	11.3049	0
7060	-1.79841	-14.5193	0
7070	0.480088	1.03974	0
7080	1.89653	4.12939	0
7090	0.105982	0.231624	0
7100	-4.67207	-10.231	0
7110	6.23632	13.6695	0
7120	-3.13728	-6.87991	0
7130	3.36822	7.38373	0
7140	7.93146	17.3797	0
7150	10.6402	23.2884	0
7160	-5.24081	-11.4589	0
7170	-5.94913	-12.9942	0
7180	-8.25971	-18.0306	0
7190	-12.195	-26.6085	0
7200	-17.8356	-38.9105	0
7210	-25.319	-55.2612	0
7220	-34.8827	-76.1963	0
7230	-46.6698	-102.056	0
7240	-60.8749	-133.358	0
7250	-77.8199	-170.806	0
7260	-98.082	-215.912	0
7270	-112.779	-248.892	0
7280	-140.437	-310.726	0
7290	-171.726	-380.858	0
7300	-206.481	-458.702	0
7310	-244.65	-543.753	0
7320	-276.855	-615.325	0
7330	-321.306	-713.717	0
7340	-368.567	-817.9	0
7350	-418.364	-927.055	0
7360	-461.234	-1020.15	0
7370	-515.429	-1137.6	0
7380	-571.517	-1258.41	0
7390	-620.073	-1361.31	0
7400	-679.298	-1486.64	0
7410	-739.477	-1612.98	0
7420	-790.439	-1718.18	0
7430	-851.386	-1843.58	0
7440	-912.449	-1967.17	0
7450	-973.103	-2088.05	0
7460	-1022.86	-2183.71	0
7470	-1082.57	-2298.4	0
7480	-1145.26	-2417.46	0
7490	-1201.3	-2520.47	0
7500	-1270.69	-2649.74	0
7510	-1343.18	-2783.83	0
7520	-1408.66	-2902.25	0
7530	-1486.51	-3045.59	0
7540	-1542.14	-3189.28	0
7550	-1638.93	-3326.19	0
7560	-1722.01	-3481.62	0
7570	-1796.1	-3620.62	0
7580	-1877.34	-3777.94	0
7590	-1946.97	-3915.51	0
7600	-2023.91	-4070.75	0
7610	-2089.7	-4205.9	0
7620	-2162.52	-4357.19	0
7630	-2232.84	-4505.43	0
7640	-2291.06	-4631.17	0
7650	-2354.66	-4769.51	0
7660	-2390.43	-4896.54	0
7670	-2459.66	-5006.57	0
7680	-2510.03	-5124.72	0
7690	-2556.09	-5237.26	0
7700	-2589.18	-5326.08	0
7710	-2627.9	-5429.07	0
7720	-2664.05	-5527.73	0
7730	-2674.87	-5618.91	0
7740	-2723.36	-5695.24	0
7750	-2757.68	-5783.43	0
7760	-2794.08	-5868.82	0
7770	-2812.64	-5949.05	0
7780	-2871.81	-6017.23	0
7790	-2917.19	-6091.69	0
7800	-2959.4	-6154.12	0
7810	-2998.32	-6203.39	0
7820	-3026.19	-6223.04	0
7830	-3058.37	-6244.5	0
7840	-3087.23	-6251.85	0
7850	-3112.8	-6245.5	0
7860	-3135.16	-6226.29	0
7870	-3154.41	-6195.45	0
7880	-3170.63	-6154.66	0
7890	-3183.92	-6105.66	0
7900	-3194.39	-6050.64	0
7910	-3202.26	-5992.36	0
7920	-3207.84	-5934.45	0
7930	-3211.37	-5879.6	0
7940	-3213.18	-5830.17	0
7950	-3213.8	-5789.05	0
7960	-3213.5	-5757.65	0
7970	-3212.49	-5736.5	0
7980	-3210.9	-5725.12	0
7990	-3208.81	-5722.45	0
8000	-3206.23	-5727.37	0
8010	-3203.27	-5739.08	0
8020	-3200.05	-5757.17	0
8030	-3196.69	-5781.54	0
8040	-3193.85	-5811.81	0
8050	-3194.06	-5847.44	0
8060	-3194.84	-5881.66	0
8070	-3193.5	-5909.16	0
8080	-3188.42	-5928.67	0
8090	-3178.28	-5939.52	0
8100	-3161.96	-5941.13	0
8110	-3138.62	-5932.98	0
8120	-3107.65	-5914.42	0
8130	-3068.69	-5884.87	0
8140	-3021.55	-5843.88	0
8150	-2966.3	-5790.98	0
8160	-2903.23	-5725.75	0
8170	-2832.81	-5647.79	0
8180	-2755.86	-5556.97	0
8190	-2673.41	-5453.42	0
8200	-2586.32	-5337.31	0
8210	-2495.52	-5208.9	0
8220	-2402.18	-5067.97	0
8230	-2308.56	-4909.74	0
8240	-2214.16	-4736.19	0
8250	-2118.27	-4550.63	0
8260	-2020.88	-4355.04	0
8270	-1922.21	-4150.81	0
8280	-1822.27	-3938.99	0
8290	-1721.1	-3720.81	0
8300	-1618.79	-3497.26	0
8310	-1515.41	-3269.21	0
8320	-1411.12	-3037.66	0
8330	-1306.08	-2803.66	0
8340	-1200.51	-2568.27	0
8350	-1094.71	-2332.65	0
8360	-989.011	-2097.87	0
8370	-883.808	-1865.28	0
8380	-779.617	-1636.29	0
8390	-676.915	-1412.18	0
8400	-576.16	-1194.07	0
8410	-478.109	-983.78	0
8420	-383.553	-783.137	0
8430	-316.811	-664.281	0
8440	-255.994	-512.771	0
8450	-209.13	-413.815	0
8460	-153.783	-299.998	0
8470	-120.817	-231.957	0
8480	-82.0142	-154.674	0
8490	-52.3259	-96.7789	0
8500	-32.6881	-59.2091	0
8510	-10.1719	-18.0315	0
8520	-11.5927	-20.1213	0
8530	-12.2001	-20.7385	0
8540	-24.8441	-41.4168	0
8550	-49.6987	-81.4428	0
8560	-86.8033	-140.185	0
8570	-135.766	-216.785	0
8580	-184.582	-292.285	0
8590	-255.064	-401.901	0
8600	-334.585	-526.339	0
8610	-411.12	-647.561	0
8620	-504.259	-797.52	0
8630	-591.069	-941.065	0
8640	-691.297	-1109.32	0
8650	-785.262	-1268.29	0
8660	-893.504	-1449.07	0
8670	-996.328	-1617.8	0
8680	-1100.56	-1787.94	0
8690	-1209.93	-1970.79	0
8700	-1306.37	-2132.95	0
8710	-1406.29	-2302.9	0
8720	-1483.63	-2440.75	0
8730	-1556.01	-2575.98	0
8740	-1612.45	-2688.76	0
8750	-1642.3	-2759.77	0
8760	-1667.62	-2825.26	0
8770	-1678.2	-2867.17	0
8780	-1674.91	-2886.28	0
8790	-1658.93	-2884.32	0
8800	-1631.84	-2863.8	0
8810	-1595.4	-2827.48	0
8820	-1551.55	-2778.59	0
8830	-1502.6	-2720.63	0
8840	-1451.04	-2657.2	0
8850	-1399.24	-2591.6	0
8860	-1349.31	-2526.85	0
8870	-1302	-2464.53	0
8880	-1257.77	-2405.67	0
8890	-1218	-2351.9	0
8900	-1183.68	-2304.48	0
8910	-1155.61	-2263.98	0
8920	-1134.36	-2231.19	0
8930	-1120.3	-2206.68	0
8940	-1113.64	-2190.68	0
8950	-1114.45	-2182.94	0
8960	-1122.92	-2182.9	0
8970	-1138.86	-2189.96	0
8980	-1161.88	-2203.15	0
8990	-1184.6	-2215.94	0
9000	-1202.17	-2222.71	0
9010	-1214.65	-2221.81	0
9020	-1222.14	-2212.11	0
9030	-1224.89	-2193.33	0
9040	-1223.44	-2166.1	0
9050	-1218.46	-2131.7	0
9060	-1210.78	-2091.83	0
9070	-1201.09	-2048.51	0
9080	-1190.36	-2004.46	0
9090	-1179.72	-1962.86	0
9100	-1170.23	-1926.8	0
9110	-1163.04	-1899.2	0
9120	-1159.29	-1882.29	0
9130	-1159.8	-1877.83	0
9140	-1164.78	-1886.89	0
9150	-1174.14	-1909.59	0
9160	-1187.66	-1945.26	0
9170	-1205	-1992.65	0
9180	-1226.33	-2050.75	0
9190	-1251.56	-2117.8	0
9200	-1280.55	-2191.9	0
9210	-1313.16	-2271.25	0
9220	-1348.77	-2354.04	0
9230	-1386.86	-2438.66	0
9240	-1426.86	-2523.48	0
9250	-1467.87	-2607.08	0
9260	-1509.52	-2688.21	0
9270	-1550.41	-2765.35	0
9280	-1587.78	-2836.35	0
9290	-1620.97	-2900.15	0
9300	-1649.71	-2956.19	0
9310	-1674.76	-3005.48	0
9320	-1699.34	-3052.16	0
9330	-1716.23	-3083.5	0
9340	-1741.32	-3128.92	0
9350	-1766.83	-3175.17	0
9360	-1793.05	-3223.61	0
9370	-1820.27	-3275.43	0
9380	-1848.9	-3331.53	0
9390	-1871.74	-3379.28	0
9400	-1903.98	-3446.13	0
9410	-1938.29	-3518.98	0
9420	-1958.75	-3593.97	0
9430	-2006.5	-3670.86	0
9440	-2047.75	-3763.19	0
9450	-2084.67	-3849.61	0
9460	-2130.57	-3954.28	0
9470	-2178.56	-4064.25	0
9480	-2221.85	-4166.48	0
9490	-2273.35	-4284.79	0
9500	-2319.89	-4394.2	0
9510	-2373.72	-4517.8	0
9520	-2422.4	-4631.75	0
9530	-2463.66	-4755.24	0
9540	-2527.06	-4874.33	0
9550	-2576.61	-4990.75	0
9560	-2631.62	-5117.95	0
9570	-2680.85	-5233.88	0
9580	-2734.79	-5358.85	0
9590	-2782.54	-5471.64	0
9600	-2829.33	-5582.42	0
9610	-2879.98	-5701.07	0
9620	-2924.4	-5807.78	0
9630	-2972.31	-5921.99	0
9640	-3013.96	-6024.21	0
9650	-3047.22	-6130.93	0
9660	-3097.21	-6229.37	0
9670	-3133.88	-6321.8	0
9680	-3173.04	-6418.65	0
9690	-3205.89	-6501.7	0
9700	-3240.99	-6588.12	0
9710	-3269.81	-6660.36	0
9720	-3300.88	-6735.63	0
9730	-3330.06	-6805.44	0
9740	-3353.38	-6861.49	0
9750	-3378.99	-6920.4	0
9760	-3399.02	-6966.09	0
9770	-3421.71	-7015.67	0
9780	-3443.35	-7061.78	0
9790	-3464.26	-7105.43	0
9800	-3480.92	-7139.86	0
9810	-3501.52	-7182.35	0
9820	-3522.46	-7226.14	0
9830	-3532.88	-7269.68	0
9840	-3559.18	-7309.73	0
9850	-3577.07	-7356.54	0
9860	-3592.45	-7402.82	0
9870	-3604.93	-7447.47	0
9880	-3609.87	-7480.02	0
9890	-3616.46	-7517.77	0
9900	-3620.28	-7549.79	0
9910	-3621.57	-7574.47	0
9920	-3620.36	-7590.14	0
9930	-3616.89	-7595.54	0
9940	-3610.89	-7589.4	0
9950	-3601.49	-7570.3	0
9960	-3585.1	-7533.61	0
9970	-3559.81	-7476.22	0
9980	-3526.08	-7398.07	0
9990	-3484.82	-7299.77	0
10000	-3437.04	-7182.4	0
10010	-3383.86	-7047.77	0
10020	-3326.71	-6899.14	0
10030	-3267.19	-6740.51	0
10040	-3206.73	-6576.05	0
10050	-3146	-6409.46	0
10060	-3085.35	-6243.8	0
10070	-3025.04	-6081.33	0
10080	-2965.23	-5923.68	0
10090	-2905.47	-5771.36	0
10100	-2845.43	-5624.38	0
10110	-2785.39	-5483	0
10120	-2725.87	-5347.39	0
10130	-2667.47	-5218.18	0
10140	-2610.41	-5095.29	0
10150	-2554.42	-4978.99	0
10160	-2498.33	-4868.75	0
10170	-2441.07	-4764.09	0
10180	-2382	-4664.34	0
10190	-2321.25	-4569.42	0
10200	-2260.18	-4480.29	0
10210	-2200.52	-4398.19	0
10220	-2144.08	-4324.36	0
10230	-2092.66	-4260.02	0
10240	-2048.08	-4206.68	0
10250	-2011.91	-4165.13	0
10260	-1985.34	-4135.59	0
10270	-1969.33	-4117.95	0
10280	-1966.13	-4113.17	0
10290	-1981.18	-4125.06	0
10300	-2014.49	-4151.64	0
10310	-2065.17	-4189.16	0
10320	-2126.77	-4229.1	0
10330	-2184.29	-4256.5	0
10340	-2235.42	-4268.13	0
10350	-2279.45	-4263.08	0
10360	-2315.97	-4241.2	0
10370	-2344.81	-4203.13	0
10380	-2366.07	-4150.53	0
10390	-2380.07	-4085.69	0
10400	-2387.34	-4011.54	0
10410	-2388.55	-3931.58	0
10420	-2383.55	-3849.19	0
10430	-2371.64	-3767.36	0
10440	-2352.98	-3689.26	0
10450	-2327.71	-3617.12	0
10460	-2292.93	-3551.55	0
10470	-2249.2	-3494.09	0
10480	-2198.63	-3446.69	0
10490	-2145.19	-3412.5	0
10500	-2090.4	-3396.66	0
10510	-2034.21	-3399.5	0
10520	-1979.88	-3419.74	0
10530	-1930.69	-3455.57	0
10540	-1889.56	-3505.04	0
10550	-1858.74	-3566.28	0
10560	-1839.81	-3637.4	0
10570	-1833.44	-3716.24	0
10580	-1839.84	-3800.73	0
10590	-1858.86	-3888.87	0
10600	-1890.34	-3978.57	0
10610	-1930.48	-4064.33	0
10620	-1967.77	-4133.19	0
10630	-2000.34	-4181.79	0
10640	-2028.08	-4209.5	0
10650	-2052.08	-4217.52	0
10660	-2071.95	-4206.4	0
10670	-2087.9	-4177.55	0
10680	-2100.55	-4133.52	0
10690	-2110.58	-4077.28	0
10700	-2118.59	-4012.15	0
10710	-2125.13	-3941.63	0
10720	-2130.63	-3869.19	0
10730	-2135.43	-3798.2	0
10740	-2139.8	-3731.65	0
10750	-2143.52	-3671.63	0
10760	-2144.53	-3618.61	0
10770	-2140.5	-3572.03	0
10780	-2129.52	-3530.88	0
10790	-2110.31	-3493.5	0
10800	-2082.36	-3457.92	0
10810	-2045.58	-3421.78	0
10820	-2000.47	-3382.94	0
10830	-1947.84	-3339.65	0
10840	-1888.87	-3291.11	0
10850	-1824.96	-3236.89	0
10860	-1757.57	-3176.44	0
10870	-1688.19	-3110.13	0
10880	-1618.44	-3038.14	0
10890	-1549.13	-2960.89	0
10900	-1478.58	-2876.59	0
10910	-1407.18	-2785.11	0
10920	-1335.92	-2687.25	0
10930	-1265.56	-2584.07	0
10940	-1196.81	-2477.1	0
10950	-1130.42	-2368.22	0
10960	-1067.11	-2259.68	0
10970	-1007.43	-2153.64	0
10980	-952.006	-2052.4	0
10990	-901.57	-1958.4	0
11000	-856.919	-1873.98	0
11010	-818.609	-1800.7	0
11020	-787.175	-1739.91	0
11030	-762.955	-1692.33	0
11040	-746.85	-1659.16	0
11050	-739.259	-1640.16	0
11060	-739.838	-1634.06	0
11070	-748.252	-1639.26	0
11080	-764.194	-1653.98	0
11090	-787.359	-1676.6	0
11100	-817.594	-1705.85	0
11110	-854.467	-1740.57	0
11120	-891.982	-1775.18	0
11130	-927.003	-1806.57	0
11140	-959.259	-1834.51	0
11150	-988.739	-1859.41	0
11160	-1015.51	-1881.92	0
11170	-1039.69	-1902.78	0
11180	-1061.47	-1923.01	0
11190	-1081.02	-1943.3	0
11200	-1098.51	-1964.18	0
11210	-1114.17	-1986.31	0
11220	-1128.24	-2010.2	0
11230	-1140.89	-2036.14	0
11240	-1152.32	-2064.16	0
11250	-1162.73	-2094.44	0
11260	-1172.3	-2127.04	0
11270	-1181.11	-2161.69	0
11280	-1189.22	-2198.08	0
11290	-1196.67	-2235.9	0
11300	-1203.38	-2274.35	0
11310	-1209.24	-2312.69	0
11320	-1214.12	-2350.18	0
11330	-1217.83	-2385.95	0
11340	-1220.16	-2419.02	0
11350	-1220.95	-2448.7	0
11360	-1220.09	-2474.58	0
11370	-1217.51	-2496.55	0
11380	-1213.21	-2514.75	0
11390	-1207.39	-2529.84	0
11400	-1200.32	-2542.61	0
11410	-1192.38	-2554.17	0
11420	-1184.11	-2565.95	0
11430	-1176.15	-2579.61	0
11440	-1169.21	-2596.93	0
11450	-1164.1	-2619.97	0
11460	-1161.58	-2650.56	0
11470	-1162.38	-2690.21	0
11480	-1167.16	-2740.33	0
11490	-1176.37	-2801.63	0
11500	-1190.21	-2874.01	0
11510	-1208.61	-2956.82	0
11520	-1231.24	-3048.69	0
11530	-1257.51	-3147.74	0
11540	-1286.54	-3251.43	0
11550	-1317.3	-3356.89	0
11560	-1348.67	-3461.14	0
11570	-1379.6	-3561.48	0
11580	-1409.1	-3655.35	0
11590	-1436.29	-3740.49	0
11600	-1460.43	-3815.14	0
11610	-1480.96	-3877.92	0
11620	-1497.49	-3927.98	0
11630	-1509.79	-3964.84	0
11640	-1517.96	-3989.03	0
11650	-1522.27	-4001.42	0
11660	-1523.12	-4003.42	0
11670	-1521.17	-3997.03	0
11680	-1517.18	-3984.64	0
11690	-1511.95	-3968.74	0
11700	-1506.42	-3952.16	0
11710	-1501.55	-3937.91	0
11720	-1497.82	-3927.25	0
11730	-1495.63	-3921.22	0
11740	-1495.23	-3920.45	0
11750	-1496.87	-3925.48	0
11760	-1500.71	-3936.75	0
11770	-1506.79	-3954.21	0
11780	-1514.98	-3977.37	0
11790	-1525.08	-4005.56	0
11800	-1536.87	-4037.96	0
11810	-1550.11	-4073.58	0
11820	-1564.01	-4110.28	0
11830	-1577.92	-4146.09	0
11840	-1591.21	-4179.04	0
11850	-1603.35	-4207.46	0
11860	-1613.84	-4229.72	0
11870	-1622.41	-4244.87	0
11880	-1628.82	-4252.09	0
11890	-1632.98	-4251.12	0
11900	-1634.95	-4242.1	0
11910	-1634.96	-4225.87	0
11920	-1633.37	-4203.68	0
11930	-1630.66	-4177.25	0
11940	-1627.28	-4148.4	0
11950	-1623.83	-4119.56	0
11960	-1620.86	-4093.17	0
11970	-1618.77	-4071.12	0
11980	-1617.85	-4055.15	0
11990	-1618.32	-4046.67	0
12000	-1620.31	-4046.54	0
12010	-1623.85	-4055.2	0
12020	-1628.92	-4072.67	0
12030	-1635.46	-4098.71	0
12040	-1643.39	-4132.75	0
12050	-1652.56	-4173.72	0
12060	-1662.79	-4220.27	0
12070	-1673.78	-4270.58	0
12080	-1685.22	-4322.86	0
12090	-1696.9	-4375.85	0
12100	-1708.53	-4428.01	0
12110	-1719.72	-4477.67	0
12120	-1730.06	-4523.12	0
12130	-1739.08	-4562.57	0
12140	-1746.37	-4594.5	0
12150	-1751.4	-4617.05	0
12160	-1753.71	-4628.53	0
12170	-1752.98	-4627.66	0
12180	-1748.99	-4613.4	0
12190	-1741.73	-4585.25	0
12200	-1731.33	-4543.11	0
12210	-1718.1	-4487.11	0
12220	-1702.46	-4417.85	0
12230	-1684.96	-4336.06	0
12240	-1666.03	-4242.17	0
12250	-1646.16	-4136.87	0
12260	-1625.87	-4021.06	0
12270	-1605.65	-3895.93	0
12280	-1586.19	-3763.39	0
12290	-1568	-3625.64	0
12300	-1551.52	-3485.17	0
12310	-1537.19	-3344.79	0
12320	-1525.21	-3207.01	0
12330	-1515.46	-3073.89	0
12340	-1507.49	-2946.96	0
12350	-1500.79	-2827.63	0
12360	-1494.88	-2717.14	0
12370	-1489.29	-2616.5	0
12380	-1483.66	-2526.15	0
12390	-1477.76	-2446.21	0
12400	-1471.44	-2376.2	0
12410	-1464.66	-2315.54	0
12420	-1457.39	-2263.12	0
12430	-1449.59	-2217.48	0
12440	-1441.17	-2176.95	0
12450	-1432.08	-2139.99	0
12460	-1422.25	-2105.16	0
12470	-1411.63	-2071.23	0
12480	-1400.17	-2037.24	0
12490	-1387.78	-2002.06	0
12500	-1374.38	-1964.92	0
12510	-1359.91	-1925.25	0
12520	-1344.19	-1882.46	0
12530	-1326.6	-1836.11	0
12540	-1307.57	-1786.44	0
12550	-1287.3	-1734	0
12560	-1265.92	-1679.33	0
12570	-1243.63	-1623.38	0
12580	-1220.7	-1567.19	0
12590	-1197.33	-1511.82	0
12600	-1173.78	-1458.48	0
12610	-1150.31	-1408.35	0
12620	-1127.25	-1362.55	0
12630	-1104.92	-1322.2	0
12640	-1083.62	-1288.12	0
12650	-1063.68	-1261.08	0
12660	-1045.38	-1241.6	0
12670	-1028.93	-1229.95	0
12680	-1014.5	-1226.16	0
12690	-1002.17	-1230.12	0
12700	-991.951	-1241.48	0
12710	-983.74	-1259.58	0
12720	-977.414	-1283.73	0
12730	-972.768	-1313.15	0
12740	-969.6	-1347.19	0
12750	-967.703	-1385.19	0
12760	-966.89	-1426.61	0
12770	-967.033	-1470.91	0
12780	-968.59	-1516.81	0
12790	-971.617	-1563.58	0
12800	-976.015	-1610.92	0
12810	-981.7	-1658.64	0
12820	-988.654	-1706.87	0
12830	-996.831	-1755.82	0
12840	-1006.23	-1805.93	0
12850	-1016.84	-1857.62	0
12860	-1028.62	-1911.23	0
12870	-1041.48	-1966.92	0
12880	-1055.36	-2024.72	0
12890	-1070.08	-2084.37	0
12900	-1085.28	-2145.2	0
12910	-1100.53	-2206.21	0
12920	-1115.4	-2266.26	0
12930	-1128.82	-2324.27	0
12940	-1139.56	-2379.21	0
12950	-1147.65	-2429.51	0
12960	-1152.61	-2473.54	0
12970	-1153.99	-2509.91	0
12980	-1151.37	-2537.51	0
12990	-1144.7	-2556.15	0
13000	-1134.25	-2566.67	0
13010	-1126.81	-2564.5	0
13020	-1126.81	-2548.57	0
13030	-1125.93	-2531.47	0
13040	-1124.76	-2516.91	0
13050	-1123.96	-2508.75	0
13060	-1124.19	-2510.5	0
13070	-1126.14	-2525.18	0
13080	-1130.41	-2554.98	0
13090	-1137.42	-2600.7	0
13100	-1147.43	-2661.88	0
13110	-1160.49	-2736.94	0
13120	-1176.64	-2824.12	0
13130	-1195.53	-2920.42	0
13140	-1216.46	-3021.99	0
13150	-1238.5	-3124.64	0
13160	-1260.5	-3223.94	0
13170	-1281.16	-3315.42	0
13180	-1299.22	-3395.12	0
13190	-1313.52	-3459.67	0
13200	-1323.14	-3506.5	0
13210	-1327.97	-3533.85	0
13220	-1328.75	-3540.98	0
13230	-1325.46	-3528.98	0
13240	-1318.25	-3500.08	0
13250	-1307.51	-3457.5	0
13260	-1293.82	-3405.19	0
13270	-1277.83	-3347.37	0
13280	-1260.31	-3288.54	0
13290	-1242.05	-3233.09	0
13300	-1223.75	-3184.98	0
13310	-1207.38	-3145.61	0
13320	-1202.87	-3107.42	0
13330	-1202.73	-3078.68	0
13340	-1206.6	-3059.02	0
13350	-1213.82	-3047.3	0
13360	-1223.52	-3041.73	0
13370	-1234.82	-3040.48	0
13380	-1246.93	-3041.69	0
13390	-1259.09	-3043.4	0
13400	-1270.65	-3043.77	0
13410	-1281.12	-3041.2	0
13420	-1290.22	-3034.84	0
13430	-1297.71	-3023.76	0
13440	-1303.56	-3007.55	0
13450	-1307.79	-2986.05	0
13460	-1310.56	-2959.41	0
13470	-1312.11	-2928.16	0
13480	-1312.76	-2893.19	0
13490	-1312.79	-2855.41	0
13500	-1312.51	-2815.83	0
13510	-1312.19	-2775.47	0
13520	-1312.05	-2735.21	0
13530	-1312.24	-2695.8	0
13540	-1312.92	-2658.12	0
13550	-1314.16	-2622.76	0
13560	-1315.99	-2590.07	0
13570	-1318.53	-2560.43	0
13580	-1321.82	-2533.93	0
13590	-1325.88	-2510.49	0
13600	-1330.73	-2489.87	0
13610	-1336.31	-2471.67	0
13620	-1342.53	-2455.37	0
13630	-1349.24	-2440.31	0
13640	-1356.17	-2425.85	0
13650	-1363.25	-2411.47	0
13660	-1370.35	-2396.87	0
13670	-1377.31	-2381.84	0
13680	-1384.02	-2366.32	0
13690	-1390.38	-2350.43	0
13700	-1396.24	-2334.28	0
13710	-1401.66	-2318.35	0
13720	-1406.58	-2303.14	0
13730	-1410.89	-2289.26	0
13740	-1414.62	-2277.51	0
13750	-1417.83	-2268.8	0
13760	-1420.63	-2264.07	0
13770	-1423.12	-2264.2	0
13780	-1425.27	-2268.68	0
13790	-1427.02	-2277.6	0
13800	-1428.71	-2292.37	0
13810	-1430.61	-2313.72	0
13820	-1432.91	-2342.15	0
13830	-1435.74	-2377.84	0
13840	-1439.14	-2420.66	0
13850	-1443.14	-2470.1	0
13860	-1447.67	-2525.27	0
13870	-1452.67	-2585.07	0
13880	-1457.99	-2648.25	0
13890	-1463.41	-2713.21	0
13900	-1468.59	-2778.01	0
13910	-1473.15	-2840.5	0
13920	-1476.81	-2898.77	0
13930	-1479.25	-2951.16	0
13940	-1480.18	-2996.48	0
13950	-1479.47	-3034.08	0
13960	-1477.23	-3063.64	0
13970	-1473.42	-3084.94	0
13980	-1468.16	-3098.23	0
13990	-1461.67	-3104.12	0
14000	-1454.22	-3103.51	0
14010	-1446.12	-3097.46	0
14020	-1437.73	-3087.23	0
14030	-1429.41	-3074.21	0
14040	-1421.53	-3059.84	0
14050	-1414.43	-3045.54	0
14060	-1408.45	-3032.72	0
14070	-1403.81	-3022.48	0
14080	-1400.68	-3015.62	0
14090	-1399.1	-3012.63	0
14100	-1399.1	-3013.89	0
14110	-1400.67	-3019.53	0
14120	-1403.74	-3029.46	0
14130	-1408.21	-3043.4	0
14140	-1413.94	-3060.91	0
14150	-1420.79	-3081.41	0
14160	-1428.62	-3104.31	0
14170	-1437.26	-3128.89	0
14180	-1446.56	-3154.32	0
14190	-1456.35	-3179.86	0
14200	-1466.5	-3204.78	0
14210	-1476.86	-3228.33	0
14220	-1487.21	-3249.68	0
14230	-1497.49	-3268.22	0
14240	-1507.6	-3283.36	0
14250	-1517.44	-3294.58	0
14260	-1526.92	-3301.53	0
14270	-1535.96	-3303.84	0
14280	-1544.45	-3301.25	0
14290	-1552.3	-3293.61	0
14300	-1559.41	-3280.87	0
14310	-1565.64	-3262.96	0
14320	-1570.87	-3239.87	0
14330	-1574.94	-3211.57	0
14340	-1577.75	-3178.31	0
14350	-1579.19	-3140.47	0
14360	-1579.22	-3098.74	0
14370	-1577.74	-3053.52	0
14380	-1574.67	-3005.05	0
14390	-1569.99	-2953.59	0
14400	-1563.66	-2899.46	0
14410	-1555.74	-2843.19	0
14420	-1546.34	-2785.64	0
14430	-1535.66	-2727.84	0
14440	-1523.93	-2670.83	0
14450	-1511.44	-2615.62	0
14460	-1498.53	-2563.29	0
14470	-1485.55	-2514.8	0
14480	-1472.89	-2471.09	0
14490	-1460.96	-2433.06	0
14500	-1450.1	-2401.32	0
14510	-1440.66	-2376.51	0
14520	-1432.96	-2359.08	0
14530	-1427.23	-2349.32	0
14540	-1423.5	-2347.21	0
14550	-1421.69	-2352.65	0
14560	-1422.01	-2365.37	0
14570	-1424.39	-2384.7	0
14580	-1428.64	-2409.76	0
14590	-1434.53	-2439.52	0
14600	-1441.82	-2472.86	0
14610	-1450.21	-2508.55	0
14620	-1459.48	-2545.32	0
14630	-1469.88	-2581.45	0
14640	-1481.08	-2615.97	0
14650	-1492.66	-2648.37	0
14660	-1504.17	-2678.26	0
14670	-1515.2	-2705.53	0
14680	-1525.41	-2730.16	0
14690	-1534.47	-2752.34	0
14700	-1542.08	-2772.17	0
14710	-1548	-2789.81	0
14720	-1552.04	-2805.48	0
14730	-1554.07	-2819.39	0
14740	-1553.97	-2831.73	0
14750	-1555.12	-2839.02	0
14760	-1556.79	-2841.65	0
14770	-1557.38	-2841	0
14780	-1556.86	-2836.8	0
14790	-1555.22	-2828.94	0
14800	-1552.48	-2817.36	0
14810	-1548.71	-2802.16	0
14820	-1543.99	-2783.56	0
14830	-1538.45	-2761.81	0
14840	-1532.23	-2737.47	0
14850	-1525.55	-2711.19	0
14860	-1518.64	-2683.8	0
14870	-1511.72	-2656.08	0
14880	-1504.99	-2628.72	0
14890	-1498.58	-2602.14	0
14900	-1492.61	-2576.74	0
14910	-1487.19	-2552.87	0
14920	-1482.46	-2531.01	0
14930	-1478.51	-2511.47	0
14940	-1475.46	-2494.58	0
14950	-1473.37	-2480.58	0
14960	-1472.34	-2469.64	0
14970	-1472.4	-2461.82	0
14980	-1473.6	-2457.17	0
14990	-1476	-2455.72	0
15000	-1479.67	-2457.51	0
15010	-1484.65	-2462.58	0
15020	-1490.97	-2470.95	0
15030	-1498.7	-2482.7	0
15040	-1507.9	-2497.86	0
15050	-1518.57	-2516.5	0
15060	-1530.73	-2538.63	0
15070	-1544.18	-2564.08	0
15080	-1557.07	-2591.39	0
15090	-1568.79	-2619.65	0
15100	-1578.74	-2647.87	0
15110	-1584.85	-2674.17	0
15120	-1587.47	-2698.09	0
15130	-1587.32	-2719.21	0
15140	-1585.17	-2737.24	0
15150	-1581.78	-2751.98	0
15160	-1577.92	-2763.33	0
15170	-1574.24	-2771.41	0
15180	-1571.32	-2776.5	0
15190	-1569.61	-2778.99	0
15200	-1569.46	-2779.39	0
15210	-1571.1	-2778.33	0
15220	-1574.75	-2776.64	0
15230	-1580.45	-2775.14	0
15240	-1588.15	-2774.54	0
15250	-1597.79	-2775.76	0
15260	-1608.78	-2779.35	0
15270	-1619.23	-2784.95	0
15280	-1628.82	-2793.03	0
15290	-1637.53	-2804.04	0
15300	-1645.38	-2818.19	0
15310	-1652.34	-2835.41	0
15320	-1658.41	-2855.42	0
15330	-1663.55	-2877.73	0
15340	-1667.68	-2901.61	0
15350	-1670.74	-2926.2	0
15360	-1672.61	-2950.46	0
15370	-1673.15	-2973.32	0
15380	-1672.22	-2993.75	0
15390	-1669.71	-3010.83	0
15400	-1665.53	-3023.95	0
15410	-1659.62	-3032.85	0
15420	-1652.02	-3037.51	0
15430	-1642.85	-3038.08	0
15440	-1632.3	-3034.99	0
15450	-1620.65	-3028.94	0
15460	-1608.27	-3020.82	0
15470	-1595.57	-3011.65	0
15480	-1583.02	-3002.51	0
15490	-1571.62	-2992.75	0
15500	-1561.61	-2983.31	0
15510	-1553.07	-2976.1	0
15520	-1546.19	-2972.93	0
15530	-1541.18	-2975.46	0
15540	-1538.2	-2985.04	0
15550	-1537.31	-3002.58	0
15560	-1538.45	-3028.42	0
15570	-1541.48	-3062.25	0
15580	-1546.15	-3103.07	0
15590	-1552.11	-3149.2	0
15600	-1559.13	-3198.31	0
15610	-1569.2	-3245.79	0
15620	-1579.56	-3291.69	0
15630	-1589.66	-3333.8	0
15640	-1598.97	-3370.09	0
15650	-1607.04	-3398.8	0
15660	-1613.53	-3418.63	0
15670	-1618.21	-3428.71	0
15680	-1621.04	-3428.74	0
15690	-1622.09	-3418.95	0
15700	-1621.59	-3400.15	0
15710	-1619.87	-3373.58	0
15720	-1617.23	-3340.73	0
15730	-1614.01	-3303.34	0
15740	-1610.81	-3263.29	0
15750	-1607.93	-3221.92	0
15760	-1605.56	-3180.21	0
15770	-1603.77	-3138.85	0
15780	-1602.54	-3098.16	0
15790	-1601.7	-3058.06	0
15800	-1601.09	-3018.45	0
15810	-1600.53	-2979.21	0
15820	-1599.85	-2940.37	0
15830	-1598.9	-2901.94	0
15840	-1597.45	-2863.86	0
15850	-1595.34	-2826.16	0
15860	-1592.51	-2788.85	0
15870	-1588.99	-2752.07	0
15880	-1584.84	-2716	0
15890	-1580.16	-2680.77	0
15900	-1575.05	-2646.55	0
15910	-1569.66	-2613.55	0
15920	-1564.17	-2582.01	0
15930	-1558.74	-2552.18	0
15940	-1553.55	-2524.28	0
15950	-1548.84	-2498.62	0
15960	-1546.45	-2475.89	0
15970	-1546.18	-2455.38	0
15980	-1547.86	-2436.44	0
15990	-1551.37	-2418.52	0
16000	-1556.58	-2400.99	0
16010	-1563.35	-2383.4	0
16020	-1571.53	-2365.57	0
16030	-1581.01	-2347.72	0
16040	-1591.62	-2330.32	0
16050	-1602.56	-2313.71	0
16060	-1614.13	-2298.94	0
16070	-1626.43	-2287.24	0
16080	-1639.3	-2279.67	0
16090	-1651.89	-2276.82	0
16100	-1663.1	-2278.96	0
16110	-1671.96	-2286.16	0
16120	-1677.66	-2298.27	0
16130	-1679.66	-2315	0
16140	-1677.62	-2335.81	0
16150	-1671.51	-2360	0
16160	-1661.63	-2386.79	0
16170	-1648.57	-2415.38	0
16180	-1633.13	-2444.96	0
16190	-1616.33	-2474.89	0
16200	-1599.27	-2504.59	0
16210	-1583.05	-2533.64	0
16220	-1568.78	-2561.87	0
16230	-1557.46	-2589.29	0
16240	-1549.96	-2616.09	0
16250	-1547.03	-2642.59	0
16260	-1547.92	-2668.49	0
16270	-1548.39	-2691.38	0
16280	-1547.77	-2710.89	0
16290	-1546.1	-2727.15	0
16300	-1543.4	-2740.36	0
16310	-1539.69	-2750.56	0
16320	-1534.96	-2757.87	0
16330	-1529.23	-2762.4	0
16340	-1522.54	-2764.35	0
16350	-1514.93	-2763.88	0
16360	-1506.45	-2761.15	0
16370	-1497.22	-2756.55	0
16380	-1487.32	-2750.25	0
16390	-1476.86	-2742.38	0
16400	-1465.95	-2732.99	0
16410	-1454.69	-2722.15	0
16420	-1443.19	-2709.88	0
16430	-1431.58	-2696.2	0
16440	-1419.97	-2681.11	0
16450	-1408.5	-2664.83	0
16460	-1397.28	-2647.35	0
16470	-1386.44	-2628.7	0
16480	-1376.12	-2608.99	0
16490	-1366.46	-2588.43	0
16500	-1357.54	-2567.09	0
16510	-1349.5	-2545.4	0
16520	-1342.46	-2523.66	0
16530	-1336.55	-2502.45	0
16540	-1331.88	-2482.24	0
16550	-1328.58	-2463.65	0
16560	-1326.74	-2447.43	0
16570	-1326.41	-2434.13	0
16580	-1327.64	-2424.34	0
16590	-1330.46	-2418.67	0
16600	-1334.79	-2417.52	0
16610	-1340.59	-2421.19	0
16620	-1347.74	-2429.84	0
16630	-1356.11	-2443.42	0
16640	-1365.54	-2461.6	0
16650	-1375.74	-2483.78	0
16660	-1386.4	-2509.19	0
16670	-1397.25	-2536.97	0
16680	-1407.95	-2566.06	0
16690	-1418.11	-2595.3	0
16700	-1427.38	-2623.51	0
16710	-1435.38	-2649.5	0
16720	-1441.77	-2672.18	0
16730	-1446.28	-2690.69	0
16740	-1448.66	-2704.43	0
16750	-1448.76	-2713.03	0
16760	-1446.47	-2716.28	0
16770	-1441.74	-2714.23	0
16780	-1434.59	-2707.2	0
16790	-1425.13	-2695.68	0
16800	-1413.52	-2680.35	0
16810	-1399.95	-2662.03	0
16820	-1384.7	-2641.61	0
16830	-1368.37	-2619.84	0
16840	-1351.42	-2597.62	0
16850	-1334.16	-2576.01	0
16860	-1316.88	-2555.92	0
16870	-1299.83	-2538.11	0
16880	-1283.2	-2523.13	0
16890	-1267.14	-2511.3	0
16900	-1251.74	-2502.71	0
16910	-1237.06	-2497.35	0
16920	-1223.17	-2495.21	0
16930	-1210.06	-2496.09	0
16940	-1197.73	-2499.69	0
16950	-1186.12	-2505.56	0
16960	-1175.17	-2513.14	0
16970	-1165.32	-2521.55	0
16980	-1156.53	-2529.73	0
16990	-1148.45	-2536.56	0
17000	-1140.74	-2541.02	0
17010	-1133.08	-2542.23	0
17020	-1125.12	-2539.59	0
17030	-1116.66	-2532.82	0
17040	-1107.57	-2522.13	0
17050	-1097.82	-2508.04	0
17060	-1087.4	-2491.29	0
17070	-1076.37	-2472.77	0
17080	-1064.79	-2453.51	0
17090	-1052.76	-2434.67	0
17100	-1040.41	-2417.41	0
17110	-1027.84	-2402.83	0
17120	-1016.1	-2391.14	0
17130	-1013.74	-2374.73	0
17140	-1012.88	-2362.14	0
17150	-1013.54	-2353.72	0
17160	-1015.7	-2349.64	0
17170	-1019.28	-2349.86	0
17180	-1024.17	-2354.2	0
17190	-1030.25	-2362.27	0
17200	-1037.34	-2373.52	0
17210	-1045.25	-2387.25	0
17220	-1053.75	-2402.61	0
17230	-1062.68	-2418.8	0
17240	-1071.88	-2435.14	0
17250	-1081.2	-2450.89	0
17260	-1090.51	-2465.43	0
17270	-1099.7	-2478.25	0
17280	-1108.67	-2488.95	0
17290	-1117.35	-2497.13	0
17300	-1125.65	-2502.43	0
17310	-1133.49	-2504.54	0
17320	-1140.81	-2503.24	0
17330	-1147.57	-2498.38	0
17340	-1153.7	-2489.74	0
17350	-1159.12	-2477.19	0
17360	-1163.79	-2460.66	0
17370	-1167.71	-2440.25	0
17380	-1170.9	-2416.15	0
17390	-1173.38	-2388.68	0
17400	-1175.19	-2358.22	0
17410	-1176.37	-2325.13	0
17420	-1176.91	-2289.79	0
17430	-1176.79	-2252.64	0
17440	-1176.04	-2214.32	0
17450	-1174.74	-2175.58	0
17460	-1172.92	-2137.23	0
17470	-1170.62	-2100.06	0
17480	-1167.87	-2064.95	0
17490	-1164.72	-2032.7	0
17500	-1161.24	-2004.07	0
17510	-1157.49	-1979.71	0
17520	-1153.62	-1960.28	0
17530	-1149.75	-1946.3	0
17540	-1146.03	-1938.07	0
17550	-1142.58	-1935.73	0
17560	-1139.5	-1939.22	0
17570	-1136.91	-1948.37	0
17580	-1134.85	-1962.78	0
17590	-1133.39	-1981.9	0
17600	-1132.55	-2005.02	0
17610	-1132.33	-2031.29	0
17620	-1132.71	-2059.81	0
17630	-1133.64	-2089.67	0
17640	-1135.04	-2119.88	0
17650	-1136.8	-2149.48	0
17660	-1138.81	-2177.64	0
17670	-1140.94	-2203.65	0
17680	-1143.08	-2226.99	0
17690	-1145.16	-2247.3	0
17700	-1147.1	-2264.46	0
17710	-1148.87	-2278.6	0
17720	-1150.49	-2290	0
17730	-1151.95	-2299.03	0
17740	-1153.29	-2306.1	0
17750	-1154.53	-2311.65	0
17760	-1155.71	-2316.11	0
17770	-1156.83	-2319.81	0
17780	-1157.88	-2322.94	0
17790	-1158.82	-2325.59	0
17800	-1159.62	-2327.75	0
17810	-1160.25	-2329.29	0
17820	-1160.67	-2330.03	0
17830	-1160.83	-2329.69	0
17840	-1160.68	-2327.92	0
17850	-1160.16	-2324.3	0
17860	-1159.22	-2318.43	0
17870	-1157.82	-2310	0
17880	-1155.96	-2298.81	0
17890	-1153.63	-2284.78	0
17900	-1150.84	-2267.93	0
17910	-1147.59	-2248.23	0
17920	-1143.93	-2226.02	0
17930	-1139.91	-2201.72	0
17940	-1135.61	-2175.9	0
17950	-1131.13	-2149.29	0
17960	-1126.54	-2122.66	0
17970	-1121.97	-2096.91	0
17980	-1117.51	-2072.86	0
17990	-1113.26	-2051.32	0
18000	-1109.32	-2033.11	0
