0	-419.377	-1677.51	0
10	-556.132	-1439.72	0
20	-555.854	-1438.61	0
30	-555.409	-1436.83	0
40	-554.813	-1434.45	0
50	-554.09	-1431.55	0
60	-553.265	-1428.25	0
70	-552.367	-1424.66	0
80	-551.423	-1420.89	0
90	-550.46	-1417.03	0
100	-549.5	-1413.2	0
110	-548.563	-1409.45	0
120	-547.66	-1405.84	0
130	-546.8	-1402.4	0
140	-545.985	-1399.14	0
150	-545.211	-1396.04	0
160	-544.471	-1393.09	0
170	-543.754	-1390.23	0
180	-543.05	-1387.42	0
190	-542.346	-1384.62	0
200	-541.632	-1381.79	0
210	-540.9	-1378.9	0
220	-540.146	-1375.93	0
230	-539.368	-1372.89	0
240	-538.57	-1369.8	0
250	-537.761	-1366.69	0
260	-536.952	-1363.62	0
270	-536.157	-1360.66	0
280	-535.392	-1357.86	0
290	-534.677	-1355.32	0
300	-534.027	-1353.11	0
310	-533.459	-1351.3	0
320	-532.989	-1349.95	0
330	-532.629	-1349.09	0
340	-532.386	-1348.78	0
350	-532.264	-1349	0
360	-532.26	-1349.75	0
370	-532.37	-1351	0
380	-532.582	-1352.68	0
390	-532.877	-1354.71	0
400	-533.228	-1356.99	0
410	-533.607	-1359.39	0
420	-533.981	-1361.79	0
430	-534.321	-1364.06	0
440	-534.593	-1366.09	0
450	-534.766	-1367.75	0
460	-534.809	-1368.93	0
470	-534.69	-1369.52	0
480	-534.38	-1369.44	0
490	-533.849	-1368.59	0
500	-533.072	-1366.89	0
510	-532.024	-1364.28	0
520	-530.685	-1360.72	0
530	-529.038	-1356.17	0
540	-527.075	-1350.64	0
550	-524.79	-1344.14	0
560	-522.186	-1336.72	0
570	-519.27	-1328.45	0
580	-516.055	-1319.41	0
590	-512.563	-1309.71	0
600	-508.82	-1299.48	0
610	-504.859	-1288.87	0
620	-500.717	-1278.02	0
630	-496.434	-1267.07	0
640	-492.049	-1256.16	0
650	-487.601	-1245.42	0
660	-483.129	-1234.93	0
670	-478.666	-1224.77	0
680	-474.241	-1214.98	0
690	-469.88	-1205.56	0
700	-465.608	-1196.49	0
710	-461.448	-1187.74	0
720	-457.425	-1179.24	0
730	-453.57	-1170.93	0
740	-449.924	-1162.77	0
750	-446.544	-1154.75	0
760	-443.506	-1146.87	0
770	-440.904	-1139.21	0
780	-438.851	-1131.89	0
790	-437.479	-1125.11	0
800	-436.933	-1119.14	0
810	-437.358	-1114.31	0
820	-438.887	-1110.99	0
830	-441.629	-1109.54	0
840	-445.657	-1110.33	0
850	-450.998	-1113.66	0
860	-457.629	-1119.77	0
870	-465.474	-1128.84	0
880	-474.402	-1140.91	0
890	-484.234	-1155.97	0
900	-494.745	-1173.87	0
910	-505.679	-1194.36	0
920	-516.753	-1217.12	0
930	-527.677	-1241.74	0
940	-538.163	-1267.74	0
950	-547.945	-1294.63	0
960	-556.788	-1321.88	0
970	-564.504	-1349.02	0
980	-570.96	-1375.59	0
990	-576.09	-1401.24	0
1000	-579.896	-1425.69	0
1010	-582.449	-1448.79	0
1020	-583.889	-1470.5	0
1030	-584.415	-1489.03	0
1040	-584.279	-1506.1	0
1050	-583.77	-1522.48	0
1060	-583.191	-1538.56	0
1070	-582.845	-1554.77	0
1080	-583.017	-1571.53	0
1090	-583.957	-1589.23	0
1100	-585.865	-1608.18	0
1110	-588.881	-1628.61	0
1120	-595.158	-1649.08	0
1130	-603.035	-1670.82	0
1140	-611.604	-1694.35	0
1150	-620.716	-1719.4	0
1160	-630.202	-1745.52	0
1170	-639.754	-1772.15	0
1180	-649.353	-1798.37	0
1190	-658.33	-1823.68	0
1200	-666.822	-1846.95	0
1210	-674.34	-1867.56	0
1220	-680.781	-1884.69	0
1230	-685.904	-1897.8	0
1240	-689.524	-1906.47	0
1250	-691.532	-1910.49	0
1260	-691.89	-1909.67	0
1270	-690.638	-1903.99	0
1280	-687.883	-1893.86	0
1290	-683.799	-1879.83	0
1300	-678.612	-1862.65	0
1310	-672.584	-1843.15	0
1320	-666	-1822.21	0
1330	-659.151	-1800.74	0
1340	-652.321	-1779.59	0
1350	-645.773	-1759.54	0
1360	-639.739	-1741.24	0
1370	-634.401	-1725.18	0
1380	-629.893	-1711.68	0
1390	-626.298	-1700.89	0
1400	-623.642	-1692.8	0
1410	-621.9	-1687.24	0
1420	-621.008	-1683.92	0
1430	-620.862	-1682.46	0
1440	-621.332	-1682.38	0
1450	-622.266	-1683.2	0
1460	-623.502	-1684.41	0
1470	-624.878	-1685.53	0
1480	-626.237	-1686.12	0
1490	-627.433	-1685.81	0
1500	-628.339	-1684.29	0
1510	-628.845	-1681.35	0
1520	-628.862	-1676.83	0
1530	-628.325	-1670.64	0
1540	-627.187	-1662.76	0
1550	-625.423	-1653.19	0
1560	-623.025	-1642.01	0
1570	-620.002	-1629.29	0
1580	-616.378	-1615.12	0
1590	-612.191	-1599.64	0
1600	-607.491	-1582.96	0
1610	-602.338	-1565.23	0
1620	-596.806	-1546.58	0
1630	-590.974	-1527.17	0
1640	-584.93	-1507.19	0
1650	-578.766	-1486.81	0
1660	-572.578	-1466.23	0
1670	-566.459	-1445.65	0
1680	-560.498	-1425.27	0
1690	-554.775	-1405.27	0
1700	-549.356	-1385.82	0
1710	-544.291	-1367.05	0
1720	-539.61	-1349.06	0
1730	-535.32	-1331.86	0
1740	-531.404	-1315.43	0
1750	-527.824	-1299.69	0
1760	-524.519	-1284.47	0
1770	-521.411	-1269.58	0
1780	-518.411	-1254.78	0
1790	-515.422	-1239.8	0
1800	-512.351	-1224.38	0
1810	-509.109	-1208.28	0
1820	-505.625	-1191.31	0
1830	-501.848	-1173.33	0
1840	-497.755	-1154.3	0
1850	-493.348	-1134.25	0
1860	-488.664	-1113.35	0
1870	-483.768	-1091.82	0
1880	-478.751	-1070	0
1890	-473.73	-1048.29	0
1900	-468.835	-1027.16	0
1910	-464.205	-1007.1	0
1920	-459.979	-988.577	0
1930	-456.287	-972.055	0
1940	-453.24	-957.921	0
1950	-450.923	-946.477	0
1960	-449.39	-937.919	0
1970	-448.662	-932.328	0
1980	-448.721	-929.661	0
1990	-449.514	-929.757	0
2000	-450.959	-932.351	0
2010	-452.945	-937.093	0
2020	-455.343	-943.574	0
2030	-458.016	-951.351	0
2040	-460.823	-959.98	0
2050	-463.631	-969.044	0
2060	-466.323	-978.177	0
2070	-468.804	-987.086	0
2080	-471.004	-995.559	0
2090	-472.881	-1003.48	0
2100	-474.424	-1010.81	0
2110	-475.65	-1017.61	0
2120	-476.597	-1023.99	0
2130	-477.325	-1030.12	0
2140	-477.907	-1036.19	0
2150	-478.423	-1042.4	0
2160	-478.953	-1048.94	0
2170	-479.577	-1055.97	0
2180	-480.363	-1063.6	0
2190	-481.37	-1071.91	0
2200	-482.643	-1080.94	0
2210	-484.214	-1090.65	0
2220	-486.104	-1101.02	0
2230	-488.321	-1111.95	0
2240	-490.865	-1123.38	0
2250	-493.73	-1135.23	0
2260	-496.906	-1147.42	0
2270	-500.378	-1159.9	0
2280	-504.132	-1172.67	0
2290	-508.152	-1185.71	0
2300	-512.416	-1199.03	0
2310	-516.903	-1212.68	0
2320	-521.584	-1226.67	0
2330	-526.423	-1241.03	0
2340	-531.374	-1255.73	0
2350	-536.383	-1270.73	0
2360	-541.383	-1285.96	0
2370	-546.301	-1301.29	0
2380	-551.055	-1316.55	0
2390	-555.56	-1331.56	0
2400	-559.735	-1346.12	0
2410	-563.505	-1360.03	0
2420	-566.809	-1373.12	0
2430	-569.605	-1385.25	0
2440	-571.876	-1396.35	0
2450	-573.63	-1406.44	0
2460	-574.907	-1415.59	0
2470	-575.776	-1423.98	0
2480	-576.329	-1431.86	0
2490	-576.683	-1439.54	0
2500	-576.97	-1447.37	0
2510	-577.327	-1455.73	0
2520	-577.89	-1464.96	0
2530	-578.781	-1475.4	0
2540	-580.104	-1487.28	0
2550	-581.933	-1500.75	0
2560	-584.307	-1515.84	0
2570	-587.227	-1532.45	0
2580	-590.658	-1550.36	0
2590	-594.524	-1569.24	0
2600	-598.719	-1588.64	0
2610	-603.113	-1608.05	0
2620	-607.559	-1626.92	0
2630	-611.901	-1644.69	0
2640	-615.991	-1660.82	0
2650	-619.692	-1674.86	0
2660	-622.891	-1686.44	0
2670	-625.505	-1695.3	0
2680	-627.485	-1701.33	0
2690	-628.822	-1704.56	0
2700	-629.538	-1705.13	0
2710	-629.693	-1703.33	0
2720	-629.371	-1699.52	0
2730	-628.676	-1694.12	0
2740	-627.723	-1687.6	0
2750	-626.626	-1680.42	0
2760	-625.492	-1673	0
2770	-624.413	-1665.7	0
2780	-623.456	-1658.78	0
2790	-622.663	-1652.43	0
2800	-622.046	-1646.72	0
2810	-621.589	-1641.61	0
2820	-621.253	-1636.99	0
2830	-620.978	-1632.68	0
2840	-620.689	-1628.44	0
2850	-620.304	-1624.02	0
2860	-619.742	-1619.18	0
2870	-618.928	-1613.68	0
2880	-617.801	-1607.34	0
2890	-616.317	-1600.06	0
2900	-614.452	-1591.76	0
2910	-612.204	-1582.47	0
2920	-609.59	-1572.25	0
2930	-606.645	-1561.22	0
2940	-603.419	-1549.53	0
2950	-599.972	-1537.37	0
2960	-596.368	-1524.89	0
2970	-592.671	-1512.25	0
2980	-588.943	-1499.59	0
2990	-585.237	-1487	0
3000	-581.595	-1474.53	0
3010	-578.049	-1462.18	0
3020	-574.621	-1449.95	0
3030	-571.322	-1437.79	0
3040	-568.153	-1425.65	0
3050	-565.113	-1413.47	0
3060	-562.196	-1401.22	0
3070	-559.398	-1388.88	0
3080	-556.718	-1376.48	0
3090	-554.155	-1364.07	0
3100	-551.717	-1351.73	0
3110	-549.411	-1339.58	0
3120	-547.249	-1327.74	0
3130	-545.242	-1316.36	0
3140	-543.397	-1305.54	0
3150	-541.716	-1295.36	0
3160	-540.192	-1285.89	0
3170	-538.807	-1277.12	0
3180	-537.533	-1268.98	0
3190	-536.33	-1261.36	0
3200	-535.148	-1254.1	0
3210	-533.93	-1246.99	0
3220	-532.614	-1239.82	0
3230	-531.14	-1232.34	0
3240	-529.456	-1224.36	0
3250	-527.517	-1215.71	0
3260	-525.295	-1206.28	0
3270	-522.784	-1196.02	0
3280	-519.995	-1184.99	0
3290	-516.963	-1173.32	0
3300	-513.747	-1161.22	0
3310	-510.421	-1148.96	0
3320	-507.075	-1136.88	0
3330	-503.81	-1125.35	0
3340	-500.729	-1114.72	0
3350	-497.929	-1105.33	0
3360	-495.5	-1097.49	0
3370	-493.514	-1091.42	0
3380	-492.021	-1087.26	0
3390	-491.048	-1085.06	0
3400	-490.593	-1084.77	0
3410	-490.632	-1086.23	0
3420	-491.112	-1089.22	0
3430	-491.962	-1093.43	0
3440	-493.096	-1098.51	0
3450	-494.415	-1104.11	0
3460	-495.819	-1109.84	0
3470	-497.211	-1115.39	0
3480	-498.503	-1120.46	0
3490	-499.621	-1124.83	0
3500	-500.507	-1128.36	0
3510	-501.126	-1130.98	0
3520	-501.462	-1132.71	0
3530	-501.519	-1133.63	0
3540	-501.318	-1133.87	0
3550	-500.893	-1133.59	0
3560	-500.291	-1132.98	0
3570	-499.562	-1132.23	0
3580	-498.758	-1131.5	0
3590	-497.931	-1130.91	0
3600	-497.126	-1130.58	0
3610	-496.384	-1130.55	0
3620	-495.736	-1130.84	0
3630	-495.209	-1131.45	0
3640	-494.822	-1132.34	0
3650	-494.592	-1133.48	0
3660	-494.531	-1134.85	0
3670	-494.651	-1136.43	0
3680	-494.965	-1138.26	0
3690	-495.487	-1140.37	0
3700	-496.232	-1142.87	0
3710	-497.215	-1145.86	0
3720	-498.449	-1149.47	0
3730	-499.943	-1153.85	0
3740	-501.701	-1159.1	0
3750	-503.716	-1165.34	0
3760	-505.972	-1172.59	0
3770	-508.44	-1180.87	0
3780	-511.078	-1190.09	0
3790	-513.833	-1200.11	0
3800	-516.642	-1210.73	0
3810	-519.437	-1221.7	0
3820	-522.145	-1232.73	0
3830	-524.698	-1243.5	0
3840	-527.036	-1253.72	0
3850	-529.111	-1263.12	0
3860	-530.894	-1271.5	0
3870	-532.376	-1278.72	0
3880	-533.574	-1284.74	0
3890	-534.526	-1289.62	0
3900	-535.293	-1293.5	0
3910	-535.953	-1296.63	0
3920	-536.598	-1299.32	0
3930	-537.328	-1301.92	0
3940	-538.238	-1304.83	0
3950	-539.42	-1308.4	0
3960	-540.945	-1312.96	0
3970	-542.864	-1318.77	0
3980	-545.2	-1325.99	0
3990	-547.947	-1334.66	0
4000	-551.065	-1344.72	0
4010	-554.485	-1355.98	0
4020	-558.111	-1368.13	0
4030	-561.826	-1380.8	0
4040	-565.501	-1393.54	0
4050	-569	-1405.87	0
4060	-572.191	-1417.3	0
4070	-574.955	-1427.4	0
4080	-577.192	-1435.79	0
4090	-578.83	-1442.2	0
4100	-579.829	-1446.45	0
4110	-580.182	-1448.5	0
4120	-579.918	-1448.45	0
4130	-579.096	-1446.48	0
4140	-577.804	-1442.92	0
4150	-576.151	-1438.14	0
4160	-574.263	-1432.58	0
4170	-572.269	-1426.7	0
4180	-570.299	-1420.95	0
4190	-568.473	-1415.72	0
4200	-566.896	-1411.37	0
4210	-565.652	-1408.15	0
4220	-564.8	-1406.21	0
4230	-564.371	-1405.62	0
4240	-564.371	-1406.33	0
4250	-564.78	-1408.21	0
4260	-565.556	-1411.06	0
4270	-566.637	-1414.6	0
4280	-567.95	-1418.53	0
4290	-569.411	-1422.56	0
4300	-570.935	-1426.37	0
4310	-572.435	-1429.7	0
4320	-573.83	-1432.3	0
4330	-575.049	-1433.99	0
4340	-576.028	-1434.66	0
4350	-576.718	-1434.22	0
4360	-577.08	-1432.68	0
4370	-577.088	-1430.06	0
4380	-576.73	-1426.44	0
4390	-576.003	-1421.93	0
4400	-574.914	-1416.64	0
4410	-573.48	-1410.71	0
4420	-571.725	-1404.27	0
4430	-569.68	-1397.44	0
4440	-567.384	-1390.34	0
4450	-564.879	-1383.07	0
4460	-562.216	-1375.74	0
4470	-559.447	-1368.41	0
4480	-556.629	-1361.18	0
4490	-553.82	-1354.09	0
4500	-551.08	-1347.22	0
4510	-548.466	-1340.62	0
4520	-546.032	-1334.35	0
4530	-543.826	-1328.44	0
4540	-541.887	-1322.94	0
4550	-540.243	-1317.86	0
4560	-538.91	-1313.2	0
4570	-537.89	-1308.96	0
4580	-537.17	-1305.08	0
4590	-536.723	-1301.52	0
4600	-536.507	-1298.2	0
4610	-536.47	-1295	0
4620	-536.55	-1291.83	0
4630	-536.679	-1288.55	0
4640	-536.789	-1285.06	0
4650	-536.811	-1281.24	0
4660	-536.683	-1277.01	0
4670	-536.353	-1272.31	0
4680	-535.782	-1267.11	0
4690	-534.942	-1261.41	0
4700	-533.823	-1255.27	0
4710	-532.43	-1248.76	0
4720	-530.782	-1242.01	0
4730	-528.912	-1235.15	0
4740	-526.862	-1228.34	0
4750	-524.68	-1221.72	0
4760	-522.419	-1215.45	0
4770	-520.131	-1209.65	0
4780	-517.867	-1204.44	0
4790	-515.669	-1199.87	0
4800	-513.573	-1195.98	0
4810	-511.607	-1192.75	0
4820	-509.788	-1190.15	0
4830	-508.124	-1188.08	0
4840	-506.618	-1186.45	0
4850	-505.264	-1185.13	0
4860	-504.054	-1184.01	0
4870	-502.975	-1182.96	0
4880	-502.016	-1181.86	0
4890	-501.165	-1180.64	0
4900	-500.412	-1179.23	0
4910	-499.75	-1177.58	0
4920	-499.171	-1175.67	0
4930	-498.669	-1173.5	0
4940	-498.237	-1171.09	0
4950	-497.866	-1168.46	0
4960	-497.542	-1165.62	0
4970	-497.249	-1162.57	0
4980	-496.965	-1159.33	0
4990	-496.663	-1155.87	0
5000	-496.311	-1152.15	0
5010	-495.879	-1148.13	0
5020	-495.332	-1143.76	0
5030	-494.643	-1139	0
5040	-493.789	-1133.79	0
5050	-492.757	-1128.13	0
5060	-491.545	-1122.03	0
5070	-490.169	-1115.54	0
5080	-488.656	-1108.77	0
5090	-487.053	-1101.84	0
5100	-485.417	-1094.95	0
5110	-483.818	-1088.32	0
5120	-482.336	-1082.2	0
5130	-481.051	-1076.83	0
5140	-480.042	-1072.49	0
5150	-479.381	-1069.39	0
5160	-479.127	-1067.74	0
5170	-479.321	-1067.67	0
5180	-479.986	-1069.27	0
5190	-481.118	-1072.54	0
5200	-482.692	-1077.42	0
5210	-484.662	-1083.77	0
5220	-486.96	-1091.39	0
5230	-489.504	-1100.04	0
5240	-492.202	-1109.42	0
5250	-494.958	-1119.24	0
5260	-497.681	-1129.21	0
5270	-500.285	-1139.06	0
5280	-502.701	-1148.55	0
5290	-504.88	-1157.52	0
5300	-506.792	-1165.84	0
5310	-508.432	-1173.47	0
5320	-509.817	-1180.43	0
5330	-510.984	-1186.79	0
5340	-511.988	-1192.68	0
5350	-512.893	-1198.24	0
5360	-513.77	-1203.64	0
5370	-514.691	-1209.06	0
5380	-515.721	-1214.65	0
5390	-516.915	-1220.52	0
5400	-518.314	-1226.77	0
5410	-519.942	-1233.44	0
5420	-521.805	-1240.52	0
5430	-523.891	-1248	0
5440	-526.176	-1255.79	0
5450	-528.621	-1263.81	0
5460	-531.181	-1271.97	0
5470	-533.808	-1280.18	0
5480	-536.456	-1288.37	0
5490	-539.083	-1296.48	0
5500	-541.656	-1304.51	0
5510	-544.156	-1312.46	0
5520	-546.569	-1320.37	0
5530	-548.898	-1328.29	0
5540	-551.148	-1336.3	0
5550	-553.336	-1344.43	0
5560	-555.476	-1352.74	0
5570	-557.582	-1361.23	0
5580	-559.664	-1369.87	0
5590	-561.72	-1378.56	0
5600	-563.74	-1387.18	0
5610	-565.701	-1395.55	0
5620	-567.568	-1403.45	0
5630	-569.295	-1410.63	0
5640	-570.829	-1416.84	0
5650	-572.114	-1421.84	0
5660	-573.094	-1425.42	0
5670	-573.721	-1427.43	0
5680	-573.955	-1427.77	0
5690	-573.775	-1426.44	0
5700	-573.173	-1423.52	0
5710	-572.166	-1419.17	0
5720	-570.79	-1413.66	0
5730	-569.101	-1407.31	0
5740	-567.171	-1400.48	0
5750	-565.087	-1393.58	0
5760	-562.943	-1386.99	0
5770	-560.833	-1381.1	0
5780	-558.848	-1376.21	0
5790	-557.071	-1372.57	0
5800	-555.569	-1370.31	0
5810	-554.392	-1369.5	0
5820	-553.567	-1370.06	0
5830	-553.104	-1371.86	0
5840	-552.99	-1374.64	0
5850	-553.195	-1378.12	0
5860	-553.674	-1381.96	0
5870	-554.373	-1385.79	0
5880	-555.231	-1389.28	0
5890	-556.186	-1392.12	0
5900	-557.179	-1394.06	0
5910	-558.157	-1394.92	0
5920	-559.075	-1394.59	0
5930	-559.899	-1393.05	0
5940	-560.604	-1390.34	0
5950	-561.172	-1386.58	0
5960	-561.592	-1381.91	0
5970	-561.857	-1376.51	0
5980	-561.961	-1370.56	0
5990	-561.895	-1364.21	0
6000	-561.647	-1357.61	0
6010	-561.2	-1350.82	0
6020	-560.532	-1343.9	0
6030	-559.615	-1336.82	0
6040	-558.422	-1329.53	0
6050	-556.924	-1321.94	0
6060	-555.099	-1313.96	0
6070	-552.932	-1305.48	0
6080	-550.421	-1296.42	0
6090	-547.579	-1286.77	0
6100	-544.437	-1276.52	0
6110	-541.043	-1265.78	0
6120	-537.465	-1254.68	0
6130	-533.787	-1243.44	0
6140	-530.105	-1232.33	0
6150	-526.521	-1221.65	0
6160	-523.143	-1211.73	0
6170	-520.071	-1202.87	0
6180	-517.398	-1195.38	0
6190	-515.198	-1189.49	0
6200	-513.525	-1185.37	0
6210	-512.412	-1183.11	0
6220	-511.861	-1182.7	0
6230	-511.851	-1184.06	0
6240	-512.335	-1186.98	0
6250	-513.244	-1191.22	0
6260	-514.491	-1196.45	0
6270	-515.977	-1202.31	0
6280	-517.598	-1208.41	0
6290	-519.248	-1214.38	0
6300	-520.827	-1219.87	0
6310	-522.248	-1224.57	0
6320	-523.435	-1228.25	0
6330	-524.335	-1230.73	0
6340	-524.909	-1231.89	0
6350	-525.14	-1231.72	0
6360	-525.029	-1230.22	0
6370	-524.589	-1227.5	0
6380	-523.85	-1223.66	0
6390	-522.846	-1218.85	0
6400	-521.62	-1213.23	0
6410	-520.214	-1206.95	0
6420	-518.67	-1200.15	0
6430	-517.027	-1192.98	0
6440	-515.319	-1185.53	0
6450	-513.575	-1177.92	0
6460	-511.82	-1170.21	0
6470	-510.075	-1162.49	0
6480	-508.359	-1154.83	0
6490	-506.689	-1147.31	0
6500	-505.082	-1140.03	0
6510	-503.553	-1133.09	0
6520	-502.122	-1126.58	0
6530	-500.803	-1120.65	0
6540	-499.613	-1115.39	0
6550	-498.565	-1110.9	0
6560	-497.665	-1107.28	0
6570	-496.915	-1104.55	0
6580	-496.308	-1102.73	0
6590	-495.829	-1101.77	0
6600	-495.453	-1101.57	0
6610	-495.146	-1101.98	0
6620	-494.87	-1102.81	0
6630	-494.581	-1103.86	0
6640	-494.237	-1104.87	0
6650	-493.796	-1105.64	0
6660	-493.226	-1105.95	0
6670	-492.507	-1105.64	0
6680	-491.632	-1104.62	0
6690	-490.612	-1102.86	0
6700	-489.474	-1100.41	0
6710	-488.264	-1097.42	0
6720	-487.041	-1094.09	0
6730	-485.877	-1090.69	0
6740	-484.85	-1087.54	0
6750	-484.038	-1084.98	0
6760	-483.516	-1083.31	0
6770	-483.347	-1082.83	0
6780	-483.577	-1083.77	0
6790	-484.23	-1086.27	0
6800	-485.308	-1090.38	0
6810	-486.786	-1096.03	0
6820	-488.614	-1103.06	0
6830	-490.721	-1111.2	0
6840	-493.017	-1120.13	0
6850	-495.4	-1129.44	0
6860	-497.765	-1138.71	0
6870	-500.009	-1147.52	0
6880	-502.037	-1155.5	0
6890	-503.773	-1162.32	0
6900	-505.16	-1167.76	0
6910	-506.17	-1171.68	0
6920	-506.799	-1174.08	0
6930	-507.074	-1175.05	0
6940	-507.043	-1174.8	0
6950	-506.775	-1173.61	0
6960	-506.355	-1171.82	0
6970	-505.873	-1169.81	0
6980	-505.419	-1167.95	0
6990	-505.077	-1166.58	0
7000	-504.916	-1165.99	0
7010	-504.986	-1166.39	0
7020	-505.316	-1167.87	0
7030	-505.911	-1170.45	0
7040	-506.753	-1174.03	0
7050	-507.805	-1178.45	0
7060	-509.011	-1183.46	0
7070	-510.31	-1188.78	0
7080	-511.634	-1194.13	0
7090	-512.918	-1199.22	0
7100	-514.108	-1203.83	0
7110	-515.162	-1207.78	0
7120	-516.054	-1210.99	0
7130	-516.777	-1213.42	0
7140	-517.341	-1215.17	0
7150	-517.773	-1216.36	0
7160	-518.11	-1217.18	0
7170	-518.396	-1217.85	0
7180	-518.677	-1218.61	0
7190	-518.995	-1219.66	0
7200	-519.384	-1221.17	0
7210	-519.867	-1223.24	0
7220	-520.448	-1225.9	0
7230	-521.12	-1229.12	0
7240	-521.86	-1232.76	0
7250	-522.631	-1236.65	0
7260	-523.391	-1240.56	0
7270	-524.092	-1244.22	0
7280	-524.691	-1247.39	0
7290	-525.148	-1249.83	0
7300	-525.44	-1251.37	0
7310	-525.555	-1251.9	0
7320	-525.5	-1251.4	0
7330	-525.3	-1249.92	0
7340	-524.996	-1247.62	0
7350	-524.642	-1244.73	0
7360	-524.299	-1241.53	0
7370	-524.031	-1238.33	0
7380	-523.902	-1235.47	0
7390	-523.962	-1233.25	0
7400	-524.249	-1231.94	0
7410	-524.784	-1231.73	0
7420	-525.564	-1232.75	0
7430	-526.569	-1235.01	0
7440	-527.755	-1238.44	0
7450	-529.065	-1242.9	0
7460	-530.431	-1248.17	0
7470	-531.78	-1253.97	0
7480	-533.04	-1260.02	0
7490	-534.15	-1266.04	0
7500	-535.062	-1271.77	0
7510	-535.749	-1277.01	0
7520	-536.204	-1281.63	0
7530	-536.446	-1285.6	0
7540	-536.517	-1288.96	0
7550	-536.476	-1291.83	0
7560	-536.4	-1294.4	0
7570	-536.369	-1296.9	0
7580	-536.466	-1299.59	0
7590	-536.766	-1302.71	0
7600	-537.328	-1306.46	0
7610	-538.191	-1311	0
7620	-539.367	-1316.37	0
7630	-540.84	-1322.55	0
7640	-542.565	-1329.4	0
7650	-544.468	-1336.69	0
7660	-546.455	-1344.08	0
7670	-548.415	-1351.19	0
7680	-550.226	-1357.6	0
7690	-551.769	-1362.87	0
7700	-552.931	-1366.59	0
7710	-553.613	-1368.4	0
7720	-553.742	-1368.01	0
7730	-553.271	-1365.25	0
7740	-552.184	-1360.06	0
7750	-550.498	-1352.49	0
7760	-548.262	-1342.75	0
7770	-545.554	-1331.12	0
7780	-542.473	-1317.99	0
7790	-539.138	-1303.82	0
7800	-535.674	-1289.12	0
7810	-532.211	-1274.37	0
7820	-528.871	-1260.07	0
7830	-525.76	-1246.63	0
7840	-522.969	-1234.41	0
7850	-520.564	-1223.65	0
7860	-518.583	-1214.51	0
7870	-517.042	-1207.02	0
7880	-515.93	-1201.13	0
7890	-515.214	-1196.68	0
7900	-514.847	-1193.47	0
7910	-514.766	-1191.22	0
7920	-514.907	-1189.66	0
7930	-515.203	-1188.5	0
7940	-515.59	-1187.49	0
7950	-516.014	-1186.42	0
7960	-516.434	-1185.14	0
7970	-516.818	-1183.57	0
7980	-517.148	-1181.67	0
7990	-517.418	-1179.48	0
8000	-517.628	-1177.1	0
8010	-517.788	-1174.62	0
8020	-517.909	-1172.2	0
8030	-518	-1169.95	0
8040	-518.069	-1167.99	0
8050	-518.119	-1166.41	0
8060	-518.142	-1165.23	0
8070	-518.125	-1164.44	0
8080	-518.048	-1163.97	0
8090	-517.885	-1163.71	0
8100	-517.605	-1163.52	0
8110	-517.181	-1163.2	0
8120	-516.586	-1162.57	0
8130	-515.801	-1161.47	0
8140	-514.819	-1159.73	0
8150	-513.644	-1157.27	0
8160	-512.295	-1154.03	0
8170	-510.807	-1150.03	0
8180	-509.228	-1145.36	0
8190	-507.62	-1140.18	0
8200	-506.056	-1134.71	0
8210	-504.612	-1129.22	0
8220	-503.368	-1124.02	0
8230	-502.399	-1119.41	0
8240	-501.772	-1115.71	0
8250	-501.54	-1113.2	0
8260	-501.738	-1112.12	0
8270	-502.383	-1112.62	0
8280	-503.465	-1114.8	0
8290	-504.956	-1118.66	0
8300	-506.8	-1124.1	0
8310	-508.926	-1130.97	0
8320	-511.244	-1139.02	0
8330	-513.653	-1147.93	0
8340	-516.048	-1157.36	0
8350	-518.321	-1166.94	0
8360	-520.373	-1176.31	0
8370	-522.117	-1185.15	0
8380	-523.484	-1193.15	0
8390	-524.425	-1200.12	0
8400	-524.92	-1205.91	0
8410	-524.972	-1210.49	0
8420	-524.615	-1213.9	0
8430	-523.906	-1216.3	0
8440	-522.927	-1217.9	0
8450	-521.776	-1218.99	0
8460	-520.565	-1219.9	0
8470	-519.413	-1220.97	0
8480	-518.436	-1222.53	0
8490	-517.745	-1224.9	0
8500	-517.434	-1228.29	0
8510	-517.574	-1232.87	0
8520	-518.211	-1238.67	0
8530	-519.359	-1245.62	0
8540	-520.999	-1253.54	0
8550	-523.079	-1262.13	0
8560	-525.512	-1270.98	0
8570	-528.185	-1279.6	0
8580	-530.958	-1287.43	0
8590	-533.677	-1293.92	0
8600	-536.18	-1298.5	0
8610	-538.302	-1300.66	0
8620	-539.892	-1299.97	0
8630	-540.817	-1296.14	0
8640	-540.972	-1289	0
8650	-540.289	-1278.55	0
8660	-538.738	-1265	0
8670	-536.336	-1248.71	0
8680	-533.143	-1230.21	0
8690	-529.261	-1210.2	0
8700	-524.831	-1189.47	0
8710	-520.028	-1168.91	0
8720	-515.045	-1149.42	0
8730	-510.091	-1131.91	0
8740	-505.372	-1117.17	0
8750	-501.082	-1105.91	0
8760	-497.397	-1098.66	0
8770	-494.458	-1095.77	0
8780	-492.372	-1097.39	0
8790	-491.199	-1103.43	0
8800	-490.951	-1113.59	0
8810	-491.591	-1127.37	0
8820	-493.036	-1144.07	0
8830	-495.16	-1162.88	0
8840	-497.803	-1182.84	0
8850	-500.778	-1202.98	0
8860	-503.882	-1222.28	0
8870	-506.91	-1239.82	0
8880	-509.659	-1254.72	0
8890	-511.945	-1266.28	0
8900	-513.61	-1273.96	0
8910	-514.529	-1277.41	0
8920	-514.62	-1276.51	0
8930	-513.847	-1271.35	0
8940	-512.22	-1262.2	0
8950	-509.796	-1249.55	0
8960	-506.674	-1234.03	0
8970	-502.988	-1216.37	0
8980	-498.905	-1197.38	0
8990	-494.61	-1177.91	0
9000	-490.297	-1158.76	0
9010	-486.161	-1140.69	0
9020	-482.386	-1124.37	0
9030	-479.137	-1110.32	0
9040	-476.552	-1098.94	0
9050	-474.735	-1090.46	0
9060	-473.752	-1084.98	0
9070	-473.631	-1082.42	0
9080	-474.357	-1082.59	0
9090	-475.876	-1085.18	0
9100	-478.101	-1089.8	0
9110	-480.911	-1095.99	0
9120	-484.163	-1103.27	0
9130	-487.694	-1111.15	0
9140	-491.333	-1119.16	0
9150	-494.905	-1126.86	0
9160	-498.242	-1133.87	0
9170	-501.187	-1139.88	0
9180	-503.604	-1144.64	0
9190	-505.383	-1147.99	0
9200	-506.444	-1149.82	0
9210	-506.74	-1150.12	0
9220	-506.26	-1148.92	0
9230	-505.029	-1146.33	0
9240	-503.109	-1142.48	0
9250	-500.59	-1137.58	0
9260	-497.593	-1131.84	0
9270	-494.26	-1125.51	0
9280	-490.751	-1118.86	0
9290	-487.234	-1112.17	0
9300	-483.879	-1105.71	0
9310	-480.852	-1099.74	0
9320	-478.303	-1094.53	0
9330	-476.363	-1090.3	0
9340	-475.138	-1087.23	0
9350	-474.697	-1085.49	0
9360	-475.075	-1085.16	0
9370	-476.264	-1086.26	0
9380	-478.216	-1088.75	0
9390	-480.84	-1092.51	0
9400	-484.01	-1097.33	0
9410	-487.567	-1102.94	0
9420	-491.327	-1109	0
9430	-495.092	-1115.15	0
9440	-498.66	-1120.97	0
9450	-501.838	-1126.08	0
9460	-504.455	-1130.11	0
9470	-506.371	-1132.77	0
9480	-507.487	-1133.83	0
9490	-507.757	-1133.21	0
9500	-507.189	-1130.93	0
9510	-505.846	-1127.15	0
9520	-503.848	-1122.17	0
9530	-501.364	-1116.42	0
9540	-498.602	-1110.44	0
9550	-495.799	-1104.83	0
9560	-493.205	-1100.25	0
9570	-491.069	-1097.36	0
9580	-489.622	-1096.75	0
9590	-489.064	-1098.97	0
9600	-489.549	-1104.4	0
9610	-491.175	-1113.31	0
9620	-493.979	-1125.75	0
9630	-497.931	-1141.6	0
9640	-502.936	-1160.55	0
9650	-508.841	-1182.1	0
9660	-515.443	-1205.62	0
9670	-522.496	-1230.33	0
9680	-529.735	-1255.39	0
9690	-536.881	-1279.91	0
9700	-543.665	-1303.04	0
9710	-549.837	-1323.96	0
9720	-555.184	-1341.99	0
9730	-559.536	-1356.56	0
9740	-562.776	-1367.29	0
9750	-564.843	-1373.97	0
9760	-565.73	-1376.58	0
9770	-565.481	-1375.27	0
9780	-564.189	-1370.35	0
9790	-561.979	-1362.27	0
9800	-559.005	-1351.55	0
9810	-555.434	-1338.82	0
9820	-551.438	-1324.69	0
9830	-547.183	-1309.79	0
9840	-542.823	-1294.7	0
9850	-538.493	-1279.96	0
9860	-534.304	-1265.99	0
9870	-530.343	-1253.16	0
9880	-526.677	-1241.73	0
9890	-523.349	-1231.89	0
9900	-520.389	-1223.73	0
9910	-517.813	-1217.28	0
9920	-515.628	-1212.52	0
9930	-513.838	-1209.4	0
9940	-512.445	-1207.82	0
9950	-511.449	-1207.68	0
9960	-510.851	-1208.84	0
9970	-510.652	-1211.18	0
9980	-510.847	-1214.55	0
9990	-511.428	-1218.8	0
10000	-512.376	-1223.77	0
10010	-513.663	-1229.27	0
10020	-515.248	-1235.13	0
10030	-517.077	-1241.13	0
10040	-519.083	-1247.07	0
10050	-521.189	-1252.72	0
10060	-523.313	-1257.88	0
10070	-525.369	-1262.34	0
10080	-527.273	-1265.94	0
10090	-528.95	-1268.54	0
10100	-530.335	-1270.02	0
10110	-531.381	-1270.32	0
10120	-532.056	-1269.44	0
10130	-532.349	-1267.4	0
10140	-532.271	-1264.27	0
10150	-531.844	-1260.12	0
10160	-531.108	-1255.09	0
10170	-530.113	-1249.27	0
10180	-528.909	-1242.77	0
10190	-527.55	-1235.7	0
10200	-526.083	-1228.12	0
10210	-524.545	-1220.07	0
10220	-522.962	-1211.57	0
10230	-521.347	-1202.61	0
10240	-519.699	-1193.17	0
10250	-518.007	-1183.23	0
10260	-516.253	-1172.78	0
10270	-514.415	-1161.84	0
10280	-512.474	-1150.47	0
10290	-510.416	-1138.78	0
10300	-508.241	-1126.95	0
10310	-505.962	-1115.2	0
10320	-503.608	-1103.82	0
10330	-501.224	-1093.14	0
10340	-498.868	-1083.5	0
10350	-496.609	-1075.25	0
10360	-494.519	-1068.72	0
10370	-492.673	-1064.19	0
10380	-491.134	-1061.84	0
10390	-489.957	-1061.78	0
10400	-489.176	-1064.01	0
10410	-488.805	-1068.41	0
10420	-488.835	-1074.75	0
10430	-489.231	-1082.68	0
10440	-489.938	-1091.8	0
10450	-490.883	-1101.64	0
10460	-491.981	-1111.68	0
10470	-493.14	-1121.44	0
10480	-494.271	-1130.46	0
10490	-495.292	-1138.35	0
10500	-496.136	-1144.81	0
10510	-496.754	-1149.65	0
10520	-497.12	-1152.79	0
10530	-497.228	-1154.25	0
10540	-497.095	-1154.15	0
10550	-496.756	-1152.69	0
10560	-496.258	-1150.11	0
10570	-495.655	-1146.68	0
10580	-495.001	-1142.66	0
10590	-494.346	-1138.29	0
10600	-493.726	-1133.73	0
10610	-493.164	-1129.1	0
10620	-492.663	-1124.43	0
10630	-492.206	-1119.71	0
10640	-491.762	-1114.83	0
10650	-491.285	-1109.69	0
10660	-490.723	-1104.14	0
10670	-490.02	-1098.06	0
10680	-489.128	-1091.37	0
10690	-488.009	-1084.04	0
10700	-486.646	-1076.12	0
10710	-485.039	-1067.73	0
10720	-483.215	-1059.09	0
10730	-481.22	-1050.45	0
10740	-479.12	-1042.14	0
10750	-476.993	-1034.48	0
10760	-474.923	-1027.79	0
10770	-472.995	-1022.33	0
10780	-471.28	-1018.3	0
10790	-469.837	-1015.79	0
10800	-468.699	-1014.8	0
10810	-467.874	-1015.17	0
10820	-467.342	-1016.68	0
10830	-467.06	-1018.99	0
10840	-466.96	-1021.7	0
10850	-466.962	-1024.39	0
10860	-466.979	-1026.64	0
10870	-466.929	-1028.1	0
10880	-466.738	-1028.5	0
10890	-466.355	-1027.69	0
10900	-465.752	-1025.67	0
10910	-464.935	-1022.58	0
10920	-463.936	-1018.68	0
10930	-462.817	-1014.39	0
10940	-461.666	-1010.17	0
10950	-460.584	-1006.55	0
10960	-459.683	-1004.06	0
10970	-459.071	-1003.17	0
10980	-458.844	-1004.24	0
10990	-459.078	-1007.53	0
11000	-459.82	-1013.1	0
11010	-461.082	-1020.87	0
11020	-462.845	-1030.56	0
11030	-465.052	-1041.76	0
11040	-467.618	-1053.91	0
11050	-470.436	-1066.42	0
11060	-473.385	-1078.63	0
11070	-476.343	-1089.94	0
11080	-479.191	-1099.84	0
11090	-481.831	-1107.93	0
11100	-484.189	-1114	0
11110	-486.218	-1118.02	0
11120	-487.91	-1120.16	0
11130	-489.285	-1120.74	0
11140	-490.394	-1120.27	0
11150	-491.311	-1119.33	0
11160	-492.125	-1118.54	0
11170	-492.928	-1118.53	0
11180	-493.805	-1119.82	0
11190	-494.821	-1122.8	0
11200	-496.02	-1127.7	0
11210	-497.413	-1134.54	0
11220	-498.978	-1143.14	0
11230	-500.661	-1153.1	0
11240	-502.379	-1163.87	0
11250	-504.031	-1174.77	0
11260	-505.504	-1185.07	0
11270	-506.691	-1194.03	0
11280	-507.499	-1201.01	0
11290	-507.863	-1205.52	0
11300	-507.757	-1207.27	0
11310	-507.198	-1206.21	0
11320	-506.25	-1202.55	0
11330	-505.023	-1196.76	0
11340	-503.663	-1189.56	0
11350	-502.349	-1181.79	0
11360	-501.269	-1174.45	0
11370	-500.611	-1168.52	0
11380	-500.542	-1164.93	0
11390	-501.194	-1164.46	0
11400	-502.647	-1167.65	0
11410	-504.92	-1174.74	0
11420	-507.963	-1185.66	0
11430	-511.658	-1200	0
11440	-515.822	-1217.01	0
11450	-520.221	-1235.7	0
11460	-524.585	-1254.85	0
11470	-528.624	-1273.13	0
11480	-532.054	-1289.23	0
11490	-534.618	-1301.91	0
11500	-536.107	-1310.12	0
11510	-536.378	-1313.13	0
11520	-535.367	-1310.54	0
11530	-533.096	-1302.35	0
11540	-529.676	-1288.95	0
11550	-525.296	-1271.12	0
11560	-520.217	-1249.95	0
11570	-514.746	-1226.77	0
11580	-509.222	-1203.06	0
11590	-503.985	-1180.32	0
11600	-499.357	-1159.98	0
11610	-495.615	-1143.27	0
11620	-492.973	-1131.13	0
11630	-491.572	-1124.17	0
11640	-491.465	-1122.6	0
11650	-492.621	-1126.25	0
11660	-494.926	-1134.56	0
11670	-498.2	-1146.67	0
11680	-502.207	-1161.46	0
11690	-506.678	-1177.69	0
11700	-511.333	-1194.07	0
11710	-515.901	-1209.38	0
11720	-520.139	-1222.54	0
11730	-523.852	-1232.76	0
11740	-526.899	-1239.49	0
11750	-529.206	-1242.55	0
11760	-530.758	-1242.07	0
11770	-531.602	-1238.49	0
11780	-531.832	-1232.49	0
11790	-531.575	-1224.92	0
11800	-530.979	-1216.72	0
11810	-530.195	-1208.84	0
11820	-529.359	-1202.11	0
11830	-528.582	-1197.2	0
11840	-527.937	-1194.56	0
11850	-527.457	-1194.38	0
11860	-527.135	-1196.55	0
11870	-526.924	-1200.71	0
11880	-526.748	-1206.3	0
11890	-526.514	-1212.57	0
11900	-526.124	-1218.7	0
11910	-525.488	-1223.87	0
11920	-524.538	-1227.32	0
11930	-523.237	-1228.45	0
11940	-521.587	-1226.88	0
11950	-519.631	-1222.45	0
11960	-517.452	-1215.27	0
11970	-515.167	-1205.72	0
11980	-512.916	-1194.39	0
11990	-510.853	-1182.04	0
12000	-509.128	-1169.53	0
12010	-507.874	-1157.76	0
12020	-507.196	-1147.57	0
12030	-507.157	-1139.68	0
12040	-507.773	-1134.64	0
12050	-509.012	-1132.76	0
12060	-510.789	-1134.11	0
12070	-512.978	-1138.48	0
12080	-515.418	-1145.45	0
12090	-517.927	-1154.38	0
12100	-520.315	-1164.51	0
12110	-522.4	-1174.97	0
12120	-524.018	-1184.91	0
12130	-525.042	-1193.51	0
12140	-525.385	-1200.09	0
12150	-525.007	-1204.11	0
12160	-523.917	-1205.26	0
12170	-522.167	-1203.44	0
12180	-519.848	-1198.74	0
12190	-517.08	-1191.47	0
12200	-513.997	-1182.08	0
12210	-510.739	-1171.11	0
12220	-507.436	-1159.2	0
12230	-504.199	-1146.94	0
12240	-501.112	-1134.91	0
12250	-498.228	-1123.58	0
12260	-495.569	-1113.3	0
12270	-493.126	-1104.3	0
12280	-490.868	-1096.66	0
12290	-488.75	-1090.35	0
12300	-486.721	-1085.25	0
12310	-484.736	-1081.16	0
12320	-482.767	-1077.87	0
12330	-480.807	-1075.18	0
12340	-478.876	-1072.9	0
12350	-477.025	-1070.95	0
12360	-475.327	-1069.28	0
12370	-473.879	-1067.94	0
12380	-472.783	-1067.04	0
12390	-472.145	-1066.73	0
12400	-472.056	-1067.19	0
12410	-472.58	-1068.56	0
12420	-473.748	-1070.95	0
12430	-475.544	-1074.4	0
12440	-477.907	-1078.84	0
12450	-480.724	-1084.09	0
12460	-483.84	-1089.85	0
12470	-487.06	-1095.75	0
12480	-490.169	-1101.3	0
12490	-492.939	-1106	0
12500	-495.152	-1109.34	0
12510	-496.618	-1110.84	0
12520	-497.185	-1110.15	0
12530	-496.762	-1107.01	0
12540	-495.319	-1101.36	0
12550	-492.902	-1093.32	0
12560	-489.624	-1083.2	0
12570	-485.664	-1071.48	0
12580	-481.253	-1058.83	0
12590	-476.658	-1045.98	0
12600	-472.166	-1033.75	0
12610	-468.056	-1022.95	0
12620	-464.585	-1014.32	0
12630	-461.964	-1008.47	0
12640	-460.34	-1005.82	0
12650	-459.789	-1006.6	0
12660	-460.308	-1010.77	0
12670	-461.812	-1018.07	0
12680	-464.144	-1027.98	0
12690	-467.084	-1039.83	0
12700	-470.37	-1052.77	0
12710	-473.711	-1065.88	0
12720	-476.818	-1078.22	0
12730	-479.42	-1088.91	0
12740	-481.287	-1097.2	0
12750	-482.247	-1102.52	0
12760	-482.202	-1104.5	0
12770	-481.127	-1103.04	0
12780	-479.083	-1098.29	0
12790	-476.202	-1090.66	0
12800	-472.684	-1080.73	0
12810	-468.778	-1069.29	0
12820	-464.765	-1057.21	0
12830	-460.939	-1045.42	0
12840	-457.582	-1034.81	0
12850	-454.949	-1026.2	0
12860	-453.249	-1020.26	0
12870	-452.63	-1017.47	0
12880	-453.174	-1018.12	0
12890	-454.892	-1022.26	0
12900	-457.725	-1029.73	0
12910	-461.551	-1040.18	0
12920	-466.195	-1053.1	0
12930	-471.445	-1067.86	0
12940	-477.062	-1083.74	0
12950	-482.801	-1100.03	0
12960	-488.424	-1116.04	0
12970	-493.713	-1131.11	0
12980	-498.478	-1144.73	0
12990	-502.573	-1156.46	0
13000	-505.888	-1166	0
13010	-508.362	-1173.19	0
13020	-509.972	-1177.97	0
13030	-510.732	-1180.38	0
13040	-510.689	-1180.54	0
13050	-509.914	-1178.64	0
13060	-508.494	-1174.9	0
13070	-506.53	-1169.57	0
13080	-504.127	-1162.89	0
13090	-501.395	-1155.14	0
13100	-498.446	-1146.57	0
13110	-495.389	-1137.46	0
13120	-492.335	-1128.11	0
13130	-489.396	-1118.82	0
13140	-486.685	-1109.93	0
13150	-484.314	-1101.82	0
13160	-482.398	-1094.87	0
13170	-481.049	-1089.51	0
13180	-480.371	-1086.13	0
13190	-480.458	-1085.13	0
13200	-481.383	-1086.82	0
13210	-483.198	-1091.48	0
13220	-485.918	-1099.22	0
13230	-489.523	-1110.07	0
13240	-493.95	-1123.88	0
13250	-499.094	-1140.34	0
13260	-504.808	-1159	0
13270	-510.904	-1179.23	0
13280	-517.169	-1200.32	0
13290	-523.366	-1221.45	0
13300	-529.253	-1241.78	0
13310	-534.593	-1260.49	0
13320	-539.171	-1276.79	0
13330	-542.806	-1290.04	0
13340	-545.362	-1299.75	0
13350	-546.758	-1305.6	0
13360	-546.974	-1307.49	0
13370	-546.049	-1305.54	0
13380	-544.082	-1300.06	0
13390	-541.225	-1291.56	0
13400	-537.67	-1280.69	0
13410	-533.639	-1268.18	0
13420	-529.368	-1254.84	0
13430	-525.095	-1241.46	0
13440	-521.041	-1228.77	0
13450	-517.404	-1217.43	0
13460	-514.342	-1207.94	0
13470	-511.973	-1200.68	0
13480	-510.366	-1195.84	0
13490	-509.547	-1193.46	0
13500	-509.495	-1193.45	0
13510	-510.157	-1195.56	0
13520	-511.447	-1199.5	0
13530	-513.262	-1204.9	0
13540	-515.486	-1211.36	0
13550	-518.003	-1218.51	0
13560	-520.7	-1226.01	0
13570	-523.475	-1233.57	0
13580	-526.236	-1240.96	0
13590	-528.907	-1248.02	0
13600	-531.424	-1254.65	0
13610	-533.733	-1260.76	0
13620	-535.788	-1266.31	0
13630	-537.544	-1271.25	0
13640	-538.956	-1275.51	0
13650	-539.98	-1278.98	0
13660	-540.567	-1281.53	0
13670	-540.668	-1282.97	0
13680	-540.233	-1283.09	0
13690	-539.221	-1281.69	0
13700	-537.6	-1278.55	0
13710	-535.359	-1273.51	0
13720	-532.508	-1266.46	0
13730	-529.087	-1257.4	0
13740	-525.166	-1246.42	0
13750	-520.848	-1233.75	0
13760	-516.262	-1219.72	0
13770	-511.564	-1204.8	0
13780	-506.924	-1189.52	0
13790	-502.519	-1174.49	0
13800	-498.517	-1160.32	0
13810	-495.071	-1147.6	0
13820	-492.302	-1136.83	0
13830	-490.29	-1128.4	0
13840	-489.067	-1122.57	0
13850	-488.614	-1119.37	0
13860	-488.854	-1118.68	0
13870	-489.66	-1120.17	0
13880	-490.864	-1123.35	0
13890	-492.262	-1127.58	0
13900	-493.635	-1132.13	0
13910	-494.758	-1136.26	0
13920	-495.421	-1139.21	0
13930	-495.444	-1140.32	0
13940	-494.693	-1139.08	0
13950	-493.086	-1135.11	0
13960	-490.605	-1128.28	0
13970	-487.298	-1118.68	0
13980	-483.275	-1106.6	0
13990	-478.701	-1092.54	0
14000	-473.789	-1077.18	0
14010	-468.782	-1061.31	0
14020	-463.939	-1045.78	0
14030	-459.515	-1031.45	0
14040	-455.744	-1019.1	0
14050	-452.826	-1009.4	0
14060	-450.908	-1002.86	0
14070	-450.079	-999.771	0
14080	-450.365	-1000.21	0
14090	-451.724	-1004.02	0
14100	-454.053	-1010.85	0
14110	-457.195	-1020.14	0
14120	-460.949	-1031.22	0
14130	-465.083	-1043.29	0
14140	-469.352	-1055.54	0
14150	-473.511	-1067.16	0
14160	-477.33	-1077.42	0
14170	-480.61	-1085.7	0
14180	-483.19	-1091.53	0
14190	-484.958	-1094.63	0
14200	-485.855	-1094.88	0
14210	-485.876	-1092.38	0
14220	-485.069	-1087.37	0
14230	-483.524	-1080.24	0
14240	-481.373	-1071.5	0
14250	-478.775	-1061.7	0
14260	-475.907	-1051.47	0
14270	-472.952	-1041.38	0
14280	-470.089	-1031.99	0
14290	-467.484	-1023.79	0
14300	-465.283	-1017.15	0
14310	-463.605	-1012.36	0
14320	-462.535	-1009.59	0
14330	-462.129	-1008.92	0
14340	-462.406	-1010.3	0
14350	-463.356	-1013.62	0
14360	-464.937	-1018.7	0
14370	-467.082	-1025.29	0
14380	-469.704	-1033.13	0
14390	-472.699	-1041.9	0
14400	-475.95	-1051.32	0
14410	-479.338	-1061.08	0
14420	-482.74	-1070.9	0
14430	-486.041	-1080.51	0
14440	-489.132	-1089.68	0
14450	-491.92	-1098.2	0
14460	-494.329	-1105.9	0
14470	-496.303	-1112.64	0
14480	-497.811	-1118.32	0
14490	-498.844	-1122.92	0
14500	-499.42	-1126.42	0
14510	-499.584	-1128.9	0
14520	-499.402	-1130.45	0
14530	-498.962	-1131.26	0
14540	-498.368	-1131.52	0
14550	-497.737	-1131.51	0
14560	-497.189	-1131.49	0
14570	-496.847	-1131.77	0
14580	-496.82	-1132.65	0
14590	-497.207	-1134.4	0
14600	-498.081	-1137.26	0
14610	-499.492	-1141.41	0
14620	-501.458	-1146.95	0
14630	-503.963	-1153.9	0
14640	-506.962	-1162.22	0
14650	-510.378	-1171.73	0
14660	-514.109	-1182.24	0
14670	-518.033	-1193.45	0
14680	-522.018	-1205.04	0
14690	-525.923	-1216.68	0
14700	-529.617	-1228.01	0
14710	-532.978	-1238.75	0
14720	-535.906	-1248.64	0
14730	-538.325	-1257.51	0
14740	-540.189	-1265.27	0
14750	-541.482	-1271.9	0
14760	-542.219	-1277.47	0
14770	-542.441	-1282.12	0
14780	-542.212	-1286.04	0
14790	-541.609	-1289.43	0
14800	-540.721	-1292.51	0
14810	-539.634	-1295.45	0
14820	-538.432	-1298.38	0
14830	-537.183	-1301.37	0
14840	-535.944	-1304.38	0
14850	-534.751	-1307.32	0
14860	-533.623	-1309.99	0
14870	-532.563	-1312.17	0
14880	-531.561	-1313.57	0
14890	-530.602	-1313.91	0
14900	-529.666	-1312.94	0
14910	-528.737	-1310.44	0
14920	-527.81	-1306.3	0
14930	-526.889	-1300.51	0
14940	-525.992	-1293.17	0
14950	-525.15	-1284.5	0
14960	-524.404	-1274.83	0
14970	-523.804	-1264.59	0
14980	-523.398	-1254.26	0
14990	-523.228	-1244.35	0
15000	-523.325	-1235.33	0
15010	-523.699	-1227.63	0
15020	-524.338	-1221.59	0
15030	-525.202	-1217.4	0
15040	-526.222	-1215.11	0
15050	-527.307	-1214.63	0
15060	-528.342	-1215.68	0
15070	-529.203	-1217.9	0
15080	-529.763	-1220.8	0
15090	-529.899	-1223.83	0
15100	-529.512	-1226.43	0
15110	-528.529	-1228.1	0
15120	-526.915	-1228.41	0
15130	-524.68	-1227.06	0
15140	-521.879	-1223.92	0
15150	-518.613	-1219	0
15160	-515.024	-1212.54	0
15170	-511.284	-1204.89	0
15180	-507.586	-1196.55	0
15190	-504.128	-1188.11	0
15200	-501.1	-1180.2	0
15210	-498.665	-1173.41	0
15220	-496.951	-1168.24	0
15230	-496.034	-1165.1	0
15240	-495.932	-1164.18	0
15250	-496.606	-1165.48	0
15260	-497.952	-1168.8	0
15270	-499.816	-1173.71	0
15280	-502	-1179.61	0
15290	-504.275	-1185.75	0
15300	-506.4	-1191.31	0
15310	-508.139	-1195.44	0
15320	-509.277	-1197.32	0
15330	-509.638	-1196.28	0
15340	-509.098	-1191.78	0
15350	-507.595	-1183.54	0
15360	-505.133	-1171.5	0
15370	-501.781	-1155.89	0
15380	-497.671	-1137.18	0
15390	-492.987	-1116.07	0
15400	-487.948	-1093.43	0
15410	-482.797	-1070.29	0
15420	-477.781	-1047.7	0
15430	-473.134	-1026.69	0
15440	-469.059	-1008.22	0
15450	-465.716	-993.077	0
15460	-463.21	-981.838	0
15470	-461.589	-974.833	0
15480	-460.837	-972.124	0
15490	-460.883	-973.504	0
15500	-461.604	-978.516	0
15510	-462.837	-986.494	0
15520	-464.395	-996.608	0
15530	-466.077	-1007.93	0
15540	-467.687	-1019.5	0
15550	-469.046	-1030.39	0
15560	-470.006	-1039.78	0
15570	-470.458	-1046.98	0
15580	-470.336	-1051.5	0
15590	-469.623	-1053.07	0
15600	-468.348	-1051.63	0
15610	-466.582	-1047.34	0
15620	-464.428	-1040.55	0
15630	-462.015	-1031.79	0
15640	-459.488	-1021.67	0
15650	-456.997	-1010.9	0
15660	-454.687	-1000.21	0
15670	-452.69	-990.287	0
15680	-451.119	-981.763	0
15690	-450.066	-975.165	0
15700	-449.594	-970.891	0
15710	-449.744	-969.2	0
15720	-450.53	-970.207	0
15730	-451.946	-973.885	0
15740	-453.968	-980.082	0
15750	-456.554	-988.539	0
15760	-459.655	-998.913	0
15770	-463.21	-1010.8	0
15780	-467.152	-1023.78	0
15790	-471.408	-1037.39	0
15800	-475.898	-1051.21	0
15810	-480.538	-1064.83	0
15820	-485.236	-1077.89	0
15830	-489.892	-1090.07	0
15840	-494.405	-1101.12	0
15850	-498.664	-1110.82	0
15860	-502.561	-1119.05	0
15870	-505.987	-1125.71	0
15880	-508.842	-1130.77	0
15890	-511.04	-1134.27	0
15900	-512.513	-1136.28	0
15910	-513.219	-1136.93	0
15920	-513.146	-1136.39	0
15930	-512.317	-1134.88	0
15940	-510.79	-1132.65	0
15950	-508.661	-1129.96	0
15960	-506.057	-1127.09	0
15970	-503.134	-1124.34	0
15980	-500.067	-1121.97	0
15990	-497.044	-1120.25	0
16000	-494.25	-1119.37	0
16010	-491.864	-1119.52	0
16020	-490.039	-1120.8	0
16030	-488.902	-1123.28	0
16040	-488.538	-1126.94	0
16050	-488.991	-1131.73	0
16060	-490.258	-1137.54	0
16070	-492.292	-1144.22	0
16080	-495.003	-1151.59	0
16090	-498.268	-1159.47	0
16100	-501.937	-1167.68	0
16110	-505.843	-1176.05	0
16120	-509.815	-1184.46	0
16130	-513.686	-1192.79	0
16140	-517.304	-1200.98	0
16150	-520.542	-1209	0
16160	-523.3	-1216.83	0
16170	-525.511	-1224.5	0
16180	-527.143	-1232.01	0
16190	-528.196	-1239.36	0
16200	-528.699	-1246.55	0
16210	-528.707	-1253.52	0
16220	-528.29	-1260.18	0
16230	-527.531	-1266.4	0
16240	-526.518	-1272.04	0
16250	-525.337	-1276.89	0
16260	-524.07	-1280.77	0
16270	-522.788	-1283.49	0
16280	-521.553	-1284.89	0
16290	-520.412	-1284.84	0
16300	-519.405	-1283.32	0
16310	-518.558	-1280.33	0
16320	-517.89	-1276	0
16330	-517.413	-1270.53	0
16340	-517.133	-1264.17	0
16350	-517.051	-1257.27	0
16360	-517.163	-1250.18	0
16370	-517.458	-1243.26	0
16380	-517.918	-1236.87	0
16390	-518.515	-1231.28	0
16400	-519.208	-1226.7	0
16410	-519.946	-1223.22	0
16420	-520.666	-1220.84	0
16430	-521.292	-1219.4	0
16440	-521.741	-1218.66	0
16450	-521.923	-1218.27	0
16460	-521.749	-1217.83	0
16470	-521.136	-1216.87	0
16480	-520.012	-1214.99	0
16490	-518.327	-1211.77	0
16500	-516.053	-1206.95	0
16510	-513.196	-1200.33	0
16520	-509.795	-1191.9	0
16530	-505.924	-1181.78	0
16540	-501.694	-1170.26	0
16550	-497.246	-1157.79	0
16560	-492.745	-1144.91	0
16570	-488.375	-1132.26	0
16580	-484.326	-1120.52	0
16590	-480.783	-1110.36	0
16600	-477.916	-1102.38	0
16610	-475.865	-1097.07	0
16620	-474.733	-1094.77	0
16630	-474.574	-1095.63	0
16640	-475.392	-1099.58	0
16650	-477.132	-1106.36	0
16660	-479.688	-1115.49	0
16670	-482.905	-1126.35	0
16680	-486.587	-1138.15	0
16690	-490.509	-1150.06	0
16700	-494.427	-1161.17	0
16710	-498.096	-1170.65	0
16720	-501.283	-1177.74	0
16730	-503.779	-1181.79	0
16740	-505.413	-1182.36	0
16750	-506.06	-1179.19	0
16760	-505.648	-1172.24	0
16770	-504.163	-1161.68	0
16780	-501.644	-1147.88	0
16790	-498.184	-1131.35	0
16800	-493.921	-1112.74	0
16810	-489.027	-1092.78	0
16820	-483.7	-1072.23	0
16830	-478.151	-1051.83	0
16840	-472.593	-1032.27	0
16850	-467.231	-1014.16	0
16860	-462.249	-997.975	0
16870	-457.808	-984.084	0
16880	-454.037	-972.716	0
16890	-451.028	-963.979	0
16900	-448.84	-957.872	0
16910	-447.494	-954.308	0
16920	-446.982	-953.133	0
16930	-447.264	-954.156	0
16940	-448.278	-957.167	0
16950	-449.945	-961.959	0
16960	-452.167	-968.339	0
16970	-454.843	-976.132	0
16980	-457.864	-985.183	0
16990	-461.12	-995.35	0
17000	-464.504	-1006.49	0
17010	-467.912	-1018.46	0
17020	-471.248	-1031.07	0
17030	-474.424	-1044.13	0
17040	-477.361	-1057.38	0
17050	-479.993	-1070.53	0
17060	-482.263	-1083.24	0
17070	-484.13	-1095.16	0
17080	-485.567	-1105.91	0
17090	-486.562	-1115.11	0
17100	-487.122	-1122.44	0
17110	-487.269	-1127.63	0
17120	-487.046	-1130.5	0
17130	-486.511	-1130.98	0
17140	-485.738	-1129.13	0
17150	-484.813	-1125.12	0
17160	-483.831	-1119.28	0
17170	-482.889	-1112.04	0
17180	-482.085	-1103.9	0
17190	-481.505	-1095.46	0
17200	-481.224	-1087.32	0
17210	-481.297	-1080.05	0
17220	-481.755	-1074.19	0
17230	-482.6	-1070.15	0
17240	-483.81	-1068.25	0
17250	-485.332	-1068.63	0
17260	-487.091	-1071.28	0
17270	-488.993	-1076.06	0
17280	-490.928	-1082.66	0
17290	-492.786	-1090.67	0
17300	-494.456	-1099.6	0
17310	-495.843	-1108.92	0
17320	-496.87	-1118.12	0
17330	-497.486	-1126.73	0
17340	-497.67	-1134.35	0
17350	-497.437	-1140.73	0
17360	-496.831	-1145.71	0
17370	-495.926	-1149.31	0
17380	-494.822	-1151.65	0
17390	-493.634	-1153	0
17400	-492.486	-1153.68	0
17410	-491.498	-1154.1	0
17420	-490.78	-1154.65	0
17430	-490.42	-1155.71	0
17440	-490.481	-1157.59	0
17450	-490.992	-1160.5	0
17460	-491.949	-1164.53	0
17470	-493.317	-1169.68	0
17480	-495.026	-1175.78	0
17490	-496.984	-1182.6	0
17500	-499.08	-1189.81	0
17510	-501.197	-1197.02	0
17520	-503.217	-1203.85	0
17530	-505.037	-1209.92	0
17540	-506.572	-1214.92	0
17550	-507.764	-1218.61	0
17560	-508.585	-1220.86	0
17570	-509.041	-1221.67	0
17580	-509.166	-1221.14	0
17590	-509.02	-1219.48	0
17600	-508.685	-1216.97	0
17610	-508.25	-1213.96	0
17620	-507.808	-1210.81	0
17630	-507.445	-1207.87	0
17640	-507.23	-1205.42	0
17650	-507.208	-1203.67	0
17660	-507.399	-1202.73	0
17670	-507.789	-1202.59	0
17680	-508.339	-1203.12	0
17690	-508.981	-1204.08	0
17700	-509.626	-1205.14	0
17710	-510.175	-1205.92	0
17720	-510.523	-1206.01	0
17730	-510.573	-1205.03	0
17740	-510.241	-1202.62	0
17750	-509.466	-1198.54	0
17760	-508.219	-1192.65	0
17770	-506.498	-1184.93	0
17780	-504.339	-1175.53	0
17790	-501.805	-1164.68	0
17800	-498.988	-1152.78	0
17810	-495.997	-1140.26	0
17820	-492.952	-1127.66	0
17830	-489.977	-1115.48	0
17840	-487.184	-1104.23	0
17850	-484.673	-1094.33	0
17860	-482.516	-1086.14	0
17870	-480.765	-1079.86	0
17880	-479.437	-1075.59	0
17890	-478.526	-1073.3	0
17900	-478	-1072.82	0
17910	-477.809	-1073.92	0
17920	-477.891	-1076.27	0
17930	-478.177	-1079.51	0
17940	-478.604	-1083.28	0
17950	-479.116	-1087.23	0
17960	-479.671	-1091.08	0
17970	-480.245	-1094.63	0
17980	-480.83	-1097.73	0
17990	-481.437	-1100.36	0
18000	-482.085	-1102.56	0
