0	0	0	0
10	3.67239e-17	8.86295e-05	0
20	6.84717e-16	0.000169836	0
30	3.87812e-15	0.000251007	0
40	3.34556e-14	0.000332058	0
50	3.19336e-13	0.000412827	0
60	2.16394e-12	0.000493037	0
70	1.05127e-11	0.000572261	0
80	4.02035e-11	0.000649891	0
90	1.29495e-10	0.000725109	0
100	3.66118e-10	0.000796865	0
110	9.31829e-10	0.000863886	0
120	2.17159e-09	0.000924686	0
130	4.69479e-09	0.000977619	0
140	9.51237e-09	0.00102095	0
150	1.82014e-08	0.00105295	0
160	3.10594e-08	0.00107203	0
170	4.676e-08	0.00107683	0
180	7.10229e-08	0.00106641	0
190	1.08503e-07	0.00104036	0
200	1.6441e-07	0.000998933	0
210	2.44999e-07	0.000943149	0
220	3.57258e-07	0.000874804	0
230	5.08383e-07	0.000796478	0
240	7.0524e-07	0.000711456	0
250	9.5375e-07	0.000623601	0
260	1.25794e-06	0.000537236	0
270	1.62043e-06	0.000456857	0
280	2.06827e-06	0.000386864	0
290	2.62812e-06	0.000331257	0
300	3.2899e-06	0.000293207	0
310	4.02847e-06	0.000274764	0
320	4.81587e-06	0.000276629	0
330	5.62708e-06	0.000298026	0
340	6.45239e-06	0.000336661	0
350	7.29395e-06	0.000388853	0
360	8.15998e-06	0.000449776	0
370	9.06364e-06	0.000513858	0
380	1.00232e-05	0.000575221	0
390	1.10606e-05	0.000628139	0
400	1.21844e-05	0.000667486	0
410	1.3402e-05	0.000689172	0
420	1.46459e-05	0.00069053	0
430	1.5728e-05	0.000670584	0
440	1.62444e-05	0.000629867	0
450	1.61393e-05	0.000570912	0
460	1.54937e-05	0.000497039	0
470	1.44485e-05	0.000413178	0
480	1.312e-05	0.000324552	0
490	1.16061e-05	0.000236452	0
500	1.00585e-05	0.000154216	0
510	8.64309e-06	8.22344e-05	0
520	7.56007e-06	2.38327e-05	0
530	7.05127e-06	-1.89147e-05	0
540	7.48054e-06	-4.4949e-05	0
550	9.20714e-06	-5.47817e-05	0
560	1.25751e-05	-5.04846e-05	0
570	1.7932e-05	-3.53996e-05	0
580	2.56074e-05	-1.3935e-05	0
590	3.58946e-05	8.78266e-06	0
600	4.90332e-05	2.7319e-05	0
610	6.51917e-05	3.63581e-05	0
620	8.44517e-05	3.11111e-05	0
630	0.000106795	7.66986e-06	0
640	0.000132093	-3.67205e-05	0
650	0.000160104	-0.000103493	0
660	0.000190469	-0.000192703	0
670	0.00022272	-0.000303097	0
680	0.000256287	-0.000432278	0
690	0.000290514	-0.000576972	0
700	0.000324674	-0.000733358	0
710	0.000357993	-0.000897426	0
720	0.000389672	-0.00106534	0
730	0.000418909	-0.00123379	0
740	0.000444927	-0.00140021	0
750	0.000466998	-0.00156304	0
760	0.000484465	-0.00172173	0
770	0.000496767	-0.00187676	0
780	0.000503456	-0.00202949	0
790	0.000504216	-0.00218192	0
800	0.000498879	-0.00233644	0
810	0.000487437	-0.00249546	0
820	0.000470049	-0.00266114	0
830	0.000447051	-0.00283502	0
840	0.00041895	-0.00301786	0
850	0.00038642	-0.00320953	0
860	0.000350286	-0.00340903	0
870	0.000311498	-0.00361463	0
880	0.000271102	-0.00382411	0
890	0.000230192	-0.00403504	0
900	0.000189865	-0.00424513	0
910	0.000151163	-0.00445263	0
920	0.000115087	-0.00465753	0
930	8.25737e-05	-0.00486211	0
940	5.42598e-05	-0.00506948	0
950	3.05734e-05	-0.00528356	0
960	1.1825e-05	-0.00550937	0
970	-1.97968e-06	-0.00575147	0
980	-1.13532e-05	-0.00601345	0
990	-1.73987e-05	-0.00629751	0
1000	-2.15111e-05	-0.00660371	0
1010	-2.51711e-05	-0.00692989	0
1020	-2.98927e-05	-0.0072708	0
1030	-3.7111e-05	-0.00761895	0
1040	-4.7963e-05	-0.00796474	0
1050	-6.3129e-05	-0.00829751	0
1060	-8.27534e-05	-0.00860558	0
1070	-0.000106357	-0.00887751	0
1080	-0.000133005	-0.00910229	0
1090	-0.000161085	-0.00926996	0
1100	-0.000188568	-0.00937229	0
1110	-0.000213147	-0.0094034	0
1120	-0.000232439	-0.00936056	0
1130	-0.000244201	-0.00924425	0
1140	-0.000246449	-0.00905796	0
1150	-0.000237663	-0.00880803	0
1160	-0.000216866	-0.0085029	0
1170	-0.000183746	-0.00815251	0
1180	-0.000138722	-0.00776764	0
1190	-8.29408e-05	-0.00735898	0
1200	-1.90199e-05	-0.00693639	0
1210	5.03505e-05	-0.006508	0
1220	0.000122393	-0.00607947	0
1230	0.000193593	-0.00565334	0
1240	0.000260293	-0.00522893	0
1250	0.000319567	-0.00480439	0
1260	0.000368721	-0.00437643	0
1270	0.000405266	-0.00394626	0
1280	0.000434214	-0.00352604	0
1290	0.000457517	-0.00310761	0
1300	0.000474138	-0.00268064	0
1310	0.000483171	-0.00223451	0
1320	0.000484188	-0.00176163	0
1330	0.000476862	-0.00125706	0
1340	0.000461334	-0.000718416	0
1350	0.000437835	-0.00014843	0
1360	0.000407105	0.000447562	0
1370	0.000369922	0.00105955	0
1380	0.000327305	0.0016756	0
1390	0.000280422	0.00228072	0
1400	0.000230479	0.00286052	0
1410	0.000178415	0.00339916	0
1420	0.000125426	0.00388238	0
1430	7.25677e-05	0.00429862	0
1440	2.07286e-05	0.00463986	0
1450	-2.92888e-05	0.00490072	0
1460	-7.64562e-05	0.00507827	0
1470	-0.000119664	0.00517372	0
1480	-0.000157905	0.00519314	0
1490	-0.000190469	0.00514722	0
1500	-0.000216699	0.00505161	0
1510	-0.000235912	0.00492591	0
1520	-0.000247667	0.0047914	0
1530	-0.000251795	0.00466936	0
1540	-0.000248391	0.00457953	0
1550	-0.0002378	0.00453876	0
1560	-0.000220593	0.00455984	0
1570	-0.000197549	0.00465065	0
1580	-0.00016963	0.00481369	0
1590	-0.000137968	0.00504602	0
1600	-0.000103808	0.00533965	0
1610	-6.84381e-05	0.00568234	0
1620	-3.31324e-05	0.00605869	0
1630	8.89082e-07	0.0064514	0
1640	3.25067e-05	0.0068426	0
1650	6.07463e-05	0.00721514	0
1660	8.48211e-05	0.0075538	0
1670	0.000104161	0.00784632	0
1680	0.000118436	0.0080841	0
1690	0.000127567	0.00826249	0
1700	0.000132206	0.00838126	0
1710	0.000133274	0.00844404	0
1720	0.00013132	0.00845713	0
1730	0.000126655	0.00842888	0
1740	0.000120557	0.00837214	0
1750	0.000113827	0.00829746	0
1760	0.00010715	0.00821439	0
1770	0.000101064	0.00813055	0
1780	9.61175e-05	0.00805181	0
1790	9.28087e-05	0.0079816	0
1800	9.15212e-05	0.00792046	0
1810	9.22339e-05	0.00786366	0
1820	9.51312e-05	0.00780598	0
1830	0.00010035	0.00774116	0
1840	0.000107912	0.00766227	0
1850	0.000117687	0.00756115	0
1860	0.000129371	0.00743014	0
1870	0.000142492	0.0072622	0
1880	0.00015668	0.00705019	0
1890	0.000172138	0.00678463	0
1900	0.000188164	0.00646405	0
1910	0.000203448	0.00608987	0
1920	0.00021703	0.00566666	0
1930	0.00022802	0.00520149	0
1940	0.000235665	0.00470336	0
1950	0.000239315	0.0041818	0
1960	0.000238503	0.00364715	0
1970	0.000232925	0.00310906	0
1980	0.000222512	0.00257643	0
1990	0.000207393	0.00205622	0
2000	0.000187909	0.00155379	0
2010	0.000164595	0.00107224	0
2020	0.000138159	0.000612642	0
2030	0.000109459	0.000174022	0
2040	7.94786e-05	-0.000246821	0
2050	4.93015e-05	-0.000654253	0
2060	1.9927e-05	-0.00105159	0
2070	-7.70259e-06	-0.00144251	0
2080	-3.26716e-05	-0.00183024	0
2090	-5.42028e-05	-0.00221776	0
2100	-7.16986e-05	-0.00260637	0
2110	-8.4755e-05	-0.00299564	0
2120	-9.3185e-05	-0.0033835	0
2130	-9.69928e-05	-0.00376635	0
2140	-9.64319e-05	-0.00413937	0
2150	-9.18771e-05	-0.00449624	0
2160	-8.38149e-05	-0.00483108	0
2170	-7.2782e-05	-0.00513814	0
2180	-5.92162e-05	-0.00541314	0
2190	-4.37704e-05	-0.00565173	0
2200	-2.70185e-05	-0.00585261	0
2210	-9.62793e-06	-0.00601416	0
2220	7.80941e-06	-0.00613518	0
2230	2.46441e-05	-0.00621663	0
2240	4.0428e-05	-0.00626129	0
2250	5.47153e-05	-0.00627359	0
2260	6.72885e-05	-0.00625937	0
2270	7.79062e-05	-0.00622576	0
2280	8.63468e-05	-0.0061807	0
2290	9.2239e-05	-0.00613253	0
2300	9.55925e-05	-0.00608846	0
2310	9.65994e-05	-0.00605446	0
2320	9.53374e-05	-0.00603518	0
2330	9.20469e-05	-0.00603323	0
2340	8.69505e-05	-0.00604963	0
2350	8.02538e-05	-0.00608324	0
2360	7.21888e-05	-0.00613185	0
2370	6.28429e-05	-0.00619117	0
2380	5.23775e-05	-0.00625657	0
2390	4.08485e-05	-0.00632239	0
2400	2.84012e-05	-0.00638255	0
2410	1.51519e-05	-0.00643141	0
2420	1.2521e-06	-0.00646324	0
2430	-1.32129e-05	-0.00647339	0
2440	-2.80472e-05	-0.00645873	0
2450	-4.30959e-05	-0.0064168	0
2460	-5.81554e-05	-0.00634662	0
2470	-7.29829e-05	-0.0062487	0
2480	-8.73289e-05	-0.00612447	0
2490	-0.000100919	-0.00597659	0
2500	-0.000113408	-0.00580942	0
2510	-0.000124367	-0.00562814	0
2520	-0.000133323	-0.00543797	0
2530	-0.0001399	-0.00524381	0
2540	-0.000143717	-0.00504987	0
2550	-0.000144632	-0.00485922	0
2560	-0.000142565	-0.00467403	0
2570	-0.000137579	-0.00449457	0
2580	-0.000129895	-0.00432017	0
2590	-0.000119904	-0.00414853	0
2600	-0.000108093	-0.00397659	0
2610	-9.5055e-05	-0.00380001	0
2620	-8.13766e-05	-0.00361444	0
2630	-6.77392e-05	-0.00341506	0
2640	-5.48577e-05	-0.00319725	0
2650	-4.33113e-05	-0.00295754	0
2660	-3.36633e-05	-0.00269313	0
2670	-2.63004e-05	-0.00240236	0
2680	-2.14789e-05	-0.00208487	0
2690	-1.89822e-05	-0.00174151	0
2700	-1.86487e-05	-0.00137539	0
2710	-2.02412e-05	-0.00099054	0
2720	-2.2788e-05	-0.000589529	0
2730	-2.53631e-05	-0.000176707	0
2740	-2.72808e-05	0.000241969	0
2750	-2.77102e-05	0.000660236	0
2760	-2.60402e-05	0.00107185	0
2770	-2.16084e-05	0.00147091	0
2780	-1.39193e-05	0.00185258	0
2790	-2.64931e-06	0.00221315	0
2800	1.23504e-05	0.00254988	0
2810	3.10602e-05	0.00286122	0
2820	5.30776e-05	0.00314763	0
2830	7.78423e-05	0.00341017	0
2840	0.000104656	0.00365088	0
2850	0.000132602	0.0038727	0
2860	0.000160628	0.00407886	0
2870	0.000187527	0.00427232	0
2880	0.000212039	0.00445537	0
2890	0.000233184	0.0046292	0
2900	0.000250203	0.00479425	0
2910	0.000263468	0.00494378	0
2920	0.00027312	0.00507331	0
2930	0.000278948	0.00518294	0
2940	0.000280882	0.00527316	0
2950	0.000279057	0.00534561	0
2960	0.000273779	0.00540171	0
2970	0.000265472	0.00544316	0
2980	0.000254687	0.00547196	0
2990	0.000242117	0.00548997	0
3000	0.000228484	0.00549931	0
3010	0.00021454	0.0055015	0
3020	0.000201045	0.00549837	0
3030	0.000188682	0.00549113	0
3040	0.000178062	0.00548056	0
3050	0.000169658	0.00546716	0
3060	0.000163788	0.00545083	0
3070	0.000160629	0.00543051	0
3080	0.000160158	0.00540503	0
3090	0.00016216	0.00537345	0
3100	0.000166247	0.00533438	0
3110	0.000171912	0.00528633	0
3120	0.00017854	0.00522654	0
3130	0.000185503	0.00515205	0
3140	0.000191879	0.0050628	0
3150	0.000196825	0.00495867	0
3160	0.000199652	0.0048397	0
3170	0.000200088	0.00470475	0
3180	0.000197871	0.00455336	0
3190	0.000192858	0.00438622	0
3200	0.000184956	0.00420464	0
3210	0.00017448	0.00400791	0
3220	0.000161724	0.00379887	0
3230	0.000147174	0.00358094	0
3240	0.000131447	0.00335831	0
3250	0.00011527	0.00313466	0
3260	9.94216e-05	0.00291361	0
3270	8.47001e-05	0.00269826	0
3280	7.18773e-05	0.00249131	0
3290	6.16225e-05	0.00229396	0
3300	5.44558e-05	0.002107	0
3310	5.07064e-05	0.00193038	0
3320	5.05215e-05	0.00176311	0
3330	5.37688e-05	0.00160349	0
3340	6.00999e-05	0.00144964	0
3350	6.89143e-05	0.00129942	0
3360	7.94236e-05	0.00115072	0
3370	9.06935e-05	0.00100168	0
3380	0.000101661	0.000850798	0
3390	0.000111247	0.000697265	0
3400	0.000118359	0.000541067	0
3410	0.000122021	0.000382894	0
3420	0.000121487	0.000224362	0
3430	0.000116252	6.71206e-05	0
3440	0.000106141	-8.92553e-05	0
3450	9.10922e-05	-0.000243158	0
3460	7.11136e-05	-0.000391868	0
3470	4.71058e-05	-0.000533863	0
3480	2.05117e-05	-0.000668603	0
3490	-7.07977e-06	-0.000795635	0
3500	-3.39956e-05	-0.00091405	0
3510	-5.85306e-05	-0.00102371	0
3520	-7.92758e-05	-0.00112465	0
3530	-9.48884e-05	-0.0012171	0
3540	-0.000104404	-0.00130166	0
3550	-0.000107193	-0.00137917	0
3560	-0.000103137	-0.00145063	0
3570	-9.25508e-05	-0.00151695	0
3580	-7.60399e-05	-0.00157866	0
3590	-5.45889e-05	-0.00163555	0
3600	-2.95585e-05	-0.00168765	0
3610	-2.57111e-06	-0.00173497	0
3620	2.46515e-05	-0.00177732	0
3630	5.02883e-05	-0.00181455	0
3640	7.25416e-05	-0.00184687	0
3650	8.96193e-05	-0.00187447	0
3660	0.000100284	-0.00189617	0
3670	0.000103624	-0.00191212	0
3680	9.91164e-05	-0.00192312	0
3690	8.67994e-05	-0.00193025	0
3700	6.73031e-05	-0.00193529	0
3710	4.14135e-05	-0.00194037	0
3720	1.03764e-05	-0.00194816	0
3730	-2.40682e-05	-0.00196105	0
3740	-5.97178e-05	-0.00197948	0
3750	-9.50184e-05	-0.00200582	0
3760	-0.000128217	-0.00204187	0
3770	-0.000157707	-0.00208861	0
3780	-0.000182055	-0.00214693	0
3790	-0.000200447	-0.00221778	0
3800	-0.000212206	-0.00229987	0
3810	-0.00021708	-0.00239091	0
3820	-0.000215013	-0.00248687	0
3830	-0.00020648	-0.0025836	0
3840	-0.000191944	-0.00267609	0
3850	-0.000172556	-0.00275939	0
3860	-0.000149473	-0.00282852	0
3870	-0.000123979	-0.00287918	0
3880	-9.74313e-05	-0.00290781	0
3890	-7.12689e-05	-0.00291186	0
3900	-4.67159e-05	-0.00289019	0
3910	-2.50031e-05	-0.00284334	0
3920	-6.97209e-06	-0.00277347	0
3930	6.75482e-06	-0.00268414	0
3940	1.58774e-05	-0.00257984	0
3950	2.03743e-05	-0.00246576	0
3960	2.05372e-05	-0.00234748	0
3970	1.69955e-05	-0.00222984	0
3980	1.08364e-05	-0.00211667	0
3990	2.86756e-06	-0.00201161	0
4000	-5.78614e-06	-0.00191805	0
4010	-1.4148e-05	-0.00183787	0
4020	-2.13006e-05	-0.00177156	0
4030	-2.6351e-05	-0.00171836	0
4040	-2.86309e-05	-0.00167606	0
4050	-2.77074e-05	-0.00164184	0
4060	-2.3183e-05	-0.00161209	0
4070	-1.50744e-05	-0.00158273	0
4080	-3.61867e-06	-0.00154985	0
4090	1.0939e-05	-0.00151	0
4100	2.79953e-05	-0.00146043	0
4110	4.69944e-05	-0.00139921	0
4120	6.72061e-05	-0.00132575	0
4130	8.78507e-05	-0.00124114	0
4140	0.000108127	-0.00114701	0
4150	0.000127383	-0.00104512	0
4160	0.000144821	-0.000937402	0
4170	0.000159896	-0.000825825	0
4180	0.000171862	-0.000712424	0
4190	0.000180431	-0.000598993	0
4200	0.000185468	-0.000486406	0
4210	0.000186891	-0.000375089	0
4220	0.000184883	-0.000264692	0
4230	0.000179693	-0.000154303	0
4240	0.000171656	-4.24171e-05	0
4250	0.000161275	7.30675e-05	0
4260	0.000149081	0.000194131	0
4270	0.00013557	0.00032281	0
4280	0.00012132	0.000460783	0
4290	0.000106859	0.000608993	0
4300	9.26323e-05	0.000767544	0
4310	7.9066e-05	0.000935638	0
4320	6.65029e-05	0.00111123	0
4330	5.51927e-05	0.00129127	0
4340	4.53224e-05	0.00147246	0
4350	3.69573e-05	0.00165068	0
4360	3.00856e-05	0.00182159	0
4370	2.45988e-05	0.00198115	0
4380	2.02918e-05	0.00212558	0
4390	1.69076e-05	0.0022521	0
4400	1.40813e-05	0.00235871	0
4410	1.14942e-05	0.00244478	0
4420	8.81261e-06	0.00251077	0
4430	5.69706e-06	0.00255822	0
4440	1.90272e-06	0.00258972	0
4450	-2.11028e-06	0.00260564	0
4460	-6.10122e-06	0.00260759	0
4470	-1.02149e-05	0.00259945	0
4480	-1.45462e-05	0.00258468	0
4490	-1.92539e-05	0.00256602	0
4500	-2.44935e-05	0.00254636	0
4510	-3.03116e-05	0.00252677	0
4520	-3.65543e-05	0.00250558	0
4530	-4.32595e-05	0.00248196	0
4540	-5.0351e-05	0.00245451	0
4550	-5.77804e-05	0.00242136	0
4560	-6.54244e-05	0.00237996	0
4570	-7.31769e-05	0.00232806	0
4580	-8.09502e-05	0.00226376	0
4590	-8.85734e-05	0.00218567	0
4600	-9.61138e-05	0.00209457	0
4610	-0.000103478	0.00199101	0
4620	-0.00011015	0.00187578	0
4630	-0.000115565	0.00175077	0
4640	-0.000119223	0.00161852	0
4650	-0.000120683	0.00148268	0
4660	-0.000119446	0.00134755	0
4670	-0.00011527	0.00121775	0
4680	-0.000107926	0.00109838	0
4690	-9.74174e-05	0.000993775	0
4700	-8.38771e-05	0.000907622	0
4710	-6.76634e-05	0.000842931	0
4720	-4.92836e-05	0.000800687	0
4730	-2.93523e-05	0.000781548	0
4740	-8.76911e-06	0.000782824	0
4750	1.17483e-05	0.000802142	0
4760	3.10023e-05	0.000834693	0
4770	4.82997e-05	0.00087343	0
4780	6.30508e-05	0.000910411	0
4790	7.54054e-05	0.000938121	0
4800	8.47666e-05	0.000950808	0
4810	9.07724e-05	0.000943121	0
4820	9.29101e-05	0.000911526	0
4830	9.12227e-05	0.000854765	0
4840	8.57628e-05	0.000771989	0
4850	7.72178e-05	0.000664507	0
4860	6.57616e-05	0.00053793	0
4870	5.22868e-05	0.000398877	0
4880	3.70798e-05	0.000255734	0
4890	2.07592e-05	0.000117348	0
4900	4.04033e-06	-8.37129e-06	0
4910	-1.20493e-05	-0.000112539	0
4920	-2.68929e-05	-0.000186351	0
4930	-3.98578e-05	-0.000222984	0
4940	-5.04138e-05	-0.000217744	0
4950	-5.80169e-05	-0.000169557	0
4960	-6.23585e-05	-7.96662e-05	0
4970	-6.31642e-05	4.74385e-05	0
4980	-6.03456e-05	0.000205275	0
4990	-5.3962e-05	0.000384895	0
5000	-4.4234e-05	0.000577246	0
5010	-3.15241e-05	0.000771714	0
5020	-1.63598e-05	0.00095811	0
5030	6.90804e-07	0.00112645	0
5040	1.90408e-05	0.00126839	0
5050	3.79412e-05	0.00137651	0
5060	5.66827e-05	0.00144643	0
5070	7.44854e-05	0.00147572	0
5080	9.09838e-05	0.00146443	0
5090	0.000106033	0.00141521	0
5100	0.000119288	0.00133052	0
5110	0.000130787	0.00121636	0
5120	0.000140187	0.00108046	0
5130	0.000147215	0.000932245	0
5140	0.000151673	0.000780712	0
5150	0.000153306	0.000634658	0
5160	0.000151856	0.00050099	0
5170	0.000147074	0.000385039	0
5180	0.000138843	0.000289922	0
5190	0.000127302	0.000215649	0
5200	0.000112319	0.000159322	0
5210	9.40109e-05	0.000116762	0
5220	7.25892e-05	8.11722e-05	0
5230	4.83453e-05	4.48427e-05	0
5240	2.15891e-05	-9.32712e-07	0
5250	-7.08294e-06	-6.49207e-05	0
5260	-3.6853e-05	-0.000154441	0
5270	-6.66192e-05	-0.000276215	0
5280	-9.53321e-05	-0.000435265	0
5290	-0.000121669	-0.00063459	0
5300	-0.000144347	-0.000874076	0
5310	-0.000162211	-0.00115136	0
5320	-0.000174097	-0.00146152	0
5330	-0.00017904	-0.00179758	0
5340	-0.000176336	-0.00215122	0
5350	-0.000165502	-0.0025119	0
5360	-0.000146531	-0.0028685	0
5370	-0.000119739	-0.00320999	0
5380	-8.58136e-05	-0.0035255	0
5390	-4.56157e-05	-0.00380587	0
5400	-2.78824e-07	-0.00404325	0
5410	4.87562e-05	-0.00423179	0
5420	9.98578e-05	-0.00436829	0
5430	0.00015122	-0.00445149	0
5440	0.000201124	-0.00448278	0
5450	0.000247568	-0.00446538	0
5460	0.000288586	-0.00440431	0
5470	0.000322363	-0.00430572	0
5480	0.000346964	-0.00417664	0
5490	0.000361317	-0.00402468	0
5500	0.000365342	-0.00385897	0
5510	0.000359196	-0.00368928	0
5520	0.000343145	-0.00352186	0
5530	0.000317858	-0.00336078	0
5540	0.000284322	-0.00320813	0
5550	0.00024426	-0.0030656	0
5560	0.000199363	-0.00293491	0
5570	0.000151578	-0.00281484	0
5580	0.000102886	-0.00270307	0
5590	5.50672e-05	-0.00259629	0
5600	8.96967e-06	-0.00249069	0
5610	-3.50556e-05	-0.00238291	0
5620	-7.60094e-05	-0.00227079	0
5630	-0.000113081	-0.0021531	0
5640	-0.000146104	-0.00202931	0
5650	-0.000175325	-0.00189964	0
5660	-0.000200753	-0.00176478	0
5670	-0.000223235	-0.00162641	0
5680	-0.000243474	-0.00148623	0
5690	-0.000261643	-0.00134545	0
5700	-0.000277978	-0.00120539	0
5710	-0.000292644	-0.00106641	0
5720	-0.000305854	-0.000928438	0
5730	-0.000317575	-0.000790523	0
5740	-0.000327777	-0.000651008	0
5750	-0.000336231	-0.000507716	0
5760	-0.000342691	-0.000358117	0
5770	-0.000346727	-0.000199645	0
5780	-0.000347945	-2.99624e-05	0
5790	-0.000345785	0.000152628	0
5800	-0.00033981	0.000347499	0
5810	-0.00032957	0.000553206	0
5820	-0.000314696	0.000769614	0
5830	-0.00029485	0.000996247	0
5840	-0.000269847	0.00123199	0
5850	-0.000239552	0.00147538	0
5860	-0.00020409	0.0017244	0
5870	-0.000163792	0.00197664	0
5880	-0.000119091	0.00222949	0
5890	-7.06654e-05	0.00247992	0
5900	-1.94411e-05	0.00272464	0
5910	3.35882e-05	0.00295911	0
5920	8.73334e-05	0.00317732	0
5930	0.000140781	0.00337441	0
5940	0.00019277	0.00354237	0
5950	0.000241816	0.00367847	0
5960	0.000286867	0.00378176	0
5970	0.000326817	0.00385252	0
5980	0.000360834	0.00389109	0
5990	0.000388259	0.00389875	0
6000	0.000408779	0.0038774	0
6010	0.000421805	0.0038282	0
6020	0.000428012	0.00375016	0
6030	0.000428505	0.00364502	0
6040	0.00042369	0.00351712	0
6050	0.000414163	0.00337114	0
6060	0.000400587	0.00321146	0
6070	0.000383717	0.00304308	0
6080	0.000364384	0.00287069	0
6090	0.000343442	0.00269864	0
6100	0.000321952	0.00253073	0
6110	0.000300893	0.00236967	0
6120	0.000280926	0.0022178	0
6130	0.000262512	0.00207742	0
6140	0.000245982	0.00195002	0
6150	0.000231121	0.00183662	0
6160	0.000217877	0.0017372	0
6170	0.000206165	0.00165112	0
6180	0.000195841	0.00157686	0
6190	0.000186513	0.00151199	0
6200	0.000177697	0.00145285	0
6210	0.000168763	0.00139498	0
6220	0.000159172	0.00133443	0
6230	0.000148328	0.00126826	0
6240	0.000135878	0.00119418	0
6250	0.000121709	0.00111053	0
6260	0.000105483	0.00101628	0
6270	8.65713e-05	0.000911498	0
6280	6.50874e-05	0.000797103	0
6290	4.13648e-05	0.000674959	0
6300	1.58979e-05	0.000547638	0
6310	-1.06395e-05	0.000418187	0
6320	-3.7555e-05	0.000290254	0
6330	-6.43123e-05	0.000167572	0
6340	-9.00607e-05	5.38572e-05	0
6350	-0.000114289	-4.71438e-05	0
6360	-0.000136479	-0.000132229	0
6370	-0.000156218	-0.000198244	0
6380	-0.000173081	-0.000243007	0
6390	-0.000186782	-0.000264834	0
6400	-0.000197391	-0.000262816	0
6410	-0.000204847	-0.000236456	0
6420	-0.000208921	-0.000186093	0
6430	-0.00020957	-0.000112648	0
6440	-0.000206942	-1.78577e-05	0
6450	-0.000201439	9.61049e-05	0
6460	-0.000194014	0.000226195	0
6470	-0.000184879	0.000369386	0
6480	-0.000174052	0.000522243	0
6490	-0.000161783	0.000680909	0
6500	-0.000148502	0.000841062	0
6510	-0.000134625	0.00099865	0
6520	-0.000120439	0.00115099	0
6530	-0.000106289	0.00129358	0
6540	-9.26028e-05	0.00142247	0
6550	-7.97082e-05	0.00153357	0
6560	-6.79282e-05	0.00162284	0
6570	-5.76213e-05	0.00168611	0
6580	-4.91928e-05	0.00171956	0
6590	-4.29701e-05	0.00171858	0
6600	-3.92599e-05	0.00167882	0
6610	-3.82521e-05	0.00159723	0
6620	-4.00244e-05	0.00147069	0
6630	-4.43406e-05	0.00129681	0
6640	-5.08542e-05	0.0010767	0
6650	-5.91696e-05	0.000813396	0
6660	-6.87434e-05	0.000512088	0
6670	-7.8833e-05	0.00018001	0
6680	-8.8461e-05	-0.000174157	0
6690	-9.66416e-05	-0.000538825	0
6700	-0.000102485	-0.00090079	0
6710	-0.000105248	-0.00124619	0
6720	-0.000104285	-0.00156159	0
6730	-9.91504e-05	-0.00183487	0
6740	-8.9602e-05	-0.00205625	0
6750	-7.61742e-05	-0.00221866	0
6760	-5.92296e-05	-0.00231768	0
6770	-3.8966e-05	-0.00235165	0
6780	-1.64093e-05	-0.0023217	0
6790	7.52119e-06	-0.00223153	0
6800	3.18982e-05	-0.00208713	0
6810	5.56881e-05	-0.0018969	0
6820	7.79877e-05	-0.00167062	0
6830	9.81164e-05	-0.00141904	0
6840	0.000116058	-0.00115318	0
6850	0.000131375	-0.000883993	0
6860	0.000143778	-0.000622802	0
6870	0.000153205	-0.000379923	0
6880	0.00015986	-0.000163609	0
6890	0.000164078	1.98315e-05	0
6900	0.000166287	0.000166157	0
6910	0.000167272	0.000272192	0
6920	0.000167986	0.000336634	0
6930	0.000168935	0.000360754	0
6940	0.000170795	0.000347432	0
6950	0.000173926	0.000299657	0
6960	0.000178548	0.000222418	0
6970	0.000185513	0.000125375	0
6980	0.000194934	1.57792e-05	0
6990	0.000206402	-0.000100288	0
7000	0.000219601	-0.000216917	0
7010	0.000234459	-0.000330476	0
7020	0.000250051	-0.000436876	0
7030	0.000265338	-0.000532442	0
7040	0.000279344	-0.000614461	0
7050	0.000291032	-0.000681608	0
7060	0.000299484	-0.000733861	0
7070	0.000303944	-0.00077247	0
7080	0.000303643	-0.000800641	0
7090	0.000298119	-0.000822783	0
7100	0.000287106	-0.000846663	0
7110	0.00027106	-0.000878427	0
7120	0.000250263	-0.000920948	0
7130	0.000225174	-0.000974735	0
7140	0.000196576	-0.00104069	0
7150	0.000165518	-0.0011191	0
7160	0.000133297	-0.00120846	0
7170	0.000100914	-0.00130674	0
7180	6.89386e-05	-0.00141233	0
7190	3.8597e-05	-0.00152288	0
7200	1.10461e-05	-0.00163481	0
7210	-1.26683e-05	-0.00174361	0
7220	-3.18535e-05	-0.00184413	0
7230	-4.62631e-05	-0.00193166	0
7240	-5.60207e-05	-0.00200183	0
7250	-6.15559e-05	-0.00205052	0
7260	-6.36302e-05	-0.00207424	0
7270	-6.32582e-05	-0.00207054	0
7280	-6.16695e-05	-0.0020381	0
7290	-6.02163e-05	-0.00197713	0
7300	-6.02188e-05	-0.00188923	0
7310	-6.28976e-05	-0.00177708	0
7320	-6.92411e-05	-0.00164466	0
7330	-8.00126e-05	-0.00149644	0
7340	-9.53416e-05	-0.00133627	0
7350	-0.000114428	-0.00116966	0
7360	-0.000136655	-0.00100199	0
7370	-0.00016048	-0.000839902	0
7380	-0.000184458	-0.000688159	0
7390	-0.000207242	-0.000550538	0
7400	-0.000227495	-0.000429991	0
7410	-0.000243887	-0.000328229	0
7420	-0.000255118	-0.000245145	0
7430	-0.000260109	-0.000179924	0
7440	-0.000258156	-0.000130834	0
7450	-0.000248853	-9.5397e-05	0
7460	-0.000232395	-7.06335e-05	0
7470	-0.00020945	-5.33778e-05	0
7480	-0.000180843	-4.18389e-05	0
7490	-0.000147748	-3.55252e-05	0
7500	-0.000111763	-3.28637e-05	0
7510	-7.45732e-05	-3.28327e-05	0
7520	-3.78516e-05	-3.4924e-05	0
7530	-3.33313e-06	-3.91866e-05	0
7540	2.72849e-05	-4.65534e-05	0
7550	5.26206e-05	-5.89048e-05	0
7560	7.18016e-05	-7.83141e-05	0
7570	8.46142e-05	-0.000106745	0
7580	9.20404e-05	-0.000142826	0
7590	9.46026e-05	-0.000182213	0
7600	9.30943e-05	-0.000222244	0
7610	8.92169e-05	-0.000259353	0
7620	8.31929e-05	-0.000290852	0
7630	7.49867e-05	-0.000312842	0
7640	6.52537e-05	-0.000320485	0
7650	5.44798e-05	-0.000309368	0
7660	4.37593e-05	-0.000276757	0
7670	3.3666e-05	-0.000220658	0
7680	2.46863e-05	-0.0001389	0
7690	1.76674e-05	-3.25061e-05	0
7700	1.28754e-05	9.76074e-05	0
7710	1.03967e-05	0.000251177	0
7720	9.93812e-06	0.000427535	0
7730	1.1209e-05	0.000624224	0
7740	1.39762e-05	0.000836536	0
7750	1.80292e-05	0.00105807	0
7760	2.30546e-05	0.00128142	0
7770	2.86916e-05	0.00149618	0
7780	3.43098e-05	0.00169231	0
7790	3.9414e-05	0.00186191	0
7800	4.36318e-05	0.00199866	0
7810	4.66674e-05	0.00209745	0
7820	4.83636e-05	0.00215435	0
7830	4.86626e-05	0.00216905	0
7840	4.73053e-05	0.00214356	0
7850	4.43892e-05	0.0020827	0
7860	3.99808e-05	0.00199285	0
7870	3.39226e-05	0.00188197	0
7880	2.62259e-05	0.0017591	0
7890	1.72068e-05	0.00163396	0
7900	7.04954e-06	0.00151576	0
7910	-3.93377e-06	0.00141319	0
7920	-1.55196e-05	0.00133331	0
7930	-2.75499e-05	0.0012809	0
7940	-3.98184e-05	0.00125796	0
7950	-5.24012e-05	0.00126585	0
7960	-6.51878e-05	0.00130175	0
7970	-7.82611e-05	0.00136119	0
7980	-9.17839e-05	0.00143845	0
7990	-0.000105908	0.00152607	0
8000	-0.000120706	0.00161584	0
8010	-0.000136195	0.00169882	0
8020	-0.00015227	0.00176716	0
8030	-0.000168972	0.00181393	0
8040	-0.000186354	0.0018341	0
8050	-0.000204081	0.00182542	0
8060	-0.000221782	0.00178855	0
8070	-0.000238777	0.00172575	0
8080	-0.000254482	0.0016415	0
8090	-0.000268237	0.00154254	0
8100	-0.000279184	0.001437	0
8110	-0.00028644	0.00133349	0
8120	-0.000289057	0.00124087	0
8130	-0.000286219	0.00116701	0
8140	-0.000277276	0.00111808	0
8150	-0.000261922	0.00109751	0
8160	-0.000240366	0.00110259	0
8170	-0.000213076	0.00112931	0
8180	-0.000181057	0.00117267	0
8190	-0.000145524	0.00122589	0
8200	-0.000107867	0.00127944	0
8210	-6.99638e-05	0.00132277	0
8220	-3.36242e-05	0.00134481	0
8230	-6.37618e-07	0.00133533	0
8240	2.74215e-05	0.00128519	0
8250	4.91377e-05	0.00118719	0
8260	6.35434e-05	0.00103696	0
8270	7.00412e-05	0.000833079	0
8280	6.81015e-05	0.000578512	0
8290	5.81284e-05	0.00028625	0
8300	4.14505e-05	-3.49049e-05	0
8310	1.96965e-05	-0.000376777	0
8320	-5.23466e-06	-0.000729979	0
8330	-3.10483e-05	-0.00108416	0
8340	-5.54897e-05	-0.00142803	0
8350	-7.60545e-05	-0.0017495	0
8360	-9.06074e-05	-0.00203756	0
8370	-9.77689e-05	-0.00228274	0
8380	-9.6382e-05	-0.00247797	0
8390	-8.56508e-05	-0.00261926	0
8400	-6.50138e-05	-0.00270613	0
8410	-3.5206e-05	-0.00274148	0
8420	1.5773e-06	-0.00273068	0
8430	4.29078e-05	-0.00268121	0
8440	8.58144e-05	-0.0026019	0
8450	0.000126876	-0.00250233	0
8460	0.000162489	-0.00239199	0
8470	0.00018906	-0.00227913	0
8480	0.000203568	-0.00217083	0
8490	0.00020373	-0.00207282	0
8500	0.000188132	-0.00198881	0
8510	0.000156403	-0.00192047	0
8520	0.000109451	-0.00186743	0
8530	4.95109e-05	-0.00182735	0
8540	-1.99632e-05	-0.00179584	0
8550	-9.5142e-05	-0.00176917	0
8560	-0.000171688	-0.00174313	0
8570	-0.000245145	-0.0017138	0
8580	-0.000311149	-0.00167725	0
8590	-0.000365771	-0.00163057	0
8600	-0.000405743	-0.00157151	0
8610	-0.000428699	-0.0014983	0
8620	-0.000436553	-0.00141005	0
8630	-0.000430931	-0.00130604	0
8640	-0.000413446	-0.0011859	0
8650	-0.000384933	-0.00104817	0
8660	-0.000346571	-0.000891365	0
8670	-0.000300074	-0.000714147	0
8680	-0.000247561	-0.000515168	0
8690	-0.00019152	-0.000293759	0
8700	-0.000134615	-5.0038e-05	0
8710	-7.97275e-05	0.00021461	0
8720	-2.99532e-05	0.000493726	0
8730	1.29549e-05	0.000773157	0
8740	4.75391e-05	0.00104069	0
8750	7.212e-05	0.00128995	0
8760	8.56278e-05	0.00151479	0
8770	8.75389e-05	0.00170835	0
8780	7.87664e-05	0.00186338	0
8790	6.19497e-05	0.0019782	0
8800	3.88863e-05	0.00205368	0
8810	1.11761e-05	0.00208809	0
8820	-1.90234e-05	0.00208112	0
8830	-4.89646e-05	0.00203313	0
8840	-7.55414e-05	0.00194376	0
8850	-9.65121e-05	0.00181204	0
8860	-0.000110559	0.00163755	0
8870	-0.0001165	0.00142789	0
8880	-0.000114033	0.00119271	0
8890	-0.000102327	0.000946185	0
8900	-8.10281e-05	0.000704821	0
8910	-5.02993e-05	0.000485779	0
8920	-1.07413e-05	0.000305102	0
8930	3.6536e-05	0.000177019	0
8940	9.01324e-05	0.000113372	0
8950	0.000147948	0.000122222	0
8960	0.000208086	0.000208293	0
8970	0.000268367	0.000371521	0
8980	0.00032705	0.000606755	0
8990	0.000381841	0.000904962	0
9000	0.000430715	0.00124787	0
9010	0.000472809	0.0016136	0
9020	0.000506668	0.00198344	0
9030	0.000531787	0.00233827	0
9040	0.000547493	0.00266042	0
9050	0.000553401	0.00293481	0
9060	0.00054958	0.00314984	0
9070	0.000536557	0.00329895	0
9080	0.000515578	0.00338509	0
9090	0.000487452	0.00340829	0
9100	0.00045324	0.00337072	0
9110	0.000414623	0.00327502	0
9120	0.000372819	0.00312784	0
9130	0.00032929	0.0029365	0
9140	0.00028527	0.00270669	0
9150	0.000242902	0.00243597	0
9160	0.000203955	0.0021332	0
9170	0.00016953	0.00180753	0
9180	0.000140146	0.00146767	0
9190	0.000116364	0.00112416	0
9200	9.83339e-05	0.000786944	0
9210	8.58753e-05	0.000464332	0
9220	7.87587e-05	0.000163316	0
9230	7.62614e-05	-0.000111545	0
9240	7.77137e-05	-0.000357976	0
9250	8.21897e-05	-0.000575726	0
9260	8.87615e-05	-0.000766464	0
9270	9.66202e-05	-0.000933365	0
9280	0.000104946	-0.00107996	0
9290	0.000112989	-0.0012113	0
9300	0.00011958	-0.00133132	0
9310	0.000123405	-0.00144408	0
9320	0.000123367	-0.00155338	0
9330	0.000118946	-0.00166365	0
9340	0.000110098	-0.00177676	0
9350	9.68489e-05	-0.00189375	0
9360	7.96996e-05	-0.00201455	0
9370	5.91149e-05	-0.00213697	0
9380	3.58684e-05	-0.0022575	0
9390	1.07382e-05	-0.00237127	0
9400	-1.55298e-05	-0.00247072	0
9410	-4.22319e-05	-0.00254863	0
9420	-6.8647e-05	-0.00259786	0
9430	-9.37558e-05	-0.00261286	0
9440	-0.000116491	-0.00258996	0
9450	-0.000135842	-0.00252619	0
9460	-0.000151095	-0.00241965	0
9470	-0.000161811	-0.00227104	0
9480	-0.000167733	-0.00208221	0
9490	-0.000168968	-0.00185699	0
9500	-0.000166275	-0.00160048	0
9510	-0.000160744	-0.00131989	0
9520	-0.000153864	-0.00102444	0
9530	-0.000147447	-0.00072673	0
9540	-0.000143203	-0.000441157	0
9550	-0.000142999	-0.000182873	0
9560	-0.000148437	3.21983e-05	0
9570	-0.000160584	0.000189445	0
9580	-0.000179745	0.000275915	0
9590	-0.000205347	0.000280703	0
9600	-0.000235845	0.000195821	0
9610	-0.000268832	1.68973e-05	0
9620	-0.000301358	-0.000256518	0
9630	-0.000329867	-0.000620499	0
9640	-0.000349551	-0.00106598	0
9650	-0.00035574	-0.00157635	0
9660	-0.000349669	-0.00213351	0
9670	-0.000329494	-0.00271478	0
9680	-0.000293356	-0.00329573	0
9690	-0.000240333	-0.0038495	0
9700	-0.000170652	-0.0043487	0
9710	-8.57832e-05	-0.00476772	0
9720	1.04923e-05	-0.00508423	0
9730	0.000114623	-0.00527686	0
9740	0.00022186	-0.00532599	0
9750	0.000327594	-0.00522112	0
9760	0.000428966	-0.00496553	0
9770	0.000522368	-0.00456056	0
9780	0.000602999	-0.00400921	0
9790	0.000666476	-0.00331923	0
9800	0.000708903	-0.00250313	0
9810	0.000727202	-0.00157927	0
9820	0.000719369	-0.000574195	0
9830	0.000683977	0.000481842	0
9840	0.000622768	0.0015536	0
9850	0.000538764	0.00259947	0
9860	0.00043588	0.00357489	0
9870	0.000318217	0.00443658	0
9880	0.000192299	0.00514525	0
9890	6.45706e-05	0.00566744	0
9900	-5.90425e-05	0.00597828	0
9910	-0.000173061	0.00606365	0
9920	-0.000272784	0.00592089	0
9930	-0.000354683	0.00555953	0
9940	-0.000417628	0.00500892	0
9950	-0.000465748	0.00432184	0
9960	-0.000499461	0.00353655	0
9970	-0.000519084	0.00269465	0
9980	-0.000525058	0.00183573	0
9990	-0.000518581	0.000998192	0
10000	-0.000502599	0.00022404	0
10010	-0.000479447	-0.000447694	0
10020	-0.000451546	-0.000978099	0
10030	-0.000421733	-0.00133958	0
10040	-0.000392506	-0.00151702	0
10050	-0.000366882	-0.00151618	0
10060	-0.000345894	-0.00135258	0
10070	-0.000328383	-0.00104446	0
10080	-0.000314661	-0.000620234	0
10090	-0.000304293	-0.000117386	0
10100	-0.000295988	0.000427156	0
10110	-0.000287298	0.000977734	0
10120	-0.000276082	0.00150278	0
10130	-0.000260258	0.00197191	0
10140	-0.000237761	0.00235736	0
10150	-0.000207528	0.00263627	0
10160	-0.000168233	0.00279235	0
10170	-0.000122521	0.00281904	0
10180	-7.17109e-05	0.00271864	0
10190	-1.63373e-05	0.00250171	0
10200	4.37054e-05	0.00218571	0
10210	0.000107825	0.00179404	0
10220	0.000174542	0.00135632	0
10230	0.000241729	0.000906936	0
10240	0.000306808	0.000482112	0
10250	0.000366542	0.000116614	0
10260	0.000416886	-0.000160522	0
10270	0.000453423	-0.000333812	0
10280	0.000474832	-0.000398821	0
10290	0.000479956	-0.000347333	0
10300	0.000467647	-0.000183329	0
10310	0.000438633	7.27355e-05	0
10320	0.000392517	0.000402887	0
10330	0.000328578	0.000783325	0
10340	0.000247426	0.001184	0
10350	0.00015131	0.00157607	0
10360	4.35469e-05	0.00193349	0
10370	-7.17567e-05	0.00223186	0
10380	-0.000190196	0.00245083	0
10390	-0.00030602	0.00257336	0
10400	-0.00041252	0.00258904	0
10410	-0.000503713	0.00249544	0
10420	-0.000578819	0.00231596	0
10430	-0.000632671	0.00207283	0
10440	-0.000661276	0.00177937	0
10450	-0.000664861	0.00144857	0
10460	-0.000645718	0.00109532	0
10470	-0.000605237	0.000736869	0
10480	-0.000544557	0.000392871	0
10490	-0.000465202	8.31097e-05	0
10500	-0.000370664	-0.000175533	0
10510	-0.0002663	-0.000366195	0
10520	-0.000156965	-0.000474439	0
10530	-4.77402e-05	-0.000489721	0
10540	5.64751e-05	-0.00040727	0
10550	0.000151338	-0.000228397	0
10560	0.000233001	3.95691e-05	0
10570	0.000298939	0.000383159	0
10580	0.000349336	0.000782581	0
10590	0.000385121	0.00121255	0
10600	0.000406291	0.00164641	0
10610	0.000413882	0.00205754	0
10620	0.000408822	0.00242067	0
10630	0.000392716	0.00271414	0
10640	0.000368424	0.00292856	0
10650	0.000339053	0.0030644	0
10660	0.000307219	0.00311353	0
10670	0.000275467	0.00307185	0
10680	0.0002461	0.00294359	0
10690	0.000221347	0.00274302	0
10700	0.000201043	0.00248036	0
10710	0.000184542	0.00216785	0
10720	0.000173151	0.00182209	0
10730	0.00016634	0.00146263	0
10740	0.000163347	0.00111006	0
10750	0.000162618	0.000781702	0
10760	0.000163157	0.00049101	0
10770	0.000163093	0.000247748	0
10780	0.000160569	5.77167e-05	0
10790	0.00015415	-7.86851e-05	0
10800	0.000142628	-0.000165222	0
10810	0.000124434	-0.000210147	0
10820	9.87882e-05	-0.000223486	0
10830	6.4629e-05	-0.000216753	0
10840	2.12286e-05	-0.000202747	0
10850	-3.1518e-05	-0.000194176	0
10860	-9.28888e-05	-0.000203507	0
10870	-0.000161384	-0.000241413	0
10880	-0.000234823	-0.000315098	0
10890	-0.000307753	-0.000424031	0
10900	-0.000375685	-0.000566823	0
10910	-0.000434082	-0.000740192	0
10920	-0.000478698	-0.000937883	0
10930	-0.000505571	-0.00115096	0
10940	-0.000512099	-0.00136888	0
10950	-0.000498179	-0.00158097	0
10960	-0.000465757	-0.00177663	0
10970	-0.000416231	-0.00194551	0
10980	-0.000351657	-0.0020795	0
10990	-0.000275042	-0.00217314	0
11000	-0.000189886	-0.00222345	0
11010	-0.000100604	-0.00223085	0
11020	-1.1832e-05	-0.00219922	0
11030	7.22164e-05	-0.00213092	0
11040	0.000147681	-0.00202822	0
11050	0.000210149	-0.00190041	0
11060	0.000255956	-0.00177044	0
11070	0.000286291	-0.00165555	0
11080	0.000297509	-0.00156143	0
11090	0.000290179	-0.00149214	0
11100	0.00026659	-0.00144991	0
11110	0.000228887	-0.00143499	0
11120	0.000179211	-0.0014454	0
11130	0.000120202	-0.00147721	0
11140	5.59592e-05	-0.00152819	0
11150	-7.29155e-06	-0.00159779	0
11160	-6.658e-05	-0.00167983	0
11170	-0.000119213	-0.00177331	0
11180	-0.000163135	-0.00188004	0
11190	-0.000196545	-0.00199532	0
11200	-0.000218517	-0.00211035	0
11210	-0.000228355	-0.00221624	0
11220	-0.000225925	-0.00230625	0
11230	-0.000211632	-0.00237595	0
11240	-0.000186779	-0.0024234	0
11250	-0.000153363	-0.00244785	0
11260	-0.000113837	-0.00244987	0
11270	-7.0938e-05	-0.00243083	0
11280	-2.74087e-05	-0.00239273	0
11290	1.39309e-05	-0.00233798	0
11300	5.07084e-05	-0.00226834	0
11310	8.08631e-05	-0.00218526	0
11320	0.000103526	-0.00208865	0
11330	0.000118585	-0.00197813	0
11340	0.00012565	-0.0018533	0
11350	0.000125797	-0.00171474	0
11360	0.000120771	-0.00156251	0
11370	0.000112261	-0.00139597	0
11380	0.000101321	-0.00121586	0
11390	8.92237e-05	-0.00102338	0
11400	7.78483e-05	-0.000819623	0
11410	6.83908e-05	-0.000606905	0
11420	6.16619e-05	-0.000388968	0
11430	5.8207e-05	-0.000170415	0
11440	5.82285e-05	4.31221e-05	0
11450	6.14724e-05	0.00024593	0
11460	6.72328e-05	0.000432565	0
11470	7.45906e-05	0.000597831	0
11480	8.21738e-05	0.000737814	0
11490	8.82158e-05	0.00084988	0
11500	9.02228e-05	0.000930979	0
11510	8.77175e-05	0.000979484	0
11520	8.14568e-05	0.000996473	0
11530	7.08627e-05	0.000985311	0
11540	5.56653e-05	0.000952436	0
11550	3.58704e-05	0.000905109	0
11560	1.22943e-05	0.000849764	0
11570	-1.38265e-05	0.000794772	0
11580	-4.13528e-05	0.000748996	0
11590	-6.8991e-05	0.000720134	0
11600	-9.49974e-05	0.000713219	0
11610	-0.000118351	0.000729084	0
11620	-0.000139214	0.000769286	0
11630	-0.000157531	0.000833115	0
11640	-0.000172505	0.000915295	0
11650	-0.000183086	0.00100802	0
11660	-0.000188431	0.00110241	0
11670	-0.000187967	0.00118965	0
11680	-0.000181368	0.00126138	0
11690	-0.000168673	0.00130942	0
11700	-0.000150357	0.00132646	0
11710	-0.000127437	0.00131017	0
11720	-0.000100882	0.00126283	0
11730	-7.1495e-05	0.0011894	0
11740	-4.02943e-05	0.00109693	0
11750	-8.60142e-06	0.000993617	0
11760	2.19817e-05	0.000887964	0
11770	4.98624e-05	0.000787917	0
11780	7.37704e-05	0.000700094	0
11790	9.28626e-05	0.000629399	0
11800	0.000106673	0.000578492	0
11810	0.000115233	0.00054801	0
11820	0.000118939	0.000536333	0
11830	0.000118572	0.000539839	0
11840	0.000114888	0.00055306	0
11850	0.000108945	0.000569724	0
11860	0.00010167	0.000582997	0
11870	9.43233e-05	0.000586094	0
11880	8.80846e-05	0.000572935	0
11890	8.38448e-05	0.000538787	0
11900	8.19726e-05	0.000480858	0
11910	8.17412e-05	0.000396216	0
11920	8.22604e-05	0.000284819	0
11930	8.29645e-05	0.000151089	0
11940	8.3271e-05	1.93805e-06	0
11950	8.27637e-05	-0.000153466	0
11960	8.07837e-05	-0.000302661	0
11970	7.61942e-05	-0.000431449	0
11980	6.78124e-05	-0.000525123	0
11990	5.47591e-05	-0.000569763	0
12000	3.65512e-05	-0.000553587	0
12010	1.30516e-05	-0.000472366	0
12020	-1.64248e-05	-0.000327175	0
12030	-5.13707e-05	-0.000119348	0
12040	-9.10542e-05	0.000145571	0
12050	-0.000134673	0.000456721	0
12060	-0.000181137	0.000799211	0
12070	-0.000228864	0.00115487	0
12080	-0.000275892	0.00150405	0
12090	-0.000319868	0.00182649	0
12100	-0.000358423	0.00210246	0
12110	-0.000390695	0.00231544	0
12120	-0.000416359	0.00245968	0
12130	-0.000433527	0.00252878	0
12140	-0.000441029	0.00251825	0
12150	-0.000437563	0.00242699	0
12160	-0.000421709	0.0022585	0
12170	-0.000393345	0.00201937	0
12180	-0.000352798	0.00171984	0
12190	-0.000300517	0.00137383	0
12200	-0.000238001	0.000997527	0
12210	-0.00016724	0.000610611	0
12220	-9.03421e-05	0.000236991	0
12230	-1.0149e-05	-9.7346e-05	0
12240	7.03423e-05	-0.000369877	0
12250	0.000148617	-0.00056189	0
12260	0.000221957	-0.000665297	0
12270	0.000289266	-0.000686894	0
12280	0.000347991	-0.000626742	0
12290	0.000396323	-0.000490767	0
12300	0.000433156	-0.00028662	0
12310	0.000459191	-2.39106e-05	0
12320	0.000472981	0.000285064	0
12330	0.000472762	0.000624822	0
12340	0.000457957	0.000978081	0
12350	0.000428039	0.0013268	0
12360	0.000383568	0.00165414	0
12370	0.000326166	0.00194604	0
12380	0.000256816	0.00219113	0
12390	0.000180567	0.00238685	0
12400	0.00010121	0.00253548	0
12410	2.06406e-05	0.00262962	0
12420	-5.83667e-05	0.00266167	0
12430	-0.000132425	0.00262601	0
12440	-0.000199139	0.00252014	0
12450	-0.000256366	0.00234561	0
12460	-0.000302451	0.00210782	0
12470	-0.000336479	0.00181543	0
12480	-0.000357891	0.00147977	0
12490	-0.000366144	0.00111458	0
12500	-0.000360935	0.000735894	0
12510	-0.000342876	0.000360919	0
12520	-0.000314248	4.73292e-06	0
12530	-0.000276938	-0.000319536	0
12540	-0.000232125	-0.000598598	0
12550	-0.000182314	-0.000820401	0
12560	-0.000131385	-0.000976461	0
12570	-7.85181e-05	-0.00106269	0
12580	-2.37722e-05	-0.0010798	0
12590	3.04615e-05	-0.00103395	0
12600	8.2122e-05	-0.000935573	0
12610	0.000129006	-0.00079868	0
12620	0.000169328	-0.000638547	0
12630	0.000201876	-0.00046965	0
12640	0.00022539	-0.000305531	0
12650	0.000238147	-0.000157936	0
12660	0.00023915	-3.80165e-05	0
12670	0.000227413	4.43967e-05	0
12680	0.000203365	8.21424e-05	0
12690	0.000167414	7.07019e-05	0
12700	0.000121378	8.44443e-06	0
12710	6.8231e-05	-0.000103043	0
12720	1.1573e-05	-0.000258701	0
12730	-4.45611e-05	-0.000449633	0
12740	-9.62231e-05	-0.000663733	0
12750	-0.000139607	-0.000886731	0
12760	-0.000171374	-0.00110339	0
12770	-0.000188954	-0.00129857	0
12780	-0.00019143	-0.0014583	0
12790	-0.000178889	-0.00157085	0
12800	-0.000151875	-0.00162683	0
12810	-0.000111925	-0.00161991	0
12820	-6.16381e-05	-0.00154757	0
12830	-4.01747e-06	-0.00141213	0
12840	5.73069e-05	-0.00121999	0
12850	0.000118501	-0.000980821	0
12860	0.000175772	-0.000707215	0
12870	0.000225722	-0.000413951	0
12880	0.00026502	-0.000117381	0
12890	0.000291132	0.000165659	0
12900	0.000304498	0.000412855	0
12910	0.000304684	0.000608983	0
12920	0.000289758	0.000746075	0
12930	0.000262533	0.000828903	0
12940	0.000231359	0.000865734	0
12950	0.00019834	0.000854821	0
12960	0.000165461	0.000800185	0
12970	0.0001345	0.000708097	0
12980	0.000106791	0.000582483	0
12990	8.27041e-05	0.000424443	0
13000	6.15543e-05	0.000234664	0
13010	4.44159e-05	1.58101e-05	0
13020	3.1187e-05	-0.000226134	0
13030	2.16041e-05	-0.000483463	0
13040	1.54774e-05	-0.00074752	0
13050	1.22964e-05	-0.00101005	0
13060	1.14973e-05	-0.00126341	0
13070	1.23911e-05	-0.00150011	0
13080	1.42826e-05	-0.00171325	0
13090	1.61936e-05	-0.00189611	0
13100	1.7129e-05	-0.00204361	0
13110	1.58605e-05	-0.00215144	0
13120	1.17848e-05	-0.00221772	0
13130	4.43386e-06	-0.0022419	0
13140	-6.51529e-06	-0.00222547	0
13150	-2.14617e-05	-0.00217071	0
13160	-4.048e-05	-0.00208138	0
13170	-6.33854e-05	-0.0019623	0
13180	-8.98043e-05	-0.00181868	0
13190	-0.000118702	-0.00165706	0
13200	-0.000148788	-0.00148514	0
13210	-0.000179818	-0.00130982	0
13220	-0.000210609	-0.00113517	0
13230	-0.000239581	-0.000964503	0
13240	-0.000264958	-0.000800626	0
13250	-0.000285516	-0.000645793	0
13260	-0.000299622	-0.000502165	0
13270	-0.000305869	-0.000372316	0
13280	-0.000303263	-0.000259211	0
13290	-0.000291623	-0.000166351	0
13300	-0.000271092	-9.78103e-05	0
13310	-0.000242257	-5.77731e-05	0
13320	-0.000206016	-4.98371e-05	0
13330	-0.000163409	-7.6496e-05	0
13340	-0.000115515	-0.00013891	0
13350	-6.34906e-05	-0.000236896	0
13360	-8.82164e-06	-0.000368915	0
13370	4.65274e-05	-0.000531894	0
13380	0.000100415	-0.00071849	0
13390	0.000150815	-0.000922165	0
13400	0.000196567	-0.00113608	0
13410	0.000236638	-0.00135026	0
13420	0.000270461	-0.00155297	0
13430	0.000297767	-0.00172996	0
13440	0.000318726	-0.00186666	0
13450	0.000333973	-0.00194924	0
13460	0.000344169	-0.00196564	0
13470	0.000349686	-0.00190624	0
13480	0.00035064	-0.00176508	0
13490	0.000346842	-0.00154055	0
13500	0.000337859	-0.00123571	0
13510	0.000323137	-0.000859264	0
13520	0.000302003	-0.000421864	0
13530	0.000274217	6.05891e-05	0
13540	0.000239977	0.000562935	0
13550	0.000199021	0.00105678	0
13560	0.000151717	0.00151519	0
13570	9.92113e-05	0.00191436	0
13580	4.24429e-05	0.00223084	0
13590	-1.68053e-05	0.00244562	0
13600	-7.59485e-05	0.00254543	0
13610	-0.00013322	0.00252359	0
13620	-0.000186498	0.00238026	0
13630	-0.000232351	0.00212358	0
13640	-0.000267361	0.00177134	0
13650	-0.000292441	0.00134524	0
13660	-0.000306411	0.00086851	0
13670	-0.000308197	0.000368705	0
13680	-0.000298176	-0.000119682	0
13690	-0.00027739	-0.000562364	0
13700	-0.000247495	-0.000928086	0
13710	-0.000210486	-0.00119092	0
13720	-0.000169869	-0.00133245	0
13730	-0.000128855	-0.00134294	0
13740	-9.08684e-05	-0.00122173	0
13750	-5.92737e-05	-0.000976873	0
13760	-3.72568e-05	-0.000624349	0
13770	-2.63721e-05	-0.000187113	0
13780	-2.59403e-05	0.000305283	0
13790	-3.44981e-05	0.00081727	0
13800	-5.05054e-05	0.00131309	0
13810	-7.09286e-05	0.0017639	0
13820	-9.34108e-05	0.00214899	0
13830	-0.000116048	0.00245122	0
13840	-0.000136765	0.00265897	0
13850	-0.0001532	0.00276811	0
13860	-0.000162393	0.00277947	0
13870	-0.000162123	0.00269806	0
13880	-0.000150434	0.00253285	0
13890	-0.000126294	0.00230054	0
13900	-8.91938e-05	0.00202428	0
13910	-3.99982e-05	0.00172878	0
13920	1.98056e-05	0.0014411	0
13930	8.79844e-05	0.00118749	0
13940	0.000161777	0.00099075	0
13950	0.000238175	0.000868706	0
13960	0.000314133	0.000835389	0
13970	0.000385388	0.000898793	0
13980	0.000447714	0.00105906	0
13990	0.00050046	0.0013033	0
14000	0.000545419	0.00159132	0
14010	0.000578682	0.00189193	0
14020	0.000600427	0.0021781	0
14030	0.000611914	0.00242578	0
14040	0.000612545	0.00261538	0
14050	0.000603562	0.00274557	0
14060	0.000586657	0.00282589	0
14070	0.000562712	0.00285224	0
14080	0.000532827	0.00282068	0
14090	0.00049846	0.0027294	0
14100	0.000461265	0.00257785	0
14110	0.00042274	0.00236634	0
14120	0.000384643	0.00209832	0
14130	0.000348376	0.00178085	0
14140	0.000315339	0.00142426	0
14150	0.000286638	0.00104245	0
14160	0.000263442	0.000653624	0
14170	0.000245567	0.00027873	0
14180	0.000232575	-6.2338e-05	0
14190	0.000224021	-0.000353675	0
14200	0.00021921	-0.000584051	0
14210	0.000217429	-0.000746665	0
14220	0.000217577	-0.000839199	0
14230	0.000218015	-0.000864413	0
14240	0.000217348	-0.000829792	0
14250	0.000214341	-0.000746671	0
14260	0.0002077	-0.000630534	0
14270	0.000197005	-0.000497358	0
14280	0.000182219	-0.000363171	0
14290	0.000162948	-0.000242627	0
14300	0.000139077	-0.00014748	0
14310	0.000110874	-8.56509e-05	0
14320	7.87692e-05	-6.14717e-05	0
14330	4.33925e-05	-7.5109e-05	0
14340	5.37675e-06	-0.000122245	0
14350	-3.36773e-05	-0.000195675	0
14360	-7.24604e-05	-0.000289979	0
14370	-0.000109263	-0.000398539	0
14380	-0.000142688	-0.000514092	0
14390	-0.00017223	-0.000629603	0
14400	-0.000197642	-0.000737996	0
14410	-0.000217829	-0.000833153	0
14420	-0.000231938	-0.000911342	0
14430	-0.000239446	-0.000971396	0
14440	-0.000240272	-0.00101485	0
14450	-0.000234584	-0.00104586	0
14460	-0.000222964	-0.00107043	0
14470	-0.000206269	-0.00109592	0
14480	-0.000185598	-0.0011298	0
14490	-0.000162123	-0.00117928	0
14500	-0.000137277	-0.00125014	0
14510	-0.000113302	-0.00134617	0
14520	-9.27794e-05	-0.00146884	0
14530	-7.79094e-05	-0.00161694	0
14540	-7.01142e-05	-0.00178633	0
14550	-6.96811e-05	-0.00197005	0
14560	-7.614e-05	-0.0021589	0
14570	-8.81778e-05	-0.00234213	0
14580	-0.000103948	-0.00250864	0
14590	-0.000121056	-0.00264778	0
14600	-0.00013686	-0.0027504	0
14610	-0.000148653	-0.00280942	0
14620	-0.000153831	-0.00282047	0
14630	-0.000150254	-0.00278194	0
14640	-0.000136617	-0.00269569	0
14650	-0.000112141	-0.00256718	0
14660	-7.65537e-05	-0.00240455	0
14670	-3.13393e-05	-0.00221835	0
14680	2.01182e-05	-0.00202116	0
14690	7.47828e-05	-0.00182592	0
14700	0.000128927	-0.00164482	0
14710	0.000179939	-0.00148851	0
14720	0.000225088	-0.0013652	0
14730	0.000261124	-0.00128105	0
14740	0.000286015	-0.00123768	0
14750	0.000299099	-0.00123225	0
14760	0.000302386	-0.0012563	0
14770	0.000294014	-0.00129639	0
14780	0.00027264	-0.00134083	0
14790	0.000237992	-0.0013787	0
14800	0.000190554	-0.00140152	0
14810	0.0001315	-0.00140413	0
14820	6.28622e-05	-0.00138464	0
14830	-1.26642e-05	-0.00134488	0
14840	-9.18893e-05	-0.00128991	0
14850	-0.000171273	-0.00122703	0
14860	-0.000246734	-0.0011644	0
14870	-0.000313488	-0.0011091	0
14880	-0.000367254	-0.0010671	0
14890	-0.000404353	-0.00104332	0
14900	-0.00042249	-0.00104101	0
14910	-0.000420602	-0.00106094	0
14920	-0.000398427	-0.00110074	0
14930	-0.000357017	-0.00115473	0
14940	-0.000298481	-0.00121394	0
14950	-0.000226782	-0.00126647	0
14960	-0.000147298	-0.00129877	0
14970	-6.49572e-05	-0.00129657	0
14980	1.63071e-05	-0.00124595	0
14990	9.32219e-05	-0.0011348	0
15000	0.000163441	-0.000953828	0
15010	0.000223995	-0.000696781	0
15020	0.000275397	-0.000362944	0
15030	0.000317719	4.22311e-05	0
15040	0.000350605	0.000509024	0
15050	0.00037368	0.00102401	0
15060	0.000387167	0.00157095	0
15070	0.000392719	0.00212998	0
15080	0.000391244	0.00267746	0
15090	0.000383244	0.00318902	0
15100	0.000369281	0.00364183	0
15110	0.000350636	0.00401589	0
15120	0.000328052	0.00429495	0
15130	0.000302421	0.00446766	0
15140	0.000274682	0.00452824	0
15150	0.000245813	0.00447671	0
15160	0.000216788	0.00431876	0
15170	0.000188561	0.00406532	0
15180	0.000161555	0.00373119	0
15190	0.00013717	0.00333412	0
15200	0.000115213	0.00289529	0
15210	9.46563e-05	0.00243904	0
15220	7.54208e-05	0.00198437	0
15230	5.76208e-05	0.00154405	0
15240	4.15269e-05	0.00113576	0
15250	2.71996e-05	0.000776733	0
15260	1.29605e-05	0.000479876	0
15270	-1.59315e-06	0.00025309	0
15280	-1.5593e-05	0.000103812	0
15290	-2.9006e-05	3.61644e-05	0
15300	-4.26716e-05	4.89959e-05	0
15310	-5.75036e-05	0.000137264	0
15320	-7.23369e-05	0.000296824	0
15330	-8.64093e-05	0.000516844	0
15340	-0.000100736	0.0007812	0
15350	-0.000115262	0.00107601	0
15360	-0.000128	0.00138828	0
15370	-0.000139366	0.00170533	0
15380	-0.000149721	0.00201514	0
15390	-0.000158555	0.00230447	0
15400	-0.000165561	0.00256216	0
15410	-0.000170319	0.00277959	0
15420	-0.000172476	0.00295157	0
15430	-0.000171597	0.00307737	0
15440	-0.000167343	0.00315991	0
15450	-0.000158534	0.00320462	0
15460	-0.000144221	0.00321799	0
15470	-0.000124763	0.003205	0
15480	-0.000100018	0.00316879	0
15490	-7.01113e-05	0.00311185	0
15500	-3.63248e-05	0.00303627	0
15510	1.02825e-06	0.0029414	0
15520	4.20407e-05	0.00282691	0
15530	8.54756e-05	0.00269344	0
15540	0.000129548	0.0025418	0
15550	0.000172466	0.00237263	0
15560	0.000212695	0.00218612	0
15570	0.000248729	0.00198207	0
15580	0.000278376	0.00176089	0
15590	0.000299352	0.00152363	0
15600	0.000310607	0.00127213	0
15610	0.000311697	0.00100881	0
15620	0.000302668	0.000736474	0
15630	0.000284881	0.000458814	0
15640	0.00026092	0.000180816	0
15650	0.000233175	-9.63754e-05	0
15660	0.000203173	-0.000370735	0
15670	0.000170385	-0.000641507	0
15680	0.000134977	-0.000906341	0
15690	9.79317e-05	-0.00116148	0
15700	6.06951e-05	-0.00140196	0
15710	2.47074e-05	-0.0016214	0
15720	-8.81877e-06	-0.00181414	0
15730	-3.8626e-05	-0.00197531	0
15740	-6.31079e-05	-0.00210211	0
15750	-8.13537e-05	-0.00219396	0
15760	-9.30578e-05	-0.00225229	0
15770	-9.84694e-05	-0.00228018	0
15780	-9.80908e-05	-0.00228199	0
15790	-9.30714e-05	-0.00226357	0
15800	-8.47929e-05	-0.00223084	0
15810	-7.47029e-05	-0.00218944	0
15820	-6.42344e-05	-0.00214411	0
15830	-5.49029e-05	-0.00209843	0
15840	-4.78857e-05	-0.00205412	0
15850	-4.39978e-05	-0.00201156	0
15860	-4.41401e-05	-0.0019694	0
15870	-4.81953e-05	-0.0019247	0
15880	-5.60082e-05	-0.00187366	0
15890	-6.69095e-05	-0.00181225	0
15900	-7.98885e-05	-0.00173808	0
15910	-9.40719e-05	-0.0016485	0
15920	-0.000108767	-0.00154059	0
15930	-0.000122034	-0.00141266	0
15940	-0.000131961	-0.00126571	0
15950	-0.000136993	-0.00110363	0
15960	-0.000135742	-0.000932847	0
15970	-0.000127359	-0.000761446	0
15980	-0.000111386	-0.000598932	0
15990	-8.78083e-05	-0.000455598	0
16000	-5.70819e-05	-0.000341915	0
16010	-2.00929e-05	-0.000267569	0
16020	2.18854e-05	-0.000240592	0
16030	6.71611e-05	-0.000266784	0
16040	0.000113508	-0.000348908	0
16050	0.000158519	-0.000486412	0
16060	0.000199959	-0.000675196	0
16070	0.000235728	-0.000908101	0
16080	0.000263937	-0.00117516	0
16090	0.000283363	-0.00146402	0
16100	0.000293105	-0.00176112	0
16110	0.000292528	-0.00205275	0
16120	0.000281165	-0.00232592	0
16130	0.000259554	-0.00256936	0
16140	0.000228837	-0.00277375	0
16150	0.000190352	-0.00293235	0
16160	0.000145165	-0.00304117	0
16170	9.54936e-05	-0.00310098	0
16180	4.40642e-05	-0.00311516	0
16190	-6.941e-06	-0.00308979	0
16200	-5.53198e-05	-0.00303111	0
16210	-9.9662e-05	-0.0029461	0
16220	-0.000137529	-0.00284258	0
16230	-0.000166466	-0.00272834	0
16240	-0.000184284	-0.00261034	0
16250	-0.000189685	-0.00249307	0
16260	-0.000182007	-0.00237863	0
16270	-0.000163229	-0.00226635	0
16280	-0.000135196	-0.00215275	0
16290	-9.96036e-05	-0.0020323	0
16300	-5.99116e-05	-0.00189753	0
16310	-1.94907e-05	-0.00173961	0
16320	1.85443e-05	-0.00155005	0
16330	5.17236e-05	-0.00132286	0
16340	7.83435e-05	-0.00105435	0
16350	9.83039e-05	-0.000743811	0
16360	0.000111021	-0.000392733	0
16370	0.000116099	-5.29761e-06	0
16380	0.000114003	0.000410707	0
16390	0.000105793	0.000844742	0
16400	9.28878e-05	0.00128327	0
16410	7.69688e-05	0.00171061	0
16420	6.04604e-05	0.00211006	0
16430	4.54287e-05	0.00246509	0
16440	3.31095e-05	0.00276069	0
16450	2.4476e-05	0.00298395	0
16460	1.99536e-05	0.00312504	0
16470	2.00263e-05	0.00317887	0
16480	2.4932e-05	0.00314571	0
16490	3.44115e-05	0.00303073	0
16500	4.75596e-05	0.00284364	0
16510	6.31913e-05	0.00259872	0
16520	7.96792e-05	0.00231372	0
16530	9.52657e-05	0.00200881	0
16540	0.00010814	0.0017053	0
16550	0.000116518	0.0014241	0
16560	0.000119353	0.00118399	0
16570	0.00011588	0.0010005	0
16580	0.000106307	0.000883871	0
16590	9.16828e-05	0.000839081	0
16600	7.25437e-05	0.000866273	0
16610	4.96974e-05	0.000960628	0
16620	2.43507e-05	0.00111404	0
16630	-1.90883e-06	0.00131373	0
16640	-2.79741e-05	0.00154209	0
16650	-5.18738e-05	0.00177627	0
16660	-7.2644e-05	0.00199943	0
16670	-8.96944e-05	0.00220015	0
16680	-0.000102624	0.00237041	0
16690	-0.000110355	0.0025026	0
16700	-0.000112104	0.00259232	0
16710	-0.000107694	0.00263806	0
16720	-9.65245e-05	0.00264018	0
16730	-7.87699e-05	0.00260225	0
16740	-5.50697e-05	0.00253044	0
16750	-2.5682e-05	0.00243234	0
16760	8.82892e-06	0.00231718	0
16770	4.74906e-05	0.0021952	0
16780	8.83991e-05	0.00207751	0
16790	0.000129889	0.00197432	0
16800	0.000170157	0.00189384	0
16810	0.000206598	0.00184203	0
16820	0.000236439	0.00182152	0
16830	0.000258973	0.00183119	0
16840	0.000274675	0.00186694	0
16850	0.000283314	0.0019175	0
16860	0.000283513	0.00197081	0
16870	0.000276394	0.00201667	0
16880	0.000262912	0.00204758	0
16890	0.000244176	0.00205771	0
16900	0.000221657	0.00204297	0
16910	0.000194885	0.00200039	0
16920	0.000168327	0.00192641	0
16930	0.000142918	0.00181736	0
16940	0.000117908	0.00167027	0
16950	9.28213e-05	0.0014837	0
16960	6.8344e-05	0.00125698	0
16970	4.51177e-05	0.000991099	0
16980	2.35278e-05	0.000689149	0
16990	3.18688e-06	0.000355828	0
17000	-1.58008e-05	-2.70487e-06	0
17010	-3.33996e-05	-0.000379002	0
17020	-4.93998e-05	-0.000764726	0
17030	-6.39373e-05	-0.00114954	0
17040	-7.69183e-05	-0.00152217	0
17050	-8.80157e-05	-0.00187217	0
17060	-9.67786e-05	-0.00219007	0
17070	-0.000102782	-0.00246817	0
17080	-0.000105476	-0.00270032	0
17090	-0.000104072	-0.00288228	0
17100	-9.77493e-05	-0.00301173	0
17110	-8.60207e-05	-0.00308826	0
17120	-6.8726e-05	-0.00311744	0
17130	-4.55626e-05	-0.00310842	0
17140	-1.66634e-05	-0.00306409	0
17150	1.72381e-05	-0.00298721	0
17160	5.50009e-05	-0.00288081	0
17170	9.50372e-05	-0.00274759	0
17180	0.000135737	-0.0025896	0
17190	0.00017542	-0.00240839	0
17200	0.000212291	-0.00220534	0
17210	0.000244668	-0.00198146	0
17220	0.000270738	-0.00173768	0
17230	0.000288853	-0.00147566	0
17240	0.000297706	-0.00119793	0
17250	0.000296136	-0.000908697	0
17260	0.000283266	-0.000614057	0
17270	0.000258756	-0.000321885	0
17280	0.000222781	-4.19204e-05	0
17290	0.000176354	0.000214286	0
17300	0.00012163	0.000434208	0
17310	6.15468e-05	0.00060586	0
17320	-2.75397e-07	0.000718201	0
17330	-5.99024e-05	0.000762332	0
17340	-0.000113399	0.000732213	0
17350	-0.000157231	0.000625215	0
17360	-0.000188393	0.000442307	0
17370	-0.000204635	0.00018854	0
17380	-0.000204782	-0.000127057	0
17390	-0.000189151	-0.000491608	0
17400	-0.000159997	-0.000888071	0
17410	-0.000119227	-0.00129738	0
17420	-6.98145e-05	-0.00169896	0
17430	-1.56484e-05	-0.00207235	0
17440	3.95268e-05	-0.00239778	0
17450	9.05995e-05	-0.00265772	0
17460	0.000135751	-0.00283872	0
17470	0.000175466	-0.00293206	0
17480	0.000208623	-0.00293324	0
17490	0.000233726	-0.00284489	0
17500	0.000250001	-0.00267242	0
17510	0.000256885	-0.00242518	0
17520	0.000254585	-0.00211591	0
17530	0.000243566	-0.00176013	0
17540	0.000225033	-0.00137505	0
17550	0.000200726	-0.000978729	0
17560	0.000172473	-0.000590001	0
17570	0.000142189	-0.000227081	0
17580	0.000111772	9.4142e-05	0
17590	8.31286e-05	0.000360914	0
17600	5.79982e-05	0.00056417	0
17610	3.76392e-05	0.000698713	0
17620	2.30843e-05	0.00076401	0
17630	1.49176e-05	0.000764896	0
17640	1.31852e-05	0.000710376	0
17650	1.73685e-05	0.00061326	0
17660	2.67065e-05	0.000489192	0
17670	4.02772e-05	0.000354103	0
17680	5.76514e-05	0.00022411	0
17690	7.78273e-05	0.000114688	0
17700	9.97561e-05	3.95032e-05	0
17710	0.000122287	8.71085e-06	0
17720	0.000144319	2.87769e-05	0
17730	0.000164523	0.000101712	0
17740	0.000180889	0.000220313	0
17750	0.000194213	0.000374337	0
17760	0.000204441	0.000552773	0
17770	0.000210938	0.000743836	0
17780	0.000213145	0.000934027	0
17790	0.00021073	0.0011101	0
17800	0.000203572	0.00125929	0
17810	0.000191815	0.00137109	0
17820	0.000175818	0.00143755	0
17830	0.000156089	0.00145377	0
17840	0.000133212	0.00141785	0
17850	0.000107873	0.00133108	0
17860	8.07536e-05	0.00119765	0
17870	5.26486e-05	0.00102438	0
17880	2.44218e-05	0.000819442	0
17890	-2.92483e-06	0.000591765	0
17900	-2.85172e-05	0.000351209	0
17910	-5.14782e-05	0.000107609	0
17920	-7.09829e-05	-0.000129196	0
17930	-8.6401e-05	-0.000347644	0
17940	-9.71748e-05	-0.000537329	0
17950	-0.000102834	-0.000690021	0
17960	-0.000103079	-0.000799718	0
17970	-9.77278e-05	-0.000864363	0
17980	-8.62417e-05	-0.000885437	0
17990	-6.83365e-05	-0.000866581	0
18000	-4.4325e-05	-0.000813319	0
