0	-889.967	-1677.51	0
100	-364.683	-831.936	0
200	0.890714	3.08032	0
300	2.78171	5.18564	0
400	-29.8912	-60.3141	0
500	-140.186	-288.176	0
600	-167.662	-336.406	0
700	-12.6376	-25.9995	0
800	1.91501	4.18733	0
900	0.0151052	0.0323364	0
1000	-0.381125	-0.805669	0
1100	-0.786305	-5.89768	0
1200	4.67185	9.83082	0
1300	3.86604	8.0828	0
1400	5.61037	11.8085	0
1500	2.34105	4.97906	0
1600	-1.05089	-7.90486	0
1700	0.666149	1.4045	0
1800	-1.32827	-9.96016	0
1900	-1.31321	-10.0536	0
2000	7.07369	15.1022	0
2100	-1.18428	-9.70978	0
2200	-1.31713	-11.0517	0
2300	1.38156	2.98004	0
2400	0.952173	2.05066	0
2500	5.48873	11.8562	0
2600	5.84866	12.5824	0
2700	-0.957462	-7.65983	0
2800	-0.988213	-7.95449	0
2900	1.7035	3.64482	0
3000	6.55246	13.9879	0
3100	1.66638	3.56793	0
3200	6.39407	13.735	0
3300	-2.05396	-4.70495	0
3400	-0.0985469	-0.228807	0
3500	7.57713	16.5652	0
3600	3.70752	8.24495	0
3700	-1.51793	-10.935	0
3800	10.0981	19.5092	0
3900	8.21734	15.6049	0
4000	-1.91282	-11.8795	0
4100	-1.88891	-12.2167	0
4200	2.82837	5.53464	0
4300	7.11982	14.4457	0
4400	9.30957	19.814	0
4500	10.3132	22.0035	0
4600	5.11988	10.9394	0
4700	6.30301	13.4845	0
4800	8.84827	18.6677	0
4900	-1.77747	-13.6108	0
5000	6.22072	13.0004	0
5100	11.086	22.9346	0
5200	-2.26946	-15.5372	0
5300	2.49397	5.12887	0
5400	9.47342	19.2237	0
5500	-1.74006	-11.2397	0
5600	8.81295	18.0887	0
5700	0.364666	0.75968	0
5800	11.6747	24.8441	0
5900	-2.50735	-18.9964	0
6000	12.2141	26.0749	0
6100	-1.75762	-14.6483	0
6200	6.92453	15.2947	0
6300	-0.229949	-2.56678	0
6400	12.3018	27.4798	0
6500	2.17879	4.77802	0
6600	11.06	24.5825	0
6700	-1.44983	-13.19	0
6800	6.72434	14.8329	0
6900	3.30252	7.03055	0
7000	-2.48895	-5.5263	0
7100	-2.93546	-6.64124	0
7200	-307.941	-701.724	0
7300	-995.046	-2142.87	0
7400	-1584.65	-3286.6	0
7500	-2040.42	-4285.31	0
7600	-2315.22	-4933.37	0
7700	-2706.4	-5669.65	0
7800	-3084.24	-5795.28	0
7900	-3162.67	-5690.03	0
8000	-3156.4	-5947.07	0
8100	-2452.96	-5189.27	0
8200	-1449.1	-3110.28	0
8300	-469.572	-952.024	0
8400	-81.9238	-141.513	0
8500	-443.21	-683.188	0
8600	-1319.62	-2103.72	0
8700	-1452.8	-2576.35	0
8800	-1069.18	-2074.18	0
8900	-1199.01	-2220.97	0
9000	-1197.02	-2059.02	0
9100	-1228.24	-2125.61	0
9200	-1632.96	-2892.47	0
9300	-1947.68	-3506.1	0
9400	-2404.31	-4502.05	0
9500	-2953.17	-5737.95	0
9600	-3383.52	-6723.21	0
9700	-3657.89	-7466.63	0
9800	-3784.9	-7851.75	0
9900	-3430.83	-6679.04	0
10000	-2789.09	-5028.58	0
10100	-2409.78	-4969.29	0
10200	-2466.89	-4608.57	0
10300	-2434.13	-4698.16	0
10400	-2030.46	-4204.55	0
10500	-1989.15	-4107.13	0
10600	-2203.97	-4443.18	0
10700	-2040.89	-3341.37	0
10800	-1346.74	-2553.3	0
10900	-825.959	-1759.14	0
11000	-836.604	-1645.33	0
11100	-1207.99	-2270.7	0
11200	-1287.22	-2438.37	0
11300	-1348.08	-2807	0
11400	-1395.58	-3195.02	0
11500	-1551.89	-3895.43	0
11600	-1763.75	-4626.23	0
11700	-1656.34	-4257.02	0
11800	-1662.35	-4066.74	0
11900	-1806.31	-4293.87	0
12000	-1848.85	-4457.1	0
12100	-1835.66	-4654.51	0
12200	-1658.86	-3966.81	0
12300	-1513.62	-2775.13	0
12400	-1489.47	-2435.45	0
12500	-1498.89	-2587.73	0
12600	-1477.63	-2671.65	0
12700	-1421.95	-2755.16	0
12800	-1422.07	-3016.59	0
12900	-1590.31	-3820.23	0
13000	-1605.23	-3820.46	0
13100	-1631.26	-3841.5	0
13200	-1718.11	-4275.93	0
13300	-1679.19	-4176.81	0
13400	-1629.87	-3812.86	0
13500	-1640.03	-3287.93	0
13600	-1681.31	-2915.63	0
13700	-1608.08	-2609.79	0
13800	-1454.46	-2274.19	0
13900	-1351.85	-2283.09	0
14000	-1397.35	-2826.03	0
14100	-1457.92	-3161.12	0
14200	-1541.42	-3343.26	0
14300	-1558.02	-3185.94	0
14400	-1648.52	-3402.16	0
14500	-1733.53	-3556.43	0
14600	-1796.5	-3609.54	0
14700	-1883.2	-3751.76	0
14800	-1906.53	-3630.76	0
14900	-1807.75	-3381.88	0
15000	-1636.82	-3070.35	0
15100	-1694.7	-2904.61	0
15200	-1836.72	-3272.6	0
15300	-1832.59	-3383.23	0
15400	-1706.78	-3039.88	0
15500	-1785.27	-3218.97	0
15600	-1702.44	-3368.5	0
15700	-1597.22	-3561.71	0
15800	-1612.48	-3314.08	0
15900	-1574.15	-2938.55	0
16000	-1539.73	-2913.54	0
16100	-1469.89	-2795.14	0
16200	-1424.88	-2662.08	0
16300	-1431.64	-2738.03	0
16400	-1395.2	-2725.13	0
16500	-1333.57	-2596.77	0
16600	-1301.53	-2397.78	0
16700	-1332.29	-2287.22	0
16800	-1343.28	-2383.28	0
16900	-1281.6	-2236.74	0
17000	-1278.01	-2178.72	0
17100	-1322.55	-2256.64	0
17200	-1293.27	-2067.48	0
17300	-1182.81	-1747.25	0
17400	-1104.76	-1715.44	0
17500	-1053.13	-1639.46	0
17600	-994.711	-1528.26	0
17700	-955.13	-1675.07	0
17800	-959.392	-1948.76	0
17900	-974.281	-2069.12	0
18000	-1044.98	-2209.81	0
18100	-1087.46	-2298.97	0
18200	-1062.61	-2279.47	0
18300	-1114.96	-2469.89	0
18400	-1165.69	-2535.21	0
18500	-1206.72	-2584.63	0
18600	-1211.85	-2673.54	0
18700	-1204.08	-2667.08	0
18800	-1284.89	-2863.2	0
18900	-1343.2	-3017.34	0
19000	-1266.2	-2794.73	0
19100	-1183.71	-2607.55	0
19200	-1176.19	-2581.7	0
19300	-1231.05	-2687.83	0
19400	-1247.36	-2689.93	0
19500	-1195.3	-2533.57	0
19600	-1206.42	-2645.59	0
19700	-1295.62	-2909.59	0
19800	-1280.31	-2725.23	0
19900	-1260.54	-2633.11	0
20000	-1301.84	-2844.41	0
20100	-1350.58	-2991.72	0
20200	-1350.35	-2946.08	0
20300	-1308.09	-2813.88	0
20400	-1304.7	-2785.79	0
20500	-1344.44	-2726.26	0
20600	-1369.58	-2575.46	0
20700	-1340.03	-2470.18	0
20800	-1303.18	-2484.82	0
20900	-1280.8	-2491.34	0
21000	-1271.51	-2520.39	0
21100	-1300.32	-2615.55	0
21200	-1267.15	-2138.88	0
21300	-1261.15	-2166.28	0
21400	-1275.11	-2409.04	0
21500	-1269.75	-2289.65	0
21600	-1331.68	-2463.18	0
21700	-1309.18	-2447.77	0
21800	-1332.07	-2757.46	0
21900	-1346.51	-2864.6	0
22000	-1370.02	-2805.09	0
22100	-1421.65	-2919.66	0
22200	-1416.96	-2910.09	0
22300	-1415.9	-2948.64	0
22400	-1434	-3028.17	0
22500	-1449.62	-2986.55	0
22600	-1475.18	-2942.95	0
22700	-1489.4	-2833.14	0
22800	-1479.93	-2652.97	0
22900	-1451.34	-2531.4	0
23000	-1423.1	-2439.35	0
23100	-1427.41	-2499.89	0
23200	-1452.37	-2609.17	0
23300	-1456.8	-2487.57	0
23400	-1485.41	-2482.32	0
23500	-1503.02	-2492.13	0
23600	-1494.7	-2414.31	0
23700	-1507.28	-2456.48	0
23800	-1518.23	-2497.11	0
23900	-1502.57	-2374.23	0
24000	-1464.45	-2228.48	0
24100	-1448.09	-2176.22	0
24200	-1441	-2077.78	0
24300	-1427.98	-2052.44	0
24400	-1438.84	-2012.26	0
24500	-1474.22	-2087.84	0
24600	-1476.74	-2189.77	0
24700	-1471.1	-2269.25	0
24800	-1464.59	-2319.59	0
24900	-1444.11	-2319.35	0
25000	-1407.79	-2249.78	0
25100	-1398.17	-2308.88	0
25200	-1368.29	-2244.75	0
25300	-1369.04	-2211.32	0
25400	-1407.39	-2359.42	0
25500	-1444.77	-2502.97	0
25600	-1448.5	-2499.93	0
25700	-1413.18	-2368.37	0
25800	-1395.51	-2298.21	0
25900	-1390.18	-2317.41	0
26000	-1383.46	-2366.69	0
26100	-1342.04	-2257.64	0
26200	-1321.94	-2128.82	0
26300	-1346.69	-2142.76	0
26400	-1382.84	-2175.14	0
26500	-1382.23	-2200.49	0
26600	-1361.26	-2220.78	0
26700	-1375.27	-2326.85	0
26800	-1398.2	-2397.64	0
26900	-1380.76	-2309.99	0
27000	-1344.74	-2198.89	0
27100	-1331.94	-2190.52	0
27200	-1336.41	-2190.81	0
27300	-1330.39	-2139.7	0
27400	-1325.46	-2139.18	0
27500	-1321.86	-2123.37	0
27600	-1341.52	-2176.04	0
27700	-1355.94	-2197.57	0
27800	-1357.64	-2196.09	0
27900	-1351.87	-2161.31	0
28000	-1368.97	-2210.94	0
28100	-1363.62	-2223.94	0
28200	-1354.02	-2251.3	0
28300	-1334.13	-2201.43	0
28400	-1345.67	-2204.29	0
28500	-1352.35	-2175.7	0
28600	-1343.09	-2141.16	0
28700	-1345.09	-2151.23	0
28800	-1358.3	-2216.1	0
28900	-1361.64	-2262.04	0
29000	-1336.4	-2230.63	0
29100	-1324.55	-2264.98	0
29200	-1324.29	-2231.44	0
29300	-1332.59	-2237.31	0
29400	-1330.65	-2240.57	0
29500	-1315.85	-2196.79	0
29600	-1302.02	-2200.29	0
29700	-1293.79	-2183.1	0
29800	-1305	-2152.06	0
29900	-1312.53	-2146.21	0
30000	-1292.67	-2105.78	0
30100	-1278.85	-2082.33	0
30200	-1276.64	-2080.21	0
30300	-1279.02	-2105.24	0
30400	-1273.93	-2069.47	0
30500	-1285.45	-2065.4	0
30600	-1321.24	-2208.77	0
30700	-1321.32	-2246.04	0
30800	-1299.36	-2132.33	0
30900	-1278.12	-2012.67	0
31000	-1292.54	-2063.89	0
31100	-1288.49	-2037.98	0
31200	-1280.06	-2033.09	0
31300	-1280.94	-2035.18	0
31400	-1281.1	-2017.85	0
31500	-1290.83	-2049.81	0
31600	-1294.12	-2100.4	0
31700	-1310.1	-2208.51	0
31800	-1316.79	-2271.42	0
31900	-1277.37	-2154.52	0
32000	-1278.52	-2108.71	0
32100	-1295.53	-2115.7	0
32200	-1297.85	-2104.83	0
32300	-1306.99	-2142.45	0
32400	-1318.62	-2219.16	0
32500	-1296.64	-2140.66	0
32600	-1281.28	-2087.3	0
32700	-1292.61	-2124.35	0
32800	-1299.7	-2129.48	0
32900	-1297.45	-2128.01	0
33000	-1295.59	-2158.19	0
33100	-1298.72	-2192.94	0
33200	-1303.58	-2177.97	0
33300	-1311.58	-2167.24	0
33400	-1330.75	-2213.14	0
33500	-1344.52	-2267.91	0
33600	-1318.46	-2171.44	0
33700	-1273.71	-1996.54	0
33800	-1301.81	-2110.08	0
33900	-1311.26	-2102.9	0
34000	-1316.55	-2107.63	0
34100	-1312.72	-2147.32	0
34200	-1290.63	-2069.04	0
34300	-1284.05	-2036.78	0
34400	-1279.14	-2068.4	0
34500	-1274.96	-2100.55	0
34600	-1270.09	-2087.11	0
34700	-1273.59	-2088.05	0
34800	-1277.59	-2105.31	0
34900	-1272.43	-2120.42	0
35000	-1264.14	-2099.04	0
35100	-1267.41	-2111.42	0
35200	-1277.13	-2175.44	0
35300	-1275.33	-2198.98	0
35400	-1273.58	-2186.5	0
35500	-1279.34	-2196.19	0
35600	-1280.07	-2184.01	0
35700	-1280.18	-2167.77	0
35800	-1272.22	-2148.51	0
35900	-1270.5	-2133.45	0
36000	-1283.64	-2157.94	0
36100	-1280.63	-2156.2	0
36200	-1271.39	-2140.61	0
36300	-1265.34	-2135.45	0
36400	-1267.47	-2142.27	0
36500	-1272.92	-2156.24	0
36600	-1267.74	-2145.63	0
36700	-1273.88	-2161.43	0
36800	-1273	-2165.9	0
36900	-1268.07	-2153.63	0
37000	-1267.88	-2152.87	0
37100	-1267.63	-2171.02	0
37200	-1265.08	-2142.85	0
37300	-1265.84	-2111.08	0
37400	-1263.79	-2088.58	0
37500	-1262.25	-2079.33	0
37600	-1264.52	-2095.05	0
37700	-1260.6	-2088.02	0
37800	-1249.48	-2049.31	0
37900	-1255.96	-2068.83	0
38000	-1259.22	-2102.07	0
38100	-1258.69	-2107.59	0
38200	-1258.67	-2126.37	0
38300	-1262.06	-2142.95	0
38400	-1262.39	-2135.07	0
38500	-1252.51	-2116.29	0
38600	-1244.46	-2096.75	0
38700	-1252.53	-2115.73	0
38800	-1252.61	-2106.58	0
38900	-1246.41	-2043.81	0
39000	-1252.5	-2020.43	0
39100	-1247.35	-1985.2	0
39200	-1240.03	-2003.12	0
39300	-1251.02	-2031.72	0
39400	-1256.73	-2041.36	0
39500	-1253.84	-2066.15	0
39600	-1257.08	-2078.07	0
39700	-1259.27	-2099.54	0
39800	-1248.11	-2072.39	0
39900	-1252.28	-2067.67	0
40000	-1253.31	-2055.4	0
40100	-1249.11	-2030.1	0
40200	-1254.69	-2045.44	0
40300	-1254.5	-2051.65	0
40400	-1254	-2056.35	0
40500	-1259.9	-2074.24	0
40600	-1263.58	-2099.71	0
40700	-1251.66	-2067.34	0
40800	-1258.65	-2085.99	0
40900	-1265.92	-2136.9	0
41000	-1256.57	-2114.99	0
41100	-1257.39	-2097.56	0
41200	-1251.19	-2082.49	0
41300	-1248.76	-2055.9	0
41400	-1255.69	-2070.37	0
41500	-1256.77	-2084.79	0
41600	-1256.54	-2090.53	0
41700	-1258.8	-2096.86	0
41800	-1258.96	-2111.4	0
41900	-1255.64	-2088.3	0
42000	-1256.78	-2078.41	0
42100	-1246.96	-2066.2	0
42200	-1246.53	-2075.23	0
42300	-1252.81	-2078.36	0
42400	-1250.57	-2090.66	0
42500	-1252.84	-2102.29	0
42600	-1255.87	-2103.22	0
42700	-1252.77	-2099.7	0
42800	-1251.66	-2092.49	0
42900	-1254.93	-2097.8	0
43000	-1252.23	-2094.54	0
43100	-1251.71	-2086.44	0
43200	-1254.1	-2095.08	0
43300	-1252.12	-2098.4	0
43400	-1254.5	-2100	0
43500	-1253.43	-2096.03	0
43600	-1249.76	-2091.78	0
43700	-1252.91	-2092.77	0
43800	-1249.56	-2083.59	0
43900	-1250.64	-2088.57	0
44000	-1249.95	-2085.92	0
44100	-1251.63	-2095.03	0
44200	-1251.66	-2100.46	0
44300	-1252.13	-2102.83	0
44400	-1255.06	-2105.85	0
44500	-1250.02	-2093.93	0
44600	-1250.29	-2092.62	0
44700	-1246.77	-2081.58	0
44800	-1250.41	-2089.22	0
44900	-1251.99	-2102.3	0
45000	-1251.65	-2098.13	0
45100	-1255.2	-2110.76	0
45200	-1249.52	-2093.51	0
45300	-1250.06	-2094.17	0
45400	-1249.71	-2089.52	0
45500	-1250.7	-2095.53	0
45600	-1250.81	-2100.74	0
45700	-1253.07	-2107.71	0
45800	-1251.83	-2101.97	0
45900	-1251.82	-2101.86	0
46000	-1250.16	-2096.2	0
46100	-1251.65	-2097.56	0
46200	-1251.71	-2099.56	0
46300	-1249.79	-2096.37	0
46400	-1251.25	-2103.32	0
46500	-1251.18	-2100.24	0
46600	-1251.63	-2100.35	0
46700	-1249.69	-2096.72	0
46800	-1250.94	-2097.98	0
46900	-1250.65	-2096.71	0
47000	-1250.43	-2102.78	0
47100	-1251.03	-2100.3	0
47200	-1251.71	-2104.33	0
47300	-1250.04	-2100.04	0
47400	-1251.37	-2102.28	0
47500	-1251.44	-2100.88	0
47600	-1248.44	-2096.93	0
47700	-1250.56	-2096.82	0
47800	-1251.23	-2101.79	0
47900	-1249.01	-2096.94	0
48000	-1251.11	-2099.34	0
48100	-1249.93	-2098.93	0
48200	-1250.35	-2098.58	0
48300	-1251.4	-2099.01	0
48400	-1249.19	-2096.08	0
48500	-1250.64	-2099.82	0
48600	-1251.17	-2100.54	0
48700	-1249.63	-2098.08	0
48800	-1252.05	-2105.89	0
48900	-1250.11	-2097.35	0
49000	-1250.83	-2099.45	0
49100	-1249.96	-2096.81	0
49200	-1250.54	-2099.59	0
49300	-1250.41	-2099.97	0
49400	-1250.86	-2098.03	0
49500	-1249.38	-2094.84	0
49600	-1249.65	-2094.18	0
49700	-1250.02	-2096.29	0
49800	-1250.54	-2099.41	0
49900	-1250.71	-2100.17	0
50000	-1250.08	-2098.89	0
