0	0	0	0
10	-1.29579e-09	-9.81	0
20	-5.44815e-08	-9.80999	0
30	-4.44249e-07	-9.80991	0
40	-1.9265e-06	-9.80951	0
50	-5.94828e-06	-9.80812	0
60	-1.48362e-05	-9.80449	0
70	-3.19403e-05	-9.79641	0
80	-6.17199e-05	-9.78059	0
90	-0.000109756	-9.7524	0
100	-0.00018268	-9.70585	0
110	-0.000288004	-9.63361	0
120	-0.000433849	-9.52724	0
130	-0.000628575	-9.37748	0
140	-0.000880314	-9.17478	0
150	-0.00119642	-8.90989	0
160	-0.0015829	-8.57456	0
170	-0.00204376	-8.16227	0
180	-0.00258046	-7.66896	0
190	-0.0031914	-7.0937	0
200	-0.00387149	-6.43919	0
210	-0.00461199	-5.71216	0
220	-0.00540044	-4.92344	0
230	-0.00622088	-4.08787	0
240	-0.00705434	-3.2239	0
250	-0.00787951	-2.35294	0
260	-0.00867367	-1.49841	0
270	-0.00941384	-0.684711	0
280	-0.0100779	0.0640781	0
290	-0.010646	0.725471	0
300	-0.0111017	1.27988	0
310	-0.011433	1.71179	0
320	-0.0116336	2.01082	0
330	-0.0117028	2.17243	0
340	-0.0116467	2.19838	0
350	-0.0114774	2.09686	0
360	-0.0112128	1.88216	0
370	-0.0108757	1.57409	0
380	-0.0104925	1.19695	0
390	-0.0100922	0.778321	0
400	-0.00970414	0.34758	0
410	-0.00935714	-0.0656696	0
420	-0.00907735	-0.433194	0
430	-0.00888724	-0.729648	0
440	-0.00880455	-0.93391	0
450	-0.00884175	-1.03015	0
460	-0.00900681	-1.00858	0
470	-0.00930361	-0.865773	0
480	-0.00973033	-0.604643	0
490	-0.0102811	-0.233968	0
500	-0.0109491	0.232413	0
510	-0.0117288	0.776721	0
520	-0.0126141	1.37859	0
530	-0.013602	2.01651	0
540	-0.0146934	2.66937	0
550	-0.0158928	3.31775	0
560	-0.0172108	3.94526	0
570	-0.0186617	4.53944	0
580	-0.0203054	5.09242	0
590	-0.0221211	5.60184	0
600	-0.0241478	6.06919	0
610	-0.0253321	6.50066	0
620	-0.0292259	6.90587	0
630	-0.0301788	7.29684	0
640	-0.0313544	7.68564	0
650	-0.0340277	8.09104	0
660	-0.0363885	8.52285	0
670	-0.0381485	8.98015	0
680	-0.0388397	9.45533	0
690	-0.0380006	9.9326	0
700	-0.0351674	10.3919	0
710	-0.0299392	10.8154	0
720	-0.0220093	11.184	0
730	-0.0112163	11.4783	0
740	0.00236643	11.6805	0
750	0.018384	11.7762	0
760	0.0362044	11.7557	0
770	0.0549755	11.6152	0
780	0.0736771	11.3567	0
790	0.0907957	10.9899	0
800	0.104844	10.5311	0
810	0.115669	9.99866	0
820	0.122641	9.41714	0
830	0.122188	8.81629	0
840	0.115894	8.22448	0
850	0.105734	7.66767	0
860	0.0920818	7.17057	0
870	0.0711811	6.76205	0
880	0.0487311	6.45904	0
890	0.0235666	6.25244	0
900	-0.00734929	6.14106	0
910	-0.0435138	6.10666	0
920	-0.0837516	6.12412	0
930	-0.117202	6.18125	0
940	-0.141468	6.25532	0
950	-0.155911	6.31383	0
960	-0.159586	6.3284	0
970	-0.152127	6.27261	0
980	-0.133865	6.12358	0
990	-0.10578	5.86371	0
1000	-0.0694533	5.48195	0
1010	-0.0269784	4.97494	0
1020	0.0191612	4.34749	0
1030	0.0662319	3.61246	0
1040	0.111414	2.79019	0
1050	0.151975	1.90737	0
1060	0.185445	0.995546	0
1070	0.209776	0.0891335	0
1080	0.223479	-0.776642	0
1090	0.225725	-1.56797	0
1100	0.216399	-2.2545	0
1110	0.196128	-2.81112	0
1120	0.166254	-3.21942	0
1130	0.130034	-3.46446	0
1140	0.0942973	-3.5242	0
1150	0.0601984	-3.4033	0
1160	0.0271933	-3.13955	0
1170	-0.00213727	-2.75598	0
1180	-0.0254918	-2.28114	0
1190	-0.040385	-1.74737	0
1200	-0.0431943	-1.18722	0
1210	-0.0320932	-0.623562	0
1220	-0.00471786	-0.0863499	0
1230	0.0223364	0.297842	0
1240	0.0325242	0.519621	0
1250	0.0474864	0.604049	0
1260	0.0658125	0.533966	0
1270	0.0898015	0.199516	0
1280	0.118009	-0.452175	0
1290	0.138446	-1.27951	0
1300	0.140285	-2.26005	0
1310	0.135233	-3.31146	0
1320	0.130897	-4.31834	0
1330	0.12793	-5.27481	0
1340	0.134322	-6.08022	0
1350	0.145235	-6.7209	0
1360	0.151005	-7.28361	0
1370	0.153661	-7.75281	0
1380	0.154137	-8.15585	0
1390	0.147492	-8.50561	0
1400	0.1302	-8.80797	0
1410	0.0983919	-9.10794	0
1420	0.0658356	-9.2981	0
1430	0.0291787	-9.53784	0
1440	0.0010155	-9.81109	0
1450	-0.0350129	-10.0118	0
1460	-0.0694945	-10.1605	0
1470	-0.0853204	-10.1402	0
1480	-0.101931	-10.0837	0
1490	-0.11071	-10.0557	0
1500	-0.119272	-9.95458	0
1510	-0.119229	-9.84105	0
1520	-0.123309	-9.75201	0
1530	-0.126267	-9.64414	0
1540	-0.133567	-9.52229	0
1550	-0.144118	-9.29858	0
1560	-0.163734	-8.97569	0
1570	-0.189736	-8.54077	0
1580	-0.228962	-7.98965	0
1590	-0.278539	-7.39157	0
1600	-0.343644	-6.79789	0
1610	-0.415535	-6.24747	0
1620	-0.491993	-5.73969	0
1630	-0.568596	-5.33547	0
1640	-0.638818	-5.08774	0
1650	-0.686266	-4.99099	0
1660	-0.707597	-5.02891	0
1670	-0.694371	-5.15815	0
1680	-0.647354	-5.35498	0
1690	-0.567081	-5.57467	0
1700	-0.457002	-5.76842	0
1710	-0.322118	-5.89595	0
1720	-0.169991	-5.92184	0
1730	-0.00850244	-5.82373	0
1740	0.154182	-5.58252	0
1750	0.309158	-5.20192	0
1760	0.448395	-4.6899	0
1770	0.564644	-4.07301	0
1780	0.652762	-3.41767	0
1790	0.708005	-2.71897	0
1800	0.729686	-2.00572	0
1810	0.717803	-1.3055	0
1820	0.674999	-0.627669	0
1830	0.605416	0.00302494	0
1840	0.515262	0.569193	0
1850	0.411232	1.06818	0
1860	0.300095	1.51098	0
1870	0.188253	1.89097	0
1880	0.0827798	2.21992	0
1890	-0.0120621	2.51401	0
1900	-0.0917551	2.79168	0
1910	-0.154215	3.07357	0
1920	-0.199078	3.37778	0
1930	-0.224781	3.71421	0
1940	-0.242301	4.09018	0
1950	-0.247522	4.50794	0
1960	-0.23955	4.9617	0
1970	-0.23929	5.44301	0
1980	-0.241686	5.93323	0
1990	-0.243588	6.40819	0
2000	-0.282527	6.78388	0
2010	-0.343852	7.04905	0
2020	-0.39832	7.26936	0
2030	-0.424657	7.38894	0
2040	-0.444349	7.45097	0
2050	-0.450347	7.48734	0
2060	-0.445451	7.49627	0
2070	-0.425919	7.48052	0
2080	-0.381126	7.44079	0
2090	-0.311682	7.39497	0
2100	-0.214758	7.33727	0
2110	-0.104064	7.27384	0
2120	0.0305847	7.22341	0
2130	0.17635	7.19767	0
2140	0.328157	7.21643	0
2150	0.477614	7.28521	0
2160	0.620443	7.41396	0
2170	0.747091	7.59703	0
2180	0.852765	7.82734	0
2190	0.929251	8.0926	0
2200	0.971821	8.37341	0
2210	0.976831	8.6487	0
2220	0.943973	8.89383	0
2230	0.870584	9.08256	0
2240	0.760156	9.19308	0
2250	0.61494	9.20404	0
2260	0.441459	9.10088	0
2270	0.246983	8.8787	0
2280	0.0399617	8.53397	0
2290	-0.17016	8.07184	0
2300	-0.367493	7.52073	0
2310	-0.529542	6.98134	0
2320	-0.666054	6.38426	0
2330	-0.75992	5.75981	0
2340	-0.812174	5.11978	0
2350	-0.822688	4.4762	0
2360	-0.802276	3.8114	0
2370	-0.752568	3.14246	0
2380	-0.676583	2.487	0
2390	-0.57857	1.86202	0
2400	-0.463737	1.2836	0
2410	-0.338002	0.766443	0
2420	-0.20759	0.323552	0
2430	-0.0787297	-0.0344711	0
2440	0.0426821	-0.30016	0
2450	0.151394	-0.469105	0
2460	0.243079	-0.540242	0
2470	0.314577	-0.516331	0
2480	0.364034	-0.404598	0
2490	0.390006	-0.219429	0
2500	0.392633	0.0229209	0
2510	0.375119	0.308112	0
2520	0.340088	0.611193	0
2530	0.289395	0.898897	0
2540	0.226279	1.13946	0
2550	0.153054	1.29151	0
2560	0.076844	1.32458	0
2570	0.00451873	1.2474	0
2580	-0.0569344	1.05489	0
2590	-0.108051	0.7233	0
2600	-0.143836	0.259388	0
2610	-0.165255	-0.357431	0
2620	-0.179731	-1.17048	0
2630	-0.177581	-2.16773	0
2640	-0.149495	-3.23031	0
2650	-0.0942313	-4.36729	0
2660	-0.0184221	-5.50127	0
2670	0.0663059	-6.55207	0
2680	0.153737	-7.49861	0
2690	0.241982	-8.30059	0
2700	0.325537	-8.91869	0
2710	0.403361	-9.40192	0
2720	0.461224	-9.68774	0
2730	0.491848	-9.74336	0
2740	0.50058	-9.59076	0
2750	0.483268	-9.27905	0
2760	0.440151	-8.79045	0
2770	0.366326	-8.2942	0
2780	0.290082	-7.76132	0
2790	0.203057	-7.16273	0
2800	0.110956	-6.4737	0
2810	0.0128693	-5.78086	0
2820	-0.083768	-5.10659	0
2830	-0.175528	-4.46948	0
2840	-0.262466	-3.90493	0
2850	-0.335588	-3.43317	0
2860	-0.396854	-3.11006	0
2870	-0.443144	-2.88686	0
2880	-0.481969	-2.72145	0
2890	-0.513978	-2.60699	0
2900	-0.534475	-2.56746	0
2910	-0.542317	-2.6058	0
2920	-0.534205	-2.70637	0
2930	-0.50586	-2.85527	0
2940	-0.458067	-3.04435	0
2950	-0.390798	-3.26822	0
2960	-0.307875	-3.51047	0
2970	-0.214592	-3.75384	0
2980	-0.116505	-3.97773	0
2990	-0.0205823	-4.16693	0
3000	0.0677624	-4.30372	0
3010	0.141475	-4.3842	0
3020	0.19977	-4.39435	0
3030	0.234754	-4.34087	0
3040	0.248318	-4.22113	0
3050	0.238814	-4.04163	0
3060	0.206995	-3.81766	0
3070	0.154476	-3.56177	0
3080	0.0933369	-3.27081	0
3090	0.0194804	-2.95308	0
3100	-0.0586294	-2.63147	0
3110	-0.138289	-2.31361	0
3120	-0.213042	-2.00888	0
3130	-0.278269	-1.73052	0
3140	-0.329973	-1.47521	0
3150	-0.367155	-1.23408	0
3160	-0.386848	-1.0118	0
3170	-0.380585	-0.812752	0
3180	-0.341825	-0.606483	0
3190	-0.289003	-0.424959	0
3200	-0.223954	-0.25758	0
3210	-0.143698	-0.0974457	0
3220	-0.0548595	0.0615468	0
3230	0.0361073	0.232619	0
3240	0.129742	0.425759	0
3250	0.218289	0.640418	0
3260	0.297863	0.876694	0
3270	0.368058	1.13407	0
3280	0.423046	1.41191	0
3290	0.458672	1.70061	0
3300	0.474035	1.99637	0
3310	0.469359	2.28343	0
3320	0.449834	2.55947	0
3330	0.407813	2.81894	0
3340	0.352794	3.04161	0
3350	0.290424	3.25458	0
3360	0.228651	3.44852	0
3370	0.164242	3.59513	0
3380	0.0871307	3.67604	0
3390	0.022396	3.70012	0
3400	-0.0294569	3.60524	0
3410	-0.0706864	3.44189	0
3420	-0.0968123	3.26644	0
3430	-0.123634	3.08679	0
3440	-0.136801	2.92886	0
3450	-0.142806	2.79895	0
3460	-0.126427	2.73904	0
3470	-0.111935	2.76344	0
3480	-0.0816924	2.87318	0
3490	-0.0475779	3.0676	0
3500	-0.0157293	3.33802	0
3510	0.030345	3.67631	0
3520	0.073763	4.05513	0
3530	0.109492	4.45305	0
3540	0.141511	4.84789	0
3550	0.168884	5.21101	0
3560	0.187538	5.51456	0
3570	0.194648	5.7358	0
3580	0.194414	5.8522	0
3590	0.183041	5.85341	0
3600	0.166752	5.72465	0
3610	0.14054	5.45523	0
3620	0.113668	5.06479	0
3630	0.0867519	4.56486	0
3640	0.0573833	3.98106	0
3650	0.0295605	3.34064	0
3660	0.0058987	2.66753	0
3670	-0.0118508	2.00244	0
3680	-0.0252746	1.37133	0
3690	-0.0354658	0.808265	0
3700	-0.0269971	0.339974	0
3710	-0.0193133	-0.0222905	0
3720	-0.00274628	-0.259294	0
3730	0.0169096	-0.370572	0
3740	0.0385009	-0.357078	0
3750	0.061604	-0.228509	0
3760	0.0828777	-0.00183736	0
3770	0.0999808	0.296681	0
3780	0.113425	0.642259	0
3790	0.119737	0.991481	0
3800	0.118797	1.32046	0
3810	0.113548	1.61635	0
3820	0.0930741	1.83752	0
3830	0.0694627	1.95567	0
3840	0.040808	1.99151	0
3850	0.00952823	1.91822	0
3860	-0.0232202	1.75165	0
3870	-0.0548514	1.51947	0
3880	-0.0852129	1.17986	0
3890	-0.110863	0.7994	0
3900	-0.129418	0.398745	0
3910	-0.143117	0.0156354	0
3920	-0.156394	-0.362608	0
3930	-0.164237	-0.689065	0
3940	-0.164334	-0.944794	0
3950	-0.15884	-1.1265	0
3960	-0.148824	-1.23574	0
3970	-0.135521	-1.26324	0
3980	-0.120526	-1.24115	0
3990	-0.105599	-1.14823	0
4000	-0.0924517	-1.03622	0
4010	-0.083294	-0.902946	0
4020	-0.078573	-0.773649	0
4030	-0.0764039	-0.697534	0
4040	-0.0796997	-0.64912	0
4050	-0.0874755	-0.645637	0
4060	-0.0975926	-0.706091	0
4070	-0.111199	-0.819471	0
4080	-0.12535	-0.99777	0
4090	-0.139443	-1.23438	0
4100	-0.15098	-1.49739	0
4110	-0.163681	-1.77582	0
4120	-0.170515	-2.03953	0
4130	-0.172867	-2.28232	0
4140	-0.169164	-2.48602	0
4150	-0.158582	-2.63493	0
4160	-0.140926	-2.71982	0
4170	-0.118354	-2.73149	0
4180	-0.0895251	-2.66427	0
4190	-0.0572131	-2.52564	0
4200	-0.0231669	-2.32474	0
4210	0.00976017	-2.07652	0
4220	0.0388559	-1.7981	0
4230	0.0631374	-1.5101	0
4240	0.0808079	-1.23573	0
4250	0.0911289	-0.99363	0
4260	0.0904482	-0.86946	0
4270	0.0797135	-0.806625	0
4280	0.0683079	-0.788314	0
4290	0.0579494	-0.808035	0
4300	0.0527208	-0.844215	0
4310	0.0533848	-0.894822	0
4320	0.0557322	-0.941468	0
4330	0.0598421	-0.969236	0
4340	0.069964	-0.977175	0
4350	0.0814954	-0.948496	0
4360	0.0974384	-0.883135	0
4370	0.120685	-0.804448	0
4380	0.149309	-0.69011	0
4390	0.178944	-0.557483	0
4400	0.202809	-0.413194	0
4410	0.221209	-0.276169	0
4420	0.228451	-0.174038	0
4430	0.226171	-0.117136	0
4440	0.211762	-0.121405	0
4450	0.185267	-0.192382	0
4460	0.144746	-0.336323	0
4470	0.0951858	-0.547696	0
4480	0.0357835	-0.813414	0
4490	-0.0323482	-1.1307	0
4500	-0.106172	-1.4697	0
4510	-0.179994	-1.81786	0
4520	-0.251459	-2.15144	0
4530	-0.318656	-2.44664	0
4540	-0.373467	-2.68281	0
4550	-0.416353	-2.84841	0
4560	-0.446566	-2.91348	0
4570	-0.482304	-2.88131	0
4580	-0.500456	-2.75212	0
4590	-0.502997	-2.52921	0
4600	-0.483994	-2.2097	0
4610	-0.443394	-1.83121	0
4620	-0.388827	-1.42542	0
4630	-0.32075	-1.00415	0
4640	-0.24186	-0.589468	0
4650	-0.157393	-0.196931	0
4660	-0.070577	0.155301	0
4670	0.0119132	0.474072	0
4680	0.0891234	0.729114	0
4690	0.158533	0.928796	0
4700	0.217165	1.0628	0
4710	0.265269	1.14437	0
4720	0.300248	1.19181	0
4730	0.324533	1.21173	0
4740	0.336972	1.21791	0
4750	0.338065	1.21607	0
4760	0.328959	1.22078	0
4770	0.312299	1.23034	0
4780	0.287507	1.24197	0
4790	0.254679	1.26734	0
4800	0.229202	1.33193	0
4810	0.201285	1.39762	0
4820	0.185213	1.41214	0
4830	0.18061	1.35029	0
4840	0.184977	1.23769	0
4850	0.197271	1.07759	0
4860	0.213015	0.88592	0
4870	0.234907	0.680253	0
4880	0.259406	0.448879	0
4890	0.287098	0.210811	0
4900	0.313962	-0.021134	0
4910	0.343582	-0.236672	0
4920	0.368945	-0.430547	0
4930	0.393082	-0.581911	0
4940	0.412304	-0.697395	0
4950	0.419354	-0.760985	0
4960	0.423654	-0.781665	0
4970	0.422718	-0.746117	0
4980	0.416133	-0.682062	0
4990	0.408321	-0.574697	0
5000	0.393549	-0.495337	0
5010	0.384703	-0.4368	0
5020	0.368085	-0.369905	0
5030	0.347601	-0.312591	0
5040	0.320905	-0.243568	0
5050	0.300434	-0.141551	0
5060	0.261631	-0.0326199	0
5070	0.23217	0.069917	0
5080	0.200104	0.209322	0
5090	0.158792	0.348381	0
5100	0.113117	0.538301	0
5110	0.0691722	0.694662	0
5120	0.0260208	0.874792	0
5130	-0.018858	1.04716	0
5140	-0.0632954	1.22935	0
5150	-0.11216	1.40048	0
5160	-0.154002	1.53735	0
5170	-0.208666	1.64019	0
5180	-0.253018	1.69876	0
5190	-0.30671	1.71957	0
5200	-0.3477	1.68213	0
5210	-0.40291	1.56799	0
5220	-0.448101	1.40353	0
5230	-0.487922	1.17154	0
5240	-0.525631	0.864762	0
5250	-0.559389	0.481462	0
5260	-0.587105	0.0183536	0
5270	-0.607434	-0.517255	0
5280	-0.619091	-1.10872	0
5290	-0.624254	-1.74803	0
5300	-0.61603	-2.39251	0
5310	-0.598841	-3.05205	0
5320	-0.570931	-3.67822	0
5330	-0.533567	-4.23017	0
5340	-0.481832	-4.71795	0
5350	-0.42824	-5.08078	0
5360	-0.365181	-5.32078	0
5370	-0.295592	-5.399	0
5380	-0.224667	-5.31517	0
5390	-0.151331	-5.06464	0
5400	-0.0754788	-4.64642	0
5410	-0.00224006	-4.06346	0
5420	0.0674852	-3.32632	0
5430	0.128878	-2.4466	0
5440	0.171138	-1.4547	0
5450	0.203453	-0.381229	0
5460	0.226159	0.740124	0
5470	0.230077	1.86666	0
5480	0.211197	2.95901	0
5490	0.186738	3.96254	0
5500	0.142476	4.787	0
5510	0.0993328	5.34096	0
5520	0.0423663	5.72603	0
5530	-0.0164441	5.95149	0
5540	-0.079861	5.99794	0
5550	-0.142083	5.90937	0
5560	-0.200573	5.69883	0
5570	-0.247776	5.38136	0
5580	-0.283011	4.97685	0
5590	-0.303906	4.48698	0
5600	-0.311909	3.92698	0
5610	-0.302178	3.31762	0
5620	-0.275559	2.67982	0
5630	-0.238753	2.02092	0
5640	-0.187433	1.38444	0
5650	-0.121402	0.789795	0
5660	-0.046313	0.275191	0
5670	0.0354366	-0.131932	0
5680	0.115665	-0.437121	0
5690	0.193816	-0.65942	0
5700	0.267801	-0.783698	0
5710	0.329327	-0.760132	0
5720	0.385114	-0.597036	0
5730	0.425942	-0.307118	0
5740	0.452436	0.0969718	0
5750	0.462281	0.603049	0
5760	0.465669	1.16488	0
5770	0.449127	1.74212	0
5780	0.420689	2.292	0
5790	0.381637	2.74042	0
5800	0.33085	3.07574	0
5810	0.275277	3.2519	0
5820	0.219829	3.29256	0
5830	0.161955	3.15681	0
5840	0.102598	2.86309	0
5850	0.0400708	2.42031	0
5860	-0.0227326	1.86799	0
5870	-0.0978205	1.22811	0
5880	-0.163287	0.548705	0
5890	-0.223463	-0.158027	0
5900	-0.275291	-0.861927	0
5910	-0.312241	-1.49832	0
5920	-0.336593	-2.05395	0
5930	-0.357788	-2.49144	0
5940	-0.365975	-2.7909	0
5950	-0.365904	-2.94084	0
5960	-0.353023	-2.92666	0
5970	-0.331127	-2.75386	0
5980	-0.302463	-2.42784	0
5990	-0.265833	-1.97999	0
6000	-0.222049	-1.43559	0
6010	-0.176255	-0.833317	0
6020	-0.129345	-0.211293	0
6030	-0.0857273	0.3865	0
6040	-0.0447473	0.926751	0
6050	-0.0101605	1.36838	0
6060	0.0178563	1.6974	0
6070	0.0344538	1.88921	0
6080	0.041806	1.93312	0
6090	0.039613	1.82217	0
6100	0.0297483	1.56546	0
6110	0.0192157	1.22863	0
6120	0.0102512	0.813035	0
6130	-0.00525117	0.360235	0
6140	-0.0103533	-0.107525	0
6150	-0.00605952	-0.544408	0
6160	0.00544033	-0.926123	0
6170	0.0322823	-1.23595	0
6180	0.073408	-1.44831	0
6190	0.123537	-1.55924	0
6200	0.190036	-1.57786	0
6210	0.254113	-1.50211	0
6220	0.324058	-1.35929	0
6230	0.395773	-1.16135	0
6240	0.464334	-0.929196	0
6250	0.526934	-0.693744	0
6260	0.574854	-0.472904	0
6270	0.613664	-0.295084	0
6280	0.626145	-0.180857	0
6290	0.614616	-0.139036	0
6300	0.581692	-0.180357	0
6310	0.518637	-0.294704	0
6320	0.435385	-0.488206	0
6330	0.321243	-0.709501	0
6340	0.187402	-0.915695	0
6350	0.0455146	-1.16016	0
6360	-0.116432	-1.41465	0
6370	-0.27707	-1.6651	0
6380	-0.436847	-1.8853	0
6390	-0.583074	-2.06824	0
6400	-0.70969	-2.19709	0
6410	-0.811791	-2.26332	0
6420	-0.876709	-2.26596	0
6430	-0.902956	-2.19312	0
6440	-0.8869	-2.03809	0
6450	-0.831579	-1.81303	0
6460	-0.744262	-1.53249	0
6470	-0.625049	-1.22104	0
6480	-0.484299	-0.895041	0
6490	-0.328569	-0.575622	0
6500	-0.165218	-0.286051	0
6510	-0.00488356	-0.0428569	0
6520	0.140327	0.141328	0
6530	0.255551	0.251771	0
6540	0.345556	0.286742	0
6550	0.407142	0.249292	0
6560	0.436315	0.138395	0
6570	0.436057	-0.0177678	0
6580	0.414697	-0.198081	0
6590	0.365691	-0.38368	0
6600	0.300769	-0.566647	0
6610	0.223662	-0.733219	0
6620	0.140342	-0.870963	0
6630	0.0607419	-0.951809	0
6640	-0.0151369	-0.972397	0
6650	-0.0800799	-0.978967	0
6660	-0.136781	-0.940031	0
6670	-0.180211	-0.836594	0
6680	-0.208728	-0.70453	0
6690	-0.22366	-0.538021	0
6700	-0.223692	-0.353024	0
6710	-0.209671	-0.180508	0
6720	-0.182952	-0.0398114	0
6730	-0.140799	0.0874918	0
6740	-0.091545	0.201681	0
6750	-0.0358363	0.296775	0
6760	0.0207293	0.370452	0
6770	0.0743128	0.429419	0
6780	0.12661	0.491426	0
6790	0.169381	0.559211	0
6800	0.203497	0.637517	0
6810	0.227021	0.725945	0
6820	0.233643	0.826485	0
6830	0.232672	0.936785	0
6840	0.220013	1.06839	0
6850	0.194355	1.21197	0
6860	0.17632	1.40585	0
6870	0.15271	1.57687	0
6880	0.124419	1.71032	0
6890	0.0941448	1.77941	0
6900	0.065452	1.76003	0
6910	0.0402804	1.6259	0
6920	0.0236295	1.40244	0
6930	0.00761035	1.06875	0
6940	-0.00737134	0.646122	0
6950	-0.0160373	0.146742	0
6960	-0.0156248	-0.435768	0
6970	-0.0148172	-1.06151	0
6980	-0.00855477	-1.67245	0
6990	-0.00103278	-2.2509	0
7000	0.00865844	-2.75042	0
7010	0.0155409	-3.15055	0
7020	0.0247625	-3.42321	0
7030	0.0257329	-3.55033	0
7040	0.0288804	-3.52071	0
7050	0.0257292	-3.34087	0
7060	0.0186136	-3.02904	0
7070	0.0121876	-2.62981	0
7080	0.00410223	-2.13759	0
7090	-0.00472208	-1.58962	0
7100	-0.0132971	-1.0195	0
7110	-0.0213328	-0.467254	0
7120	-0.0268678	0.0383078	0
7130	-0.0277604	0.456058	0
7140	-0.0236662	0.762014	0
7150	-0.0124821	0.941052	0
7160	0.00522884	1.014	0
7170	0.0299637	1.00438	0
7180	0.0577049	0.91793	0
7190	0.0856864	0.782577	0
7200	0.116319	0.637715	0
7210	0.139178	0.499499	0
7220	0.156945	0.398708	0
7230	0.165896	0.356431	0
7240	0.16704	0.406347	0
7250	0.155226	0.545476	0
7260	0.133898	0.77552	0
7270	0.096532	1.08898	0
7280	0.0518899	1.47455	0
7290	-0.0051522	1.88174	0
7300	-0.0657462	2.30206	0
7310	-0.130712	2.7189	0
7320	-0.18801	3.09386	0
7330	-0.24381	3.3888	0
7340	-0.298876	3.56644	0
7350	-0.345663	3.60549	0
7360	-0.382501	3.50429	0
7370	-0.405873	3.27639	0
7380	-0.413179	2.9276	0
7390	-0.404455	2.47767	0
7400	-0.379565	1.94772	0
7410	-0.346731	1.3715	0
7420	-0.306149	0.768864	0
7430	-0.25667	0.176144	0
7440	-0.199707	-0.370152	0
7450	-0.146172	-0.84752	0
7460	-0.0978942	-1.23095	0
7470	-0.0525974	-1.49523	0
7480	-0.00837635	-1.62273	0
7490	0.0354041	-1.63506	0
7500	0.0699499	-1.53978	0
7510	0.0961535	-1.32525	0
7520	0.117519	-1.03679	0
7530	0.13094	-0.72951	0
7540	0.143804	-0.3836	0
7550	0.143328	0.00639257	0
7560	0.144005	0.409107	0
7570	0.142121	0.799637	0
7580	0.13597	1.17257	0
7590	0.132271	1.49979	0
7600	0.129473	1.77499	0
7610	0.127641	1.98919	0
7620	0.12694	2.12689	0
7630	0.128679	2.20376	0
7640	0.129299	2.20921	0
7650	0.13156	2.14795	0
7660	0.136434	2.02097	0
7670	0.140349	1.84699	0
7680	0.153336	1.63695	0
7690	0.158814	1.36316	0
7700	0.172356	1.06454	0
7710	0.179897	0.72496	0
7720	0.182068	0.377255	0
7730	0.183987	0.0391896	0
7740	0.178111	-0.300431	0
7750	0.163219	-0.62316	0
7760	0.147053	-0.909357	0
7770	0.119928	-1.18969	0
7780	0.0880436	-1.39317	0
7790	0.0493481	-1.56635	0
7800	0.00583123	-1.67247	0
7810	-0.0530255	-1.73959	0
7820	-0.104622	-1.76193	0
7830	-0.161846	-1.75315	0
7840	-0.224341	-1.69546	0
7850	-0.279339	-1.60137	0
7860	-0.335479	-1.48885	0
7870	-0.384052	-1.35095	0
7880	-0.424549	-1.20644	0
7890	-0.454292	-1.03227	0
7900	-0.477684	-0.837812	0
7910	-0.491129	-0.615432	0
7920	-0.497493	-0.390315	0
7930	-0.488667	-0.154648	0
7940	-0.46263	0.0845147	0
7950	-0.421989	0.287919	0
7960	-0.364195	0.466873	0
7970	-0.296465	0.611764	0
7980	-0.212275	0.715034	0
7990	-0.118375	0.775337	0
8000	-0.0148959	0.78864	0
8010	0.100045	0.745604	0
8020	0.210076	0.648522	0
8030	0.307128	0.519338	0
8040	0.394895	0.364902	0
8050	0.46798	0.192383	0
8060	0.525549	0.0148281	0
8070	0.562891	-0.153547	0
8080	0.583714	-0.325333	0
8090	0.587812	-0.46842	0
8100	0.57328	-0.578045	0
8110	0.540961	-0.626759	0
8120	0.496201	-0.630646	0
8130	0.436307	-0.595575	0
8140	0.361546	-0.528748	0
8150	0.277513	-0.443064	0
8160	0.186406	-0.345063	0
8170	0.102776	-0.249717	0
8180	0.012276	-0.172413	0
8190	-0.0693691	-0.129712	0
8200	-0.135251	-0.12394	0
8210	-0.192553	-0.157837	0
8220	-0.238458	-0.230308	0
8230	-0.264868	-0.347945	0
8240	-0.286549	-0.504792	0
8250	-0.294988	-0.69889	0
8260	-0.291423	-0.921489	0
8270	-0.279534	-1.1543	0
8280	-0.268761	-1.33127	0
8290	-0.250872	-1.49887	0
8300	-0.227178	-1.65388	0
8310	-0.199377	-1.77619	0
8320	-0.168719	-1.85609	0
8330	-0.135677	-1.88288	0
8340	-0.102592	-1.85639	0
8350	-0.0691789	-1.7803	0
8360	-0.0381493	-1.66059	0
8370	-0.00933986	-1.50473	0
8380	0.0136528	-1.32939	0
8390	0.0340305	-1.14926	0
8400	0.0494593	-0.976326	0
8410	0.0582026	-0.829874	0
8420	0.0660658	-0.731975	0
8430	0.070177	-0.678458	0
8440	0.0706877	-0.669593	0
8450	0.0697561	-0.700083	0
8460	0.0680467	-0.761298	0
8470	0.0655098	-0.832348	0
8480	0.0538999	-0.899164	0
8490	0.0383451	-0.939705	0
8500	0.0341081	-0.938127	0
8510	0.0344537	-0.875497	0
8520	0.0383839	-0.74	0
8530	0.0404435	-0.533147	0
8540	0.0407095	-0.249515	0
8550	0.0385177	0.10539	0
8560	0.035525	0.534247	0
8570	0.0153296	1.01383	0
8580	-0.00907796	1.52487	0
8590	-0.0345317	2.04282	0
8600	-0.0602463	2.53467	0
8610	-0.0854156	2.97679	0
8620	-0.106913	3.30939	0
8630	-0.132613	3.53197	0
8640	-0.153914	3.66079	0
8650	-0.170621	3.70005	0
8660	-0.188383	3.64119	0
8670	-0.194965	3.49696	0
8680	-0.195964	3.27602	0
8690	-0.192308	2.99064	0
8700	-0.179096	2.6634	0
8710	-0.156541	2.30404	0
8720	-0.123077	1.93591	0
8730	-0.0810649	1.56693	0
8740	-0.031187	1.21145	0
8750	0.0252099	0.883092	0
8760	0.086292	0.590647	0
8770	0.151183	0.342228	0
8780	0.214359	0.120944	0
8790	0.269004	-0.0833624	0
8800	0.314225	-0.320832	0
8810	0.356767	-0.582598	0
8820	0.389353	-0.822184	0
8830	0.40778	-1.01964	0
8840	0.405726	-1.18346	0
8850	0.395562	-1.2873	0
8860	0.378544	-1.33931	0
8870	0.355475	-1.33954	0
8880	0.331472	-1.28635	0
8890	0.295349	-1.17016	0
8900	0.25889	-0.977635	0
8910	0.23318	-0.752882	0
8920	0.215431	-0.577892	0
8930	0.203232	-0.421514	0
8940	0.19403	-0.285163	0
8950	0.184797	-0.157514	0
8960	0.178471	-0.0223958	0
8970	0.176256	0.11713	0
8980	0.160943	0.264749	0
8990	0.152191	0.430574	0
9000	0.141033	0.578239	0
9010	0.127648	0.71785	0
9020	0.114958	0.834971	0
9030	0.109368	0.923177	0
9040	0.0980695	0.99101	0
9050	0.0799262	1.00391	0
9060	0.05808	0.993145	0
9070	0.0323057	0.947075	0
9080	-0.00346746	0.864515	0
9090	-0.0355674	0.74261	0
9100	-0.0722187	0.534925	0
9110	-0.0981397	0.298497	0
9120	-0.115984	0.000864682	0
9130	-0.132183	-0.343608	0
9140	-0.15219	-0.699865	0
9150	-0.165259	-1.07464	0
9160	-0.175056	-1.42428	0
9170	-0.182161	-1.78276	0
9180	-0.183164	-2.1007	0
9190	-0.179833	-2.36761	0
9200	-0.170158	-2.58994	0
9210	-0.159463	-2.74856	0
9220	-0.141436	-2.82811	0
9230	-0.120262	-2.84326	0
9240	-0.0961202	-2.76208	0
9250	-0.0702099	-2.57845	0
9260	-0.0388829	-2.30802	0
9270	-0.00919579	-1.96641	0
9280	0.0153744	-1.53527	0
9290	0.0397985	-1.07855	0
9300	0.0652605	-0.621361	0
9310	0.0937553	-0.194718	0
9320	0.118524	0.162334	0
9330	0.145246	0.44284	0
9340	0.158905	0.629634	0
9350	0.161537	0.714388	0
9360	0.155951	0.688538	0
9370	0.141912	0.566466	0
9380	0.099067	0.37001	0
9390	0.0429466	0.12041	0
9400	-0.0337708	-0.163823	0
9410	-0.136063	-0.432417	0
9420	-0.253269	-0.655165	0
9430	-0.387437	-0.818365	0
9440	-0.534895	-0.874476	0
9450	-0.67841	-0.826764	0
9460	-0.813636	-0.66682	0
9470	-0.928216	-0.405744	0
9480	-1.01984	-0.147794	0
9490	-1.06614	0.123501	0
9500	-1.06536	0.406466	0
9510	-1.01187	0.667807	0
9520	-0.904561	0.868987	0
9530	-0.751332	0.987259	0
9540	-0.552506	0.999427	0
9550	-0.318043	0.872375	0
9560	-0.0589975	0.586293	0
9570	0.213452	0.158772	0
9580	0.475241	-0.387379	0
9590	0.705772	-0.976222	0
9600	0.896557	-1.54951	0
9610	1.05346	-2.10502	0
9620	1.17441	-2.60491	0
9630	1.26267	-3.00151	0
9640	1.3037	-3.29584	0
9650	1.30278	-3.49506	0
9660	1.26097	-3.54747	0
9670	1.17359	-3.38221	0
9680	1.04001	-2.9851	0
9690	0.859409	-2.35574	0
9700	0.641712	-1.51524	0
9710	0.399317	-0.50234	0
9720	0.150939	0.532767	0
9730	-0.0938572	1.62247	0
9740	-0.328628	2.74398	0
9750	-0.54473	3.85583	0
9760	-0.743626	4.8757	0
9770	-0.886861	5.73329	0
9780	-0.991128	6.43967	0
9790	-1.06845	6.95841	0
9800	-1.11789	7.26455	0
9810	-1.1219	7.31302	0
9820	-1.09203	7.09308	0
9830	-1.02851	6.60384	0
9840	-0.950905	5.88162	0
9850	-0.842529	4.96135	0
9860	-0.710426	3.88724	0
9870	-0.561735	2.70646	0
9880	-0.399082	1.47899	0
9890	-0.232328	0.270199	0
9900	-0.0632555	-0.865524	0
9910	0.0951523	-1.89152	0
9920	0.247126	-2.73526	0
9930	0.385363	-3.33745	0
9940	0.490411	-3.61892	0
9950	0.580972	-3.75337	0
9960	0.648927	-3.71224	0
9970	0.692617	-3.4889	0
9980	0.699171	-3.06319	0
9990	0.688833	-2.40879	0
10000	0.647179	-1.60652	0
10010	0.595318	-0.733689	0
10020	0.526294	0.148589	0
10030	0.444367	0.991091	0
10040	0.354471	1.69191	0
10050	0.273588	2.18584	0
10060	0.214109	2.50886	0
10070	0.149071	2.69371	0
10080	0.0748667	2.74079	0
10090	0.0248696	2.69354	0
10100	-0.0132009	2.52737	0
10110	-0.0470487	2.22452	0
10120	-0.0730635	1.78042	0
10130	-0.0940062	1.20092	0
10140	-0.107103	0.519816	0
10150	-0.11326	-0.25066	0
10160	-0.108266	-1.04876	0
10170	-0.10088	-1.79431	0
10180	-0.0945481	-2.47277	0
10190	-0.0878843	-3.04325	0
10200	-0.0782913	-3.48879	0
10210	-0.0811313	-3.83053	0
10220	-0.0660282	-4.03408	0
10230	-0.0537443	-4.08596	0
10240	-0.0456892	-3.97824	0
10250	-0.0465362	-3.70605	0
10260	-0.0508639	-3.26102	0
10270	-0.0740106	-2.66572	0
10280	-0.109329	-2.00588	0
10290	-0.145168	-1.33395	0
10300	-0.194192	-0.62731	0
10310	-0.262001	0.0852617	0
10320	-0.2997	0.77609	0
10330	-0.352049	1.42618	0
10340	-0.425429	2.0034	0
10350	-0.444695	2.47983	0
10360	-0.491146	2.86015	0
10370	-0.470469	3.12819	0
10380	-0.460899	3.29838	0
10390	-0.413861	3.38534	0
10400	-0.355854	3.41413	0
10410	-0.279156	3.38412	0
10420	-0.177355	3.24109	0
10430	-0.0412558	3.02281	0
10440	0.112965	2.73641	0
10450	0.276106	2.38001	0
10460	0.443811	1.95442	0
10470	0.594766	1.49474	0
10480	0.728937	1.00853	0
10490	0.832631	0.531874	0
10500	0.897678	0.0843459	0
10510	0.925052	-0.317628	0
10520	0.912334	-0.660344	0
10530	0.851223	-0.938218	0
10540	0.744432	-1.15104	0
10550	0.602227	-1.29007	0
10560	0.425481	-1.3838	0
10570	0.238292	-1.41842	0
10580	0.0435359	-1.39544	0
10590	-0.150366	-1.34199	0
10600	-0.32537	-1.26376	0
10610	-0.433334	-1.0646	0
10620	-0.521018	-0.908371	0
10630	-0.566893	-0.80919	0
10640	-0.578734	-0.738842	0
10650	-0.549901	-0.723989	0
10660	-0.489423	-0.76873	0
10670	-0.404331	-0.869191	0
10680	-0.306166	-1.01575	0
10690	-0.223404	-1.20076	0
10700	-0.15541	-1.39386	0
10710	-0.104371	-1.57861	0
10720	-0.0777395	-1.75827	0
10730	-0.0694833	-1.93967	0
10740	-0.0794149	-2.12023	0
10750	-0.106093	-2.28694	0
10760	-0.149396	-2.44577	0
10770	-0.206282	-2.5851	0
10780	-0.275688	-2.70858	0
10790	-0.349041	-2.8148	0
10800	-0.418201	-2.89932	0
10810	-0.479353	-2.96133	0
10820	-0.511138	-2.99214	0
10830	-0.525288	-2.98967	0
10840	-0.534908	-2.95416	0
10850	-0.515959	-2.8683	0
10860	-0.465327	-2.71947	0
10870	-0.380344	-2.49307	0
10880	-0.267237	-2.18173	0
10890	-0.136045	-1.7804	0
10900	0.0200823	-1.29364	0
10910	0.191885	-0.729991	0
10920	0.368909	-0.10588	0
10930	0.547948	0.564759	0
10940	0.718514	1.24624	0
10950	0.873286	1.90562	0
10960	1.00272	2.5229	0
10970	1.10287	3.08584	0
10980	1.16004	3.56031	0
10990	1.17494	3.91479	0
11000	1.14101	4.13429	0
11010	1.06317	4.20936	0
11020	0.936597	4.13547	0
11030	0.766154	3.92425	0
11040	0.554864	3.66334	0
11050	0.320929	3.28392	0
11060	0.0756459	2.82406	0
11070	-0.169307	2.30105	0
11080	-0.399957	1.72876	0
11090	-0.602719	1.12169	0
11100	-0.767513	0.499219	0
11110	-0.883435	-0.114453	0
11120	-0.947338	-0.701168	0
11130	-0.955633	-1.23723	0
11140	-0.907346	-1.69659	0
11150	-0.807791	-2.0602	0
11160	-0.667296	-2.32044	0
11170	-0.497887	-2.47638	0
11180	-0.320931	-2.54363	0
11190	-0.147704	-2.53375	0
11200	0.0196149	-2.46231	0
11210	0.169024	-2.32955	0
11220	0.291976	-2.15372	0
11230	0.382224	-1.93718	0
11240	0.43655	-1.69779	0
11250	0.450742	-1.43699	0
11260	0.423558	-1.16272	0
11270	0.356862	-0.872035	0
11280	0.268541	-0.570667	0
11290	0.168549	-0.249683	0
11300	0.0636941	0.0907961	0
11310	-0.0333717	0.418523	0
11320	-0.11128	0.749367	0
11330	-0.172313	1.09494	0
11340	-0.210801	1.42335	0
11350	-0.214334	1.78252	0
11360	-0.22116	2.1709	0
11370	-0.21639	2.56431	0
11380	-0.20542	2.92674	0
11390	-0.184732	3.2281	0
11400	-0.158886	3.42961	0
11410	-0.129605	3.50329	0
11420	-0.107254	3.42366	0
11430	-0.0837743	3.20517	0
11440	-0.0533721	2.84912	0
11450	-0.0181077	2.35167	0
11460	0.0143165	1.74148	0
11470	0.0388408	1.01056	0
11480	0.0598552	0.201997	0
11490	0.0792835	-0.643193	0
11500	0.0969189	-1.46874	0
11510	0.112744	-2.2261	0
11520	0.12598	-2.87046	0
11530	0.137722	-3.35827	0
11540	0.160386	-3.64106	0
11550	0.167889	-3.71225	0
11560	0.172857	-3.57157	0
11570	0.179943	-3.2473	0
11580	0.18053	-2.77241	0
11590	0.177237	-2.13628	0
11600	0.167452	-1.37993	0
11610	0.153976	-0.542949	0
11620	0.135504	0.319785	0
11630	0.107328	1.10706	0
11640	0.0815108	1.77181	0
11650	0.050632	2.3433	0
11660	0.0200144	2.76362	0
11670	-0.0121865	3.08323	0
11680	-0.0474307	3.31144	0
11690	-0.084473	3.4517	0
11700	-0.122031	3.49632	0
11710	-0.157474	3.41373	0
11720	-0.186785	3.19795	0
11730	-0.208941	2.87293	0
11740	-0.22557	2.4603	0
11750	-0.229449	1.98811	0
11760	-0.216557	1.48709	0
11770	-0.187169	0.976544	0
11780	-0.140668	0.483595	0
11790	-0.080479	0.0186195	0
11800	-0.0101909	-0.409893	0
11810	0.0634826	-0.789792	0
11820	0.131971	-1.12386	0
11830	0.193699	-1.33347	0
11840	0.230239	-1.48684	0
11850	0.256467	-1.60843	0
11860	0.26965	-1.70214	0
11870	0.267311	-1.77726	0
11880	0.246535	-1.83703	0
11890	0.207687	-1.88092	0
11900	0.151375	-1.91259	0
11910	0.077601	-1.92643	0
11920	-0.00853817	-1.92135	0
11930	-0.105526	-1.89912	0
11940	-0.198352	-1.86662	0
11950	-0.289795	-1.78932	0
11960	-0.376297	-1.66274	0
11970	-0.446668	-1.5015	0
11980	-0.500077	-1.3205	0
11990	-0.538335	-1.10016	0
12000	-0.552901	-0.854519	0
12010	-0.540125	-0.595988	0
12020	-0.500605	-0.342413	0
12030	-0.43915	-0.101392	0
12040	-0.35493	0.112449	0
12050	-0.251715	0.277826	0
12060	-0.135224	0.391765	0
12070	-0.00908273	0.44019	0
12080	0.11994	0.426761	0
12090	0.238299	0.360221	0
12100	0.343918	0.247024	0
12110	0.441464	0.0861903	0
12120	0.527315	-0.115182	0
12130	0.592083	-0.341781	0
12140	0.62881	-0.580403	0
12150	0.642843	-0.801773	0
12160	0.632681	-0.976178	0
12170	0.599146	-1.08702	0
12180	0.548325	-1.10693	0
12190	0.486296	-1.02239	0
12200	0.423296	-0.831966	0
12210	0.359083	-0.533419	0
12220	0.293788	-0.134353	0
12230	0.227688	0.354055	0
12240	0.149767	0.915549	0
12250	0.082927	1.52206	0
12260	0.0153636	2.1384	0
12270	-0.0475237	2.72996	0
12280	-0.10421	3.26376	0
12290	-0.151946	3.68502	0
12300	-0.199171	3.97807	0
12310	-0.239572	4.13091	0
12320	-0.281071	4.1203	0
12330	-0.306271	3.93997	0
12340	-0.324036	3.58047	0
12350	-0.335469	3.06308	0
12360	-0.331774	2.41325	0
12370	-0.342589	1.67225	0
12380	-0.381167	0.933626	0
12390	-0.411533	0.283387	0
12400	-0.426902	-0.290986	0
12410	-0.415776	-0.806341	0
12420	-0.378968	-1.2934	0
12430	-0.330153	-1.75668	0
12440	-0.264465	-2.17505	0
12450	-0.190571	-2.5229	0
12460	-0.114748	-2.79377	0
12470	-0.0320694	-2.96186	0
12480	0.0535011	-3.02241	0
12490	0.123609	-2.97914	0
12500	0.193845	-2.83003	0
12510	0.269727	-2.57806	0
12520	0.341378	-2.22858	0
12530	0.4104	-1.83599	0
12540	0.478373	-1.42296	0
12550	0.534412	-0.993505	0
12560	0.576257	-0.553521	0
12570	0.599135	-0.103232	0
12580	0.596613	0.320185	0
12590	0.570177	0.703112	0
12600	0.521441	1.00729	0
12610	0.462982	1.19807	0
12620	0.381817	1.26579	0
12630	0.32395	1.27881	0
12640	0.237313	1.22635	0
12650	0.131674	1.13595	0
12660	0.0161096	0.992568	0
12670	-0.107545	0.809477	0
12680	-0.236595	0.605851	0
12690	-0.370866	0.374707	0
12700	-0.490761	0.130954	0
12710	-0.603764	-0.127484	0
12720	-0.68947	-0.390472	0
12730	-0.743953	-0.649593	0
12740	-0.76961	-0.896539	0
12750	-0.766506	-1.15602	0
12760	-0.735632	-1.45549	0
12770	-0.674063	-1.77551	0
12780	-0.580846	-2.08282	0
12790	-0.458107	-2.34762	0
12800	-0.319181	-2.54251	0
12810	-0.173714	-2.65379	0
12820	-0.0226212	-2.67319	0
12830	0.127085	-2.5867	0
12840	0.264507	-2.39766	0
12850	0.383154	-2.11181	0
12860	0.477155	-1.75112	0
12870	0.546162	-1.33371	0
12880	0.584838	-0.86297	0
12890	0.594866	-0.359905	0
12900	0.574061	0.1526	0
12910	0.524369	0.629348	0
12920	0.453068	1.01127	0
12930	0.36181	1.32378	0
12940	0.257286	1.56167	0
12950	0.146176	1.72126	0
12960	0.0346914	1.80268	0
12970	-0.0727651	1.79878	0
12980	-0.166099	1.71671	0
12990	-0.242191	1.57296	0
13000	-0.292321	1.3835	0
13010	-0.309967	1.15696	0
13020	-0.292308	0.91265	0
13030	-0.244093	0.673836	0
13040	-0.177324	0.432445	0
13050	-0.0962352	0.197364	0
13060	-0.00607611	-0.00907954	0
13070	0.0871143	-0.184186	0
13080	0.169526	-0.316933	0
13090	0.241198	-0.407291	0
13100	0.282947	-0.450303	0
13110	0.314654	-0.445184	0
13120	0.322878	-0.407565	0
13130	0.294177	-0.3496	0
13140	0.24256	-0.295132	0
13150	0.161049	-0.257273	0
13160	0.0490633	-0.249985	0
13170	-0.0899201	-0.281188	0
13180	-0.241199	-0.346658	0
13190	-0.397926	-0.443387	0
13200	-0.548076	-0.561813	0
13210	-0.679606	-0.684495	0
13220	-0.782767	-0.793608	0
13230	-0.847388	-0.86911	0
13240	-0.872743	-0.89456	0
13250	-0.848432	-0.8507	0
13260	-0.766471	-0.729579	0
13270	-0.632149	-0.531874	0
13280	-0.448946	-0.263858	0
13290	-0.235284	0.0561678	0
13300	-0.029253	0.411369	0
13310	0.16329	0.765889	0
13320	0.338919	1.09381	0
13330	0.501156	1.36933	0
13340	0.642388	1.57259	0
13350	0.752776	1.6904	0
13360	0.823379	1.71624	0
13370	0.855593	1.65166	0
13380	0.85838	1.51365	0
13390	0.832751	1.32089	0
13400	0.78134	1.09767	0
13410	0.707135	0.870734	0
13420	0.61423	0.667456	0
13430	0.508063	0.512819	0
13440	0.394515	0.424976	0
13450	0.278112	0.413548	0
13460	0.157952	0.485021	0
13470	0.0557953	0.624225	0
13480	-0.0405483	0.814168	0
13490	-0.127991	1.03712	0
13500	-0.203087	1.27184	0
13510	-0.260676	1.49894	0
13520	-0.299964	1.6953	0
13530	-0.31962	1.83783	0
13540	-0.320115	1.90632	0
13550	-0.308133	1.87369	0
13560	-0.290915	1.71826	0
13570	-0.273411	1.43513	0
13580	-0.258219	1.03718	0
13590	-0.253354	0.562046	0
13600	-0.253815	0.0475273	0
13610	-0.255381	-0.471618	0
13620	-0.256457	-0.938027	0
13630	-0.260256	-1.31981	0
13640	-0.270468	-1.59294	0
13650	-0.298286	-1.72501	0
13660	-0.330402	-1.70773	0
13670	-0.353091	-1.55788	0
13680	-0.371511	-1.29041	0
13690	-0.383543	-0.921474	0
13700	-0.382807	-0.482259	0
13710	-0.370952	0.0209147	0
13720	-0.341212	0.54248	0
13730	-0.294436	1.04312	0
13740	-0.229902	1.46093	0
13750	-0.171898	1.67296	0
13760	-0.0949279	1.70962	0
13770	0.00572473	1.56284	0
13780	0.100958	1.1805	0
13790	0.173472	0.807576	0
13800	0.245943	0.356777	0
13810	0.311904	-0.137948	0
13820	0.381908	-0.640836	0
13830	0.450276	-1.12994	0
13840	0.526089	-1.56441	0
13850	0.606802	-1.94313	0
13860	0.679639	-2.2389	0
13870	0.743031	-2.42976	0
13880	0.787073	-2.4795	0
13890	0.819028	-2.36453	0
13900	0.831024	-2.05371	0
13910	0.80757	-1.57908	0
13920	0.744593	-0.988966	0
13930	0.679917	-0.325946	0
13940	0.586145	0.392826	0
13950	0.462515	1.12797	0
13960	0.310321	1.83824	0
13970	0.145981	2.45802	0
13980	-0.0401413	2.94718	0
13990	-0.238709	3.31769	0
14000	-0.390739	3.51771	0
14010	-0.535183	3.48392	0
14020	-0.673924	3.16857	0
14030	-0.781988	2.60129	0
14040	-0.851969	1.86899	0
14050	-0.887362	1.1761	0
14060	-0.87152	0.247883	0
14070	-0.826288	-0.802242	0
14080	-0.746955	-1.88096	0
14090	-0.645596	-2.92884	0
14100	-0.523997	-3.87981	0
14110	-0.384116	-4.66695	0
14120	-0.248745	-5.22428	0
14130	-0.130387	-5.52651	0
14140	-0.0322479	-5.56763	0
14150	0.0484883	-5.28595	0
14160	0.119212	-4.68319	0
14170	0.166504	-3.80978	0
14180	0.199579	-2.7481	0
14190	0.219042	-1.56916	0
14200	0.23311	-0.343773	0
14210	0.237474	0.854614	0
14220	0.231187	1.95337	0
14230	0.229967	2.88614	0
14240	0.231426	3.59377	0
14250	0.236281	4.02092	0
14260	0.237052	4.18194	0
14270	0.221138	4.07024	0
14280	0.194076	3.73475	0
14290	0.162341	3.16988	0
14300	0.127488	2.39085	0
14310	0.0978767	1.45262	0
14320	0.0678811	0.43105	0
14330	0.0396242	-0.599842	0
14340	0.00746587	-1.56054	0
14350	-0.0291609	-2.37666	0
14360	-0.0687866	-2.9988	0
14370	-0.106387	-3.39089	0
14380	-0.143798	-3.54319	0
14390	-0.17541	-3.45122	0
14400	-0.20419	-3.14532	0
14410	-0.225736	-2.65416	0
14420	-0.243964	-2.03748	0
14430	-0.256979	-1.35169	0
14440	-0.263856	-0.668557	0
14450	-0.26264	-0.0437434	0
14460	-0.254011	0.481714	0
14470	-0.240256	0.863621	0
14480	-0.222895	1.07727	0
14490	-0.202651	1.10999	0
14500	-0.181015	0.966072	0
14510	-0.155732	0.672006	0
14520	-0.127694	0.265988	0
14530	-0.0947574	-0.20568	0
14540	-0.0578456	-0.685155	0
14550	-0.0148342	-1.11989	0
14560	0.0330469	-1.45861	0
14570	0.0859163	-1.65983	0
14580	0.14245	-1.69709	0
14590	0.197236	-1.55729	0
14600	0.24861	-1.24677	0
14610	0.298191	-0.791632	0
14620	0.344731	-0.227772	0
14630	0.377701	0.400982	0
14640	0.398816	1.03867	0
14650	0.412963	1.63401	0
14660	0.419498	2.13913	0
14670	0.414264	2.51556	0
14680	0.399786	2.73478	0
14690	0.379918	2.78026	0
14700	0.344893	2.65302	0
14710	0.297182	2.36631	0
14720	0.241959	1.95108	0
14730	0.175836	1.45692	0
14740	0.0906119	0.920506	0
14750	-0.0068994	0.376313	0
14760	-0.113236	-0.135704	0
14770	-0.224038	-0.582102	0
14780	-0.334174	-0.937207	0
14790	-0.438694	-1.18196	0
14800	-0.529295	-1.29758	0
14810	-0.596682	-1.28123	0
14820	-0.634387	-1.14564	0
14830	-0.63794	-0.910232	0
14840	-0.605645	-0.601075	0
14850	-0.540668	-0.248862	0
14860	-0.445703	0.116513	0
14870	-0.324308	0.468501	0
14880	-0.182867	0.785555	0
14890	-0.030224	1.05392	0
14900	0.120978	1.26608	0
14910	0.264942	1.42526	0
14920	0.391497	1.54257	0
14930	0.495007	1.62591	0
14940	0.568629	1.69083	0
14950	0.607179	1.7534	0
14960	0.607341	1.8281	0
14970	0.568972	1.92328	0
14980	0.493735	2.03998	0
14990	0.386297	2.17097	0
15000	0.252963	2.30101	0
15010	0.101755	2.40795	0
15020	-0.0583081	2.46543	0
15030	-0.217299	2.44473	0
15040	-0.365108	2.31818	0
15050	-0.492165	2.06272	0
15060	-0.591233	1.66286	0
15070	-0.65474	1.11436	0
15080	-0.676205	0.426785	0
15090	-0.655467	-0.370112	0
15100	-0.590662	-1.2412	0
15110	-0.49025	-2.14407	0
15120	-0.357601	-3.01705	0
15130	-0.199356	-3.81154	0
15140	-0.0282937	-4.46637	0
15150	0.125957	-4.88247	0
15160	0.278657	-5.05835	0
15170	0.423659	-4.98789	0
15180	0.541133	-4.64322	0
15190	0.624784	-4.02416	0
15200	0.683655	-3.15408	0
15210	0.715577	-2.07651	0
15220	0.71527	-0.848402	0
15230	0.687398	0.453997	0
15240	0.632137	1.74716	0
15250	0.557621	2.92306	0
15260	0.46653	3.86983	0
15270	0.372188	4.59298	0
15280	0.26647	5.11521	0
15290	0.158087	5.39922	0
15300	0.0525399	5.42045	0
15310	-0.0588028	5.17942	0
15320	-0.143261	4.68106	0
15330	-0.210814	3.96047	0
15340	-0.267617	3.06898	0
15350	-0.305582	2.03899	0
15360	-0.324579	0.995925	0
15370	-0.318516	0.00541263	0
15380	-0.30297	-0.880824	0
15390	-0.276676	-1.61462	0
15400	-0.23812	-2.17055	0
15410	-0.203847	-2.5341	0
15420	-0.161689	-2.70982	0
15430	-0.13315	-2.72797	0
15440	-0.0987333	-2.5593	0
15450	-0.0449576	-2.24382	0
15460	0.0125113	-1.89929	0
15470	0.0652759	-1.54906	0
15480	0.107724	-1.20342	0
15490	0.124417	-0.883248	0
15500	0.13298	-0.603645	0
15510	0.126844	-0.411496	0
15520	0.105031	-0.327522	0
15530	0.0977903	-0.352801	0
15540	0.0810328	-0.459904	0
15550	0.0517748	-0.638511	0
15560	0.0143228	-0.879416	0
15570	-0.0225479	-1.17162	0
15580	-0.063646	-1.49072	0
15590	-0.102992	-1.8161	0
15600	-0.131205	-2.11201	0
15610	-0.165456	-2.37771	0
15620	-0.181198	-2.5722	0
15630	-0.18975	-2.68744	0
15640	-0.190403	-2.69571	0
15650	-0.181659	-2.58279	0
15660	-0.169531	-2.35212	0
15670	-0.153795	-2.01472	0
15680	-0.138827	-1.59661	0
15690	-0.126357	-1.12219	0
15700	-0.117229	-0.624938	0
15710	-0.111534	-0.140909	0
15720	-0.109469	0.285269	0
15730	-0.112001	0.635657	0
15740	-0.125285	0.888674	0
15750	-0.143177	1.03032	0
15760	-0.167206	1.05438	0
15770	-0.196105	0.959984	0
15780	-0.226957	0.758562	0
15790	-0.253397	0.473639	0
15800	-0.273668	0.135742	0
15810	-0.28415	-0.220023	0
15820	-0.282036	-0.555676	0
15830	-0.262437	-0.837979	0
15840	-0.223362	-1.03714	0
15850	-0.165128	-1.13086	0
15860	-0.0854043	-1.10412	0
15870	0.0100964	-0.958034	0
15880	0.116068	-0.705309	0
15890	0.227624	-0.363781	0
15900	0.339324	0.0410297	0
15910	0.445003	0.478563	0
15920	0.537948	0.912968	0
15930	0.612356	1.30926	0
15940	0.663783	1.64262	0
15950	0.686644	1.8924	0
15960	0.679346	2.04462	0
15970	0.645065	2.09043	0
15980	0.583985	2.03019	0
15990	0.500125	1.87408	0
16000	0.394301	1.63484	0
16010	0.271401	1.3325	0
16020	0.137333	0.989643	0
16030	-0.00136323	0.62894	0
16040	-0.137836	0.270797	0
16050	-0.265676	-0.0688584	0
16060	-0.379093	-0.378485	0
16070	-0.472856	-0.651256	0
16080	-0.543325	-0.885473	0
16090	-0.587092	-1.07778	0
16100	-0.599902	-1.23231	0
16110	-0.583603	-1.36805	0
16120	-0.537381	-1.47434	0
16130	-0.475954	-1.58894	0
16140	-0.401489	-1.72567	0
16150	-0.316715	-1.85944	0
16160	-0.225264	-1.97324	0
16170	-0.130984	-2.04543	0
16180	-0.0356804	-2.05376	0
16190	0.0546566	-1.97251	0
16200	0.139961	-1.77274	0
16210	0.225506	-1.43613	0
16220	0.30139	-0.950273	0
16230	0.364786	-0.3234	0
16240	0.413907	0.445487	0
16250	0.435657	1.3801	0
16260	0.428852	2.39894	0
16270	0.396486	3.45336	0
16280	0.347203	4.48432	0
16290	0.294617	5.43595	0
16300	0.237734	6.22932	0
16310	0.175277	6.79153	0
16320	0.111744	7.09572	0
16330	0.0608507	7.1137	0
16340	-0.00468335	6.82071	0
16350	-0.0751889	6.21063	0
16360	-0.146286	5.29832	0
16370	-0.213955	4.1214	0
16380	-0.277571	2.73389	0
16390	-0.33626	1.20912	0
16400	-0.389299	-0.376655	0
16410	-0.431389	-1.93685	0
16420	-0.454241	-3.37675	0
16430	-0.458897	-4.63155	0
16440	-0.428555	-5.62592	0
16450	-0.367361	-6.26403	0
16460	-0.32168	-6.4864	0
16470	-0.268308	-6.39285	0
16480	-0.192663	-6.02155	0
16490	-0.104554	-5.38188	0
16500	-0.00631693	-4.48728	0
16510	0.0948668	-3.3949	0
16520	0.192257	-2.18739	0
16530	0.280659	-0.954068	0
16540	0.360676	0.248503	0
16550	0.428539	1.36279	0
16560	0.484271	2.33925	0
16570	0.523127	3.14855	0
16580	0.548981	3.76102	0
16590	0.559895	4.1585	0
16600	0.557794	4.34609	0
16610	0.528913	4.33519	0
16620	0.481975	4.14223	0
16630	0.424862	3.7986	0
16640	0.336735	3.33444	0
16650	0.247796	2.80428	0
16660	0.15802	2.23575	0
16670	0.0701466	1.65566	0
16680	-0.0162684	1.10878	0
16690	-0.102677	0.61773	0
16700	-0.184608	0.192463	0
16710	-0.257082	-0.162712	0
16720	-0.321267	-0.43962	0
16730	-0.377534	-0.658995	0
16740	-0.42384	-0.827722	0
16750	-0.444803	-0.933325	0
16760	-0.469671	-1.00026	0
16770	-0.499336	-1.00907	0
16780	-0.503229	-1.0274	0
16790	-0.493561	-1.15163	0
16800	-0.477563	-1.3744	0
16810	-0.450871	-1.71456	0
16820	-0.41844	-2.15908	0
16830	-0.374633	-2.67116	0
16840	-0.323585	-3.20429	0
16850	-0.264044	-3.72732	0
16860	-0.202985	-4.19659	0
16870	-0.140234	-4.57748	0
16880	-0.0749253	-4.82568	0
16890	-0.0186196	-4.88837	0
16900	0.0393819	-4.73843	0
16910	0.099805	-4.36289	0
16920	0.160272	-3.77187	0
16930	0.222163	-2.99619	0
16940	0.266854	-2.09011	0
16950	0.302025	-1.07998	0
16960	0.334782	-0.0835895	0
16970	0.374577	0.861859	0
16980	0.420935	1.74277	0
16990	0.462483	2.5578	0
17000	0.490634	3.26967	0
17010	0.508649	3.84143	0
17020	0.515125	4.25012	0
17030	0.50562	4.47301	0
17040	0.478853	4.49078	0
17050	0.427344	4.29415	0
17060	0.346374	3.91057	0
17070	0.250637	3.37356	0
17080	0.150442	2.68973	0
17090	0.0375356	1.89841	0
17100	-0.0809139	1.04213	0
17110	-0.203297	0.163941	0
17120	-0.329247	-0.669776	0
17130	-0.427435	-1.42403	0
17140	-0.513319	-2.10318	0
17150	-0.582184	-2.68553	0
17160	-0.633148	-3.15766	0
17170	-0.66515	-3.51245	0
17180	-0.674079	-3.74285	0
17190	-0.656818	-3.84371	0
17200	-0.613303	-3.81632	0
17210	-0.544241	-3.66324	0
17220	-0.449072	-3.39732	0
17230	-0.338466	-3.03496	0
17240	-0.215053	-2.59382	0
17250	-0.0848123	-2.0884	0
17260	0.0478361	-1.53652	0
17270	0.176593	-0.95738	0
17280	0.294219	-0.372627	0
17290	0.391321	0.1503	0
17300	0.469671	0.649057	0
17310	0.52635	1.12451	0
17320	0.559731	1.56721	0
17330	0.549319	1.95637	0
17340	0.515515	2.27788	0
17350	0.468784	2.53049	0
17360	0.421449	2.71845	0
17370	0.373017	2.83418	0
17380	0.32377	2.87046	0
17390	0.270721	2.82069	0
17400	0.219215	2.68634	0
17410	0.196443	2.47188	0
17420	0.156286	2.19338	0
17430	0.118498	1.86232	0
17440	0.111596	1.51832	0
17450	0.0852972	1.13334	0
17460	0.064842	0.723242	0
17470	0.0633829	0.310859	0
17480	0.0533134	-0.0736081	0
17490	0.0454719	-0.401356	0
17500	0.0422879	-0.665558	0
17510	0.0403823	-0.846438	0
17520	0.0393417	-0.935368	0
17530	0.0377588	-0.929798	0
17540	0.0339382	-0.837188	0
17550	0.027403	-0.672477	0
17560	0.0167971	-0.454886	0
17570	0.00298523	-0.206374	0
17580	-0.0188505	0.0289954	0
17590	-0.0370213	0.189456	0
17600	-0.0565273	0.319918	0
17610	-0.0788652	0.411596	0
17620	-0.104991	0.454834	0
17630	-0.133609	0.447718	0
17640	-0.164602	0.39594	0
17650	-0.196965	0.309144	0
17660	-0.229721	0.199695	0
17670	-0.260671	0.0853198	0
17680	-0.290488	-0.0222159	0
17690	-0.315819	-0.102871	0
17700	-0.334129	-0.14834	0
17710	-0.344551	-0.149622	0
17720	-0.345082	-0.105375	0
17730	-0.335433	-0.025955	0
17740	-0.330297	0.0622192	0
17750	-0.317916	0.145313	0
17760	-0.293543	0.210535	0
17770	-0.256496	0.253207	0
17780	-0.208169	0.264167	0
17790	-0.150888	0.233486	0
17800	-0.0881008	0.16263	0
17810	-0.0231614	0.0582102	0
17820	0.0353034	-0.0820669	0
17830	0.0883046	-0.245712	0
17840	0.137611	-0.416436	0
17850	0.17463	-0.570514	0
17860	0.198162	-0.697655	0
17870	0.210008	-0.79274	0
17880	0.211007	-0.836711	0
17890	0.202493	-0.814625	0
17900	0.185683	-0.719183	0
17910	0.157468	-0.550987	0
17920	0.123057	-0.31589	0
17930	0.0870203	-0.0282902	0
17940	0.0441576	0.278676	0
17950	0.00904882	0.59039	0
17960	-0.0154548	0.887172	0
17970	-0.0343529	1.15875	0
17980	-0.0497939	1.37286	0
17990	-0.0591326	1.49661	0
18000	-0.0584556	1.54652	0
