0	0	0	0
10	0.00344503	-2.40554	0
20	0.0204097	-2.25824	0
30	0.0490566	-2.02022	0
40	0.0880592	-1.70676	0
50	0.135668	-1.33788	0
60	0.190252	-0.936217	0
70	0.250265	-0.526194	0
80	0.313179	-0.131585	0
90	0.376162	0.226074	0
100	0.439601	0.525112	0
110	0.495575	0.759156	0
120	0.550038	0.909468	0
130	0.599639	0.982212	0
140	0.639932	0.977571	0
150	0.669303	0.911518	0
160	0.696493	0.78687	0
170	0.648979	0.62894	0
180	0.656944	0.436178	0
190	0.662572	0.262615	0
200	0.670877	0.0751729	0
210	0.697914	-0.0758182	0
220	0.720106	-0.194786	0
230	0.743776	-0.259255	0
240	0.781747	-0.27928	0
250	0.837852	-0.255566	0
260	0.888471	-0.212231	0
270	0.949272	-0.133558	0
280	1.01366	-0.0599012	0
290	1.08194	0.00771213	0
300	1.14602	0.056928	0
310	1.22053	0.064712	0
320	1.27714	0.0234525	0
330	1.3392	-0.0565886	0
340	1.40298	-0.197162	0
350	1.46382	-0.365142	0
360	1.51324	-0.551529	0
370	1.57389	-0.714781	0
380	1.57977	-0.861505	0
390	1.6016	-0.969238	0
400	1.59692	-1.10871	0
410	1.62249	-1.14182	0
420	1.59023	-1.23099	0
430	1.54158	-1.28683	0
440	1.50679	-1.325	0
450	1.47151	-1.32475	0
460	1.4329	-1.29412	0
470	1.38774	-1.25097	0
480	1.3426	-1.17303	0
490	1.28585	-1.05564	0
500	1.23532	-0.917531	0
510	1.17854	-0.745461	0
520	1.12281	-0.583719	0
530	1.06854	-0.413842	0
540	1.00592	-0.242882	0
550	0.959001	-0.126354	0
560	0.917122	0.000503719	0
570	0.883137	0.143899	0
580	0.830416	0.232155	0
590	0.798853	0.294004	0
600	0.767891	0.37502	0
610	0.766932	0.401611	0
620	0.724272	0.384418	0
630	0.724197	0.425177	0
640	0.714019	0.448824	0
650	0.711428	0.479033	0
660	0.708905	0.505124	0
670	0.469425	0.530338	0
680	0.0992968	0.550487	0
690	-0.33508	0.57897	0
700	-0.761913	0.644202	0
710	-1.30046	0.634757	0
720	-1.81525	0.625278	0
730	-2.3461	0.612153	0
740	-2.80875	0.627775	0
750	-3.33574	0.570532	0
760	-3.76948	0.546966	0
770	-4.16852	0.540646	0
780	-4.54296	0.474126	0
790	-4.86957	0.383818	0
800	-5.13934	0.258503	0
810	-5.22456	0.24062	0
820	-5.29935	0.14584	0
830	-5.32655	0.048248	0
840	-5.08171	0.0164268	0
850	-4.8563	-0.0343518	0
860	-4.61156	-0.142737	0
870	-4.22129	-0.161822	0
880	-3.89617	-0.261838	0
890	-3.51717	-0.311014	0
900	-3.06244	-0.389869	0
910	-2.56205	-0.384949	0
920	-2.09365	-0.396811	0
930	-1.47533	-0.31532	0
940	-1.03744	-0.34035	0
950	-0.526635	-0.313575	0
960	-0.0253131	-0.282698	0
970	0.48528	-0.223802	0
980	1.03006	-0.134603	0
990	1.49319	-0.0930787	0
1000	1.8263	-0.0981913	0
1010	2.21293	-0.0506579	0
1020	2.5176	-0.0412723	0
1030	2.83159	0.00241511	0
1040	3.0218	-0.0177882	0
1050	3.29668	0.0347856	0
1060	3.33167	-0.0187656	0
1070	3.4883	-0.0117146	0
1080	3.68757	0.0694378	0
1090	3.62773	0.0177255	0
1100	3.61956	0.000104285	0
1110	3.75931	0.0371648	0
1120	3.76251	0.110907	0
1130	3.58673	0.0427299	0
1140	3.54394	0.0616123	0
1150	3.35286	0.0173982	0
1160	3.34498	0.162196	0
1170	3.05148	0.10583	0
1180	2.85609	0.116569	0
1190	2.71636	0.17268	0
1200	2.44554	0.162105	0
1210	2.24708	0.130614	0
1220	2.05193	0.153558	0
1230	1.92261	0.24469	0
1240	1.55604	0.114017	0
1250	1.38688	0.145905	0
1260	1.10787	0.107759	0
1270	0.806718	0.0843994	0
1280	0.530918	0.0235876	0
1290	0.404581	-0.0177548	0
1300	0.129111	-0.0704056	0
1310	-0.0196327	-0.0598161	0
1320	-0.111549	-0.122744	0
1330	-0.229643	-0.107978	0
1340	-0.451851	-0.170322	0
1350	-0.504994	-0.124224	0
1360	-0.678593	-0.166404	0
1370	-0.707783	-0.0940508	0
1380	-0.80979	-0.157273	0
1390	-0.839996	-0.107465	0
1400	-0.918724	-0.157595	0
1410	-0.842813	-0.0627094	0
1420	-0.947092	-0.0696926	0
1430	-0.876136	-0.0226233	0
1440	-0.90719	0.00985831	0
1450	-0.870873	0.00123793	0
1460	-0.893903	0.11239	0
1470	-0.779368	0.134792	0
1480	-0.786065	0.158702	0
1490	-0.679303	0.239837	0
1500	-0.668809	0.208942	0
1510	-0.676943	0.284735	0
1520	-0.647391	0.285581	0
1530	-0.514334	0.257988	0
1540	-0.500305	0.294322	0
1550	-0.484178	0.249104	0
1560	-0.438971	0.266559	0
1570	-0.274389	0.289618	0
1580	-0.214728	0.224951	0
1590	-0.307043	0.0984909	0
1600	-0.0688859	0.190529	0
1610	-0.119314	0.0625977	0
1620	-0.00385241	0.118771	0
1630	0.0958915	0.134346	0
1640	0.230266	0.0734649	0
1650	0.184335	-0.0161664	0
1660	0.170587	-0.0372659	0
1670	0.47205	-0.00666474	0
1680	0.446074	-0.0505867	0
1690	0.45073	-0.0333103	0
1700	0.580114	-0.0442445	0
1710	0.612945	0.00363672	0
1720	0.579011	-0.0439435	0
1730	0.725238	0.0851744	0
1740	0.745155	0.0132819	0
1750	0.816203	0.0379556	0
1760	0.738327	0.0974808	0
1770	0.687549	0.0442316	0
1780	0.705309	0.0680316	0
1790	0.754631	0.206191	0
1800	0.628551	0.122615	0
1810	0.575361	0.167911	0
1820	0.540737	0.136768	0
1830	0.241011	0.193315	0
1840	0.102344	0.144299	0
1850	0.133076	0.224626	0
1860	-0.0125925	0.151171	0
1870	-0.229687	0.203641	0
1880	-0.273731	0.16918	0
1890	-0.458688	0.0893724	0
1900	-0.555127	0.103461	0
1910	-0.667318	0.0441888	0
1920	-0.930669	0.083519	0
1930	-1.09157	-0.0646544	0
1940	-1.00363	0.0587596	0
1950	-1.13553	-0.0137088	0
1960	-1.11279	-0.0487383	0
1970	-1.46873	-0.178456	0
1980	-1.39277	-0.170801	0
1990	-1.6046	-0.234756	0
2000	-1.50018	-0.214768	0
2010	-1.46252	-0.141743	0
2020	-1.56279	-0.217729	0
2030	-1.50833	-0.224673	0
2040	-1.43165	-0.205828	0
2050	-1.51538	-0.373198	0
2060	-1.39064	-0.278119	0
2070	-1.31855	-0.261884	0
2080	-1.37892	-0.262582	0
2090	-1.2521	-0.193076	0
2100	-1.14313	-0.206266	0
2110	-1.01781	-0.127878	0
2120	-0.876425	-0.170732	0
2130	-0.716631	-0.0488614	0
2140	-0.870862	-0.195943	0
2150	-0.729667	-0.082732	0
2160	-0.595795	-0.0194403	0
2170	-0.346834	0.0933679	0
2180	-0.425609	0.101382	0
2190	-0.375578	0.144092	0
2200	-0.284269	0.106414	0
2210	-0.510574	-0.0825755	0
2220	-0.413447	-0.0547406	0
2230	-0.165603	0.0732439	0
2240	-0.131028	0.0958768	0
2250	-0.3478	-0.0186431	0
2260	-0.37958	-0.22773	0
2270	-0.383563	-0.249319	0
2280	-0.541223	-0.307054	0
2290	-0.568943	-0.370817	0
2300	-0.736552	-0.400689	0
2310	-0.60785	-0.406443	0
2320	-0.495684	-0.481974	0
2330	-0.572273	-0.634029	0
2340	-0.626242	-0.638547	0
2350	-0.352689	-0.466369	0
2360	-0.298883	-0.560694	0
2370	-0.279025	-0.641023	0
2380	-0.362259	-0.684668	0
2390	-0.189079	-0.581886	0
2400	-0.0137489	-0.603197	0
2410	0.173194	-0.565806	0
2420	0.155224	-0.453968	0
2430	0.126983	-0.64322	0
2440	0.589087	-0.36133	0
2450	0.372146	-0.414445	0
2460	0.631674	-0.380348	0
2470	0.593473	-0.434564	0
2480	0.938061	-0.313632	0
2490	1.11932	-0.192447	0
2500	0.922147	-0.255209	0
2510	1.14651	-0.335978	0
2520	1.0879	-0.342215	0
2530	1.27645	-0.380033	0
2540	1.4785	-0.285644	0
2550	1.38055	-0.328913	0
2560	1.49498	-0.298327	0
2570	1.67511	-0.340489	0
2580	1.55131	-0.389045	0
2590	1.62734	-0.319474	0
2600	1.75996	-0.352437	0
2610	1.65598	-0.509222	0
2620	1.7051	-0.642512	0
2630	2.05275	-0.418155	0
2640	1.9169	-0.404727	0
2650	1.87449	-0.450749	0
2660	1.98805	-0.297131	0
2670	1.83541	-0.498742	0
2680	1.83005	-0.488977	0
2690	2.06688	-0.313955	0
2700	2.02981	-0.280755	0
2710	1.98955	-0.347923	0
2720	1.91116	-0.203604	0
2730	2.04019	-0.211173	0
2740	1.87549	-0.205509	0
2750	1.94706	-0.110553	0
2760	1.73415	-0.0692713	0
2770	1.66434	-0.0339767	0
2780	1.71237	0.0305389	0
2790	1.64563	0.0519765	0
2800	1.56594	-0.0707808	0
2810	1.60539	0.112204	0
2820	1.4165	0.059254	0
2830	1.26866	-0.154741	0
2840	1.26606	-0.0146792	0
2850	1.14311	-0.102025	0
2860	0.93923	-0.215582	0
2870	0.985444	-0.200961	0
2880	0.839269	-0.226199	0
2890	0.6997	-0.216141	0
2900	0.538156	-0.323176	0
2910	0.7037	-0.282813	0
2920	0.435847	-0.444698	0
2930	0.395799	-0.500464	0
2940	0.580883	-0.357217	0
2950	0.399225	-0.44796	0
2960	0.557544	-0.234967	0
2970	0.191556	-0.5078	0
2980	0.480587	-0.344181	0
2990	0.434396	-0.334713	0
3000	0.520836	-0.261732	0
3010	0.293297	-0.237328	0
3020	0.644037	-0.0276512	0
3030	0.726178	0.0362352	0
3040	0.599456	-0.06871	0
3050	0.752968	0.164797	0
3060	0.94306	0.143039	0
3070	0.684548	0.0428474	0
3080	0.559236	0.109632	0
3090	1.07092	0.351576	0
3100	0.980174	0.318024	0
3110	0.815356	0.218932	0
3120	1.06581	0.421337	0
3130	1.17306	0.44397	0
3140	0.85805	0.290897	0
3150	0.953663	0.541936	0
3160	0.963525	0.394057	0
3170	1.11405	0.615769	0
3180	0.667083	0.48047	0
3190	1.06321	0.500024	0
3200	1.24304	0.812883	0
3210	0.747065	0.500343	0
3220	1.13346	0.908988	0
3230	0.81175	0.69018	0
3240	0.488595	0.699736	0
3250	0.75561	0.824876	0
3260	0.377631	0.770785	0
3270	0.492722	0.849536	0
3280	0.599676	0.847449	0
3290	0.0236552	0.726561	0
3300	0.132747	0.743417	0
3310	0.117567	0.675185	0
3320	0.109165	0.350013	0
3330	-0.130452	0.0528856	0
3340	0.0366029	-0.0190736	0
3350	0.130358	-0.202536	0
3360	0.243798	-0.58452	0
3370	0.548285	-0.869351	0
3380	1.01264	-1.00412	0
3390	1.06284	-1.3963	0
3400	1.63151	-1.48676	0
3410	2.68552	-1.37215	0
3420	3.54383	-1.23885	0
3430	4.3945	-1.11467	0
3440	4.93321	-1.28587	0
3450	1.36751	-0.787861	0
3460	-0.266409	-0.560234	0
3470	-0.335353	-0.240433	0
3480	-0.369533	0.265487	0
3490	-0.320469	0.870631	0
3500	-0.37589	1.2582	0
3510	-0.372531	1.55761	0
3520	-0.442647	2.08476	0
3530	-0.459086	2.2641	0
3540	-0.398116	2.68726	0
3550	-0.424087	2.96419	0
3560	-0.45995	2.97958	0
3570	-0.494976	3.12605	0
3580	-0.516253	2.92931	0
3590	-0.496882	2.7917	0
3600	-0.626908	2.60085	0
3610	-0.591653	2.34025	0
3620	-0.592246	1.89913	0
3630	-0.4274	1.50916	0
3640	-0.451496	1.28799	0
3650	-0.274493	1.2835	0
3660	-0.530952	0.903366	0
3670	-0.0469269	0.123565	0
3680	-0.00599591	-0.394961	0
3690	-0.238596	-1.24228	0
3700	-0.180109	-1.63043	0
3710	-0.109266	-1.89756	0
3720	-0.0199347	-2.29949	0
3730	-0.0934943	-2.4473	0
3740	0.11935	-2.255	0
3750	-0.00352819	-1.93432	0
3760	0.0959483	-1.68821	0
3770	0.359668	-1.15586	0
3780	0.412017	-0.905205	0
3790	0.386548	-0.589735	0
3800	0.561016	-0.0568237	0
3810	0.682506	0.537967	0
3820	0.591061	0.50538	0
3830	0.603138	0.790928	0
3840	0.556969	1.3066	0
3850	0.420647	1.63018	0
3860	0.330167	1.92128	0
3870	0.273593	1.99626	0
3880	0.264877	2.16463	0
3890	0.122657	2.36919	0
3900	0.161312	2.41937	0
3910	0.0479974	2.58532	0
3920	0.0666087	2.6888	0
3930	-0.0700495	2.49555	0
3940	-0.0513553	2.43924	0
3950	-0.172023	2.36537	0
3960	-0.329166	2.0531	0
3970	-0.203495	1.8232	0
3980	-0.38958	1.49881	0
3990	-1.30428	1.16225	0
4000	-2.27345	0.587252	0
4010	-3.20846	0.381188	0
4020	-4.37306	0.556661	0
4030	-5.61117	0.583606	0
4040	-6.67889	0.492408	0
4050	-7.53154	0.194736	0
4060	-8.53994	-0.24439	0
4070	-9.52107	-0.9763	0
4080	-10.1415	-1.30041	0
4090	-10.7129	-1.76266	0
4100	-11.0764	-2.15312	0
4110	-11.7774	-2.91038	0
4120	-11.6551	-3.44225	0
4130	-11.6966	-3.57981	0
4140	-11.5465	-3.90053	0
4150	-11.0871	-4.54468	0
4160	-10.6496	-4.86249	0
4170	-10.1293	-4.83274	0
4180	-9.15588	-4.62219	0
4190	-8.12057	-4.44418	0
4200	-7.53846	-4.26193	0
4210	-6.21127	-3.37934	0
4220	-4.91172	-2.70614	0
4230	-4.196	-2.16013	0
4240	-2.84925	-1.04986	0
4250	-1.72482	-0.0632841	0
4260	-0.969402	0.36816	0
4270	0.282643	1.21568	0
4280	1.16978	1.53667	0
4290	2.32225	2.08866	0
4300	3.30258	2.48985	0
4310	3.8745	2.38289	0
4320	4.66477	2.32066	0
4330	5.37135	2.55348	0
4340	5.86871	2.04394	0
4350	6.24438	1.92565	0
4360	6.46565	1.40549	0
4370	6.80443	1.02301	0
4380	6.91625	0.300018	0
4390	6.80029	-0.445517	0
4400	6.91395	-1.09412	0
4410	6.72765	-1.90827	0
4420	6.50323	-2.77098	0
4430	6.66859	-3.26457	0
4440	6.52915	-3.95186	0
4450	6.26669	-4.30845	0
4460	6.17041	-4.71126	0
4470	5.92067	-4.87245	0
4480	6.05841	-4.70275	0
4490	6.14854	-4.49715	0
4500	5.71967	-4.27209	0
4510	5.65404	-3.76794	0
4520	5.73024	-3.22784	0
4530	5.76268	-2.9347	0
4540	5.33244	-2.542	0
4550	4.9708	-2.59569	0
4560	4.76831	-1.96789	0
4570	4.66639	-1.4681	0
4580	4.29686	-0.90008	0
4590	3.62354	-0.799964	0
4600	3.46951	-0.285126	0
4610	2.9163	0.166332	0
4620	2.55707	0.497596	0
4630	2.25762	0.879471	0
4640	1.54798	1.39709	0
4650	0.996205	1.37227	0
4660	0.335603	1.54982	0
4670	0.0396795	2.04073	0
4680	-1.04872	2.01804	0
4690	-1.27295	2.03913	0
4700	-1.88568	2.05929	0
4710	-2.79063	2.07537	0
4720	-3.42243	1.85231	0
4730	-4.08537	1.59929	0
4740	-4.55491	1.39725	0
4750	-4.81129	1.53845	0
4760	-5.25155	1.31682	0
4770	-5.89504	1.12423	0
4780	-6.27508	0.965568	0
4790	-6.32714	0.91821	0
4800	-6.54774	1.05267	0
4810	-6.51661	1.15074	0
4820	-6.38162	1.37851	0
4830	-6.08869	1.60872	0
4840	-6.03897	1.72471	0
4850	-5.44759	2.08085	0
4860	-5.47988	2.18347	0
4870	-5.51222	2.27247	0
4880	-4.9429	2.63721	0
4890	-4.50622	2.41432	0
4900	-4.27565	2.33241	0
4910	-3.3366	2.3054	0
4920	-3.14316	1.89405	0
4930	-2.8883	1.6829	0
4940	-1.94351	1.47728	0
4950	-1.57538	1.14738	0
4960	-1.24756	0.723716	0
4970	-0.186526	0.63746	0
4980	0.245737	0.20942	0
4990	0.676639	-0.264743	0
5000	1.24396	-0.349865	0
5010	1.78686	-0.394829	0
5020	2.40101	-0.647804	0
5030	2.85765	-0.545652	0
5040	3.49906	-0.388259	0
5050	4.08184	-0.392514	0
5060	4.5128	-0.145975	0
5070	4.84582	0.121821	0
5080	5.29204	0.378776	0
5090	5.5957	0.644507	0
5100	5.57648	0.515326	0
5110	6.06923	0.869024	0
5120	6.1185	0.969372	0
5130	5.9523	0.881616	0
5140	6.11237	1.10667	0
5150	6.10751	0.971037	0
5160	5.93361	0.918918	0
5170	5.90221	1.12039	0
5180	5.32153	0.740508	0
5190	4.93521	0.6261	0
5200	4.47787	0.38325	0
5210	3.88278	0.234248	0
5220	3.44985	0.00665727	0
5230	3.25251	0.0635789	0
5240	2.51788	-0.245922	0
5250	1.95448	-0.459683	0
5260	1.16666	-0.622139	0
5270	0.865004	-0.601099	0
5280	0.305875	-0.970425	0
5290	-0.496128	-0.815268	0
5300	-0.451902	-0.495554	0
5310	-1.17157	-0.867595	0
5320	-1.50513	-0.464547	0
5330	-2.20916	-0.54868	0
5340	-2.02808	-0.26029	0
5350	-2.52577	-0.19481	0
5360	-2.63225	0.15163	0
5370	-3.01166	0.186056	0
5380	-3.02219	0.397051	0
5390	-3.16228	0.644972	0
5400	-3.2688	0.746716	0
5410	-3.04747	1.02941	0
5420	-3.12105	1.19063	0
5430	-3.15748	1.11737	0
5440	-2.90542	1.34158	0
5450	-2.97723	1.39551	0
5460	-3.11075	1.34631	0
5470	-2.95189	1.43515	0
5480	-3.0134	1.45843	0
5490	-3.08007	1.34228	0
5500	-2.9277	1.30631	0
5510	-2.9528	1.14374	0
5520	-3.07569	0.993877	0
5530	-2.91882	0.644693	0
5540	-2.90715	0.346071	0
5550	-2.91701	0.0998894	0
5560	-2.66651	-0.147006	0
5570	-2.55124	-0.39282	0
5580	-2.52283	-0.655449	0
5590	-2.17535	-0.854287	0
5600	-1.97361	-1.0994	0
5610	-1.68994	-1.35427	0
5620	-1.47071	-1.37031	0
5630	-1.12599	-1.52721	0
5640	-0.936062	-1.57443	0
5650	-0.338756	-1.64174	0
5660	0.0381907	-1.62358	0
5670	0.61144	-1.36951	0
5680	1.15744	-1.20337	0
5690	0.888289	-1.36624	0
5700	1.45472	-1.01385	0
5710	2.05504	-0.876701	0
5720	2.10165	-0.675299	0
5730	2.3394	-0.483922	0
5740	2.65161	-0.163543	0
5750	2.21681	-0.159926	0
5760	2.73501	0.221216	0
5770	2.86831	0.517819	0
5780	2.61194	0.460613	0
5790	2.77725	0.758067	0
5800	2.42083	0.739359	0
5810	2.36822	0.893728	0
5820	1.72829	0.713483	0
5830	1.42092	0.656091	0
5840	1.20641	0.481418	0
5850	0.6623	0.527979	0
5860	0.0458835	0.160537	0
5870	-0.192606	0.264539	0
5880	-0.779328	0.260688	0
5890	-1.15655	0.0349577	0
5900	-1.64599	-0.0555103	0
5910	-1.94903	-0.0171825	0
5920	-2.56963	-0.0986983	0
5930	-2.75223	-0.179551	0
5940	-3.42608	-0.187754	0
5950	-3.70628	-0.208483	0
5960	-3.70854	-0.00784811	0
5970	-4.0029	-0.0531666	0
5980	-4.27679	0.0263968	0
5990	-4.07081	0.311357	0
6000	-4.6511	0.340039	0
6010	-4.19676	0.609154	0
6020	-4.63181	0.627255	0
6030	-4.15623	1.01708	0
6040	-4.4125	0.880761	0
6050	-4.34502	0.989562	0
6060	-4.09634	1.00343	0
6070	-4.07135	1.15388	0
6080	-4.01375	1.03654	0
6090	-3.74096	1.235	0
6100	-0.951685	2.66459	0
6110	-0.560645	3.77694	0
6120	-0.882238	4.37506	0
6130	-0.71493	5.43402	0
6140	-1.11176	5.82403	0
6150	-1.58881	6.05413	0
6160	-1.82556	5.73528	0
6170	-2.15926	4.92984	0
6180	-2.66463	4.73426	0
6190	-3.09758	4.0406	0
6200	-3.21336	3.60985	0
6210	-3.68552	2.76658	0
6220	-4.24221	1.93725	0
6230	-3.98818	1.21332	0
6240	-4.94677	0.805434	0
6250	-4.71638	-0.0374379	0
6260	-4.32507	-0.130265	0
6270	-4.35598	-0.80604	0
6280	-3.84047	-0.75761	0
6290	-3.73226	-1.18487	0
6300	-3.32059	-1.24826	0
6310	-3.31038	-1.40445	0
6320	-2.36401	-1.28482	0
6330	-1.85412	-0.824628	0
6340	-0.688418	-0.89912	0
6350	-0.140166	-0.735098	0
6360	1.19927	0.183921	0
6370	2.09227	0.241913	0
6380	2.85476	0.436517	0
6390	3.11142	0.672608	0
6400	4.63742	0.677959	0
6410	5.09074	1.04224	0
6420	5.75879	0.975968	0
6430	6.37252	0.81174	0
6440	7.19345	0.919016	0
6450	7.52047	0.459174	0
6460	7.83142	0.0332055	0
6470	8.41388	-0.394902	0
6480	8.77413	-0.683089	0
6490	9.12644	-0.982851	0
6500	8.88017	-1.63287	0
6510	8.99824	-2.0603	0
6520	9.19076	-2.20697	0
6530	9.27629	-2.74368	0
6540	8.80923	-2.95133	0
6550	8.6949	-3.27455	0
6560	1.61696	-3.32833	0
6570	1.09662	-3.66863	0
6580	0.656726	-3.59103	0
6590	0.969975	-3.52685	0
6600	1.21608	-3.05752	0
6610	0.8474	-3.14421	0
6620	1.16444	-2.71007	0
6630	1.3595	-2.31768	0
6640	0.956348	-2.0495	0
6650	1.38427	-1.43271	0
6660	1.10696	-1.2335	0
6670	0.79662	-0.698747	0
6680	1.62569	-0.26269	0
6690	1.38381	-0.111773	0
6700	0.914689	-0.0153639	0
6710	1.00937	0.539729	0
6720	1.0771	0.671079	0
6730	0.567898	0.542397	0
6740	0.637776	0.534169	0
6750	0.646002	0.717268	0
6760	0.110834	0.638509	0
6770	0.211975	0.969479	0
6780	0.235769	0.538529	0
6790	-0.3555	0.751073	0
6800	-0.179361	0.790947	0
6810	-0.613365	0.423688	0
6820	-0.462502	0.957761	0
6830	-0.0979833	1.07833	0
6840	-0.378422	0.804207	0
6850	-1.23974	1.2024	0
6860	-0.75086	1.66421	0
6870	-1.02475	1.50781	0
6880	-1.21147	1.90547	0
6890	-0.655677	2.43476	0
6900	-1.37113	2.44292	0
6910	-1.54816	2.83226	0
6920	8.64887	2.61458	0
6930	6.53703	2.24803	0
6940	3.69749	2.1462	0
6950	1.05476	1.58719	0
6960	-1.81023	1.26418	0
6970	-4.6661	0.826166	0
6980	-7.3016	0.118125	0
6990	-9.05057	-0.0487571	0
7000	-9.49782	-0.362477	0
7010	-9.30235	-0.10032	0
7020	-9.79443	-0.0176647	0
7030	-9.37837	0.120247	0
7040	-9.43551	0.0122968	0
7050	-9.15714	0.00811447	0
7060	-9.20736	0.101193	0
7070	-9.19525	-0.166011	0
7080	-8.0349	0.050235	0
7090	-7.70291	-0.512842	0
7100	-7.95892	-0.424032	0
7110	-7.22079	-0.638474	0
7120	-6.56705	-1.22306	0
7130	-6.32701	-1.49525	0
7140	-7.00546	-2.3044	0
7150	-6.07128	-2.26554	0
7160	-5.31383	-3.44025	0
7170	-4.32758	-3.53984	0
7180	-3.41841	-3.52489	0
7190	-1.90785	-3.90471	0
7200	-0.382239	-3.34114	0
7210	0.39821	-3.63684	0
7220	1.9659	-3.447	0
7230	4.02663	-2.72812	0
7240	4.97914	-2.32816	0
7250	7.58637	-2.23312	0
7260	8.582	-1.81267	0
7270	10.7054	-1.14152	0
7280	11.9994	-1.02436	0
7290	13.4046	-0.657367	0
7300	14.4073	-0.527252	0
7310	16.1368	-0.211986	0
7320	16.6323	0.0988361	0
7330	17.8595	0.333663	0
7340	18.7951	0.143268	0
7350	18.7251	0.0254135	0
7360	19.1683	0.196278	0
7370	19.1068	0.042512	0
7380	19.4445	0.167308	0
7390	19.788	0.0490263	0
7400	2.23912	0.103105	0
7410	0.424068	0.412018	0
7420	-0.306073	0.331295	0
7430	0.00446741	0.269641	0
7440	-1.18988	0.248758	0
7450	-1.49599	0.0841535	0
7460	-1.15532	0.31421	0
7470	-2.07785	0.323422	0
7480	-1.48436	0.306919	0
7490	-1.20456	0.724837	0
7500	-1.62216	0.805555	0
7510	-1.45192	0.836657	0
7520	-1.23276	1.0538	0
7530	-1.53732	1.04751	0
7540	-1.54066	1.30132	0
7550	-0.831144	1.12895	0
7560	-0.915497	1.34838	0
7570	-0.877098	1.44802	0
7580	-0.885087	1.84054	0
7590	-0.0687708	1.75942	0
7600	-0.988244	1.42	0
7610	-1.18195	1.70701	0
7620	-1.30753	1.78742	0
7630	-1.55834	1.90689	0
7640	-0.599714	1.78992	0
7650	-1.91388	1.60353	0
7660	-1.74128	1.87527	0
7670	-2.07227	1.44975	0
7680	-3.32646	1.13102	0
7690	-2.8468	1.50695	0
7700	-3.07147	1.19806	0
7710	-3.68055	1.43324	0
7720	-3.90805	1.42733	0
7730	-3.4721	1.67738	0
7740	-2.86005	2.28509	0
7750	-2.56526	2.76227	0
7760	-1.99608	2.87154	0
7770	-0.217972	3.48502	0
7780	1.32803	3.84253	0
7790	2.57282	4.41264	0
7800	4.85838	4.96813	0
7810	-6.33273	5.27034	0
7820	-5.6169	5.38922	0
7830	-6.18308	5.10914	0
7840	-6.76896	4.86139	0
7850	-7.22612	4.10571	0
7860	-7.81905	3.18644	0
7870	-8.47403	2.25159	0
7880	-8.80961	1.037	0
7890	-9.3928	-0.114113	0
7900	-9.55167	-1.28456	0
7910	-9.74779	-2.86427	0
7920	-9.91285	-3.4091	0
7930	-9.65382	-4.8476	0
7940	-9.55849	-5.37993	0
7950	-9.27633	-6.39335	0
7960	-9.26337	-6.34164	0
7970	-8.73957	-6.54844	0
7980	-8.54538	-6.16308	0
7990	-8.30799	-5.58255	0
8000	-7.87389	-4.71084	0
8010	-6.64151	-3.62368	0
8020	-6.82921	-1.61565	0
8030	-6.43032	0.989376	0
8040	-5.33588	1.54941	0
8050	-4.8417	1.25301	0
8060	-6.29216	0.652844	0
8070	-6.5514	0.922631	0
8080	-6.97659	0.209312	0
8090	-8.51516	-0.313166	0
8100	-8.59052	-0.49006	0
8110	1.98833	12.3874	0
8120	-1.24435	10.4325	0
8130	-3.43844	8.58991	0
8140	-5.08396	6.16822	0
8150	-6.841	4.58877	0
8160	-7.4295	2.52207	0
8170	-7.92399	1.56672	0
8180	-7.51349	0.630298	0
8190	-7.24994	-0.310428	0
8200	-5.84782	-0.470082	0
8210	-5.76476	-0.659706	0
8220	-5.02093	-1.46711	0
8230	-4.86129	-1.69868	0
8240	-3.91634	-1.50296	0
8250	-3.42423	-1.98284	0
8260	-2.48985	-2.47583	0
8270	-0.272428	-3.06986	0
8280	0.323683	-2.67489	0
8290	1.10715	-2.62436	0
8300	1.89949	-3.78335	0
8310	1.89205	-3.50286	0
8320	2.45079	-3.60594	0
8330	2.50064	-3.33329	0
8340	2.80631	-3.36987	0
8350	1.90255	-3.31935	0
8360	1.45472	-3.22519	0
8370	-0.588207	-3.35425	0
8380	-0.436104	-3.21513	0
8390	-1.25895	-2.73098	0
8400	-0.959408	-2.81156	0
8410	-1.87769	-2.35362	0
8420	-1.92258	-1.9755	0
8430	-0.941411	-1.97184	0
8440	-1.5646	-1.79396	0
8450	0.0324661	-1.23066	0
8460	0.67976	-0.603542	0
8470	1.49428	-0.489537	0
8480	2.87044	-0.369651	0
8490	3.153	-0.403231	0
8500	3.92262	-0.35125	0
8510	4.53132	-0.494694	0
8520	4.83031	-1.2005	0
8530	4.93341	-1.6073	0
8540	4.617	-2.00591	0
8550	4.43591	-2.78833	0
8560	4.88362	-2.77475	0
8570	4.37611	-3.65246	0
8580	4.77019	-3.75472	0
8590	4.07178	-4.38095	0
8600	4.50826	-4.12471	0
8610	5.23955	-3.86849	0
8620	4.21298	-4.16416	0
8630	5.65422	-3.00231	0
8640	5.86986	-3.22025	0
8650	-2.11431	-2.40501	0
8660	-6.81821	-1.39582	0
8670	-8.67591	-0.65459	0
8680	-9.13249	0.593513	0
8690	-16.8015	1.80002	0
8700	-18.3303	2.84181	0
8710	-19.3912	3.53449	0
8720	-15.4848	4.35645	0
8730	-11.5263	5.17864	0
8740	-11.6174	5.53178	0
8750	-11.9598	5.43057	0
8760	-11.8444	5.5902	0
8770	-11.6244	5.07699	0
8780	-11.39	4.77187	0
8790	-10.7158	4.00155	0
8800	-9.75047	3.48503	0
8810	-9.17918	2.61306	0
8820	-8.2678	1.80626	0
8830	-7.00708	1.19857	0
8840	-5.52688	0.805147	0
8850	-3.8201	0.352964	0
8860	-2.03066	0.332336	0
8870	-0.758135	0.000157603	0
8880	1.39169	0.366676	0
8890	2.82751	0.398449	0
8900	4.7608	0.875263	0
8910	6.57909	1.62203	0
8920	8.026	2.09185	0
8930	9.76126	2.6822	0
8940	10.9502	3.44056	0
8950	12.3114	3.68415	0
8960	13.3829	4.39821	0
8970	2.34242	4.57988	0
8980	-1.07209	4.92175	0
8990	-2.01279	5.33143	0
9000	-2.5704	5.06614	0
9010	-3.12897	4.8759	0
9020	-3.89934	4.10861	0
9030	-4.67312	3.86816	0
9040	-5.26428	3.08533	0
9050	-5.1696	1.89745	0
9060	-5.88694	0.992525	0
9070	-5.56476	-0.17709	0
9080	-5.80623	-1.46744	0
9090	-5.17735	-2.16784	0
9100	-4.20541	-3.62897	0
9110	-3.76689	-4.45796	0
9120	-2.8756	-4.98976	0
9130	-1.3776	-5.35814	0
9140	-0.0185336	-5.44369	0
9150	0.801135	-5.13016	0
9160	0.267835	-4.8427	0
9170	0.488552	-4.43126	0
9180	0.714502	-3.77096	0
9190	2.08582	-2.78188	0
9200	2.2207	-2.13874	0
9210	4.59759	-1.05768	0
9220	5.94208	-0.403212	0
9230	8.0928	0.141066	0
9240	9.20632	0.47359	0
9250	10.7471	0.715062	0
9260	11.9739	0.996965	0
9270	13.1946	0.598694	0
9280	13.5351	0.319446	0
9290	14.2933	0.0382635	0
9300	12.211	-0.230895	0
9310	-0.326216	-0.858025	0
9320	-0.562638	-1.15796	0
9330	-0.545212	-1.89383	0
9340	-0.345274	-2.32255	0
9350	-0.131808	-2.90662	0
9360	0.211067	-2.95746	0
9370	0.124706	-3.21287	0
9380	0.417095	-3.39366	0
9390	-3.11333	-3.29557	0
9400	-3.98127	-3.15391	0
9410	-4.57593	-2.98986	0
9420	-5.21857	-2.30502	0
9430	-5.58361	-1.54138	0
9440	-6.34534	-1.40817	0
9450	-6.6743	-0.703095	0
9460	-6.95134	-0.447999	0
9470	-7.57366	0.627505	0
9480	-7.37982	0.904683	0
9490	-7.5954	1.74329	0
9500	-7.61149	2.55995	0
9510	-7.67609	3.03795	0
9520	-7.55608	3.34283	0
9530	-6.83826	3.3809	0
9540	-6.80458	3.43832	0
9550	-6.38555	3.47854	0
9560	-5.74039	2.85349	0
9570	-5.30108	2.79644	0
9580	-4.87099	2.3677	0
9590	-4.62094	1.71378	0
9600	-4.64011	0.939157	0
9610	-4.66236	0.408876	0
9620	-4.59548	-0.179854	0
9630	-4.49166	-0.60612	0
9640	-4.46786	-1.02248	0
9650	-4.36243	-1.23234	0
9660	-4.15826	-1.42125	0
9670	-4.25784	-1.36451	0
9680	-3.80811	-1.33963	0
9690	-3.95618	-0.804771	0
9700	-3.63828	-0.550917	0
9710	-3.59909	-0.0270296	0
9720	-3.4307	0.380027	0
9730	-3.06475	1.04807	0
9740	-3.12857	1.09264	0
9750	-2.89055	1.6937	0
9760	-2.47538	1.80389	0
9770	-2.58645	1.95068	0
9780	-2.24614	1.97881	0
9790	-2.27232	1.98953	0
9800	-2.03292	1.43878	0
9810	-1.89951	1.15088	0
9820	-1.7908	0.896434	0
9830	-1.79246	1.0121	0
9840	-1.69617	1.01252	0
9850	-1.42583	0.84702	0
9860	-1.98769	0.702543	0
9870	-3.04798	0.517879	0
9880	-3.28176	0.771703	0
9890	-3.94631	0.623533	0
9900	-4.25827	0.972098	0
9910	-4.84007	1.03832	0
9920	-4.67271	1.25935	0
9930	-4.40313	1.60712	0
9940	-3.98036	1.71609	0
9950	-4.12106	1.82953	0
9960	-3.76757	1.82782	0
9970	-3.41983	1.58564	0
9980	-3.14344	0.839306	0
9990	-2.95739	-0.130319	0
10000	-2.81987	-1.16976	0
10010	-2.28835	-2.16735	0
10020	-2.15914	-3.26995	0
10030	-1.93973	-4.08582	0
10040	-1.47901	-4.87292	0
10050	-1.19539	-5.58866	0
10060	-1.12817	-6.07416	0
10070	-1.17839	-6.62655	0
10080	-0.428857	-6.62542	0
10090	0.0145886	-6.66675	0
10100	0.628456	-6.31418	0
10110	1.93039	-5.60206	0
10120	3.12288	-4.69073	0
10130	4.93859	-3.4452	0
10140	7.1646	-2.14043	0
10150	9.57706	-0.410991	0
10160	12.2035	1.29082	0
10170	14.5268	2.9867	0
10180	16.7532	4.61322	0
10190	18.7258	5.96454	0
10200	20.436	7.0768	0
10210	21.5748	7.72125	0
10220	22.2339	8.01184	0
10230	22.5085	7.98067	0
10240	21.7096	7.31093	0
10250	13.3903	6.51381	0
10260	5.22604	5.30317	0
10270	4.71453	4.1114	0
10280	3.90174	2.63997	0
10290	3.05309	1.45555	0
10300	-2.09421	0.201229	0
10310	-2.11758	-0.731524	0
10320	-2.13947	-1.41191	0
10330	-1.95374	-1.90634	0
10340	-2.01125	-2.29649	0
10350	-1.75774	-2.3741	0
10360	-1.66181	-2.10829	0
10370	-2.83379	-1.89125	0
10380	-3.59652	-1.43127	0
10390	-4.61547	-1.11788	0
10400	-5.25199	-0.766303	0
10410	-5.18375	-0.299113	0
10420	-3.84854	-0.176483	0
10430	-8.05653	-2.50877	0
10440	-8.76556	-2.60269	0
10450	-6.90212	-2.23559	0
10460	-5.42281	-2.03232	0
10470	-4.6716	-1.9605	0
10480	-3.54292	-2.04298	0
10490	-2.28326	-2.10577	0
10500	1.00575	-1.90483	0
10510	2.93476	-2.04433	0
10520	4.82559	-2.36003	0
10530	6.76777	-2.58388	0
10540	8.80104	-2.80244	0
10550	9.57852	-3.02743	0
10560	11.4478	-2.88774	0
10570	13.6339	-2.4307	0
10580	15.2084	-1.67545	0
10590	3.35847	-0.899847	0
10600	3.46995	0.0767784	0
10610	3.43452	1.25909	0
10620	-0.261979	2.68478	0
10630	-1.29751	3.99142	0
10640	-1.0177	4.79427	0
10650	-0.798736	5.81192	0
10660	-0.648086	6.77494	0
10670	-0.269642	7.10549	0
10680	-0.148614	7.50891	0
10690	-0.00431206	7.32529	0
10700	0.175567	7.48192	0
10710	0.531088	6.70222	0
10720	0.716428	5.8888	0
10730	1.0113	4.49534	0
10740	1.16011	3.83874	0
10750	1.10057	2.45203	0
10760	-0.0739872	0.641387	0
10770	-1.76541	-0.324493	0
10780	-4.66948	-1.78818	0
10790	-7.73374	-2.96487	0
10800	-7.02482	-3.80069	0
10810	-8.13461	-4.53063	0
10820	-8.16143	-5.23933	0
10830	-7.60455	-5.35751	0
10840	-7.03977	-5.1593	0
10850	-6.11347	-4.81898	0
10860	-4.91313	-4.44516	0
10870	-5.68151	-4.21006	0
10880	-3.83198	-3.99059	0
10890	-1.78082	-3.07204	0
10900	-1.86103	-2.61833	0
10910	0.333665	-1.94031	0
10920	2.3561	-1.29952	0
10930	2.30382	-1.19534	0
10940	4.16239	-0.455942	0
10950	5.48192	-0.112252	0
10960	6.45852	0.0955371	0
10970	5.47898	0.4561	0
10980	6.34311	0.360159	0
10990	6.79909	0.362116	0
11000	6.92982	0.481539	0
11010	6.86962	0.527133	0
11020	6.65083	0.219125	0
11030	6.26182	0.199193	0
11040	5.67664	-0.129185	0
11050	5.1557	-0.353573	0
11060	4.61299	-0.609888	0
11070	4.10972	-0.891171	0
11080	3.79904	-0.902128	0
11090	3.52641	-0.804771	0
11100	-0.792764	-1.03665	0
11110	-1.13197	-0.822668	0
11120	-1.20127	-0.829749	0
11130	-1.21835	-0.555252	0
11140	-1.27875	-0.488478	0
11150	-1.24877	-0.110096	0
11160	-1.23506	-0.0174301	0
11170	-1.30141	0.213255	0
11180	-1.32206	0.325135	0
11190	-1.27318	0.41336	0
11200	-1.37695	0.712386	0
11210	-1.18341	0.845265	0
11220	-1.39814	0.842015	0
11230	-1.3411	0.820397	0
11240	-1.36361	0.656111	0
11250	-1.36145	0.591936	0
11260	-1.32095	0.359969	0
11270	-1.33671	0.164537	0
11280	-1.4197	-0.233732	0
11290	-1.37721	-0.16212	0
11300	-1.36184	-0.190902	0
11310	-1.28615	-0.622443	0
11320	-1.23201	-0.373307	0
11330	-1.08927	-0.467893	0
11340	-1.01529	-0.403014	0
11350	-0.800901	0.124577	0
11360	-0.535863	0.432673	0
11370	-0.42255	0.842439	0
11380	-0.230337	1.23933	0
11390	-0.149009	1.61345	0
11400	0.11529	1.63703	0
11410	0.331005	1.80409	0
11420	0.475537	1.66015	0
11430	0.584685	1.72148	0
11440	0.671318	1.3606	0
11450	0.83781	1.27365	0
11460	0.895027	0.842654	0
11470	1.11615	0.0174479	0
11480	1.11254	-0.515514	0
11490	1.29713	-1.44847	0
11500	1.31253	-1.99702	0
11510	1.33085	-2.88093	0
11520	1.3462	-2.91973	0
11530	1.3675	-3.35124	0
11540	1.35667	-3.7373	0
11550	1.40982	-4.09863	0
11560	1.43781	-3.78581	0
11570	1.40187	-3.32704	0
11580	1.47503	-3.07926	0
11590	1.38451	-2.39442	0
11600	1.35153	-1.62043	0
11610	1.49081	-0.977793	0
11620	1.48098	-0.410628	0
11630	1.51654	0.236601	0
11640	1.60443	0.556962	0
11650	1.57048	1.12088	0
11660	1.57915	2.14566	0
11670	1.58499	2.4121	0
11680	1.6691	3.00197	0
11690	1.65894	3.16216	0
11700	1.59094	3.036	0
11710	1.5636	2.75799	0
11720	1.45721	2.28782	0
11730	1.38668	1.74542	0
11740	1.27	1.35203	0
11750	1.1092	0.752648	0
11760	0.95394	0.128692	0
11770	0.842574	-0.467763	0
11780	0.701172	-0.695956	0
11790	0.554791	-1.27461	0
11800	-0.516519	-1.45598	0
11810	-3.24815	-1.39136	0
11820	-2.59344	-1.47281	0
11830	-1.51372	-1.37179	0
11840	-0.499173	-1.22055	0
11850	0.175352	-0.85694	0
11860	0.473324	-0.45011	0
11870	0.57456	-0.0641718	0
11880	0.673316	0.0843896	0
11890	0.895685	0.352413	0
11900	0.831409	0.74603	0
11910	0.837599	0.751278	0
11920	0.694649	0.659046	0
11930	0.665503	0.978121	0
11940	0.515401	0.734436	0
11950	0.413184	0.494076	0
11960	0.0398221	0.318661	0
11970	-0.485358	-0.131497	0
11980	-0.752587	-0.3473	0
11990	-1.10995	-0.73643	0
12000	-1.72157	-0.994234	0
12010	-1.78153	-1.24308	0
12020	-2.13943	-1.1819	0
12030	-2.40146	-1.18338	0
12040	-2.54999	-1.48209	0
12050	-2.56662	-1.15968	0
12060	-2.50497	-0.956155	0
12070	-2.37527	-0.318304	0
12080	-2.09598	0.295003	0
12090	-1.7778	0.664597	0
12100	-1.54676	1.22544	0
12110	-1.24634	1.43411	0
12120	-0.903911	2.28989	0
12130	-0.458356	2.80083	0
12140	-0.0879929	3.38659	0
12150	0.361925	3.77324	0
12160	0.817138	4.31634	0
12170	1.32786	4.51918	0
12180	1.84177	4.76387	0
12190	2.3145	4.87863	0
12200	2.80302	4.7746	0
12210	3.22873	4.71812	0
12220	3.6399	4.26935	0
12230	3.91768	3.87404	0
12240	4.12298	3.31499	0
12250	4.17806	2.90957	0
12260	4.26289	2.16038	0
12270	4.17139	1.57412	0
12280	3.00897	0.749375	0
12290	2.4036	-0.0988723	0
12300	2.19818	-1.27197	0
12310	2.04009	-2.02315	0
12320	1.87211	-2.58025	0
12330	1.69143	-3.26454	0
12340	1.39805	-3.75063	0
12350	0.897537	-3.85437	0
12360	0.437682	-4.25598	0
12370	-0.161378	-4.27395	0
12380	-0.648613	-4.25015	0
12390	-1.08876	-4.22139	0
12400	-1.45256	-4.06593	0
12410	-1.58111	-3.69526	0
12420	-1.70869	-3.35019	0
12430	-1.90057	-2.78285	0
12440	-2.08021	-2.24	0
12450	-2.1678	-1.57626	0
12460	-2.27337	-0.691955	0
12470	-2.40565	0.0867588	0
12480	-2.58861	0.894327	0
12490	-2.81248	1.52626	0
12500	-2.99468	1.87839	0
12510	-2.37336	2.50814	0
12520	-1.38813	2.71816	0
12530	-1.07709	3.23431	0
12540	-0.759691	3.23635	0
12550	-0.540885	3.22983	0
12560	-0.241261	3.11112	0
12570	0.0459557	2.60903	0
12580	0.256509	2.16736	0
12590	0.471391	1.79796	0
12600	0.5478	0.94983	0
12610	0.730796	0.237343	0
12620	0.80016	-0.3037	0
12630	0.793541	-0.671501	0
12640	0.683047	-1.18474	0
12650	0.610701	-1.68827	0
12660	0.476312	-2.12449	0
12670	0.307444	-2.08971	0
12680	0.053205	-2.15802	0
12690	-0.135864	-2.35428	0
12700	-0.212504	-2.2861	0
12710	-0.477636	-2.18229	0
12720	-0.525075	-2.12523	0
12730	-0.733809	-1.67989	0
12740	-0.838246	-1.40189	0
12750	-0.89059	-1.16209	0
12760	-0.823951	-0.895221	0
12770	-0.846113	-0.674426	0
12780	-0.814103	-0.460481	0
12790	-0.776069	-0.301654	0
12800	-0.940953	-0.0590929	0
12810	-0.66007	0.261325	0
12820	-0.451109	0.159995	0
12830	-0.151079	0.154535	0
12840	0.0623658	0.162063	0
12850	0.745168	-0.537402	0
12860	3.32943	-0.607987	0
12870	3.59788	-0.673237	0
12880	3.92236	-0.686566	0
12890	4.07304	-0.706412	0
12900	4.14477	-0.777263	0
12910	4.2409	-0.563221	0
12920	4.19517	-0.781372	0
12930	4.03896	-0.803848	0
12940	3.76213	-0.942888	0
12950	3.38538	-1.27211	0
12960	2.25593	-1.58967	0
12970	1.63997	-1.91782	0
12980	1.06208	-2.27529	0
12990	0.525633	-2.35672	0
13000	0.015186	-2.51658	0
13010	-0.495419	-2.51511	0
13020	-0.957819	-2.29823	0
13030	-1.32328	-2.08526	0
13040	-1.63163	-1.61831	0
13050	-1.79546	-0.776945	0
13060	-1.93709	-0.0758358	0
13070	-1.96101	0.916162	0
13080	-1.90699	1.99771	0
13090	-1.83153	2.78947	0
13100	-1.5439	3.76403	0
13110	-1.28311	4.69396	0
13120	-0.926208	5.26051	0
13130	-0.560209	5.87417	0
13140	-0.193314	5.7241	0
13150	0.163258	5.6286	0
13160	0.461971	5.1971	0
13170	0.803407	4.78083	0
13180	1.07908	4.09447	0
13190	1.18293	3.22999	0
13200	1.23504	2.37146	0
13210	1.37134	1.528	0
13220	1.44078	0.559015	0
13230	1.43838	-0.434823	0
13240	1.36725	-1.30491	0
13250	1.25969	-2.08573	0
13260	1.10726	-2.69629	0
13270	0.921833	-3.03919	0
13280	0.633239	-2.98621	0
13290	0.35736	-3.06167	0
13300	0.0910955	-3.01962	0
13310	-0.132843	-2.69719	0
13320	-0.304983	-2.42699	0
13330	-0.45202	-2.11276	0
13340	-0.603395	-1.91433	0
13350	-0.616895	-1.61106	0
13360	-0.612281	-1.21575	0
13370	-0.538503	-0.783093	0
13380	-0.518413	-0.416204	0
13390	-0.385933	0.0305151	0
13400	-0.240388	0.491359	0
13410	-0.0814771	0.982417	0
13420	0.0613902	1.37429	0
13430	0.158447	1.59983	0
13440	0.280688	1.99256	0
13450	0.366235	2.06892	0
13460	0.487516	2.22833	0
13470	0.554703	2.40851	0
13480	0.624019	2.37109	0
13490	0.714988	2.25244	0
13500	0.79033	2.28018	0
13510	0.831609	2.0257	0
13520	0.859711	1.8291	0
13530	0.883859	1.63532	0
13540	0.877618	1.18659	0
13550	0.934032	0.820472	0
13560	0.96437	0.472088	0
13570	0.978755	0.0311054	0
13580	0.887402	-0.219069	0
13590	0.912525	-0.377644	0
13600	0.790073	-0.662233	0
13610	0.679142	-0.787974	0
13620	0.472761	-0.877988	0
13630	0.260575	-1.04139	0
13640	0.0995991	-1.16619	0
13650	-0.0244061	-1.21884	0
13660	-0.170498	-1.22782	0
13670	-0.355329	-1.16375	0
13680	-0.412662	-1.19405	0
13690	-0.609794	-1.13358	0
13700	-0.631153	-1.16685	0
13710	-0.830985	-0.887607	0
13720	-0.941198	-0.891791	0
13730	-1.01175	0.299061	0
13740	-0.723663	-0.106673	0
13750	-0.578573	-0.311372	0
13760	-0.628355	-0.215531	0
13770	-0.663511	-0.0745328	0
13780	-0.720872	-0.335289	0
13790	-0.783546	-0.322372	0
13800	-0.765696	-0.406572	0
13810	-0.728445	-0.383632	0
13820	-0.629109	-0.457407	0
13830	-0.560442	-0.370753	0
13840	-0.493657	-0.434691	0
13850	-0.487365	-0.499969	0
13860	-0.318415	-0.453533	0
13870	-0.371716	-0.484027	0
13880	-0.391733	-0.427455	0
13890	-0.432931	-0.410276	0
13900	-0.410003	-0.466882	0
13910	-0.519207	-0.461686	0
13920	-0.60906	-0.385601	0
13930	-0.645959	-0.360844	0
13940	-0.807308	-0.339011	0
13950	-0.947413	-0.309636	0
13960	-1.11935	-0.30901	0
13970	-1.16546	-0.260219	0
13980	-0.27424	-0.193	0
13990	0.211103	-0.128451	0
14000	0.387095	-0.203921	0
14010	0.592773	-0.0360633	0
14020	0.813713	-0.0608089	0
14030	1.01547	-0.189266	0
14040	1.25396	0.0351622	0
14050	1.4686	0.102919	0
14060	1.67079	0.182795	0
14070	1.81102	0.138174	0
14080	2.01667	0.225292	0
14090	1.22187	0.216305	0
14100	1.17922	0.372921	0
14110	1.28472	0.271623	0
14120	1.3237	0.300916	0
14130	1.39082	0.130238	0
14140	1.48147	-0.0419947	0
14150	1.4769	-0.246858	0
14160	1.4724	-0.294894	0
14170	1.48618	-0.476852	0
14180	1.46591	-0.682061	0
14190	1.4323	-0.983161	0
14200	1.39023	-1.01435	0
14210	1.3678	-1.17848	0
14220	1.24965	-1.27404	0
14230	1.42916	-1.37369	0
14240	1.42418	-1.3934	0
14250	1.34292	-1.35049	0
14260	1.33286	-1.35366	0
14270	1.28756	-1.36538	0
14280	1.21919	-1.43	0
14290	1.20562	-1.33065	0
14300	1.18709	-1.27166	0
14310	1.14668	-1.10761	0
14320	1.07901	-0.976212	0
14330	1.03617	-0.716369	0
14340	0.986542	-0.394875	0
14350	0.9866	-0.0321496	0
14360	0.950129	0.297101	0
14370	0.922228	0.53681	0
14380	0.958415	0.752286	0
14390	1.00401	0.994184	0
14400	0.988664	1.09601	0
14410	1.01877	1.19204	0
14420	1.08184	1.36605	0
14430	1.09934	1.38746	0
14440	1.74514	1.49254	0
14450	2.13208	1.33732	0
14460	2.16058	1.16889	0
14470	1.9906	0.943917	0
14480	1.9457	0.780652	0
14490	1.81253	0.564436	0
14500	1.73964	0.386678	0
14510	1.54115	0.139937	0
14520	1.27399	-0.0482118	0
14530	1.1463	-0.279666	0
14540	0.978725	-0.426961	0
14550	0.597291	-0.61814	0
14560	0.477269	-0.721653	0
14570	0.280112	-0.828056	0
14580	0.033257	-1.00558	0
14590	-0.089565	-1.07873	0
14600	-0.314093	-1.17775	0
14610	-0.457889	-1.19612	0
14620	-0.671462	-1.21133	0
14630	-0.295311	-1.35668	0
14640	-0.404593	-1.39637	0
14650	-0.547992	-1.46292	0
14660	-0.668251	-1.46719	0
14670	-0.753593	-1.52017	0
14680	-0.81106	-1.57878	0
14690	-0.805183	-1.55567	0
14700	-0.706018	-1.62146	0
14710	-0.600165	-1.48893	0
14720	-0.199045	-1.48376	0
14730	0.0225588	-1.31882	0
14740	0.24797	-1.26288	0
14750	0.522813	-1.02496	0
14760	0.990861	-0.758682	0
14770	1.3747	-0.560787	0
14780	1.6807	-0.260339	0
14790	1.91979	0.0324383	0
14800	2.14958	0.35195	0
14810	2.26005	0.407029	0
14820	2.42116	0.732643	0
14830	2.449	0.946553	0
14840	2.6667	0.957356	0
14850	2.49588	1.06396	0
14860	2.38434	1.08059	0
14870	2.38938	1.16778	0
14880	2.11992	1.10687	0
14890	1.90017	0.923584	0
14900	1.58736	0.866486	0
14910	1.28449	0.708572	0
14920	0.887614	0.454604	0
14930	-0.0256312	0.261891	0
14940	-0.953099	0.0955542	0
14950	-1.99022	-0.111901	0
14960	-2.75747	-0.33741	0
14970	-3.72948	-0.568447	0
14980	-4.18162	-0.637393	0
14990	-4.30909	-0.654773	0
15000	-4.75013	-0.607674	0
15010	-4.6963	-0.560043	0
15020	-4.38184	-0.342426	0
15030	-3.8891	-0.149425	0
15040	-3.18968	0.129371	0
15050	-2.71202	0.297578	0
15060	-1.70884	0.610758	0
15070	-0.921056	0.844313	0
15080	-0.03652	1.0512	0
15090	0.819326	1.31039	0
15100	1.63806	1.4659	0
15110	2.39787	1.52191	0
15120	2.98524	1.43793	0
15130	3.6583	1.32525	0
15140	4.12856	1.11887	0
15150	4.37484	0.794372	0
15160	4.51053	0.424269	0
15170	4.48964	0.0655482	0
15180	4.3722	-0.440219	0
15190	4.28436	-0.809911	0
15200	4.08124	-1.17079	0
15210	-0.519374	-1.4549	0
15220	-0.77048	-1.74214	0
15230	-0.934746	-1.90811	0
15240	-1.08301	-1.89627	0
15250	-1.23589	-1.79506	0
15260	-2.49479	-1.59883	0
15270	-2.46206	-1.36492	0
15280	-2.29058	-1.02624	0
15290	-2.07831	-0.616669	0
15300	-1.88394	-0.111718	0
15310	-1.70448	0.447329	0
15320	-1.5541	1.00487	0
15330	-1.43964	1.64232	0
15340	-1.45045	2.18593	0
15350	-1.45469	2.67667	0
15360	-1.51846	3.0042	0
15370	-0.844417	3.16013	0
15380	-0.6269	3.14829	0
15390	-0.417349	3.13112	0
15400	-0.277798	3.09441	0
15410	-0.100376	2.95812	0
15420	0.0916907	2.72237	0
15430	0.266144	2.40124	0
15440	0.41348	2.0874	0
15450	0.575491	1.64019	0
15460	0.681402	1.2546	0
15470	0.771611	0.767329	0
15480	0.812836	0.210576	0
15490	0.841634	-0.250411	0
15500	0.837288	-0.703861	0
15510	0.816077	-1.19399	0
15520	0.763833	-1.52158	0
15530	0.704611	-1.74383	0
15540	0.635463	-1.7976	0
15550	0.586525	-1.91936	0
15560	1.60351	-1.84205	0
15570	1.5065	-1.81755	0
15580	1.30605	-1.83831	0
15590	1.15001	-1.77831	0
15600	0.979815	-1.77036	0
15610	0.779695	-1.70696	0
15620	0.623202	-1.65142	0
15630	0.502806	-1.55857	0
15640	0.360274	-1.49852	0
15650	0.252357	-1.30013	0
15660	0.082743	-1.13561	0
15670	-0.0380918	-0.827224	0
15680	-0.152292	-0.558778	0
15690	-0.214051	-0.152652	0
15700	-0.334249	0.304634	0
15710	-0.413709	0.813047	0
15720	-0.465524	1.30075	0
15730	-0.533658	1.64809	0
15740	-0.521003	1.87838	0
15750	-0.937939	2.71917	0
15760	-0.892824	3.06664	0
15770	-0.737383	3.39622	0
15780	-0.599145	3.63682	0
15790	-0.38851	3.83319	0
15800	-0.189227	3.85427	0
15810	-0.590082	3.64674	0
15820	-0.680159	3.18649	0
15830	-0.55862	2.5766	0
15840	-0.403749	1.45489	0
15850	-0.286282	0.484633	0
15860	-0.194549	-0.545443	0
15870	-0.0750439	-1.51631	0
15880	0.016163	-2.2149	0
15890	-0.196583	-2.9186	0
15900	-1.24423	-3.30418	0
15910	-1.957	-3.66422	0
15920	-2.40654	-3.85566	0
15930	-2.55976	-3.9371	0
15940	-2.63022	-3.8457	0
15950	-2.2585	-3.42018	0
15960	-1.59955	-3.04472	0
15970	-0.945242	-2.42013	0
15980	-0.0179245	-1.7756	0
15990	1.07202	-0.965079	0
16000	2.2098	-0.148888	0
16010	3.26908	0.629769	0
16020	4.18999	1.39179	0
16030	4.93199	1.95078	0
16040	-0.697773	2.44349	0
16050	-0.8279	2.73146	0
16060	-0.866773	2.92965	0
16070	-0.892333	2.81371	0
16080	-0.921584	2.53112	0
16090	-0.881249	2.31519	0
16100	-0.830114	1.93196	0
16110	-0.765108	1.50128	0
16120	-0.727753	1.10291	0
16130	-0.693638	0.697965	0
16140	-0.642187	0.269864	0
16150	-0.542651	-0.171292	0
16160	-0.415272	-0.510027	0
16170	-0.267468	-0.905009	0
16180	-0.172673	-1.0767	0
16190	-0.0812194	-1.20338	0
16200	0.00540156	-1.19973	0
16210	0.138965	-1.20402	0
16220	0.277058	-1.07291	0
16230	0.370102	-0.879283	0
16240	0.46291	-0.552197	0
16250	0.539222	-0.208268	0
16260	0.594561	0.193023	0
16270	0.662497	0.448243	0
16280	0.691363	0.909483	0
16290	0.706547	1.29115	0
16300	0.709045	1.53401	0
16310	0.73167	1.74676	0
16320	0.686736	1.90877	0
16330	0.680217	1.90917	0
16340	0.665518	1.77482	0
16350	0.671429	1.55591	0
16360	0.661258	1.14973	0
16370	0.583392	0.660686	0
16380	0.570425	0.138463	0
16390	0.518857	-0.336439	0
16400	0.427628	-0.844639	0
16410	0.336252	-1.32151	0
16420	0.349965	-1.74853	0
16430	0.275199	-2.09095	0
16440	0.168352	-2.32326	0
16450	0.0351234	-2.48431	0
16460	-0.0598531	-2.48536	0
16470	-0.133077	-2.36661	0
16480	-0.217364	-2.19007	0
16490	-0.17155	-2.04553	0
16500	-0.242571	-1.91773	0
16510	-0.280563	-1.65768	0
16520	-0.380878	-1.42121	0
16530	-0.477668	-1.14783	0
16540	-0.578325	-0.787013	0
16550	-0.673004	-0.338214	0
16560	-0.809242	-0.0560173	0
16570	-0.940179	0.381582	0
16580	-1.07852	0.70669	0
16590	-1.20429	1.0356	0
16600	-1.29576	1.29836	0
16610	-1.39253	1.52282	0
16620	-1.45255	1.68697	0
16630	-1.51555	1.81195	0
16640	-0.894235	1.86029	0
16650	-0.733929	1.90693	0
16660	-0.642308	1.79334	0
16670	-0.539481	1.66856	0
16680	-0.49768	1.52122	0
16690	-0.464448	1.2592	0
16700	-0.448676	0.981567	0
16710	-0.462648	0.6901	0
16720	-0.466152	0.388199	0
16730	-0.463433	0.101592	0
16740	-0.484741	-0.131315	0
16750	-0.534771	-0.387127	0
16760	-0.501958	-0.567177	0
16770	-0.492216	-0.747179	0
16780	-0.463918	-0.854051	0
16790	-0.431866	-0.935644	0
16800	-0.358302	-1.07927	0
16810	-0.256458	-1.17832	0
16820	-0.14232	-1.25092	0
16830	0.0337554	-1.23874	0
16840	0.190144	-1.14916	0
16850	0.376913	-1.21288	0
16860	0.561447	-1.08818	0
16870	0.702131	-1.02076	0
16880	0.9277	-0.916072	0
16890	1.06022	-0.804566	0
16900	1.15541	-0.719806	0
16910	1.28476	-0.479732	0
16920	1.39016	-0.238224	0
16930	1.4668	-3.84304e-05	0
16940	1.48538	0.0791552	0
16950	1.54397	0.317177	0
16960	1.57833	0.474311	0
16970	1.59939	0.715093	0
16980	1.58854	0.754974	0
16990	1.58508	0.964489	0
17000	1.53581	0.966314	0
17010	1.49495	1.06733	0
17020	1.40418	0.939645	0
17030	1.30814	0.978179	0
17040	1.19841	0.911105	0
17050	0.981035	0.859287	0
17060	0.771207	0.770752	0
17070	0.644411	0.704554	0
17080	0.49412	0.527594	0
17090	0.347322	0.368017	0
17100	0.262541	0.205507	0
17110	0.11891	0.0402905	0
17120	-0.0371664	-0.0505644	0
17130	-0.174777	-0.103368	0
17140	-0.305434	-0.160917	0
17150	-0.431451	-0.127924	0
17160	-0.406179	-0.168986	0
17170	-0.283761	-0.0736028	0
17180	-0.247061	-0.017882	0
17190	-0.136659	0.0790406	0
17200	-0.0655756	0.199517	0
17210	0.0026204	0.409445	0
17220	-0.0259559	0.548991	0
17230	-0.0274981	0.699767	0
17240	-0.0819036	0.839204	0
17250	-0.209006	0.965378	0
17260	-0.335917	1.02126	0
17270	-0.46652	1.17595	0
17280	-0.67338	1.1842	0
17290	-0.873365	1.21583	0
17300	-1.0934	1.19656	0
17310	-1.32775	1.12994	0
17320	-1.52744	1.01144	0
17330	-1.73272	0.848352	0
17340	-1.90344	0.633499	0
17350	-0.69143	0.405306	0
17360	-0.285058	0.149164	0
17370	-0.261435	-0.154285	0
17380	-0.247055	-0.456073	0
17390	-0.250975	-0.730918	0
17400	-0.270881	-1.02745	0
17410	-0.266712	-1.33525	0
17420	-0.286183	-1.60307	0
17430	-0.298429	-1.77337	0
17440	-0.32232	-1.88804	0
17450	-0.311398	-1.93714	0
17460	-0.28912	-1.87748	0
17470	-0.26157	-1.76419	0
17480	-0.180939	-1.57931	0
17490	-0.123299	-1.33453	0
17500	-0.0262122	-1.00955	0
17510	0.0683497	-0.607972	0
17520	0.18812	-0.185219	0
17530	0.304283	0.246361	0
17540	0.424602	0.708152	0
17550	0.550439	1.12299	0
17560	0.666702	1.50152	0
17570	0.767139	1.80832	0
17580	0.867375	2.02941	0
17590	0.945166	2.13907	0
17600	1.07725	2.08675	0
17610	1.1999	1.9122	0
17620	1.25542	1.60333	0
17630	1.22173	1.16537	0
17640	1.13826	0.624772	0
17650	1.0038	0.0391811	0
17660	0.89556	-0.564165	0
17670	0.787457	-1.14566	0
17680	0.706803	-1.67481	0
17690	0.59957	-2.08864	0
17700	0.541984	-2.37914	0
17710	0.521968	-2.52791	0
17720	0.513342	-2.5431	0
17730	0.482252	-2.41996	0
17740	0.477828	-2.21606	0
17750	0.422869	-1.8887	0
17760	-0.477275	-1.45832	0
17770	-0.645838	-0.993245	0
17780	-0.758472	-0.491581	0
17790	-0.856912	-0.0126859	0
17800	-0.963641	0.389192	0
17810	-1.05865	0.685608	0
17820	-0.853695	0.904984	0
17830	-0.110289	1.06512	0
17840	-0.0622225	1.14895	0
17850	-0.0553266	1.15345	0
17860	-0.0470952	1.04879	0
17870	-0.0569658	0.905739	0
17880	-0.0590502	0.763203	0
17890	-0.0777553	0.526486	0
17900	-0.0634744	0.180864	0
17910	-0.0755323	-0.111959	0
17920	0.0367698	-0.957547	0
17930	1.14119	-1.34721	0
17940	1.1362	-1.64707	0
17950	1.14275	-1.82786	0
17960	1.08969	-2.06692	0
17970	0.981638	-2.16674	0
17980	0.857062	-2.27043	0
17990	0.757941	-2.28573	0
18000	0.598943	-2.26309	0
