0	0	0	0
10	-1.48245e-13	-3.5773e-06	6.75171e-13
20	-6.72416e-13	-1.49746e-05	1.57963e-12
30	-1.1686e-12	-3.3792e-05	2.47923e-12
40	-1.51472e-12	-5.93816e-05	3.37178e-12
50	-1.63275e-12	-9.08868e-05	4.24644e-12
60	-1.48807e-12	-0.000127294	5.09459e-12
70	-1.07329e-12	-0.000167492	5.90779e-12
80	-3.98681e-13	-0.000210337	6.67623e-12
90	5.1384e-13	-0.000254715	7.38814e-12
100	1.64055e-12	-0.000299602	8.029e-12
110	2.94648e-12	-0.000344116	8.5851e-12
120	4.3876e-12	-0.000387556	9.04464e-12
130	5.92636e-12	-0.000429424	9.39698e-12
140	7.52837e-12	-0.000469442	9.63541e-12
150	9.15735e-12	-0.00050754	9.76073e-12
160	1.07895e-11	-0.000543841	9.78165e-12
170	1.24013e-11	-0.000578627	9.72181e-12
180	1.40106e-11	-0.000612302	9.61598e-12
190	1.61332e-11	-0.000645341	9.42384e-12
200	2.05157e-11	-0.000678246	8.88528e-12
210	2.87561e-11	-0.000711496	7.8311e-12
220	4.16488e-11	-0.000745506	6.35648e-12
230	5.95387e-11	-0.000780597	4.78933e-12
240	8.25159e-11	-0.000816971	3.71877e-12
250	1.10545e-10	-0.000854697	4.0397e-12
260	1.43713e-10	-0.000893718	7.01868e-12
270	1.82152e-10	-0.000933859	1.44468e-11
280	2.2623e-10	-0.000974848	2.87589e-11
290	2.7669e-10	-0.00101635	5.31845e-11
300	3.34591e-10	-0.00105799	9.19414e-11
310	4.01964e-10	-0.00109939	1.5033e-10
320	4.8151e-10	-0.00114024	2.34985e-10
330	5.76557e-10	-0.00118024	3.54032e-10
340	6.91207e-10	-0.00121923	5.1716e-10
350	8.30615e-10	-0.00125711	7.35599e-10
360	1.00074e-09	-0.0012939	1.02204e-09
370	1.20831e-09	-0.00132972	1.3903e-09
380	1.46076e-09	-0.00136477	1.85478e-09
390	1.76597e-09	-0.00139931	2.42967e-09
400	2.13209e-09	-0.00143366	3.12777e-09
410	2.56687e-09	-0.00146813	3.95925e-09
420	3.07715e-09	-0.00150302	4.9298e-09
430	3.66725e-09	-0.00153857	6.03903e-09
440	4.33945e-09	-0.00157498	7.27802e-09
450	5.09429e-09	-0.00161235	8.62697e-09
460	5.92792e-09	-0.00165069	1.00534e-08
470	6.83211e-09	-0.00168993	1.15106e-08
480	7.79394e-09	-0.00172992	1.29357e-08
490	8.79536e-09	-0.00177044	1.425e-08
500	9.81241e-09	-0.00181123	1.53596e-08
510	1.08145e-08	-0.001852	1.61572e-08
520	1.17693e-08	-0.00189246	1.65254e-08
530	1.26392e-08	-0.00193237	1.63424e-08
540	1.33859e-08	-0.00197153	1.54901e-08
550	1.39714e-08	-0.00200979	1.38655e-08
560	1.43631e-08	-0.00204708	1.13936e-08
570	1.45371e-08	-0.00208342	8.04373e-09
580	1.44882e-08	-0.00211888	3.84766e-09
590	1.42364e-08	-0.0021536	-1.07956e-09
600	1.38353e-08	-0.00218777	-6.51664e-09
610	1.33659e-08	-0.00222157	-1.21098e-08
620	1.29731e-08	-0.0022552	-1.73525e-08
630	1.28728e-08	-0.00228882	-2.15568e-08
640	1.33674e-08	-0.00232254	-2.38238e-08
650	1.48632e-08	-0.00235642	-2.30133e-08
660	1.78835e-08	-0.00239041	-1.77164e-08
670	2.30454e-08	-0.00242437	-6.29467e-09
680	3.11502e-08	-0.0024581	1.32169e-08
690	4.32461e-08	-0.00249129	4.31996e-08
700	6.05791e-08	-0.00252357	8.63971e-08
710	8.47261e-08	-0.00255451	1.45934e-07
720	1.17524e-07	-0.00258367	2.25397e-07
730	1.61048e-07	-0.00261057	3.28708e-07
740	2.17786e-07	-0.00263476	4.60166e-07
750	2.90612e-07	-0.00265582	6.24519e-07
760	3.82767e-07	-0.00267337	8.26852e-07
770	4.98038e-07	-0.00268711	1.07256e-06
780	6.40658e-07	-0.00269678	1.36723e-06
790	8.1559e-07	-0.0027022	1.71643e-06
800	1.02841e-06	-0.00270325	2.12581e-06
810	1.28532e-06	-0.00269987	2.60065e-06
820	1.59302e-06	-0.00269205	3.14626e-06
830	1.95864e-06	-0.00267982	3.76818e-06
840	2.38985e-06	-0.00266328	4.47224e-06
850	2.89483e-06	-0.00264252	5.26423e-06
860	3.48218e-06	-0.00261769	6.14971e-06
870	4.16034e-06	-0.00258894	7.13375e-06
880	4.93711e-06	-0.00255643	8.22061e-06
890	5.81897e-06	-0.00252037	9.41344e-06
900	6.81042e-06	-0.00248098	1.07139e-05
910	7.91348e-06	-0.00243856	1.21217e-05
920	9.12725e-06	-0.00239342	1.36347e-05
930	1.04476e-05	-0.00234596	1.52484e-05
940	1.18667e-05	-0.00229666	1.69557e-05
950	1.33731e-05	-0.00224604	1.87472e-05
960	1.49523e-05	-0.00219467	2.06108e-05
970	1.6586e-05	-0.00214318	2.25317e-05
980	1.82529e-05	-0.00209222	2.44921e-05
990	1.99312e-05	-0.0020424	2.6472e-05
1000	2.15983e-05	-0.00199431	2.84489e-05
1010	2.32301e-05	-0.00194844	3.03977e-05
1020	2.47999e-05	-0.00190519	3.22897e-05
1030	2.62777e-05	-0.00186484	3.40932e-05
1040	2.7631e-05	-0.00182753	3.57732e-05
1050	2.88248e-05	-0.00179327	3.72914e-05
1060	2.98218e-05	-0.00176191	3.86073e-05
1070	3.05834e-05	-0.00173313	3.96791e-05
1080	3.10716e-05	-0.00170652	4.04649e-05
1090	3.12527e-05	-0.00168153	4.09256e-05
1100	3.10998e-05	-0.00165755	4.10273e-05
1110	3.0595e-05	-0.00163391	4.07439e-05
1120	2.97314e-05	-0.00160993	4.0059e-05
1130	2.85143e-05	-0.00158499	3.89685e-05
1140	2.69624e-05	-0.00155856	3.74815e-05
1150	2.5108e-05	-0.00153019	3.5622e-05
1160	2.29965e-05	-0.00149962	3.34286e-05
1170	2.06855e-05	-0.00146674	3.09541e-05
1180	1.82424e-05	-0.00143158	2.82641e-05
1190	1.57422e-05	-0.00139437	2.54347e-05
1200	1.32638e-05	-0.00135544	2.2549e-05
1210	1.08867e-05	-0.00131526	1.96936e-05
1220	8.68713e-06	-0.00127436	1.69546e-05
1230	6.73395e-06	-0.0012333	1.44131e-05
1240	5.08515e-06	-0.00119264	1.21411e-05
1250	3.78455e-06	-0.00115291	1.01973e-05
1260	2.85909e-06	-0.00111452	8.62384e-06
1270	2.31694e-06	-0.00107783	7.44359e-06
1280	2.14653e-06	-0.00104305	6.65815e-06
1290	2.31657e-06	-0.00101027	6.2474e-06
1300	2.77721e-06	-0.000979481	6.17002e-06
1310	3.46221e-06	-0.000950564	6.36527e-06
1320	4.2921e-06	-0.000923327	6.75601e-06
1330	5.17816e-06	-0.00089753	7.25278e-06
1340	6.02696e-06	-0.000872917	7.75869e-06
1350	6.74528e-06	-0.000849248	8.1748e-06
1360	7.24496e-06	-0.000826324	8.40569e-06
1370	7.44752e-06	-0.000804017	8.36485e-06
1380	7.28828e-06	-0.000782281	7.9795e-06
1390	6.71963e-06	-0.000761161	7.19458e-06
1400	5.71341e-06	-0.000740796	5.97566e-06
1410	4.26265e-06	-0.000721407	4.31068e-06
1420	2.38184e-06	-0.000703282	2.21103e-06
1430	1.0518e-07	-0.000686754	-2.90231e-07
1440	-2.5155e-06	-0.000672172	-3.14074e-06
1450	-5.4135e-06	-0.000659878	-6.27201e-06
1460	-8.50998e-06	-0.000650186	-9.60325e-06
1470	-1.17181e-05	-0.000643354	-1.30455e-05
1480	-1.49485e-05	-0.000639565	-1.65067e-05
1490	-1.81127e-05	-0.000638919	-1.98959e-05
1500	-2.11271e-05	-0.000641421	-2.31278e-05
1510	-2.39154e-05	-0.000646993	-2.61255e-05
1520	-2.64117e-05	-0.000655478	-2.88238e-05
1530	-2.85622e-05	-0.000666654	-3.11713e-05
1540	-3.03267e-05	-0.000680258	-3.31308e-05
1550	-3.16783e-05	-0.000696001	-3.468e-05
1560	-3.26036e-05	-0.000713595	-3.58102e-05
1570	-3.31015e-05	-0.00073277	-3.65253e-05
1580	-3.31817e-05	-0.000753289	-3.68394e-05
1590	-3.28632e-05	-0.000774965	-3.67747e-05
1600	-3.2172e-05	-0.000797666	-3.6359e-05
1610	-3.11397e-05	-0.000821312	-3.56236e-05
1620	-2.98016e-05	-0.000845876	-3.4601e-05
1630	-2.81955e-05	-0.000871374	-3.33236e-05
1640	-2.63603e-05	-0.000897849	-3.18224e-05
1650	-2.43355e-05	-0.000925362	-3.01267e-05
1660	-2.21609e-05	-0.000953976	-2.82641e-05
1670	-1.98766e-05	-0.000983741	-2.62611e-05
1680	-1.75227e-05	-0.00101469	-2.41437e-05
1690	-1.51402e-05	-0.00104681	-2.19385e-05
1700	-1.27705e-05	-0.00108009	-1.96738e-05
1710	-1.04556e-05	-0.00111445	-1.73803e-05
1720	-8.23806e-06	-0.0011498	-1.50916e-05
1730	-6.16019e-06	-0.00118603	-1.28442e-05
1740	-4.26325e-06	-0.00122302	-1.06772e-05
1750	-2.58628e-06	-0.00126064	-8.63144e-06
1760	-1.1646e-06	-0.00129876	-6.74776e-06
1770	-2.82189e-08	-0.00133729	-5.06552e-06
1780	7.99855e-07	-0.00137611	-3.62036e-06
1790	1.30524e-06	-0.00141514	-2.44205e-06
1800	1.48357e-06	-0.00145432	-1.55229e-06
1810	1.34152e-06	-0.00149356	-9.62834e-07
1820	8.97382e-07	-0.00153281	-6.7399e-07
1830	1.80985e-07	-0.00157197	-6.73633e-07
1840	-7.6688e-07	-0.00161096	-9.37004e-07
1850	-1.89576e-06	-0.00164965	-1.42725e-06
1860	-3.14748e-06	-0.00168791	-2.09673e-06
1870	-4.45863e-06	-0.00172557	-2.88898e-06
1880	-5.76336e-06	-0.00176247	-3.74128e-06
1890	-6.99632e-06	-0.00179841	-4.58769e-06
1900	-8.09571e-06	-0.00183323	-5.36229e-06
1910	-9.00616e-06	-0.00186678	-6.00257e-06
1920	-9.68131e-06	-0.00189894	-6.45267e-06
1930	-1.00859e-05	-0.00192965	-6.66634e-06
1940	-1.01972e-05	-0.00195889	-6.60933e-06
1950	-1.00056e-05	-0.00198672	-6.26106e-06
1960	-9.51491e-06	-0.00201325	-5.61563e-06
1970	-8.7414e-06	-0.00203863	-4.6822e-06
1980	-7.71275e-06	-0.00206308	-3.4846e-06
1990	-6.46613e-06	-0.00208681	-2.06023e-06
2000	-5.0459e-06	-0.00211003	-4.5812e-07
2010	-3.50104e-06	-0.00213295	1.26377e-06
2020	-1.8823e-06	-0.00215571	3.0416e-06
2030	-2.39452e-07	-0.00217839	4.80907e-06
2040	1.38144e-06	-0.00220099	6.50106e-06
2050	2.94006e-06	-0.00222343	8.05776e-06
2060	4.40371e-06	-0.00224552	9.42821e-06
2070	5.74892e-06	-0.00226697	1.05729e-05
2080	6.96221e-06	-0.00228747	1.1466e-05
2090	8.03914e-06	-0.0023066	1.20965e-05
2100	8.98006e-06	-0.00232397	1.24645e-05
2110	9.79241e-06	-0.00233918	1.25837e-05
2120	1.04916e-05	-0.00235185	1.2483e-05
2130	1.11e-05	-0.00236167	1.2206e-05
2140	1.16447e-05	-0.00236838	1.18081e-05
2150	1.21541e-05	-0.00237185	1.13539e-05
2160	1.26545e-05	-0.00237206	1.09099e-05
2170	1.31693e-05	-0.00236911	1.05438e-05
2180	1.37182e-05	-0.00236323	1.03213e-05
2190	1.43184e-05	-0.0023547	1.03017e-05
2200	1.49831e-05	-0.0023439	1.05348e-05
2210	1.5719e-05	-0.00233125	1.10573e-05
2220	1.6524e-05	-0.00231716	1.18888e-05
2230	1.73862e-05	-0.00230204	1.30297e-05
2240	1.82845e-05	-0.00228627	1.44605e-05
2250	1.9189e-05	-0.00227016	1.61421e-05
2260	2.00627e-05	-0.00225392	1.80175e-05
2270	2.08629e-05	-0.00223772	2.00152e-05
2280	2.15435e-05	-0.00222159	2.20524e-05
2290	2.20589e-05	-0.0022055	2.40387e-05
2300	2.23678e-05	-0.0021893	2.58816e-05
2310	2.24369e-05	-0.00217281	2.74931e-05
2320	2.22425e-05	-0.00215575	2.87952e-05
2330	2.17735e-05	-0.00213788	2.97242e-05
2340	2.10321e-05	-0.00211891	3.0235e-05
2350	2.00339e-05	-0.00209862	3.03029e-05
2360	1.88068e-05	-0.00207684	2.99247e-05
2370	1.73897e-05	-0.00205348	2.91185e-05
2380	1.583e-05	-0.00202851	2.79218e-05
2390	1.41807e-05	-0.00200202	2.63886e-05
2400	1.24974e-05	-0.00197414	2.45854e-05
2410	1.08352e-05	-0.00194511	2.25867e-05
2420	9.24505e-06	-0.00191518	2.04699e-05
2430	7.7714e-06	-0.00188461	1.83106e-05
2440	6.44955e-06	-0.00185368	1.6178e-05
2450	5.30405e-06	-0.00182263	1.41313e-05
2460	4.34776e-06	-0.00179165	1.22166e-05
2470	3.58169e-06	-0.00176086	1.04654e-05
2480	2.99559e-06	-0.00173031	8.89403e-06
2490	2.56922e-06	-0.0017	7.50434e-06
2500	2.27423e-06	-0.00166985	6.28549e-06
2510	2.07641e-06	-0.00163976	5.21655e-06
2520	1.93817e-06	-0.00160959	4.2697e-06
2530	1.82107e-06	-0.00157921	3.41361e-06
2540	1.68824e-06	-0.00154854	2.61694e-06
2550	1.5065e-06	-0.00151753	1.8514e-06
2560	1.24817e-06	-0.0014862	1.09433e-06
2570	8.92274e-07	-0.00145467	3.30501e-07
2580	4.25379e-07	-0.00142313	-4.4696e-07
2590	-1.58226e-07	-0.00139184	-1.23664e-06
2600	-8.56781e-07	-0.00136114	-2.02975e-06
2610	-1.66177e-06	-0.00133137	-2.81185e-06
2620	-2.55892e-06	-0.00130293	-3.56517e-06
2630	-3.52945e-06	-0.00127616	-4.27117e-06
2640	-4.55151e-06	-0.00125135	-4.91336e-06
2650	-5.60154e-06	-0.00122873	-5.47981e-06
2660	-6.65561e-06	-0.00120839	-5.96526e-06
2670	-7.69063e-06	-0.00119033	-6.37276e-06
2680	-8.6853e-06	-0.00117441	-6.7143e-06
2690	-9.62076e-06	-0.00116038	-7.01072e-06
2700	-1.04811e-05	-0.00114788	-7.29061e-06
2710	-1.12532e-05	-0.00113648	-7.58842e-06
2720	-1.19274e-05	-0.00112571	-7.94179e-06
2730	-1.24962e-05	-0.00111508	-8.3885e-06
2740	-1.2955e-05	-0.00110416	-8.96307e-06
2750	-1.33009e-05	-0.00109258	-9.69352e-06
2760	-1.35328e-05	-0.00108007	-1.05984e-05
2770	-1.36514e-05	-0.00106652	-1.16842e-05
2780	-1.36581e-05	-0.00105193	-1.29443e-05
2790	-1.35561e-05	-0.00103648	-1.43575e-05
2800	-1.33496e-05	-0.00102048	-1.5889e-05
2810	-1.30442e-05	-0.00100436	-1.74917e-05
2820	-1.26475e-05	-0.000988657	-1.91086e-05
2830	-1.21686e-05	-0.000973934	-2.06758e-05
2840	-1.16188e-05	-0.000960779	-2.21265e-05
2850	-1.10112e-05	-0.000949742	-2.33951e-05
2860	-1.03607e-05	-0.000941295	-2.44206e-05
2870	-9.68323e-06	-0.000935794	-2.51506e-05
2880	-8.99553e-06	-0.000933458	-2.55444e-05
2890	-8.31448e-06	-0.000934345	-2.55759e-05
2900	-7.65623e-06	-0.000938353	-2.52348e-05
2910	-7.0351e-06	-0.000945224	-2.45269e-05
2920	-6.46259e-06	-0.000954567	-2.34729e-05
2930	-5.94629e-06	-0.000965886	-2.21071e-05
2940	-5.48918e-06	-0.000978615	-2.04744e-05
2950	-5.08902e-06	-0.000992164	-1.86272e-05
2960	-4.73816e-06	-0.00100596	-1.66216e-05
2970	-4.42367e-06	-0.00101948	-1.45138e-05
2980	-4.1279e-06	-0.00103231	-1.23568e-05
2990	-3.82941e-06	-0.00104415	-1.01971e-05
3000	-3.50422e-06	-0.00105483	-8.07218e-06
3010	-3.1273e-06	-0.00106433	-6.00942e-06
3020	-2.67428e-06	-0.00107278	-4.02486e-06
3030	-2.12326e-06	-0.00108042	-2.12376e-06
3040	-1.45657e-06	-0.00108761	-3.01788e-07
3050	-6.62361e-07	-0.00109478	1.45304e-06
3060	2.63998e-07	-0.00110238	3.15758e-06
3070	1.31892e-06	-0.00111087	4.83042e-06
3080	2.48999e-06	-0.00112069	6.48861e-06
3090	3.75592e-06	-0.00113218	8.14464e-06
3100	5.08733e-06	-0.00114562	9.80388e-06
3110	6.44801e-06	-0.00116115	1.14628e-05
3120	7.79667e-06	-0.00117881	1.31082e-05
3130	9.08925e-06	-0.00119853	1.47173e-05
3140	1.02814e-05	-0.00122009	1.62585e-05
3150	1.1331e-05	-0.00124322	1.76938e-05
3160	1.22012e-05	-0.00126755	1.89809e-05
3170	1.28624e-05	-0.00129266	2.00766e-05
3180	1.32947e-05	-0.00131812	2.09405e-05
3190	1.34892e-05	-0.0013435	2.15383e-05
3200	1.3449e-05	-0.00136842	2.1845e-05
3210	1.31894e-05	-0.00139253	2.18475e-05
3220	1.27373e-05	-0.00141558	2.15464e-05
3230	1.21291e-05	-0.00143738	2.09564e-05
3240	1.14096e-05	-0.00145784	2.01062e-05
3250	1.06283e-05	-0.00147695	1.90368e-05
3260	9.83744e-06	-0.00149478	1.77993e-05
3270	9.08793e-06	-0.00151147	1.64519e-05
3280	8.42687e-06	-0.00152719	1.50562e-05
3290	7.89452e-06	-0.00154215	1.36732e-05
3300	7.5219e-06	-0.00155659	1.236e-05
3310	7.32889e-06	-0.00157073	1.1166e-05
3320	7.32314e-06	-0.00158478	1.01305e-05
3330	7.49957e-06	-0.00159894	9.2801e-06
3340	7.84118e-06	-0.00161335	8.62794e-06
3350	8.32022e-06	-0.00162815	8.174e-06
3360	8.90074e-06	-0.00164342	7.90616e-06
3370	9.54132e-06	-0.00165921	7.80222e-06
3380	1.0198e-05	-0.00167554	7.83261e-06
3390	1.08272e-05	-0.0016924	7.96343e-06
3400	1.13889e-05	-0.00170974	8.15977e-06
3410	1.18488e-05	-0.0017275	8.38887e-06
3420	1.2181e-05	-0.00174559	8.62282e-06
3430	1.23689e-05	-0.0017639	8.84071e-06
3440	1.24061e-05	-0.0017823	9.02997e-06
3450	1.22967e-05	-0.00180064	9.18671e-06
3460	1.20541e-05	-0.00181875	9.31533e-06
3470	1.17e-05	-0.00183645	9.42711e-06
3480	1.12622e-05	-0.00185352	9.5382e-06
3490	1.07728e-05	-0.00186977	9.667e-06
3500	1.02651e-05	-0.00188498	9.83131e-06
3510	9.77164e-06	-0.00189893	1.00455e-05
3520	9.32162e-06	-0.00191143	1.03179e-05
3530	8.93893e-06	-0.0019223	1.06486e-05
3540	8.64067e-06	-0.0019314	1.10282e-05
3550	8.43609e-06	-0.00193861	1.14376e-05
3560	8.32627e-06	-0.00194389	1.18476e-05
3570	8.30432e-06	-0.00194721	1.22212e-05
3580	8.35623e-06	-0.00194861	1.25155e-05
3590	8.46212e-06	-0.00194819	1.26847e-05
3600	8.59795e-06	-0.00194608	1.26834e-05
3610	8.7374e-06	-0.00194245	1.24708e-05
3620	8.85387e-06	-0.0019375	1.20139e-05
3630	8.92225e-06	-0.00193146	1.12908e-05
3640	8.92053e-06	-0.00192454	1.02935e-05
3650	8.83108e-06	-0.00191695	9.0294e-06
3660	8.64153e-06	-0.00190889	7.52188e-06
3670	8.34513e-06	-0.00190054	5.81014e-06
3680	7.94076e-06	-0.00189201	3.94753e-06
3690	7.4325e-06	-0.00188341	1.99909e-06
3700	6.82879e-06	-0.00187479	3.81364e-08
3710	6.14145e-06	-0.00186618	-1.85769e-06
3720	5.38439e-06	-0.00185757	-3.61076e-06
3730	4.57242e-06	-0.00184894	-5.14795e-06
3740	3.72009e-06	-0.00184024	-6.40479e-06
3750	2.84069e-06	-0.00183144	-7.3293e-06
3760	1.94552e-06	-0.0018225	-7.88495e-06
3770	1.04344e-06	-0.0018134	-8.05268e-06
3780	1.40763e-07	-0.00180412	-7.83198e-06
3790	-7.58601e-07	-0.00179467	-7.24078e-06
3800	-1.6527e-06	-0.0017851	-6.3143e-06
3810	-2.54097e-06	-0.00177543	-5.1031e-06
3820	-3.42347e-06	-0.00176571	-3.67023e-06
3830	-4.30026e-06	-0.00175601	-2.08798e-06
3840	-5.17068e-06	-0.00174637	-4.34243e-07
3850	-6.03298e-06	-0.00173681	1.21105e-06
3860	-6.88401e-06	-0.00172736	2.76942e-06
3870	-7.7192e-06	-0.001718	4.16688e-06
3880	-8.53281e-06	-0.00170868	5.33651e-06
3890	-9.31839e-06	-0.00169936	6.22034e-06
3900	-1.00693e-05	-0.00168994	6.77072e-06
3910	-1.07797e-05	-0.00168032	6.95093e-06
3920	-1.14447e-05	-0.00167039	6.73532e-06
3930	-1.20616e-05	-0.00166003	6.10899e-06
3940	-1.263e-05	-0.00164915	5.06729e-06
3950	-1.31524e-05	-0.00163764	3.61501e-06
3960	-1.36334e-05	-0.00162546	1.76573e-06
3970	-1.40804e-05	-0.00161258	-4.58902e-07
3980	-1.45022e-05	-0.00159899	-3.02968e-06
3990	-1.49084e-05	-0.00158473	-5.91014e-06
4000	-1.53087e-05	-0.00156989	-9.05678e-06
4010	-1.57111e-05	-0.00155457	-1.2419e-05
4020	-1.61214e-05	-0.0015389	-1.59392e-05
4030	-1.65416e-05	-0.00152302	-1.95525e-05
4040	-1.69696e-05	-0.0015071	-2.31874e-05
4050	-1.7398e-05	-0.00149128	-2.6766e-05
4060	-1.78141e-05	-0.00147574	-3.0205e-05
4070	-1.82006e-05	-0.00146059	-3.34175e-05
4080	-1.85357e-05	-0.00144598	-3.63146e-05
4090	-1.87944e-05	-0.001432	-3.88088e-05
4100	-1.895e-05	-0.00141874	-4.08166e-05
4110	-1.89758e-05	-0.00140626	-4.22624e-05
4120	-1.88467e-05	-0.00139461	-4.3082e-05
4130	-1.85417e-05	-0.00138382	-4.32264e-05
4140	-1.80452e-05	-0.00137391	-4.26653e-05
4150	-1.73485e-05	-0.00136488	-4.13896e-05
4160	-1.64513e-05	-0.00135673	-3.94139e-05
4170	-1.53622e-05	-0.00134945	-3.67775e-05
4180	-1.40987e-05	-0.00134302	-3.3544e-05
4190	-1.26874e-05	-0.00133742	-2.98005e-05
4200	-1.11623e-05	-0.0013326	-2.5655e-05
4210	-9.56377e-06	-0.00132851	-2.12321e-05
4220	-7.93661e-06	-0.00132509	-1.6669e-05
4230	-6.32756e-06	-0.00132224	-1.21091e-05
4240	-4.783e-06	-0.00131987	-7.69618e-06
4250	-3.3464e-06	-0.00131786	-3.56765e-06
4260	-2.05602e-06	-0.00131607	1.51619e-07
4270	-9.42768e-07	-0.00131437	3.35517e-06
4280	-2.86695e-08	-0.00131262	5.95992e-06
4290	6.74258e-07	-0.0013107	7.90986e-06
4300	1.16443e-06	-0.00130849	9.17844e-06
4310	1.45051e-06	-0.00130592	9.76926e-06
4320	1.55054e-06	-0.00130293	9.71521e-06
4330	1.49055e-06	-0.00129952	9.07603e-06
4340	1.30269e-06	-0.00129572	7.93432e-06
4350	1.02296e-06	-0.00129161	6.39053e-06
4360	6.88879e-07	-0.00128732	4.55698e-06
4370	3.3706e-07	-0.001283	2.5515e-06
4380	1.03961e-09	-0.00127881	4.90939e-07
4390	-2.9063e-07	-0.00127495	-1.51488e-06
4400	-5.15812e-07	-0.00127159	-3.3686e-06
4410	-6.59689e-07	-0.00126889	-4.98963e-06
4420	-7.15087e-07	-0.00126696	-6.31722e-06
4430	-6.82254e-07	-0.00126589	-7.31208e-06
4440	-5.68111e-07	-0.0012657	-7.9567e-06
4450	-3.85032e-07	-0.00126636	-8.25415e-06
4460	-1.49292e-07	-0.00126778	-8.22565e-06
4470	1.20791e-07	-0.00126982	-7.90712e-06
4480	4.06712e-07	-0.00127231	-7.34495e-06
4490	6.91571e-07	-0.00127505	-6.59135e-06
4500	9.61684e-07	-0.00127783	-5.69973e-06
4510	1.20784e-06	-0.00128046	-4.72025e-06
4520	1.42613e-06	-0.00128278	-3.69617e-06
4530	1.61828e-06	-0.00128468	-2.66096e-06
4540	1.79149e-06	-0.00128611	-1.63651e-06
4550	1.95776e-06	-0.00128708	-6.32567e-07
4560	2.13279e-06	-0.00128768	3.52715e-07
4570	2.33457e-06	-0.00128806	1.33116e-06
4580	2.58175e-06	-0.00128842	2.32216e-06
4590	2.89188e-06	-0.001289	3.3497e-06
4600	3.27989e-06	-0.00129008	4.43862e-06
4610	3.7568e-06	-0.00129188	5.61115e-06
4620	4.32867e-06	-0.00129464	6.88371e-06
4630	4.99593e-06	-0.00129853	8.26434e-06
4640	5.75314e-06	-0.00130364	9.75084e-06
4650	6.58934e-06	-0.00130997	1.13298e-05
4660	7.48811e-06	-0.00131745	1.29767e-05
4670	8.42859e-06	-0.00132589	1.46572e-05
4680	9.38698e-06	-0.00133504	1.63284e-05
4690	1.03378e-05	-0.00134455	1.79421e-05
4700	1.12556e-05	-0.00135407	1.94474e-05
4710	1.21157e-05	-0.00136319	2.07944e-05
4720	1.28964e-05	-0.00137153	2.19375e-05
4730	1.35791e-05	-0.00137875	2.28381e-05
4740	1.41497e-05	-0.00138459	2.34678e-05
4750	1.45993e-05	-0.00138886	2.381e-05
4760	1.49244e-05	-0.0013915	2.38617e-05
4770	1.51266e-05	-0.00139255	2.36331e-05
4780	1.52117e-05	-0.00139219	2.31474e-05
4790	1.51897e-05	-0.00139067	2.24387e-05
4800	1.50741e-05	-0.00138836	2.15503e-05
4810	1.48809e-05	-0.00138567	2.05314e-05
4820	1.46277e-05	-0.00138304	1.94338e-05
4830	1.43328e-05	-0.00138092	1.83085e-05
4840	1.4014e-05	-0.00137971	1.72024e-05
4850	1.36881e-05	-0.00137975	1.61549e-05
4860	1.33699e-05	-0.00138129	1.51959e-05
4870	1.30718e-05	-0.00138446	1.43439e-05
4880	1.28038e-05	-0.00138926	1.3605e-05
4890	1.25733e-05	-0.00139557	1.29738e-05
4900	1.23852e-05	-0.00140316	1.24343e-05
4910	1.22422e-05	-0.0014117	1.19622e-05
4920	1.2146e-05	-0.00142075	1.15281e-05
4930	1.20969e-05	-0.00142988	1.11006e-05
4940	1.20953e-05	-0.0014386	1.06508e-05
4950	1.2142e-05	-0.00144646	1.01551e-05
4960	1.22385e-05	-0.00145307	9.59867e-06
4970	1.23873e-05	-0.00145812	8.97819e-06
4980	1.25914e-05	-0.00146141	8.30307e-06
4990	1.28545e-05	-0.00146283	7.5961e-06
5000	1.31797e-05	-0.00146245	6.89274e-06
5010	1.35685e-05	-0.00146039	6.23871e-06
5020	1.40196e-05	-0.00145694	5.68697e-06
5030	1.45289e-05	-0.00145242	5.29442e-06
5040	1.5088e-05	-0.00144723	5.11755e-06
5050	1.56833e-05	-0.0014418	5.20763e-06
5060	1.62963e-05	-0.00143655	5.60614e-06
5070	1.69034e-05	-0.00143187	6.34056e-06
5080	1.74765e-05	-0.00142809	7.42095e-06
5090	1.79837e-05	-0.00142546	8.83751e-06
5100	1.83906e-05	-0.00142414	1.05594e-05
5110	1.86611e-05	-0.00142419	1.25347e-05
5120	1.87595e-05	-0.00142558	1.46922e-05
5130	1.86521e-05	-0.00142818	1.69441e-05
5140	1.83095e-05	-0.0014318	1.91908e-05
5150	1.77089e-05	-0.00143618	2.13258e-05
5160	1.68356e-05	-0.00144107	2.32415e-05
5170	1.56849e-05	-0.00144616	2.48359e-05
5180	1.4263e-05	-0.0014512	2.60176e-05
5190	1.25878e-05	-0.00145597	2.67116e-05
5200	1.06882e-05	-0.00146028	2.68635e-05
5210	8.6037e-06	-0.00146405	2.6442e-05
5220	6.38292e-06	-0.00146723	2.54408e-05
5230	4.08152e-06	-0.00146985	2.38785e-05
5240	1.75981e-06	-0.00147201	2.17972e-05
5250	-5.19937e-07	-0.00147385	1.92602e-05
5260	-2.69652e-06	-0.00147553	1.63474e-05
5270	-4.71232e-06	-0.00147725	1.31517e-05
5280	-6.51613e-06	-0.00147918	9.77284e-06
5290	-8.06528e-06	-0.00148147	6.31277e-06
5300	-9.32741e-06	-0.00148425	2.87026e-06
5310	-1.02817e-05	-0.00148759	-4.63577e-07
5320	-1.09193e-05	-0.00149149	-3.60892e-06
5330	-1.12435e-05	-0.00149594	-6.50003e-06
5340	-1.12689e-05	-0.00150086	-9.08684e-06
5350	-1.10202e-05	-0.00150612	-1.13355e-05
5360	-1.05311e-05	-0.00151159	-1.32278e-05
5370	-9.84146e-06	-0.00151713	-1.47596e-05
5380	-8.99596e-06	-0.0015226	-1.5939e-05
5390	-8.04152e-06	-0.00152789	-1.6783e-05
5400	-7.0252e-06	-0.00153292	-1.73151e-05
5410	-5.99233e-06	-0.00153765	-1.75622e-05
5420	-4.98468e-06	-0.00154212	-1.75521e-05
5430	-4.03912e-06	-0.00154637	-1.73112e-05
5440	-3.18656e-06	-0.00155052	-1.68633e-05
5450	-2.45135e-06	-0.00155471	-1.62288e-05
5460	-1.85099e-06	-0.00155908	-1.54246e-05
5470	-1.3962e-06	-0.0015638	-1.4465e-05
5480	-1.09129e-06	-0.00156901	-1.33626e-05
5490	-9.34791e-07	-0.00157483	-1.21305e-05
5500	-9.20215e-07	-0.00158132	-1.07834e-05
5510	-1.03692e-06	-0.00158851	-9.34008e-06
5520	-1.27099e-06	-0.00159635	-7.82446e-06
5530	-1.60602e-06	-0.00160473	-6.26673e-06
5540	-2.02386e-06	-0.00161351	-4.70371e-06
5550	-2.50526e-06	-0.00162245	-3.17854e-06
5560	-3.03035e-06	-0.00163132	-1.73956e-06
5570	-3.57901e-06	-0.00163982	-4.38354e-07
5580	-4.13113e-06	-0.00164769	6.72673e-07
5590	-4.66687e-06	-0.00165463	1.54335e-06
5600	-5.16678e-06	-0.00166041	2.12896e-06
5610	-5.61203e-06	-0.00166481	2.39357e-06
5620	-5.98458e-06	-0.00166768	2.31335e-06
5630	-6.26754e-06	-0.00166893	1.87908e-06
5640	-6.44555e-06	-0.00166853	1.09788e-06
5650	-6.50504e-06	-0.00166652	-5.98872e-09
5660	-6.43462e-06	-0.00166303	-1.39104e-06
5670	-6.22555e-06	-0.0016582	-2.99963e-06
5680	-5.87233e-06	-0.00165227	-4.75991e-06
5690	-5.37324e-06	-0.00164547	-6.58871e-06
5700	-4.73087e-06	-0.00163808	-8.39516e-06
5710	-3.95255e-06	-0.00163034	-1.00849e-05
5720	-3.05055e-06	-0.00162251	-1.15646e-05
5730	-2.04211e-06	-0.00161481	-1.27468e-05
5740	-9.49231e-07	-0.00160742	-1.3554e-05
5750	2.0185e-07	-0.00160046	-1.39232e-05
5760	1.38126e-06	-0.00159404	-1.38083e-05
5770	2.55637e-06	-0.00158818	-1.31833e-05
5780	3.69281e-06	-0.00158289	-1.20435e-05
5790	4.75561e-06	-0.00157814	-1.04066e-05
5800	5.71039e-06	-0.00157385	-8.31177e-06
5810	6.5246e-06	-0.00156995	-5.81856e-06
5820	7.16868e-06	-0.00156634	-3.00449e-06
5830	7.61707e-06	-0.00156293	3.79388e-08
5840	7.84912e-06	-0.00155962	3.20485e-06
5850	7.84974e-06	-0.00155634	6.38493e-06
5860	7.60995e-06	-0.00155301	9.46364e-06
5870	7.1272e-06	-0.00154957	1.23274e-05
5880	6.40547e-06	-0.00154597	1.48677e-05
5890	5.45519e-06	-0.00154215	1.69847e-05
5900	4.29292e-06	-0.00153807	1.85909e-05
5910	2.94091e-06	-0.00153369	1.96138e-05
5920	1.4265e-06	-0.00152896	1.99979e-05
5930	-2.1867e-07	-0.00152383	1.9707e-05
5940	-1.95946e-06	-0.00151825	1.87243e-05
5950	-3.75812e-06	-0.00151219	1.70535e-05
5960	-5.57519e-06	-0.0015056	1.47182e-05
5970	-7.37042e-06	-0.00149844	1.17615e-05
5980	-9.1037e-06	-0.00149071	8.2442e-06
5990	-1.07359e-05	-0.0014824	4.24399e-06
6000	-1.22299e-05	-0.00147355	-1.46989e-07
6010	-1.3551e-05	-0.00146421	-4.82423e-06
6020	-1.46681e-05	-0.00145446	-9.67347e-06
6030	-1.55546e-05	-0.00144441	-1.45735e-05
6040	-1.61885e-05	-0.0014342	-1.93994e-05
6050	-1.65537e-05	-0.00142399	-2.40255e-05
6060	-1.66403e-05	-0.00141395	-2.83291e-05
6070	-1.64453e-05	-0.00140427	-3.21941e-05
6080	-1.59725e-05	-0.00139512	-3.55138e-05
6090	-1.52335e-05	-0.00138668	-3.81952e-05
6100	-1.42467e-05	-0.00137909	-4.01611e-05
6110	-1.30376e-05	-0.00137249	-4.13535e-05
6120	-1.1638e-05	-0.00136696	-4.17353e-05
6130	-1.00855e-05	-0.00136254	-4.12921e-05
6140	-8.42196e-06	-0.00135925	-4.0033e-05
6150	-6.69277e-06	-0.00135705	-3.79906e-05
6160	-4.94504e-06	-0.00135583	-3.52206e-05
6170	-3.22619e-06	-0.00135549	-3.18e-05
6180	-1.58234e-06	-0.00135585	-2.7825e-05
6190	-5.66828e-08	-0.00135673	-2.34074e-05
6200	1.31205e-06	-0.00135792	-1.86716e-05
6210	2.49084e-06	-0.0013592	-1.37497e-05
6220	3.45355e-06	-0.00136035	-8.77735e-06
6230	4.18159e-06	-0.00136118	-3.88894e-06
6240	4.6643e-06	-0.0013615	7.86628e-07
6250	4.89897e-06	-0.00136115	5.13008e-06
6260	4.89055e-06	-0.00136003	9.03566e-06
6270	4.65115e-06	-0.00135805	1.24144e-05
6280	4.19916e-06	-0.0013552	1.51967e-05
6290	3.55827e-06	-0.00135149	1.73343e-05
6300	2.75631e-06	-0.001347	1.88008e-05
6310	1.82398e-06	-0.00134182	1.95924e-05
6320	7.93629e-07	-0.0013361	1.97266e-05
6330	-3.01896e-07	-0.00133003	1.92405e-05
6340	-1.43031e-06	-0.00132378	1.81892e-05
6350	-2.56078e-06	-0.00131756	1.6642e-05
6360	-3.66454e-06	-0.00131158	1.468e-05
6370	-4.71542e-06	-0.00130601	1.2392e-05
6380	-5.69013e-06	-0.00130104	9.8709e-06
6390	-6.56847e-06	-0.00129678	7.2102e-06
6400	-7.33341e-06	-0.00129334	4.5001e-06
6410	-7.97106e-06	-0.00129075	1.82441e-06
6420	-8.47057e-06	-0.00128902	-7.42264e-07
6430	-8.82396e-06	-0.00128809	-3.1368e-06
6440	-9.02602e-06	-0.00128785	-5.30915e-06
6450	-9.07415e-06	-0.00128818	-7.22331e-06
6460	-8.96829e-06	-0.00128888	-8.85743e-06
6470	-8.71079e-06	-0.00128974	-1.02034e-05
6480	-8.30652e-06	-0.00129057	-1.1266e-05
6490	-7.76288e-06	-0.00129113	-1.20613e-05
6500	-7.08985e-06	-0.00129124	-1.26144e-05
6510	-6.29999e-06	-0.00129072	-1.29577e-05
6520	-5.40841e-06	-0.00128944	-1.31278e-05
6530	-4.43265e-06	-0.00128734	-1.3163e-05
6540	-3.39248e-06	-0.00128439	-1.3101e-05
6550	-2.30959e-06	-0.00128064	-1.29764e-05
6560	-1.20706e-06	-0.00127621	-1.28188e-05
6570	-1.09001e-07	-0.00127125	-1.26514e-05
6580	9.60005e-07	-0.00126598	-1.24895e-05
6590	1.97588e-06	-0.00126065	-1.23404e-05
6600	2.91584e-06	-0.00125554	-1.22032e-05
6610	3.75912e-06	-0.00125092	-1.2069e-05
6620	4.48773e-06	-0.00124706	-1.19223e-05
6630	5.08726e-06	-0.00124421	-1.1742e-05
6640	5.54746e-06	-0.00124253	-1.1503e-05
6650	5.86272e-06	-0.00124218	-1.11783e-05
6660	6.03243e-06	-0.00124322	-1.07405e-05
6670	6.06101e-06	-0.00124563	-1.01646e-05
6680	5.95782e-06	-0.00124933	-9.42907e-06
6690	5.73679e-06	-0.00125419	-8.51806e-06
6700	5.41595e-06	-0.00126	-7.42271e-06
6710	5.01651e-06	-0.00126652	-6.14216e-06
6720	4.56214e-06	-0.00127346	-4.68414e-06
6730	4.07803e-06	-0.00128055	-3.06511e-06
6740	3.58988e-06	-0.00128753	-1.30989e-06
6750	3.12294e-06	-0.00129416	5.49099e-07
6760	2.70098e-06	-0.00130025	2.47306e-06
6770	2.34536e-06	-0.00130566	4.41825e-06
6780	2.07423e-06	-0.00131033	6.33773e-06
6790	1.90184e-06	-0.00131425	8.18321e-06
6800	1.83794e-06	-0.00131748	9.90697e-06
6810	1.88741e-06	-0.00132013	1.14638e-05
6820	2.05001e-06	-0.00132237	1.28127e-05
6830	2.32039e-06	-0.00132435	1.39188e-05
6840	2.68835e-06	-0.00132629	1.47548e-05
6850	3.13907e-06	-0.00132833	1.53016e-05
6860	3.65372e-06	-0.00133065	1.55496e-05
6870	4.21e-06	-0.00133335	1.54982e-05
6880	4.78308e-06	-0.00133649	1.51565e-05
6890	5.34645e-06	-0.00134009	1.45428e-05
6900	5.87295e-06	-0.0013441	1.36838e-05
6910	6.33585e-06	-0.00134844	1.26139e-05
6920	6.70993e-06	-0.00135298	1.13739e-05
6930	6.97246e-06	-0.00135758	1.00095e-05
6940	7.10409e-06	-0.0013621	8.56988e-06
6950	7.08975e-06	-0.00136638	7.10594e-06
6960	6.9192e-06	-0.00137031	5.6682e-06
6970	6.58769e-06	-0.00137382	4.30516e-06
6980	6.09641e-06	-0.00137689	3.06159e-06
6990	5.45275e-06	-0.00137955	1.97699e-06
7000	4.67025e-06	-0.00138189	1.08392e-06
7010	3.7683e-06	-0.00138404	4.06756e-07
7020	2.77171e-06	-0.00138619	-3.91825e-08
7030	1.70995e-06	-0.00138855	-2.4818e-07
7040	6.16258e-07	-0.00139133	-2.24268e-07
7050	-4.7341e-07	-0.00139473	1.89873e-08
7060	-1.52163e-06	-0.00139892	4.58999e-07
7070	-2.49096e-06	-0.00140403	1.06505e-06
7080	-3.34524e-06	-0.00141011	1.79941e-06
7090	-4.05106e-06	-0.00141714	2.61883e-06
7100	-4.57923e-06	-0.00142502	3.4761e-06
7110	-4.90619e-06	-0.00143357	4.3218e-06
7120	-5.01533e-06	-0.00144256	5.10593e-06
7130	-4.89809e-06	-0.0014517	5.77967e-06
7140	-4.55478e-06	-0.00146066	6.29692e-06
7150	-3.99506e-06	-0.00146911	6.61588e-06
7160	-3.23796e-06	-0.00147672	6.70048e-06
7170	-2.31151e-06	-0.00148323	6.52174e-06
7180	-1.25179e-06	-0.0014884	6.05901e-06
7190	-1.01514e-07	-0.00149209	5.30102e-06
7200	1.09174e-06	-0.00149424	4.24683e-06
7210	2.27771e-06	-0.00149488	2.90645e-06
7220	3.40586e-06	-0.00149412	1.30119e-06
7230	4.4279e-06	-0.00149218	-5.36284e-07
7240	5.30034e-06	-0.0014893	-2.56232e-06
7250	5.98659e-06	-0.00148582	-4.72299e-06
7260	6.45913e-06	-0.00148204	-6.95541e-06
7270	6.70077e-06	-0.00147833	-9.18942e-06
7280	6.70575e-06	-0.00147499	-1.13499e-05
7290	6.48003e-06	-0.00147229	-1.33592e-05
7300	6.04088e-06	-0.00147045	-1.51404e-05
7310	5.41588e-06	-0.00146961	-1.66199e-05
7320	4.64136e-06	-0.00146985	-1.77312e-05
7330	3.76023e-06	-0.00147115	-1.8418e-05
7340	2.81948e-06	-0.00147345	-1.86369e-05
7350	1.8673e-06	-0.0014766	-1.83604e-05
7360	9.50642e-07	-0.00148043	-1.7578e-05
7370	1.12304e-07	-0.00148473	-1.62973e-05
7380	-6.10864e-07	-0.00148929	-1.45442e-05
7390	-1.18952e-06	-0.00149391	-1.23619e-05
7400	-1.60304e-06	-0.00149841	-9.80991e-06
7410	-1.84013e-06	-0.00150263	-6.96132e-06
7420	-1.89915e-06	-0.00150647	-3.90048e-06
7430	-1.78788e-06	-0.00150989	-7.19399e-07
7440	-1.52264e-06	-0.00151286	2.48599e-06
7450	-1.12694e-06	-0.00151541	5.61947e-06
7460	-6.29454e-07	-0.0015176	8.58827e-06
7470	-6.14559e-08	-0.00151949	1.13068e-05
7480	5.45213e-07	-0.00152117	1.37e-05
7490	1.16009e-06	-0.0015227	1.57059e-05
7500	1.75566e-06	-0.00152416	1.7278e-05
7510	2.3082e-06	-0.00152556	1.8386e-05
7520	2.79883e-06	-0.00152692	1.90164e-05
7530	3.2138e-06	-0.0015282	1.91721e-05
7540	3.54477e-06	-0.00152934	1.8871e-05
7550	3.7884e-06	-0.00153026	1.8144e-05
7560	3.94575e-06	-0.00153087	1.70331e-05
7570	4.02131e-06	-0.00153104	1.55882e-05
7580	4.02196e-06	-0.0015307	1.38645e-05
7590	3.95582e-06	-0.00152974	1.19197e-05
7600	3.83117e-06	-0.00152812	9.81147e-06
7610	3.65551e-06	-0.00152579	7.59546e-06
7620	3.43488e-06	-0.00152275	5.32332e-06
7630	3.17335e-06	-0.00151905	3.04149e-06
7640	2.87277e-06	-0.00151474	7.90388e-07
7650	2.53293e-06	-0.00150991	-1.39583e-06
7660	2.1519e-06	-0.00150467	-3.48915e-06
7670	1.72661e-06	-0.00149913	-5.46721e-06
7680	1.25346e-06	-0.0014934	-7.31255e-06
7690	7.29185e-07	-0.00148758	-9.01168e-06
7700	1.51507e-07	-0.00148176	-1.05542e-05
7710	-4.80155e-07	-0.00147602	-1.1932e-05
7720	-1.16419e-06	-0.00147038	-1.31385e-05
7730	-1.89648e-06	-0.00146487	-1.41685e-05
7740	-2.67028e-06	-0.00145949	-1.50174e-05
7750	-3.4763e-06	-0.0014542	-1.56823e-05
7760	-4.30303e-06	-0.00144899	-1.6161e-05
7770	-5.13721e-06	-0.0014438	-1.64536e-05
7780	-5.96436e-06	-0.00143861	-1.6562e-05
7790	-6.76945e-06	-0.00143339	-1.64908e-05
7800	-7.53751e-06	-0.00142813	-1.62477e-05
7810	-8.25415e-06	-0.00142283	-1.58431e-05
7820	-8.90591e-06	-0.00141751	-1.52907e-05
7830	-9.48102e-06	-0.00141222	-1.4607e-05
7840	-9.96967e-06	-0.001407	-1.38108e-05
7850	-1.03639e-05	-0.0014019	-1.29228e-05
7860	-1.06577e-05	-0.00139698	-1.19644e-05
7870	-1.08469e-05	-0.00139228	-1.09573e-05
7880	-1.09291e-05	-0.00138783	-9.92231e-06
7890	-1.09034e-05	-0.00138367	-8.87842e-06
7900	-1.07704e-05	-0.00137977	-7.84209e-06
7910	-1.0532e-05	-0.00137611	-6.82672e-06
7920	-1.01914e-05	-0.00137265	-5.84235e-06
7930	-9.75317e-06	-0.00136932	-4.89567e-06
7940	-9.22321e-06	-0.00136606	-3.99045e-06
7950	-8.60934e-06	-0.0013628	-3.1282e-06
7960	-7.92147e-06	-0.00135948	-2.30916e-06
7970	-7.17193e-06	-0.00135605	-1.53346e-06
7980	-6.37576e-06	-0.00135249	-8.02369e-07
7990	-5.55086e-06	-0.0013488	-1.19548e-07
8000	-4.71803e-06	-0.00134503	5.07895e-07
8010	-3.90075e-06	-0.00134125	1.06855e-06
8020	-3.12478e-06	-0.00133753	1.54622e-06
8030	-2.41741e-06	-0.00133399	1.9199e-06
8040	-1.80652e-06	-0.00133075	2.16426e-06
8050	-1.31936e-06	-0.0013279	2.25064e-06
8060	-9.8114e-07	-0.00132556	2.14854e-06
8070	-8.13562e-07	-0.00132377	1.82752e-06
8080	-8.33384e-07	-0.00132256	1.25936e-06
8090	-1.05112e-06	-0.00132193	4.20335e-07
8100	-1.46989e-06	-0.0013218	-7.06472e-07
8110	-2.08465e-06	-0.00132206	-2.1291e-06
8120	-2.88179e-06	-0.00132258	-3.84491e-06
8130	-3.83919e-06	-0.00132316	-5.83922e-06
8140	-4.92673e-06	-0.00132363	-8.08455e-06
8150	-6.10727e-06	-0.00132378	-1.05405e-05
8160	-7.33817e-06	-0.00132345	-1.31543e-05
8170	-8.57305e-06	-0.0013225	-1.58622e-05
8180	-9.76398e-06	-0.00132082	-1.8591e-05
8190	-1.08638e-05	-0.00131839	-2.1261e-05
8200	-1.18283e-05	-0.00131524	-2.37886e-05
8210	-1.26184e-05	-0.00131148	-2.60893e-05
8220	-1.32025e-05	-0.00130727	-2.80816e-05
8230	-1.35574e-05	-0.00130285	-2.96897e-05
8240	-1.36697e-05	-0.00129848	-3.08467e-05
8250	-1.35363e-05	-0.00129447	-3.14972e-05
8260	-1.31643e-05	-0.00129114	-3.15997e-05
8270	-1.25703e-05	-0.00128879	-3.11277e-05
8280	-1.17788e-05	-0.00128768	-3.00708e-05
8290	-1.08207e-05	-0.00128806	-2.84348e-05
8300	-9.73107e-06	-0.00129008	-2.62413e-05
8310	-8.54723e-06	-0.00129384	-2.35264e-05
8320	-7.30586e-06	-0.00129934	-2.03396e-05
8330	-6.04122e-06	-0.00130653	-1.67417e-05
8340	-4.78336e-06	-0.00131526	-1.28028e-05
8350	-3.55691e-06	-0.00132534	-8.60093e-06
8360	-2.38037e-06	-0.00133649	-4.21934e-06
8370	-1.26599e-06	-0.00134844	2.54802e-07
8380	-2.20081e-07	-0.00136087	4.73238e-06
8390	7.56022e-07	-0.00137346	9.1239e-06
8400	1.66472e-06	-0.00138589	1.3341e-05
8410	2.51058e-06	-0.0013979	1.72978e-05
8420	3.29854e-06	-0.00140923	2.09123e-05
8430	4.03219e-06	-0.00141966	2.41073e-05
8440	4.71219e-06	-0.00142904	2.68119e-05
8450	5.33509e-06	-0.00143722	2.89627e-05
8460	5.89249e-06	-0.00144414	3.05053e-05
8470	6.37087e-06	-0.00144972	3.13952e-05
8480	6.75181e-06	-0.00145395	3.16004e-05
8490	7.01308e-06	-0.00145682	3.11019e-05
8500	7.13012e-06	-0.00145834	2.98951e-05
8510	7.07793e-06	-0.00145853	2.79914e-05
8520	6.83322e-06	-0.00145742	2.54188e-05
8530	6.37672e-06	-0.00145506	2.2223e-05
8540	5.69547e-06	-0.00145149	1.84666e-05
8550	4.78476e-06	-0.00144678	1.42292e-05
8560	3.64975e-06	-0.00144101	9.60572e-06
8570	2.30667e-06	-0.0014343	4.7045e-06
8580	7.83263e-07	-0.00142676	-3.55179e-07
8590	-8.81418e-07	-0.00141856	-5.44655e-06
8600	-2.63811e-06	-0.00140988	-1.04392e-05
8610	-4.42897e-06	-0.00140095	-1.52033e-05
8620	-6.18977e-06	-0.00139198	-1.96138e-05
8630	-7.85273e-06	-0.00138322	-2.35547e-05
8640	-9.34965e-06	-0.00137493	-2.69236e-05
8650	-1.06152e-05	-0.00136732	-2.96343e-05
8660	-1.15899e-05	-0.00136062	-3.16207e-05
8670	-1.22231e-05	-0.001355	-3.28381e-05
8680	-1.24751e-05	-0.0013506	-3.32641e-05
8690	-1.23192e-05	-0.00134748	-3.28981e-05
8700	-1.17429e-05	-0.00134566	-3.17611e-05
8710	-1.07485e-05	-0.00134511	-2.98948e-05
8720	-9.35388e-06	-0.00134572	-2.73587e-05
8730	-7.59139e-06	-0.00134736	-2.42273e-05
8740	-5.5062e-06	-0.00134986	-2.05874e-05
8750	-3.15423e-06	-0.00135301	-1.65342e-05
8760	-6.00123e-07	-0.00135663	-1.21683e-05
8770	2.08507e-06	-0.00136053	-7.59252e-06
8780	4.8264e-06	-0.00136453	-2.90925e-06
8790	7.54718e-06	-0.00136851	1.78188e-06
8800	1.01714e-05	-0.00137235	6.38559e-06
8810	1.26246e-05	-0.00137602	1.08114e-05
8820	1.48365e-05	-0.00137948	1.49747e-05
8830	1.67445e-05	-0.00138276	1.87983e-05
8840	1.82952e-05	-0.00138588	2.2213e-05
8850	1.94464e-05	-0.00138892	2.51587e-05
8860	2.01672e-05	-0.0013919	2.75841e-05
8870	2.04396e-05	-0.00139487	2.94481e-05
8880	2.02599e-05	-0.00139783	3.07208e-05
8890	1.96383e-05	-0.00140077	3.13843e-05
8900	1.85992e-05	-0.00140362	3.14341e-05
8910	1.71797e-05	-0.00140629	3.08798e-05
8920	1.54288e-05	-0.00140866	2.97443e-05
8930	1.34059e-05	-0.00141056	2.80649e-05
8940	1.11793e-05	-0.00141185	2.58933e-05
8950	8.8247e-06	-0.00141234	2.32948e-05
8960	6.42184e-06	-0.0014119	2.03472e-05
8970	4.05259e-06	-0.00141042	1.71392e-05
8980	1.79811e-06	-0.00140782	1.37681e-05
8990	-2.63968e-07	-0.0014041	1.03371e-05
9000	-2.06244e-06	-0.0013993	6.95151e-06
9010	-3.53552e-06	-0.00139353	3.71536e-06
9020	-4.63336e-06	-0.00138697	7.26963e-07
9030	-5.32004e-06	-0.00137982	-1.92505e-06
9040	-5.57527e-06	-0.00137233	-4.16553e-06
9050	-5.39549e-06	-0.00136476	-5.93616e-06
9060	-4.79426e-06	-0.00135738	-7.19799e-06
9070	-3.80187e-06	-0.00135041	-7.93324e-06
9080	-2.46428e-06	-0.00134406	-8.14599e-06
9090	-8.41102e-07	-0.00133845	-7.86185e-06
9100	9.97039e-07	-0.00133368	-7.12628e-06
9110	2.97185e-06	-0.00132973	-6.00184e-06
9120	5.001e-06	-0.00132657	-4.56458e-06
9130	7.00195e-06	-0.00132406	-2.89979e-06
9140	8.89572e-06	-0.00132204	-1.09742e-06
9150	1.06104e-05	-0.00132032	7.5248e-07
9160	1.2084e-05	-0.00131869	2.56405e-06
9170	1.32666e-05	-0.00131696	4.25927e-06
9180	1.41224e-05	-0.00131496	5.7708e-06
9190	1.46296e-05	-0.00131258	7.04389e-06
9200	1.4781e-05	-0.00130976	8.03725e-06
9210	1.45824e-05	-0.00130648	8.72303e-06
9220	1.40518e-05	-0.00130282	9.08608e-06
9230	1.32171e-05	-0.00129888	9.12277e-06
9240	1.21137e-05	-0.00129482	8.83954e-06
9250	1.07827e-05	-0.00129082	8.25112e-06
9260	9.26775e-06	-0.00128706	7.37882e-06
9270	7.61334e-06	-0.00128372	6.24908e-06
9280	5.86286e-06	-0.00128095	4.89236e-06
9290	4.05731e-06	-0.00127884	3.34269e-06
9300	2.23467e-06	-0.00127746	1.6375e-06
9310	4.29398e-07	-0.00127679	-1.82007e-07
9320	-1.32768e-06	-0.00127678	-2.07032e-06
9330	-3.0092e-06	-0.00127733	-3.97708e-06
9340	-4.59085e-06	-0.00127829	-5.84679e-06
9350	-6.05062e-06	-0.00127951	-7.61884e-06
9360	-7.36863e-06	-0.00128084	-9.22814e-06
9370	-8.52684e-06	-0.00128215	-1.06065e-05
9380	-9.50899e-06	-0.00128334	-1.16848e-05
9390	-1.03007e-05	-0.00128436	-1.23958e-05
9400	-1.08898e-05	-0.00128524	-1.26771e-05
9410	-1.12667e-05	-0.00128603	-1.24753e-05
9420	-1.14255e-05	-0.00128689	-1.17491e-05
9430	-1.13644e-05	-0.00128798	-1.04737e-05
9440	-1.10869e-05	-0.00128953	-8.64413e-06
9450	-1.06029e-05	-0.00129177	-6.27781e-06
9460	-9.92909e-06	-0.00129492	-3.41711e-06
9470	-9.0894e-06	-0.00129919	-1.29904e-07
9480	-8.11522e-06	-0.00130471	3.4908e-06
9490	-7.04486e-06	-0.00131158	7.3288e-06
9500	-5.92255e-06	-0.00131978	1.12481e-05
9510	-4.79697e-06	-0.00132923	1.5098e-05
9520	-3.71926e-06	-0.00133977	1.87186e-05
9530	-2.74067e-06	-0.00135114	2.19488e-05
9540	-1.90996e-06	-0.00136304	2.46331e-05
9550	-1.27064e-06	-0.00137509	2.66303e-05
9560	-8.58336e-07	-0.00138693	2.78208e-05
9570	-6.98398e-07	-0.00139817	2.8114e-05
9580	-8.03906e-07	-0.00140847	2.74539e-05
9590	-1.17433e-06	-0.00141754	2.58237e-05
9600	-1.79484e-06	-0.00142516	2.32484e-05
9610	-2.63642e-06	-0.00143119	1.97951e-05
9620	-3.65685e-06	-0.0014356	1.55712e-05
9630	-4.80251e-06	-0.00143844	1.07208e-05
9640	-6.01091e-06	-0.00143988	5.41818e-06
9650	-7.21386e-06	-0.00144014	-1.39478e-07
9660	-8.341e-06	-0.00143951	-5.74156e-06
9670	-9.3236e-06	-0.00143833	-1.11738e-05
9680	-1.00983e-05	-0.00143695	-1.62285e-05
9690	-1.06104e-05	-0.0014357	-2.07144e-05
9700	-1.08175e-05	-0.00143491	-2.44662e-05
9710	-1.06911e-05	-0.00143483	-2.73522e-05
9720	-1.02189e-05	-0.00143565	-2.92806e-05
9730	-9.40492e-06	-0.00143749	-3.02033e-05
9740	-8.26973e-06	-0.00144037	-3.01182e-05
9750	-6.84903e-06	-0.00144423	-2.90682e-05
9760	-5.19173e-06	-0.00144895	-2.71386e-05
9770	-3.35731e-06	-0.00145434	-2.44521e-05
9780	-1.41261e-06	-0.00146014	-2.11619e-05
9790	5.71728e-07	-0.00146607	-1.74434e-05
9800	2.52494e-06	-0.00147185	-1.34853e-05
9810	4.37974e-06	-0.00147718	-9.47928e-06
9820	6.07551e-06	-0.0014818	-5.61084e-06
9830	7.56117e-06	-0.00148547	-2.04972e-06
9840	8.79729e-06	-0.00148801	1.05822e-06
9850	9.7576e-06	-0.00148928	3.59787e-06
9860	1.04296e-05	-0.00148922	5.4901e-06
9870	1.08146e-05	-0.0014878	6.69487e-06
9880	1.09265e-05	-0.00148507	7.21226e-06
9890	1.07903e-05	-0.00148112	7.08123e-06
9900	1.04401e-05	-0.00147606	6.37652e-06
9910	9.91623e-06	-0.00147006	5.20355e-06
9920	9.26247e-06	-0.0014633	3.69198e-06
9930	8.52339e-06	-0.00145598	1.98806e-06
9940	7.74139e-06	-0.0014483	2.46213e-07
9950	6.95432e-06	-0.00144045	-1.37959e-06
9960	6.19339e-06	-0.00143263	-2.74435e-06
9970	5.48165e-06	-0.001425	-3.7199e-06
9980	4.83308e-06	-0.00141774	-4.20175e-06
9990	4.25236e-06	-0.00141097	-4.11455e-06
10000	3.7353e-06	-0.00140481	-3.41591e-06
10010	3.26983e-06	-0.00139935	-2.0984e-06
10020	2.83755e-06	-0.00139466	-1.89664e-07
10030	2.41572e-06	-0.00139077	2.24924e-06
10040	1.97938e-06	-0.00138767	5.12719e-06
10050	1.50377e-06	-0.00138536	8.3278e-06
10060	9.66506e-07	-0.00138377	1.17153e-05
10070	3.49675e-07	-0.0013828	1.51412e-05
10080	-3.58486e-07	-0.00138235	1.84516e-05
10090	-1.16235e-06	-0.00138225	2.14942e-05
10100	-2.05817e-06	-0.00138235	2.4125e-05
10110	-3.03381e-06	-0.00138244	2.62155e-05
10120	-4.06919e-06	-0.00138232	2.7657e-05
10130	-5.13722e-06	-0.0013818	2.8366e-05
10140	-6.20523e-06	-0.00138067	2.82865e-05
10150	-7.23685e-06	-0.00137877	2.73919e-05
10160	-8.19421e-06	-0.00137596	2.56859e-05
10170	-9.04025e-06	-0.00137213	2.32005e-05
10180	-9.74106e-06	-0.00136724	1.99951e-05
10190	-1.0268e-05	-0.0013613	1.61526e-05
10200	-1.05998e-05	-0.00135439	1.17763e-05
10210	-1.07238e-05	-0.00134662	6.98527e-06
10220	-1.06369e-05	-0.0013382	1.91016e-06
10230	-1.03461e-05	-0.00132936	-3.31161e-06
10240	-9.86829e-06	-0.00132038	-8.54025e-06
10250	-9.22899e-06	-0.00131156	-1.36379e-05
10260	-8.4614e-06	-0.00130323	-1.84726e-05
10270	-7.60439e-06	-0.00129568	-2.29217e-05
10280	-6.70035e-06	-0.0012892	-2.68745e-05
10290	-5.79289e-06	-0.00128404	-3.02353e-05
10300	-4.92429e-06	-0.00128039	-3.29247e-05
10310	-4.13315e-06	-0.00127838	-3.48815e-05
10320	-3.45227e-06	-0.00127806	-3.60632e-05
10330	-2.90695e-06	-0.00127941	-3.64471e-05
10340	-2.51363e-06	-0.00128235	-3.60302e-05
10350	-2.27904e-06	-0.00128673	-3.48294e-05
10360	-2.19979e-06	-0.00129233	-3.28801e-05
10370	-2.26268e-06	-0.00129889	-3.02359e-05
10380	-2.4454e-06	-0.00130613	-2.69672e-05
10390	-2.71827e-06	-0.00131373	-2.31596e-05
10400	-3.04637e-06	-0.0013214	-1.89116e-05
10410	-3.39185e-06	-0.00132883	-1.43332e-05
10420	-3.71644e-06	-0.00133575	-9.54327e-06
10430	-3.98386e-06	-0.00134192	-4.66713e-06
10440	-4.16232e-06	-0.00134714	1.665e-07
10450	-4.22664e-06	-0.00135125	4.82858e-06
10460	-4.16004e-06	-0.00135413	9.19322e-06
10470	-3.95523e-06	-0.00135574	1.31413e-05
10480	-3.61486e-06	-0.00135602	1.65645e-05
10490	-3.15118e-06	-0.00135501	1.9369e-05
10500	-2.58553e-06	-0.00135274	2.14788e-05
10510	-1.9469e-06	-0.00134926	2.28382e-05
10520	-1.26995e-06	-0.00134468	2.34148e-05
10530	-5.92654e-07	-0.00133909	2.32006e-05
10540	4.62625e-08	-0.00133261	2.22128e-05
10550	6.09826e-07	-0.00132535	2.04939e-05
10560	1.06519e-06	-0.00131744	1.81092e-05
10570	1.38592e-06	-0.00130903	1.51456e-05
10580	1.55399e-06	-0.00130027	1.17069e-05
10590	1.56089e-06	-0.0012913	7.90958e-06
10600	1.40812e-06	-0.00128229	3.87831e-06
10610	1.10726e-06	-0.0012734	-2.59065e-07
10620	6.79442e-07	-0.00126479	-4.37605e-06
10630	1.54412e-07	-0.00125661	-8.35203e-06
10640	-4.31306e-07	-0.00124901	-1.20767e-05
10650	-1.03644e-06	-0.00124212	-1.54538e-05
10660	-1.61736e-06	-0.00123603	-1.84043e-05
10670	-2.1306e-06	-0.00123081	-2.08682e-05
10680	-2.53547e-06	-0.00122652	-2.28052e-05
10690	-2.79638e-06	-0.00122314	-2.41944e-05
10700	-2.88493e-06	-0.00122065	-2.5033e-05
10710	-2.78165e-06	-0.00121897	-2.53342e-05
10720	-2.47717e-06	-0.00121801	-2.51238e-05
10730	-1.973e-06	-0.00121765	-2.44379e-05
10740	-1.28169e-06	-0.00121774	-2.33188e-05
10750	-4.26365e-07	-0.00121815	-2.18121e-05
10760	5.60237e-07	-0.00121876	-1.99639e-05
10770	1.63722e-06	-0.00121945	-1.78182e-05
10780	2.75744e-06	-0.00122016	-1.54157e-05
10790	3.86968e-06	-0.00122085	-1.27929e-05
10800	4.92113e-06	-0.00122154	-9.98192e-06
10810	5.85989e-06	-0.0012223	-7.01137e-06
10820	6.63752e-06	-0.00122322	-3.90773e-06
10830	7.21146e-06	-0.00122447	-6.9695e-07
10840	7.54726e-06	-0.00122622	2.59361e-06
10850	7.62025e-06	-0.00122865	5.93318e-06
10860	7.41691e-06	-0.00123195	9.28574e-06
10870	6.93563e-06	-0.00123628	1.26085e-05
10880	6.18668e-06	-0.00124176	1.58508e-05
10890	5.1918e-06	-0.00124846	1.89541e-05
10900	3.98326e-06	-0.00125638	2.1852e-05
10910	2.60232e-06	-0.00126545	2.44722e-05
10920	1.09741e-06	-0.00127552	2.67382e-05
10930	-4.77994e-07	-0.00128635	2.85728e-05
10940	-2.06763e-06	-0.00129765	2.99014e-05
10950	-3.61474e-06	-0.00130907	3.06565e-05
10960	-5.06434e-06	-0.00132023	3.07815e-05
10970	-6.36522e-06	-0.00133071	3.02354e-05
10980	-7.47181e-06	-0.00134012	2.89959e-05
10990	-8.34581e-06	-0.00134811	2.70627e-05
11000	-8.95742e-06	-0.00135435	2.44595e-05
11010	-9.28658e-06	-0.00135862	2.12341e-05
11020	-9.32318e-06	-0.00136076	1.74587e-05
11030	-9.0669e-06	-0.00136071	1.32285e-05
11040	-8.52678e-06	-0.00135852	8.65893e-06
11050	-7.72061e-06	-0.00135434	3.88182e-06
11060	-6.674e-06	-0.0013484	-9.59541e-07
11070	-5.4193e-06	-0.00134101	-5.71588e-06
11080	-3.99435e-06	-0.00133255	-1.0238e-05
11090	-2.44116e-06	-0.00132345	-1.43831e-05
11100	-8.0461e-07	-0.00131415	-1.80202e-05
11110	8.68974e-07	-0.00130509	-2.10362e-05
11120	2.53322e-06	-0.00129669	-2.33398e-05
11130	4.14317e-06	-0.00128936	-2.48653e-05
11140	5.65663e-06	-0.00128343	-2.55741e-05
11150	7.0355e-06	-0.00127918	-2.54562e-05
11160	8.24693e-06	-0.00127682	-2.45292e-05
11170	9.2644e-06	-0.00127649	-2.28367e-05
11180	1.00686e-05	-0.00127823	-2.04455e-05
11190	1.06479e-05	-0.00128204	-1.74421e-05
11200	1.09989e-05	-0.00128784	-1.39282e-05
11210	1.11265e-05	-0.00129547	-1.00165e-05
11220	1.10435e-05	-0.00130473	-5.82573e-06
11230	1.07703e-05	-0.00131537	-1.47677e-06
11240	1.03341e-05	-0.00132709	2.9115e-06
11250	9.76741e-06	-0.00133956	7.22558e-06
11260	9.10712e-06	-0.00135243	1.13601e-05
11270	8.39215e-06	-0.00136534	1.52198e-05
11280	7.66146e-06	-0.0013779	1.87206e-05
11290	6.95124e-06	-0.00138975	2.17905e-05
11300	6.2942e-06	-0.00140051	2.43686e-05
11310	5.71859e-06	-0.00140986	2.6406e-05
11320	5.24698e-06	-0.00141749	2.78653e-05
11330	4.89496e-06	-0.00142316	2.87201e-05
11340	4.66981e-06	-0.00142667	2.89553e-05
11350	4.5704e-06	-0.00142789	2.85674e-05
11360	4.58736e-06	-0.00142679	2.75649e-05
11370	4.7036e-06	-0.00142339	2.59686e-05
11380	4.89547e-06	-0.00141783	2.3813e-05
11390	5.13428e-06	-0.00141032	2.11464e-05
11400	5.3882e-06	-0.00140115	1.80315e-05
11410	5.62434e-06	-0.00139069	1.45458e-05
11420	5.81087e-06	-0.00137937	1.07807e-05
11430	5.91919e-06	-0.00136767	6.84042e-06
11440	5.92576e-06	-0.00135608	2.83998e-06
11450	5.81366e-06	-0.0013451	-1.09815e-06
11460	5.57373e-06	-0.0013352	-4.84768e-06
11470	5.20514e-06	-0.0013268	-8.28319e-06
11480	4.71539e-06	-0.00132025	-1.12853e-05
11490	4.1194e-06	-0.00131582	-1.37461e-05
11500	3.4384e-06	-0.00131366	-1.55743e-05
11510	2.69915e-06	-0.0013138	-1.67003e-05
11520	1.93229e-06	-0.00131618	-1.70805e-05
11530	1.17026e-06	-0.0013206	-1.67006e-05
11540	4.45687e-07	-0.0013268	-1.55774e-05
11550	-2.10476e-07	-0.0013344	-1.37595e-05
11560	-7.70723e-07	-0.00134297	-1.13261e-05
11570	-1.21251e-06	-0.00135206	-8.38396e-06
11580	-1.51942e-06	-0.00136119	-5.06285e-06
11590	-1.68223e-06	-0.00136988	-1.50959e-06
11600	-1.69974e-06	-0.00137771	2.11816e-06
11610	-1.57894e-06	-0.00138431	5.6596e-06
11620	-1.33444e-06	-0.00138939	8.95819e-06
11630	-9.87609e-07	-0.00139276	1.18693e-05
11640	-5.65421e-07	-0.00139434	1.42671e-05
11650	-9.89956e-08	-0.00139413	1.60506e-05
11660	3.78026e-07	-0.00139225	1.71487e-05
11670	8.31304e-07	-0.0013889	1.75233e-05
11680	1.22762e-06	-0.00138433	1.71701e-05
11690	1.53669e-06	-0.00137887	1.6119e-05
11700	1.73279e-06	-0.00137286	1.44312e-05
11710	1.79615e-06	-0.00136667	1.21957e-05
11720	1.71403e-06	-0.00136063	9.52454e-06
11730	1.48131e-06	-0.00135505	6.54577e-06
11740	1.10078e-06	-0.0013502	3.39723e-06
11750	5.82822e-07	-0.00134626	2.18993e-07
11760	-5.52488e-08	-0.00134338	-2.85377e-06
11770	-7.903e-07	-0.00134159	-5.69751e-06
11780	-1.59481e-06	-0.0013409	-8.20614e-06
11790	-2.4385e-06	-0.00134123	-1.02957e-05
11800	-3.29009e-06	-0.00134245	-1.19075e-05
11810	-4.1191e-06	-0.00134438	-1.30101e-05
11820	-4.89745e-06	-0.00134684	-1.35994e-05
11830	-5.60092e-06	-0.0013496	-1.36972e-05
11840	-6.21031e-06	-0.00135247	-1.33488e-05
11850	-6.71222e-06	-0.00135524	-1.26185e-05
11860	-7.09944e-06	-0.00135773	-1.15856e-05
11870	-7.37074e-06	-0.0013598	-1.03386e-05
11880	-7.53092e-06	-0.00136133	-8.9701e-06
11890	-7.59024e-06	-0.00136224	-7.57158e-06
11900	-7.56362e-06	-0.00136247	-6.22893e-06
11910	-7.46959e-06	-0.00136201	-5.01843e-06
11920	-7.32908e-06	-0.00136088	-4.00368e-06
11930	-7.16415e-06	-0.0013591	-3.23346e-06
11940	-6.99667e-06	-0.00135673	-2.74061e-06
11950	-6.84705e-06	-0.00135382	-2.54172e-06
11960	-6.73311e-06	-0.00135046	-2.63771e-06
11970	-6.66903e-06	-0.00134673	-3.01502e-06
11980	-6.66457e-06	-0.00134272	-3.64735e-06
11990	-6.7244e-06	-0.00133852	-4.49766e-06
12000	-6.84785e-06	-0.00133422	-5.52049e-06
12010	-7.02879e-06	-0.00132992	-6.66425e-06
12020	-7.25582e-06	-0.00132572	-7.87341e-06
12030	-7.51271e-06	-0.00132173	-9.09057e-06
12040	-7.77911e-06	-0.00131805	-1.02583e-05
12050	-8.03131e-06	-0.00131478	-1.13206e-05
12060	-8.24329e-06	-0.00131202	-1.22247e-05
12070	-8.38778e-06	-0.00130988	-1.29216e-05
12080	-8.43752e-06	-0.00130844	-1.33678e-05
12090	-8.36641e-06	-0.00130779	-1.35258e-05
12100	-8.15069e-06	-0.001308	-1.33656e-05
12110	-7.77018e-06	-0.00130912	-1.28654e-05
12120	-7.20951e-06	-0.00131118	-1.20128e-05
12130	-6.45911e-06	-0.00131417	-1.08061e-05
12140	-5.51618e-06	-0.00131809	-9.25497e-06
12150	-4.38532e-06	-0.00132286	-7.38173e-06
12160	-3.07915e-06	-0.00132841	-5.22161e-06
12170	-1.61845e-06	-0.0013346	-2.8232e-06
12180	-3.21759e-08	-0.00134127	-2.48141e-07
12190	1.64301e-06	-0.00134824	2.42971e-06
12200	3.36347e-06	-0.00135527	5.12587e-06
12210	5.07974e-06	-0.00136212	7.74755e-06
12220	6.73803e-06	-0.00136852	1.01967e-05
12230	8.28207e-06	-0.00137421	1.23739e-05
12240	9.65527e-06	-0.00137892	1.41823e-05
12250	1.08031e-05	-0.00138239	1.55326e-05
12260	1.16757e-05	-0.0013844	1.63479e-05
12270	1.22307e-05	-0.00138477	1.65685e-05
12280	1.24351e-05	-0.00138336	1.61561e-05
12290	1.22678e-05	-0.00138011	1.50968e-05
12300	1.1721e-05	-0.00137503	1.34039e-05
12310	1.08013e-05	-0.00136819	1.11197e-05
12320	9.53101e-06	-0.00135976	8.31526e-06
12330	7.94769e-06	-0.00134997	5.08913e-06
12340	6.10363e-06	-0.00133914	1.5644e-06
12350	4.06432e-06	-0.00132763	-2.11598e-06
12360	1.90623e-06	-0.00131585	-5.7951e-06
12370	-2.86186e-07	-0.00130427	-9.30914e-06
12380	-2.42391e-06	-0.00129334	-1.24951e-05
12390	-4.41726e-06	-0.00128351	-1.5199e-05
12400	-6.17983e-06	-0.00127518	-1.72834e-05
12410	-7.63253e-06	-0.00126869	-1.86348e-05
12420	-8.70724e-06	-0.00126431	-1.91696e-05
12430	-9.35016e-06	-0.0012622	-1.88384e-05
12440	-9.52427e-06	-0.00126242	-1.76293e-05
12450	-9.21115e-06	-0.00126488	-1.5568e-05
12460	-8.41188e-06	-0.0012694	-1.27173e-05
12470	-7.14713e-06	-0.00127568	-9.17408e-06
12480	-5.45617e-06	-0.00128332	-5.06396e-06
12490	-3.39518e-06	-0.00129184	-5.35549e-07
12500	-1.03468e-06	-0.00130071	4.2471e-06
12510	1.54361e-06	-0.00130938	9.11251e-06
12520	4.25032e-06	-0.00131731	1.38899e-05
12530	6.99247e-06	-0.00132399	1.84174e-05
12540	9.67744e-06	-0.001329	2.25491e-05
12550	1.22167e-05	-0.00133201	2.61618e-05
12560	1.45288e-05	-0.00133282	2.9159e-05
12570	1.65422e-05	-0.00133134	3.14738e-05
12580	1.81969e-05	-0.00132765	3.30692e-05
12590	1.94465e-05	-0.00132195	3.39377e-05
12600	2.02582e-05	-0.00131456	3.40976e-05
12610	2.06137e-05	-0.0013059	3.35901e-05
12620	2.05084e-05	-0.00129646	3.24741e-05
12630	1.99514e-05	-0.00128677	3.08218e-05
12640	1.89639e-05	-0.00127737	2.87128e-05
12650	1.75784e-05	-0.00126876	2.62297e-05
12660	1.58369e-05	-0.00126136	2.34539e-05
12670	1.37901e-05	-0.00125553	2.04619e-05
12680	1.14957e-05	-0.00125148	1.73234e-05
12690	9.01661e-06	-0.00124931	1.40996e-05
12700	6.41998e-06	-0.00124898	1.08438e-05
12710	3.77527e-06	-0.00125033	7.60167e-06
12720	1.15314e-06	-0.00125308	4.41294e-06
12730	-1.37614e-06	-0.00125687	1.31356e-06
12740	-3.74396e-06	-0.00126129	-1.66213e-06
12750	-5.88481e-06	-0.0012659	-4.47908e-06
12760	-7.73772e-06	-0.00127027	-7.09981e-06
12770	-9.24787e-06	-0.00127401	-9.4832e-06
12780	-1.03682e-05	-0.00127682	-1.15842e-05
12790	-1.10612e-05	-0.0012785	-1.33546e-05
12800	-1.13003e-05	-0.00127895	-1.47445e-05
12810	-1.10714e-05	-0.0012782	-1.57051e-05
12820	-1.03752e-05	-0.00127639	-1.61917e-05
12830	-9.22694e-06	-0.00127379	-1.61676e-05
12840	-7.65661e-06	-0.00127072	-1.56069e-05
12850	-5.70932e-06	-0.00126759	-1.44983e-05
12860	-3.44439e-06	-0.00126483	-1.28493e-05
12870	-9.33531e-07	-0.00126287	-1.06877e-05
12880	1.74128e-06	-0.0012621	-8.06347e-06
12890	4.49072e-06	-0.00126285	-5.04787e-06
12900	7.22139e-06	-0.00126537	-1.73221e-06
12910	9.83959e-06	-0.00126977	1.77535e-06
12920	1.22553e-05	-0.00127607	5.35391e-06
12930	1.43862e-05	-0.00128414	8.87519e-06
12940	1.6161e-05	-0.00129375	1.22095e-05
12950	1.75234e-05	-0.00130455	1.52324e-05
12960	1.84341e-05	-0.00131614	1.78309e-05
12970	1.88737e-05	-0.00132802	1.991e-05
12980	1.8843e-05	-0.00133969	2.13979e-05
12990	1.8363e-05	-0.00135068	2.22494e-05
13000	1.74743e-05	-0.00136052	2.24491e-05
13010	1.62345e-05	-0.00136883	2.20119e-05
13020	1.47151e-05	-0.00137533	2.09822e-05
13030	1.29976e-05	-0.00137983	1.94311e-05
13040	1.11691e-05	-0.00138225	1.74523e-05
13050	9.31698e-06	-0.00138265	1.51567e-05
13060	7.52472e-06	-0.00138119	1.26659e-05
13070	5.86688e-06	-0.00137811	1.01052e-05
13080	4.40523e-06	-0.00137375	7.59672e-06
13090	3.18558e-06	-0.00136848	5.25296e-06
13100	2.23539e-06	-0.00136272	3.17051e-06
13110	1.56278e-06	-0.00135688	1.42569e-06
13120	1.15684e-06	-0.00135135	7.14604e-08
13130	9.89355e-07	-0.00134649	-8.6408e-07
13140	1.0174e-06	-0.00134258	-1.37782e-06
13150	1.18672e-06	-0.00133985	-1.49024e-06
13160	1.43599e-06	-0.00133845	-1.24256e-06
13170	1.70153e-06	-0.00133845	-6.92667e-07
13180	1.92226e-06	-0.00133984	8.98001e-08
13190	2.04434e-06	-0.00134255	1.02888e-06
13200	2.02536e-06	-0.00134646	2.04774e-06
13210	1.83768e-06	-0.00135141	3.07377e-06
13220	1.47066e-06	-0.00135718	4.043e-06
13230	9.31601e-07	-0.00136358	4.90345e-06
13240	2.45351e-07	-0.00137039	5.61726e-06
13250	-5.4752e-07	-0.00137738	6.16147e-06
13260	-1.39369e-06	-0.00138438	6.52749e-06
13270	-2.23107e-06	-0.0013912	6.71942e-06
13280	-2.99354e-06	-0.00139769	6.75143e-06
13290	-3.616e-06	-0.00140373	6.64451e-06
13300	-4.03953e-06	-0.0014092	6.42284e-06
13310	-4.21616e-06	-0.00141403	6.11028e-06
13320	-4.11298e-06	-0.00141815	5.72715e-06
13330	-3.71524e-06	-0.00142153	5.28775e-06
13340	-3.02814e-06	-0.00142412	4.79877e-06
13350	-2.07731e-06	-0.00142591	4.25881e-06
13360	-9.07778e-07	-0.0014269	3.659e-06
13370	4.18472e-07	-0.0014271	2.98466e-06
13380	1.82619e-06	-0.00142655	2.21784e-06
13390	3.23149e-06	-0.00142529	1.34051e-06
13400	4.54727e-06	-0.00142338	3.38075e-07
13410	5.6888e-06	-0.00142092	-7.97227e-07
13420	6.57934e-06	-0.00141802	-2.06328e-06
13430	7.15512e-06	-0.0014148	-3.44588e-06
13440	7.36963e-06	-0.00141141	-4.91751e-06
13450	7.19668e-06	-0.00140802	-6.43738e-06
13460	6.63219e-06	-0.00140478	-7.95269e-06
13470	5.69451e-06	-0.00140187	-9.40128e-06
13480	4.42333e-06	-0.00139943	-1.07153e-05
13490	2.87715e-06	-0.0013976	-1.18257e-05
13500	1.12965e-06	-0.00139648	-1.26675e-05
13510	-7.34822e-07	-0.00139612	-1.3185e-05
13520	-2.62645e-06	-0.00139655	-1.33366e-05
13530	-4.45521e-06	-0.00139774	-1.30993e-05
13540	-6.13607e-06	-0.00139959	-1.24714e-05
13550	-7.59367e-06	-0.00140196	-1.14743e-05
13560	-8.76614e-06	-0.00140467	-1.01526e-05
13570	-9.60784e-06	-0.00140749	-8.57155e-06
13580	-1.00911e-05	-0.00141016	-6.81424e-06
13590	-1.02065e-05	-0.0014124	-4.97586e-06
13600	-9.96222e-06	-0.00141393	-3.15762e-06
13610	-9.38227e-06	-0.00141448	-1.4596e-06
13620	-8.50406e-06	-0.00141384	2.68439e-08
13630	-7.37553e-06	-0.00141179	1.22596e-06
13640	-6.05026e-06	-0.00140822	2.08362e-06
13650	-4.58393e-06	-0.00140308	2.57199e-06
13660	-3.03143e-06	-0.0013964	2.69262e-06
13670	-1.44411e-06	-0.0013883	2.47745e-06
13680	1.32339e-07	-0.00137898	1.98761e-06
13690	1.65915e-06	-0.00136873	1.30996e-06
13700	3.105e-06	-0.00135791	5.5149e-07
13710	4.44598e-06	-0.00134694	-1.67932e-07
13720	5.66495e-06	-0.00133625	-7.23973e-07
13730	6.75006e-06	-0.00132634	-9.9671e-07
13740	7.6938e-06	-0.00131764	-8.7956e-07
13750	8.49172e-06	-0.0013106	-2.87506e-07
13760	9.141e-06	-0.00130558	8.3597e-07
13770	9.63981e-06	-0.00130287	2.51367e-06
13780	9.98677e-06	-0.00130263	4.73155e-06
13790	1.01808e-05	-0.00130493	7.4379e-06
13800	1.02214e-05	-0.00130969	1.05448e-05
13810	1.01087e-05	-0.0013167	1.39318e-05
13820	9.84483e-06	-0.00132562	1.74516e-05
13830	9.43487e-06	-0.00133598	2.0937e-05
13840	8.88661e-06	-0.00134722	2.42092e-05
13850	8.21095e-06	-0.00135871	2.70862e-05
13860	7.42418e-06	-0.00136977	2.93936e-05
13870	6.54739e-06	-0.00137972	3.09751e-05
13880	5.60567e-06	-0.00138791	3.17023e-05
13890	4.62982e-06	-0.00139375	3.14831e-05
13900	3.65552e-06	-0.00139674	3.02675e-05
13910	2.72196e-06	-0.00139652	2.80517e-05
13920	1.86979e-06	-0.00139287	2.48792e-05
13930	1.13857e-06	-0.00138573	2.08395e-05
13940	5.63914e-07	-0.00137522	1.60653e-05
13950	1.75042e-07	-0.00136161	1.07265e-05
13960	-7.16444e-09	-0.00134531	5.02301e-06
13970	2.81449e-08	-0.00132689	-8.23952e-07
13980	2.80608e-07	-0.001307	-6.5819e-06
13990	7.38003e-07	-0.0012864	-1.20178e-05
14000	1.37635e-06	-0.00126585	-1.6909e-05
14010	2.1603e-06	-0.00124617	-2.10539e-05
14020	3.04465e-06	-0.00122812	-2.42812e-05
14030	3.97644e-06	-0.00121241	-2.64585e-05
14040	4.89764e-06	-0.00119967	-2.74986e-05
14050	5.74843e-06	-0.00119038	-2.73632e-05
14060	6.47083e-06	-0.00118491	-2.60651e-05
14070	7.0125e-06	-0.00118342	-2.36662e-05
14080	7.33028e-06	-0.00118595	-2.02746e-05
14090	7.39321e-06	-0.00119233	-1.60394e-05
14100	7.18505e-06	-0.00120223	-1.1143e-05
14110	6.70599e-06	-0.00121515	-5.7924e-06
14120	5.97325e-06	-0.00123048	-2.09787e-07
14130	5.02048e-06	-0.00124747	5.37707e-06
14140	3.89623e-06	-0.00126532	1.07454e-05
14150	2.66185e-06	-0.00128318	1.5688e-05
14160	1.38825e-06	-0.00130021	2.00215e-05
14170	1.51922e-07	-0.00131561	2.35946e-05
14180	-9.69376e-07	-0.00132866	2.62926e-05
14190	-1.90122e-06	-0.00133876	2.80423e-05
14200	-2.57703e-06	-0.00134546	2.88126e-05
14210	-2.94214e-06	-0.00134848	2.86152e-05
14220	-2.95781e-06	-0.00134773	2.7501e-05
14230	-2.60393e-06	-0.00134331	2.55575e-05
14240	-1.87916e-06	-0.00133551	2.29036e-05
14250	-8.01345e-07	-0.0013248	1.96837e-05
14260	5.9267e-07	-0.0013118	1.60599e-05
14270	2.2486e-06	-0.00129723	1.2205e-05
14280	4.09737e-06	-0.00128192	8.29448e-06
14290	6.05855e-06	-0.00126671	4.49895e-06
14300	8.04444e-06	-0.00125246	9.77198e-07
14310	9.96437e-06	-0.00123996	-2.13008e-06
14320	1.17294e-05	-0.0012299	-4.70551e-06
14330	1.32567e-05	-0.00122285	-6.65922e-06
14340	1.44738e-05	-0.00121922	-7.93149e-06
14350	1.53218e-05	-0.00121923	-8.49414e-06
14360	1.57586e-05	-0.0012229	-8.35047e-06
14370	1.57605e-05	-0.00123008	-7.53397e-06
14380	1.53231e-05	-0.0012404	-6.10599e-06
14390	1.44611e-05	-0.00125337	-4.15233e-06
14400	1.32072e-05	-0.00126834	-1.77906e-06
14410	1.16099e-05	-0.00128458	8.92313e-07
14420	9.73138e-06	-0.0013013	3.73015e-06
14430	7.64391e-06	-0.0013177	6.59811e-06
14440	5.42655e-06	-0.00133304	9.36081e-06
14450	3.16145e-06	-0.00134665	1.18892e-05
14460	9.30164e-07	-0.00135795	1.40652e-05
14470	-1.19004e-06	-0.00136655	1.57864e-05
14480	-3.12932e-06	-0.0013722	1.69692e-05
14490	-4.82796e-06	-0.00137483	1.7552e-05
14500	-6.23849e-06	-0.00137453	1.74972e-05
14510	-7.32721e-06	-0.00137155	1.67918e-05
14520	-8.07499e-06	-0.00136631	1.54482e-05
14530	-8.47735e-06	-0.00135929	1.35031e-05
14540	-8.54398e-06	-0.00135108	1.10158e-05
14550	-8.29759e-06	-0.00134228	8.06638e-06
14560	-7.7722e-06	-0.00133351	4.75223e-06
14570	-7.0111e-06	-0.00132534	1.18484e-06
14580	-6.06436e-06	-0.00131828	-2.51421e-06
14590	-4.9862e-06	-0.00131273	-6.21738e-06
14600	-3.83227e-06	-0.001309	-9.79551e-06
14610	-2.65686e-06	-0.00130729	-1.31221e-05
14620	-1.51041e-06	-0.00130765	-1.60773e-05
14630	-4.37094e-07	-0.00131006	-1.85521e-05
14640	5.27145e-07	-0.00131438	-2.04511e-05
14650	1.35618e-06	-0.00132042	-2.16963e-05
14660	2.03469e-06	-0.00132794	-2.22285e-05
14670	2.55866e-06	-0.00133666	-2.201e-05
14680	2.93516e-06	-0.00134631	-2.1025e-05
14690	3.18157e-06	-0.00135665	-1.92808e-05
14700	3.32415e-06	-0.00136745	-1.68074e-05
14710	3.39602e-06	-0.00137854	-1.36573e-05
14720	3.43468e-06	-0.00138978	-9.90436e-06
14730	3.47911e-06	-0.00140107	-5.64252e-06
14740	3.56672e-06	-0.00141234	-9.83742e-07
14750	3.73024e-06	-0.00142351	3.94394e-06
14760	3.99472e-06	-0.00143454	8.99899e-06
14770	4.37501e-06	-0.00144533	1.40294e-05
14780	4.87369e-06	-0.00145575	1.88764e-05
14790	5.47967e-06	-0.00146565	2.33783e-05
14800	6.16794e-06	-0.00147481	2.73751e-05
14810	6.90039e-06	-0.00148296	3.07127e-05
14820	7.62741e-06	-0.0014898	3.32489e-05
14830	8.29038e-06	-0.00149501	3.48583e-05
14840	8.82505e-06	-0.00149824	3.5438e-05
14850	9.16567e-06	-0.00149921	3.49131e-05
14860	9.24957e-06	-0.00149765	3.32413e-05
14870	9.02194e-06	-0.00149338	3.04177e-05
14880	8.4405e-06	-0.00148632	2.64774e-05
14890	7.47966e-06	-0.00147654	2.14979e-05
14900	6.13394e-06	-0.00146419	1.5599e-05
14910	4.42032e-06	-0.00144962	8.94178e-06
14920	2.37933e-06	-0.00143326	1.72516e-06
14930	7.46096e-08	-0.00141571	-5.8197e-06
14940	-2.40903e-06	-0.00139761	-1.34365e-05
14950	-4.96902e-06	-0.0013797	-2.08529e-05
14960	-7.48985e-06	-0.00136273	-2.77911e-05
14970	-9.84889e-06	-0.00134741	-3.39791e-05
14980	-1.1923e-05	-0.00133441	-3.91627e-05
14990	-1.35958e-05	-0.0013243	-4.31174e-05
15000	-1.47639e-05	-0.00131748	-4.56593e-05
15010	-1.53444e-05	-0.0013142	-4.6655e-05
15020	-1.52795e-05	-0.00131455	-4.60291e-05
15030	-1.45411e-05	-0.00131839	-4.377e-05
15040	-1.31335e-05	-0.00132544	-3.99319e-05
15050	-1.10938e-05	-0.00133521	-3.46341e-05
15060	-8.49115e-06	-0.00134712	-2.80579e-05
15070	-5.4235e-06	-0.00136046	-2.04388e-05
15080	-2.01282e-06	-0.00137446	-1.20575e-05
15090	1.60102e-06	-0.00138836	-3.22739e-06
15100	5.26755e-06	-0.00140139	5.71889e-06
15110	8.83364e-06	-0.00141289	1.44447e-05
15120	1.21516e-05	-0.00142229	2.26244e-05
15130	1.5087e-05	-0.00142915	2.99581e-05
15140	1.75255e-05	-0.0014332	3.61853e-05
15150	1.93787e-05	-0.00143431	4.10959e-05
15160	2.0588e-05	-0.00143253	4.45393e-05
15170	2.11274e-05	-0.00142803	4.64297e-05
15180	2.10033e-05	-0.00142111	4.67489e-05
15190	2.02534e-05	-0.00141218	4.55449e-05
15200	1.89434e-05	-0.00140168	4.29272e-05
15210	1.71622e-05	-0.00139009	3.90602e-05
15220	1.50162e-05	-0.00137791	3.41525e-05
15230	1.26224e-05	-0.00136555	2.84459e-05
15240	1.01019e-05	-0.00135341	2.22024e-05
15250	7.57313e-06	-0.00134178	1.5691e-05
15260	5.14512e-06	-0.00133087	9.17486e-06
15270	2.91301e-06	-0.00132082	2.89965e-06
15280	9.54244e-07	-0.00131166	-2.91589e-06
15290	-6.73949e-07	-0.00130336	-8.08774e-06
15300	-1.93577e-06	-0.00129584	-1.24721e-05
15310	-2.81662e-06	-0.00128899	-1.59681e-05
15320	-3.32155e-06	-0.00128267	-1.85183e-05
15330	-3.47259e-06	-0.00127677	-2.01063e-05
15340	-3.30542e-06	-0.0012712	-2.07534e-05
15350	-2.86551e-06	-0.00126589	-2.05126e-05
15360	-2.20414e-06	-0.00126085	-1.94629e-05
15370	-1.3745e-06	-0.00125612	-1.7702e-05
15380	-4.28329e-07	-0.00125179	-1.53395e-05
15390	5.86928e-07	-0.00124798	-1.24908e-05
15400	1.63018e-06	-0.00124484	-9.27165e-06
15410	2.66763e-06	-0.00124253	-5.79355e-06
15420	3.67326e-06	-0.00124119	-2.16098e-06
15430	4.6285e-06	-0.00124092	1.53066e-06
15440	5.52134e-06	-0.00124178	5.19574e-06
15450	6.34534e-06	-0.00124378	8.75918e-06
15460	7.09738e-06	-0.00124685	1.21548e-05
15470	7.77562e-06	-0.00125083	1.53227e-05
15480	8.37801e-06	-0.00125553	1.82079e-05
15490	8.90127e-06	-0.00126067	2.07594e-05
15500	9.34011e-06	-0.00126597	2.29289e-05
15510	9.6868e-06	-0.00127107	2.4671e-05
15520	9.93147e-06	-0.00127565	2.5943e-05
15530	1.00627e-05	-0.00127938	2.67065e-05
15540	1.00687e-05	-0.00128199	2.69288e-05
15550	9.93873e-06	-0.00128326	2.65859e-05
15560	9.66526e-06	-0.00128302	2.56652e-05
15570	9.24539e-06	-0.00128121	2.41688e-05
15580	8.68246e-06	-0.00127784	2.21161e-05
15590	7.9871e-06	-0.00127304	1.95461e-05
15600	7.17778e-06	-0.00126697	1.65187e-05
15610	6.28072e-06	-0.00125992	1.31147e-05
15620	5.32906e-06	-0.0012522	9.435e-06
15630	4.36135e-06	-0.00124417	5.59723e-06
15640	3.41945e-06	-0.00123622	1.73208e-06
15650	2.546e-06	-0.00122873	-2.0223e-06
15660	1.78159e-06	-0.00122206	-5.52672e-06
15670	1.16199e-06	-0.00121654	-8.64766e-06
15680	7.15469e-07	-0.00121245	-1.12642e-05
15690	4.6048e-07	-0.00121001	-1.32747e-05
15700	4.03955e-07	-0.00120934	-1.46028e-05
15710	5.40325e-07	-0.00121052	-1.5202e-05
15720	8.51422e-07	-0.00121353	-1.50591e-05
15730	1.30731e-06	-0.00121828	-1.41955e-05
15740	1.86797e-06	-0.00122462	-1.26665e-05
15750	2.4859e-06	-0.00123236	-1.05588e-05
15760	3.10925e-06	-0.00124123	-7.98602e-06
15770	3.68538e-06	-0.00125095	-5.0822e-06
15780	4.16456e-06	-0.00126124	-1.99452e-06
15790	4.50354e-06	-0.00127179	1.12514e-06
15800	4.66878e-06	-0.0012823	4.12888e-06
15810	4.63904e-06	-0.00129248	6.88108e-06
15820	4.40713e-06	-0.0013021	9.26599e-06
15830	3.9807e-06	-0.00131094	1.11939e-05
15840	3.38193e-06	-0.00131881	1.26058e-05
15850	2.64632e-06	-0.00132559	1.34756e-05
15860	1.82035e-06	-0.0013312	1.38108e-05
15870	9.58457e-07	-0.0013356	1.36502e-05
15880	1.19226e-07	-0.00133883	1.30604e-05
15890	-6.38833e-07	-0.00134095	1.21298e-05
15900	-1.26132e-06	-0.00134207	1.09618e-05
15910	-1.70163e-06	-0.00134234	9.66707e-06
15920	-1.92438e-06	-0.00134196	8.35576e-06
15930	-1.90811e-06	-0.00134114	7.12981e-06
15940	-1.64655e-06	-0.00134011	6.07634e-06
15950	-1.14905e-06	-0.00133911	5.26248e-06
15960	-4.40252e-07	-0.00133838	4.73181e-06
15970	4.41612e-07	-0.00133813	4.50288e-06
15980	1.4475e-06	-0.00133856	4.56966e-06
15990	2.52108e-06	-0.00133984	4.90394e-06
16000	3.6028e-06	-0.00134209	5.45942e-06
16010	4.63421e-06	-0.00134538	6.17692e-06
16020	5.56212e-06	-0.00134975	6.99062e-06
16030	6.34243e-06	-0.00135517	7.83424e-06
16040	6.94318e-06	-0.00136157	8.647e-06
16050	7.34662e-06	-0.00136885	9.37872e-06
16060	7.55034e-06	-0.00137685	9.99356e-06
16070	7.56703e-06	-0.00138538	1.04723e-05
16080	7.4232e-06	-0.00139426	1.08128e-05
16090	7.1569e-06	-0.00140326	1.1029e-05
16100	6.81443e-06	-0.00141218	1.11476e-05
16110	6.44657e-06	-0.00142078	1.12047e-05
16120	6.10439e-06	-0.00142888	1.12398e-05
16130	5.83509e-06	-0.00143629	1.1291e-05
16140	5.67827e-06	-0.00144284	1.1389e-05
16150	5.66267e-06	-0.00144841	1.15526e-05
16160	5.80388e-06	-0.00145287	1.17848e-05
16170	6.10303e-06	-0.00145614	1.20709e-05
16180	6.54665e-06	-0.00145817	1.23778e-05
16190	7.10765e-06	-0.0014589	1.26561e-05
16200	7.7474e-06	-0.00145834	1.28427e-05
16210	8.41865e-06	-0.00145647	1.2866e-05
16220	9.06909e-06	-0.00145334	1.26523e-05
16230	9.64536e-06	-0.001449	1.21323e-05
16240	1.00971e-05	-0.00144351	1.12485e-05
16250	1.03807e-05	-0.00143697	9.9615e-06
16260	1.04628e-05	-0.00142953	8.25618e-06
16270	1.03228e-05	-0.00142132	6.1457e-06
16280	9.95481e-06	-0.00141254	3.67381e-06
16290	9.36805e-06	-0.0014034	9.14898e-07
16300	8.58666e-06	-0.00139415	-2.02837e-06
16310	7.64804e-06	-0.00138504	-5.02949e-06
16320	6.60049e-06	-0.00137634	-7.94466e-06
16330	5.50002e-06	-0.00136833	-1.06208e-05
16340	4.40672e-06	-0.00136126	-1.29048e-05
16350	3.38062e-06	-0.00135538	-1.46527e-05
16360	2.47782e-06	-0.00135086	-1.574e-05
16370	1.74723e-06	-0.00134786	-1.60688e-05
16380	1.22762e-06	-0.00134644	-1.55755e-05
16390	9.45292e-07	-0.0013466	-1.4235e-05
16400	9.1268e-07	-0.00134827	-1.20635e-05
16410	1.12779e-06	-0.00135129	-9.11839e-06
16420	1.57482e-06	-0.00135543	-5.49535e-06
16430	2.22571e-06	-0.00136038	-1.32309e-06
16440	3.04226e-06	-0.00136582	3.24332e-06
16450	3.97883e-06	-0.00137137	8.03108e-06
16460	4.98541e-06	-0.00137665	1.28591e-05
16470	6.01074e-06	-0.00138132	1.7548e-05
16480	7.00537e-06	-0.00138506	2.19293e-05
16490	7.92431e-06	-0.00138761	2.58539e-05
16500	8.72923e-06	-0.00138881	2.91992e-05
16510	9.38997e-06	-0.00138855	3.18738e-05
16520	9.88538e-06	-0.00138684	3.38195e-05
16530	1.02035e-05	-0.00138377	3.50123e-05
16540	1.0341e-05	-0.00137951	3.546e-05
16550	1.03025e-05	-0.00137428	3.51982e-05
16560	1.0099e-05	-0.00136837	3.42854e-05
16570	9.74629e-06	-0.00136206	3.27962e-05
16580	9.26372e-06	-0.00135565	3.08153e-05
16590	8.67288e-06	-0.00134939	2.84316e-05
16600	7.99615e-06	-0.0013435	2.57316e-05
16610	7.25585e-06	-0.00133811	2.2796e-05
16620	6.47368e-06	-0.00133329	1.96955e-05
16630	5.67049e-06	-0.00132902	1.64899e-05
16640	4.86626e-06	-0.0013252	1.32272e-05
16650	4.08029e-06	-0.00132168	9.94588e-06
16660	3.33158e-06	-0.00131825	6.67687e-06
16670	2.63915e-06	-0.00131466	3.44746e-06
16680	2.02222e-06	-0.00131069	2.84751e-07
16690	1.50024e-06	-0.00130612	-2.78084e-06
16700	1.09256e-06	-0.00130078	-5.71267e-06
16710	8.17746e-07	-0.00129458	-8.46593e-06
16720	6.92617e-07	-0.00128751	-1.09869e-05
16730	7.3103e-07	-0.00127966	-1.32138e-05
16740	9.42503e-07	-0.00127119	-1.50787e-05
16750	1.33075e-06	-0.00126238	-1.65115e-05
16760	1.89244e-06	-0.00125354	-1.74441e-05
16770	2.61615e-06	-0.00124508	-1.78161e-05
16780	3.48182e-06	-0.0012374	-1.75799e-05
16790	4.46064e-06	-0.0012309	-1.67062e-05
16800	5.51553e-06	-0.00122594	-1.51887e-05
16810	6.6023e-06	-0.00122285	-1.30472e-05
16820	7.67147e-06	-0.00122183	-1.03301e-05
16830	8.67073e-06	-0.001223	-7.11386e-06
16840	9.54786e-06	-0.00122635	-3.50115e-06
16850	1.02537e-05	-0.00123175	3.82316e-07
16860	1.07451e-05	-0.00123894	4.39299e-06
16870	1.09882e-05	-0.00124756	8.37632e-06
16880	1.09608e-05	-0.00125718	1.21746e-05
16890	1.06545e-05	-0.00126728	1.56354e-05
16900	1.00761e-05	-0.00127734	1.86199e-05
16910	9.24754e-06	-0.00128682	2.10104e-05
16920	8.20536e-06	-0.00129525	2.27173e-05
16930	6.99904e-06	-0.00130221	2.36835e-05
16940	5.68838e-06	-0.00130738	2.38877e-05
16950	4.34028e-06	-0.00131054	2.33461e-05
16960	3.02511e-06	-0.00131162	2.21109e-05
16970	1.81278e-06	-0.00131066	2.0268e-05
16980	7.68678e-07	-0.00130781	1.79317e-05
16990	-5.01697e-08	-0.00130336	1.52387e-05
17000	-5.98661e-07	-0.00129765	1.23392e-05
17010	-8.46302e-07	-0.00129108	9.38918e-06
17020	-7.78762e-07	-0.00128411	6.54164e-06
17030	-3.98686e-07	-0.00127718	3.93832e-06
17040	2.7443e-07	-0.00127069	1.70248e-06
17050	1.20538e-06	-0.00126502	-6.70748e-08
17060	2.34539e-06	-0.00126046	-1.30038e-06
17070	3.63504e-06	-0.00125724	-1.95869e-06
17080	5.0078e-06	-0.00125548	-2.03504e-06
17090	6.39396e-06	-0.00125523	-1.55283e-06
17100	7.72472e-06	-0.00125646	-5.62807e-07
17110	8.9361e-06	-0.00125905	8.61399e-07
17120	9.97246e-06	-0.00126284	2.62872e-06
17130	1.07895e-05	-0.00126764	4.63667e-06
17140	1.13563e-05	-0.00127323	6.77754e-06
17150	1.16568e-05	-0.00127937	8.94433e-06
17160	1.16899e-05	-0.00128586	1.10362e-05
17170	1.14691e-05	-0.00129249	1.29629e-05
17180	1.10211e-05	-0.00129909	1.46484e-05
17190	1.03835e-05	-0.00130552	1.60333e-05
17200	9.60285e-06	-0.00131166	1.70762e-05
17210	8.7311e-06	-0.00131743	1.77542e-05
17220	7.82281e-06	-0.00132276	1.80614e-05
17230	6.93185e-06	-0.0013276	1.80074e-05
17240	6.10878e-06	-0.00133192	1.76159e-05
17250	5.39851e-06	-0.0013357	1.69219e-05
17260	4.83819e-06	-0.00133891	1.59691e-05
17270	4.45576e-06	-0.00134156	1.48074e-05
17280	4.26861e-06	-0.00134364	1.34913e-05
17290	4.28342e-06	-0.00134516	1.2076e-05
17300	4.49644e-06	-0.00134616	1.0617e-05
17310	4.89466e-06	-0.00134667	9.16779e-06
17320	5.4571e-06	-0.00134679	7.77945e-06
17330	6.15647e-06	-0.00134661	6.49963e-06
17340	6.96091e-06	-0.00134626	5.37196e-06
17350	7.83576e-06	-0.0013459	4.43547e-06
17360	8.74532e-06	-0.0013457	3.72395e-06
17370	9.6544e-06	-0.00134585	3.26531e-06
17380	1.05297e-05	-0.00134652	3.08077e-06
17390	1.13406e-05	-0.00134787	3.18368e-06
17400	1.20602e-05	-0.00135004	3.57827e-06
17410	1.26656e-05	-0.0013531	4.25847e-06
17420	1.31379e-05	-0.00135708	5.20688e-06
17430	1.34629e-05	-0.00136194	6.39403e-06
17440	1.36302e-05	-0.00136758	7.77796e-06
17450	1.36334e-05	-0.00137381	9.30471e-06
17460	1.347e-05	-0.0013804	1.09096e-05
17470	1.31413e-05	-0.00138707	1.2519e-05
17480	1.26529e-05	-0.00139348	1.40528e-05
17490	1.20148e-05	-0.0013993	1.54278e-05
17500	1.12413e-05	-0.0014042	1.65617e-05
17510	1.03514e-05	-0.00140785	1.73772e-05
17520	9.36846e-06	-0.00141001	1.78061e-05
17530	8.32006e-06	-0.00141045	1.7794e-05
17540	7.23761e-06	-0.00140905	1.73039e-05
17550	6.15559e-06	-0.00140578	1.63193e-05
17560	5.11054e-06	-0.00140066	1.48466e-05
17570	4.13965e-06	-0.00139383	1.29164e-05
17580	3.27926e-06	-0.0013855	1.05835e-05
17590	2.56312e-06	-0.00137593	7.92521e-06
17600	2.02066e-06	-0.00136546	5.03958e-06
17610	1.67523e-06	-0.00135444	2.04109e-06
17620	1.54254e-06	-0.00134324	-9.43978e-07
17630	1.62947e-06	-0.00133224	-3.78332e-06
17640	1.93329e-06	-0.0013218	-6.34473e-06
17650	2.44119e-06	-0.00131222	-8.50249e-06
17660	3.13036e-06	-0.0013038	-1.01435e-05
17670	3.96872e-06	-0.00129674	-1.11733e-05
17680	4.91612e-06	-0.00129122	-1.15204e-05
17690	5.92631e-06	-0.00128734	-1.1141e-05
17700	6.94925e-06	-0.00128514	-1.00206e-05
17710	7.93386e-06	-0.00128463	-8.17545e-06
17720	8.8308e-06	-0.00128574	-5.65211e-06
17730	9.59536e-06	-0.0012884	-2.52538e-06
17740	1.019e-05	-0.00129248	1.10463e-06
17750	1.05866e-05	-0.00129782	5.11659e-06
17760	1.07681e-05	-0.00130427	9.3729e-06
17770	1.07295e-05	-0.00131164	1.37251e-05
17780	1.04777e-05	-0.00131973	1.80198e-05
17790	1.00314e-05	-0.00132833	2.2104e-05
17800	9.41945e-06	-0.00133719	2.58311e-05
17810	8.67907e-06	-0.00134608	2.90657e-05
17820	7.85319e-06	-0.00135472	3.16884e-05
17830	6.98785e-06	-0.00136284	3.35996e-05
17840	6.12925e-06	-0.00137014	3.47229e-05
17850	5.32089e-06	-0.00137632	3.50073e-05
17860	4.60101e-06	-0.00138109	3.44289e-05
17870	4.00047e-06	-0.00138418	3.29916e-05
17880	3.54117e-06	-0.00138535	3.07269e-05
17890	3.23514e-06	-0.0013844	2.76933e-05
17900	3.0843e-06	-0.00138122	2.39746e-05
17910	3.08099e-06	-0.00137578	1.96773e-05
17920	3.20904e-06	-0.00136812	1.49282e-05
17930	3.44533e-06	-0.00135842	9.86993e-06
17940	3.76195e-06	-0.00134695	4.65748e-06
17950	4.12847e-06	-0.00133408	-5.46814e-07
17960	4.51434e-06	-0.00132028	-5.57821e-06
17970	4.891e-06	-0.0013061	-1.0275e-05
17980	5.23385e-06	-0.00129214	-1.44838e-05
17990	5.52376e-06	-0.001279	-1.80654e-05
18000	5.74806e-06	-0.0012673	-2.08995e-05
