0	0	0	0
10	5.40366e-17	-2.8868e-13	9.8106e-17
20	4.0633e-16	-2.29907e-11	8.53612e-16
30	9.80289e-16	-2.80905e-10	3.04728e-15
40	8.87351e-16	-1.64997e-09	7.66072e-15
50	-1.92253e-15	-6.53328e-09	1.59217e-14
60	-1.09105e-14	-2.02048e-08	2.92745e-14
70	-3.10468e-14	-5.2724e-08	4.9236e-14
80	-6.86623e-14	-1.21489e-07	7.70573e-14
90	-1.30871e-13	-2.54441e-07	1.1303e-13
100	-2.24234e-13	-4.93864e-07	1.55143e-13
110	-3.52127e-13	-9.00606e-07	1.96638e-13
120	-5.09996e-13	-1.55848e-06	2.21865e-13
130	-6.77432e-13	-2.57845e-06	1.99772e-13
140	-8.05735e-13	-4.10219e-06	7.45403e-14
150	-7.99641e-13	-6.3045e-06	-2.46577e-13
160	-4.92147e-13	-9.39405e-06	-9.07009e-13
170	3.87742e-13	-1.36121e-05	-2.11301e-12
180	2.25289e-12	-1.92285e-05	-4.13804e-12
190	5.69744e-12	-2.65355e-05	-7.30894e-12
200	1.15296e-11	-3.5838e-05	-1.19585e-11
210	2.07849e-11	-4.74423e-05	-1.83223e-11
220	3.46996e-11	-6.16419e-05	-2.63516e-11
230	5.46166e-11	-7.8702e-05	-3.54066e-11
240	8.17873e-11	-9.88437e-05	-4.37905e-11
250	1.17023e-10	-0.000122229	-4.80796e-11
260	1.6014e-10	-0.000148945	-4.22089e-11
270	2.0914e-10	-0.000178994	-1.62755e-11
280	2.59048e-10	-0.000212287	4.49626e-11
290	3.00338e-10	-0.000248636	1.63902e-10
300	3.16879e-10	-0.00028776	3.72193e-10
310	2.83337e-10	-0.000329289	7.13036e-10
320	1.61999e-10	-0.000372781	1.24353e-09
330	-1.01016e-10	-0.000417733	2.0369e-09
340	-5.80153e-10	-0.000463605	3.18421e-09
350	-1.37542e-09	-0.000509848	4.79545e-09
360	-2.61796e-09	-0.000555921	6.99929e-09
370	-4.47607e-09	-0.000601324	9.94128e-09
380	-7.16182e-09	-0.000645618	1.37799e-08
390	-1.09381e-08	-0.000688445	1.868e-08
400	-1.61266e-08	-0.000729545	2.48031e-08
410	-2.31179e-08	-0.000768761	3.22938e-08
420	-3.23839e-08	-0.000806047	4.1261e-08
430	-4.44898e-08	-0.00084146	5.17565e-08
440	-6.01082e-08	-0.000875149	6.37523e-08
450	-8.00348e-08	-0.000907336	7.7115e-08
460	-1.0521e-07	-0.000938298	9.15765e-08
470	-1.36747e-07	-0.000968336	1.06698e-07
480	-1.75974e-07	-0.00099775	1.21832e-07
490	-2.24467e-07	-0.00102681	1.36093e-07
500	-2.84112e-07	-0.00105573	1.48328e-07
510	-3.57168e-07	-0.00108464	1.57082e-07
520	-4.46343e-07	-0.0011136	1.60605e-07
530	-5.54846e-07	-0.00114255	1.56847e-07
540	-6.86516e-07	-0.00117132	1.43447e-07
550	-8.45894e-07	-0.00119965	1.17757e-07
560	-1.03827e-06	-0.00122722	7.68905e-08
570	-1.26975e-06	-0.00125359	1.77705e-08
580	-1.54722e-06	-0.00127834	-6.28246e-08
590	-1.8785e-06	-0.00130098	-1.68323e-07
600	-2.27242e-06	-0.00132107	-3.02335e-07
610	-2.73897e-06	-0.00133821	-4.68712e-07
620	-3.28941e-06	-0.00135206	-6.71609e-07
630	-3.93485e-06	-0.0013624	-9.15489e-07
640	-4.68691e-06	-0.0013691	-1.20508e-06
650	-5.55574e-06	-0.00137218	-1.54577e-06
660	-6.54943e-06	-0.00137179	-1.94393e-06
670	-7.67329e-06	-0.00136823	-2.40643e-06
680	-8.92808e-06	-0.00136193	-2.93981e-06
690	-1.03094e-05	-0.00135344	-3.54946e-06
700	-1.18071e-05	-0.00134337	-4.2386e-06
710	-1.34048e-05	-0.00133239	-5.00786e-06
720	-1.50796e-05	-0.00132116	-5.85533e-06
730	-1.68023e-05	-0.00131029	-6.77661e-06
740	-1.85366e-05	-0.00130033	-7.76481e-06
750	-2.02399e-05	-0.00129172	-8.81078e-06
760	-2.18644e-05	-0.00128478	-9.90328e-06
770	-2.33592e-05	-0.00127969	-1.103e-05
780	-2.46726e-05	-0.00127648	-1.21784e-05
790	-2.57543e-05	-0.00127507	-1.33366e-05
800	-2.65594e-05	-0.00127528	-1.44935e-05
810	-2.70512e-05	-0.0012768	-1.56384e-05
820	-2.72019e-05	-0.00127929	-1.6762e-05
830	-2.69932e-05	-0.00128236	-1.78569e-05
840	-2.64233e-05	-0.00128561	-1.89171e-05
850	-2.55053e-05	-0.00128866	-1.99376e-05
860	-2.42627e-05	-0.00129117	-2.09147e-05
870	-2.27297e-05	-0.00129285	-2.18454e-05
880	-2.09529e-05	-0.00129349	-2.27271e-05
890	-1.89834e-05	-0.00129293	-2.35578e-05
900	-1.68781e-05	-0.00129109	-2.4332e-05
910	-1.47034e-05	-0.00128792	-2.50394e-05
920	-1.25348e-05	-0.00128344	-2.5669e-05
930	-1.04493e-05	-0.00127766	-2.62106e-05
940	-8.51105e-06	-0.0012706	-2.6653e-05
950	-6.76517e-06	-0.00126227	-2.6985e-05
960	-5.23643e-06	-0.00125265	-2.71969e-05
970	-3.92756e-06	-0.00124171	-2.72804e-05
980	-2.81794e-06	-0.00122937	-2.72298e-05
990	-1.86512e-06	-0.00121555	-2.70434e-05
1000	-1.00712e-06	-0.00120013	-2.67255e-05
1010	-1.65926e-07	-0.00118301	-2.62861e-05
1020	7.48072e-07	-0.00116409	-2.57414e-05
1030	1.83088e-06	-0.00114328	-2.5113e-05
1040	3.17916e-06	-0.00112052	-2.44271e-05
1050	4.8844e-06	-0.00109579	-2.37141e-05
1060	7.02733e-06	-0.00106914	-2.30067e-05
1070	9.67311e-06	-0.00104061	-2.23394e-05
1080	1.28675e-05	-0.00101035	-2.17468e-05
1090	1.66347e-05	-0.00097852	-2.12623e-05
1100	2.09761e-05	-0.000945314	-2.09171e-05
1110	2.58714e-05	-0.000910965	-2.07393e-05
1120	3.12806e-05	-0.000875722	-2.07531e-05
1130	3.71483e-05	-0.000839838	-2.09781e-05
1140	4.34128e-05	-0.000803572	-2.14287e-05
1150	5.00199e-05	-0.000767207	-2.21171e-05
1160	5.69264e-05	-0.000731036	-2.30552e-05
1170	6.41001e-05	-0.000695337	-2.42511e-05
1180	7.15244e-05	-0.000660372	-2.57106e-05
1190	7.91966e-05	-0.000626387	-2.74465e-05
1200	8.71289e-05	-0.00059362	-2.94834e-05
1210	9.53509e-05	-0.000562351	-3.1857e-05
1220	0.000103906	-0.000532893	-3.46166e-05
1230	0.000112854	-0.000505587	-3.78211e-05
1240	0.000122244	-0.000480836	-4.15205e-05
1250	0.000132083	-0.000459031	-4.57859e-05
1260	0.000142355	-0.000440523	-5.06983e-05
1270	0.000153049	-0.000425582	-5.63178e-05
1280	0.000164167	-0.000414327	-6.2658e-05
1290	0.000175712	-0.000406743	-6.96528e-05
1300	0.000187668	-0.000402699	-7.71927e-05
1310	0.000199995	-0.000401859	-8.51527e-05
1320	0.000212651	-0.000403746	-9.34012e-05
1330	0.000225597	-0.00040782	-0.000101803
1340	0.000238802	-0.000413537	-0.000110219
1350	0.00025225	-0.000420365	-0.000118541
1360	0.000265935	-0.000427811	-0.000126686
1370	0.000279853	-0.00043543	-0.000134577
1380	0.000293991	-0.00044283	-0.000142152
1390	0.000308327	-0.000449689	-0.000149369
1400	0.000322826	-0.000455756	-0.000156196
1410	0.000337435	-0.000460856	-0.000162606
1420	0.00035209	-0.000464897	-0.000168594
1430	0.000366715	-0.000467891	-0.000174186
1440	0.000381243	-0.000469909	-0.000179421
1450	0.00039561	-0.000471043	-0.000184339
1460	0.000409752	-0.000471447	-0.000188988
1470	0.000423604	-0.000471318	-0.000193418
1480	0.000437123	-0.000470905	-0.000197683
1490	0.000450269	-0.000470479	-0.000201831
1500	0.000463012	-0.000470255	-0.000205893
1510	0.000475313	-0.000470451	-0.000209898
1520	0.000487133	-0.000471266	-0.00021386
1530	0.000498426	-0.00047284	-0.000217769
1540	0.00050914	-0.000475331	-0.000221585
1550	0.000519211	-0.000478922	-0.000225244
1560	0.000528564	-0.000483794	-0.000228675
1570	0.000537111	-0.00049014	-0.000231806
1580	0.000544747	-0.000498151	-0.000234576
1590	0.000551345	-0.000507991	-0.000236938
1600	0.000556751	-0.000519745	-0.000238865
1610	0.000560801	-0.000533385	-0.000240359
1620	0.000563324	-0.000548744	-0.000241444
1630	0.00056415	-0.000565536	-0.00024217
1640	0.000563125	-0.000583377	-0.000242609
1650	0.00056013	-0.000601828	-0.000242843
1660	0.000555094	-0.000620443	-0.000242956
1670	0.000548014	-0.00063882	-0.000243029
1680	0.000538961	-0.000656646	-0.00024313
1690	0.000528083	-0.000673737	-0.000243311
1700	0.000515603	-0.00069005	-0.000243601
1710	0.000501808	-0.000705677	-0.000244001
1720	0.000487039	-0.000720846	-0.000244487
1730	0.000471675	-0.0007359	-0.000245005
1740	0.000456117	-0.00075126	-0.000245481
1750	0.000440768	-0.000767385	-0.000245822
1760	0.000426017	-0.000784727	-0.000245925
1770	0.000412222	-0.000803688	-0.000245689
1780	0.000399695	-0.000824582	-0.000245015
1790	0.00038869	-0.000847598	-0.000243818
1800	0.000379394	-0.00087279	-0.000242029
1810	0.000371924	-0.000900072	-0.000239614
1820	0.00036633	-0.000929232	-0.000236574
1830	0.000362596	-0.000959977	-0.000232953
1840	0.000360649	-0.000991953	-0.000228836
1850	0.00036037	-0.00102476	-0.000224342
1860	0.000361605	-0.00105799	-0.000219621
1870	0.000364175	-0.00109126	-0.00021484
1880	0.000367889	-0.00112424	-0.000210177
1890	0.000372556	-0.00115665	-0.000205808
1900	0.000377984	-0.00118828	-0.000201892
1910	0.000383997	-0.00121902	-0.000198565
1920	0.000390432	-0.00124879	-0.000195927
1930	0.000397139	-0.00127763	-0.000194036
1940	0.000403985	-0.00130557	-0.000192909
1950	0.000410837	-0.00133272	-0.000192515
1960	0.000417574	-0.00135911	-0.000192778
1970	0.000424088	-0.00138482	-0.000193577
1980	0.000430264	-0.00140989	-0.000194749
1990	0.000435982	-0.00143431	-0.000196105
2000	0.000441111	-0.00145808	-0.000197449
2010	0.000445497	-0.0014811	-0.000198579
2020	0.000448962	-0.00150326	-0.000199294
2030	0.000451341	-0.00152444	-0.000199419
2040	0.000452514	-0.00154443	-0.000198816
2050	0.000452388	-0.00156303	-0.000197397
2060	0.000450895	-0.00158002	-0.000195125
2070	0.000447997	-0.00159523	-0.000192018
2080	0.000443701	-0.0016085	-0.000188149
2090	0.000438074	-0.0016197	-0.000183637
2100	0.000431247	-0.00162879	-0.00017865
2110	0.000423419	-0.00163573	-0.000173388
2120	0.00041485	-0.00164061	-0.000168077
2130	0.000405848	-0.00164353	-0.000162956
2140	0.000396756	-0.00164473	-0.000158258
2150	0.000387937	-0.00164448	-0.000154208
2160	0.000379762	-0.00164307	-0.000151015
2170	0.000372587	-0.00164087	-0.000148854
2180	0.000366742	-0.00163821	-0.000147869
2190	0.000362509	-0.00163539	-0.00014816
2200	0.000360114	-0.00163267	-0.000149789
2210	0.000359709	-0.00163025	-0.000152775
2220	0.00036137	-0.00162823	-0.000157092
2230	0.000365088	-0.0016266	-0.000162678
2240	0.000370768	-0.0016253	-0.000169435
2250	0.000378237	-0.00162415	-0.000177239
2260	0.000387243	-0.00162294	-0.000185943
2270	0.000397473	-0.0016214	-0.000195385
2280	0.000408566	-0.00161927	-0.000205392
2290	0.000420131	-0.0016163	-0.000215787
2300	0.000431768	-0.00161227	-0.000226392
2310	0.000443101	-0.00160703	-0.000237034
2320	0.000453823	-0.0016006	-0.000247562
2330	0.000463683	-0.00159309	-0.000257839
2340	0.000472513	-0.00158467	-0.000267742
2350	0.000480222	-0.00157557	-0.000277166
2360	0.000486795	-0.001566	-0.000286022
2370	0.000492276	-0.00155616	-0.000294231
2380	0.000496762	-0.00154613	-0.000301716
2390	0.000500402	-0.00153595	-0.000308411
2400	0.00050338	-0.00152553	-0.000314256
2410	0.000505913	-0.00151473	-0.000319206
2420	0.000508233	-0.00150331	-0.000323228
2430	0.000510578	-0.00149099	-0.000326309
2440	0.000513179	-0.00147748	-0.000328463
2450	0.000516248	-0.00146247	-0.000329731
2460	0.000519974	-0.00144573	-0.00033018
2470	0.00052451	-0.00142705	-0.000329908
2480	0.00052997	-0.00140639	-0.000329038
2490	0.000536426	-0.00138379	-0.00032772
2500	0.000543908	-0.00135945	-0.00032613
2510	0.0005524	-0.00133372	-0.000324468
2520	0.000561848	-0.0013071	-0.000322935
2530	0.00057216	-0.00128021	-0.000321741
2540	0.000583209	-0.00125377	-0.000321105
2550	0.000594846	-0.00122852	-0.000321241
2560	0.000606905	-0.0012052	-0.000322334
2570	0.000619216	-0.00118449	-0.000324522
2580	0.000631615	-0.00116694	-0.000327893
2590	0.000643947	-0.001153	-0.000332479
2600	0.000656081	-0.00114297	-0.000338252
2610	0.000667915	-0.00113692	-0.000345125
2620	0.000679372	-0.00113474	-0.000352948
2630	0.000690399	-0.00113611	-0.000361489
2640	0.000700982	-0.0011405	-0.000370449
2650	0.000711148	-0.00114723	-0.000379501
2660	0.00072097	-0.00115554	-0.000388313
2670	0.000730557	-0.00116462	-0.000396553
2680	0.000740035	-0.00117367	-0.000403899
2690	0.000749535	-0.00118192	-0.000410062
2700	0.000759186	-0.00118871	-0.000414805
2710	0.000769103	-0.00119348	-0.000417957
2720	0.000779387	-0.00119588	-0.000419403
2730	0.000790107	-0.00119568	-0.000419098
2740	0.000801289	-0.00119289	-0.000417063
2750	0.000812918	-0.00118764	-0.000413387
2760	0.000824936	-0.00118024	-0.000408214
2770	0.000837237	-0.00117109	-0.000401731
2780	0.000849679	-0.00116059	-0.00039414
2790	0.000862108	-0.00114911	-0.000385672
2800	0.00087435	-0.00113706	-0.000376584
2810	0.000886226	-0.00112492	-0.000367164
2820	0.000897552	-0.0011132	-0.000357709
2830	0.000908149	-0.00110239	-0.0003485
2840	0.000917851	-0.00109295	-0.000339798
2850	0.00092651	-0.00108533	-0.000331836
2860	0.000934003	-0.00107986	-0.000324823
2870	0.000940242	-0.00107678	-0.000318926
2880	0.000945168	-0.00107624	-0.000314275
2890	0.000948741	-0.00107828	-0.000310968
2900	0.000950943	-0.00108288	-0.000309075
2910	0.00095178	-0.00108989	-0.000308625
2920	0.000951287	-0.00109906	-0.000309606
2930	0.000949535	-0.00111003	-0.000311964
2940	0.000946633	-0.00112243	-0.000315604
2950	0.000942732	-0.00113584	-0.000320387
2960	0.000938019	-0.00114988	-0.000326129
2970	0.000932713	-0.00116421	-0.00033261
2980	0.000927054	-0.00117852	-0.000339577
2990	0.000921288	-0.00119258	-0.000346762
3000	0.000915656	-0.00120625	-0.000353884
3010	0.00091038	-0.00121947	-0.000360662
3020	0.000905651	-0.00123225	-0.000366827
3030	0.00090162	-0.0012447	-0.000372132
3040	0.000898391	-0.00125697	-0.000376357
3050	0.000896023	-0.00126924	-0.000379314
3060	0.000894528	-0.00128173	-0.000380858
3070	0.000893863	-0.00129461	-0.000380897
3080	0.000893941	-0.00130805	-0.000379398
3090	0.000894639	-0.00132214	-0.000376388
3100	0.000895808	-0.0013369	-0.000371955
3110	0.000897274	-0.00135229	-0.00036624
3120	0.000898852	-0.00136821	-0.00035943
3130	0.000900357	-0.00138444	-0.000351744
3140	0.000901615	-0.00140077	-0.000343431
3150	0.000902469	-0.00141693	-0.000334758
3160	0.000902788	-0.0014327	-0.000326004
3170	0.000902474	-0.00144788	-0.000317448
3180	0.00090149	-0.00146234	-0.000309351
3190	0.000899854	-0.00147604	-0.000301954
3200	0.000897624	-0.00148899	-0.000295475
3210	0.000894892	-0.00150124	-0.000290097
3220	0.000891782	-0.00151288	-0.000285968
3230	0.000888445	-0.00152406	-0.000283199
3240	0.000885048	-0.00153495	-0.000281857
3250	0.00088177	-0.00154572	-0.000281976
3260	0.00087879	-0.0015566	-0.000283547
3270	0.000876282	-0.00156779	-0.000286528
3280	0.000874404	-0.0015795	-0.000290841
3290	0.000873294	-0.00159188	-0.000296372
3300	0.000873059	-0.00160508	-0.00030298
3310	0.000873768	-0.00161919	-0.000310503
3320	0.000875455	-0.00163423	-0.000318757
3330	0.000878112	-0.00165018	-0.000327542
3340	0.000881697	-0.00166696	-0.000336648
3350	0.000886137	-0.00168443	-0.000345857
3360	0.000891338	-0.00170247	-0.000354959
3370	0.000897192	-0.00172092	-0.000363764
3380	0.000903574	-0.00173962	-0.000372099
3390	0.000910343	-0.00175837	-0.000379811
3400	0.000917357	-0.00177697	-0.00038677
3410	0.000924495	-0.00179522	-0.000392869
3420	0.000931654	-0.00181288	-0.000398035
3430	0.000938745	-0.00182976	-0.00040223
3440	0.000945691	-0.0018457	-0.000405455
3450	0.000952435	-0.00186059	-0.000407745
3460	0.000958944	-0.00187435	-0.000409172
3470	0.000965203	-0.00188696	-0.000409848
3480	0.000971217	-0.00189849	-0.000409926
3490	0.000977011	-0.00190904	-0.000409582
3500	0.000982634	-0.00191879	-0.000409015
3510	0.000988149	-0.00192796	-0.000408441
3520	0.000993629	-0.00193679	-0.000408085
3530	0.000999161	-0.00194554	-0.000408167
3540	0.00100483	-0.00195445	-0.000408898
3550	0.00101073	-0.00196375	-0.00041047
3560	0.00101693	-0.00197361	-0.000413041
3570	0.00102351	-0.00198417	-0.000416726
3580	0.00103051	-0.00199552	-0.000421596
3590	0.00103798	-0.00200769	-0.00042767
3600	0.00104594	-0.00202064	-0.000434912
3610	0.00105439	-0.0020343	-0.000443229
3620	0.00106332	-0.00204856	-0.000452479
3630	0.00107271	-0.00206326	-0.000462472
3640	0.00108253	-0.00207822	-0.000472983
3650	0.00109272	-0.00209325	-0.000483755
3660	0.00110325	-0.00210817	-0.000494516
3670	0.00111405	-0.0021228	-0.000504989
3680	0.00112509	-0.00213697	-0.00051491
3690	0.00113631	-0.00215055	-0.000524034
3700	0.00114768	-0.0021634	-0.000532143
3710	0.00115917	-0.00217544	-0.000539064
3720	0.00117075	-0.0021866	-0.000544673
3730	0.00118242	-0.00219683	-0.000548902
3740	0.00119416	-0.00220609	-0.000551733
3750	0.00120597	-0.00221439	-0.000553205
3760	0.00121786	-0.00222172	-0.000553407
3770	0.00122982	-0.00222812	-0.000552474
3780	0.00124186	-0.00223362	-0.000550572
3790	0.00125396	-0.00223825	-0.000547894
3800	0.00126613	-0.00224209	-0.00054465
3810	0.00127834	-0.00224518	-0.000541057
3820	0.00129056	-0.00224762	-0.000537327
3830	0.00130276	-0.00224948	-0.000533656
3840	0.00131489	-0.00225087	-0.000530224
3850	0.0013269	-0.00225188	-0.000527182
3860	0.00133874	-0.00225264	-0.000524635
3870	0.00135034	-0.00225327	-0.000522646
3880	0.00136165	-0.00225386	-0.000521239
3890	0.00137265	-0.00225449	-0.000520387
3900	0.00138328	-0.00225524	-0.000520026
3910	0.00139353	-0.00225615	-0.000520066
3920	0.00140339	-0.00225723	-0.000520406
3930	0.00141284	-0.0022584	-0.000520941
3940	0.0014219	-0.00225958	-0.000521567
3950	0.00143058	-0.00226064	-0.000522188
3960	0.0014389	-0.00226148	-0.000522718
3970	0.00144689	-0.00226198	-0.000523089
3980	0.00145459	-0.00226208	-0.000523249
3990	0.00146203	-0.0022617	-0.000523166
4000	0.00146925	-0.00226083	-0.000522827
4010	0.00147625	-0.00225947	-0.000522238
4020	0.00148305	-0.00225765	-0.000521427
4030	0.00148965	-0.00225543	-0.000520434
4040	0.00149604	-0.00225294	-0.000519308
4050	0.0015022	-0.0022503	-0.000518104
4060	0.00150808	-0.00224765	-0.00051688
4070	0.00151365	-0.00224514	-0.000515683
4080	0.00151886	-0.00224289	-0.000514554
4090	0.00152364	-0.002241	-0.000513521
4100	0.00152795	-0.0022395	-0.000512596
4110	0.00153173	-0.0022384	-0.000511778
4120	0.00153493	-0.00223766	-0.000511062
4130	0.0015375	-0.00223719	-0.000510437
4140	0.00153942	-0.00223688	-0.000509881
4150	0.00154068	-0.00223656	-0.000509368
4160	0.00154127	-0.00223603	-0.000508875
4170	0.00154121	-0.00223508	-0.000508381
4180	0.00154054	-0.00223349	-0.000507875
4190	0.00153933	-0.00223108	-0.000507354
4200	0.00153763	-0.00222767	-0.000506828
4210	0.00153552	-0.00222314	-0.000506323
4220	0.00153308	-0.0022174	-0.000505872
4230	0.0015304	-0.00221043	-0.000505521
4240	0.00152754	-0.00220227	-0.000505322
4250	0.00152456	-0.00219301	-0.000505331
4260	0.00152154	-0.0021828	-0.000505599
4270	0.00151849	-0.00217175	-0.00050616
4280	0.00151544	-0.00216001	-0.000507041
4290	0.00151237	-0.00214774	-0.000508272
4300	0.0015093	-0.00213515	-0.000509879
4310	0.00150624	-0.00212246	-0.000511878
4320	0.00150321	-0.00210993	-0.000514277
4330	0.00150022	-0.00209782	-0.000517069
4340	0.00149733	-0.00208641	-0.00052023
4350	0.00149455	-0.00207598	-0.000523724
4360	0.00149195	-0.00206677	-0.000527499
4370	0.00148957	-0.00205901	-0.000531491
4380	0.00148749	-0.00205288	-0.000535617
4390	0.00148579	-0.0020485	-0.000539789
4400	0.00148455	-0.00204597	-0.000543912
4410	0.00148385	-0.00204531	-0.000547894
4420	0.00148375	-0.00204651	-0.000551642
4430	0.00148431	-0.00204951	-0.000555072
4440	0.00148554	-0.00205419	-0.000558103
4450	0.00148747	-0.00206038	-0.000560662
4460	0.00149006	-0.00206789	-0.000562683
4470	0.00149328	-0.00207647	-0.000564111
4480	0.00149706	-0.0020859	-0.000564899
4490	0.00150131	-0.00209592	-0.000565015
4500	0.00150592	-0.0021063	-0.000564441
4510	0.00151076	-0.00211681	-0.000563177
4520	0.0015157	-0.00212725	-0.000561235
4530	0.00152059	-0.00213744	-0.00055864
4540	0.00152529	-0.00214722	-0.000555435
4550	0.00152968	-0.0021565	-0.000551674
4560	0.00153363	-0.00216516	-0.000547417
4570	0.00153705	-0.00217315	-0.000542727
4580	0.00153984	-0.00218046	-0.000537666
4590	0.00154194	-0.00218709	-0.000532297
4600	0.0015433	-0.00219304	-0.000526699
4610	0.00154393	-0.00219834	-0.00052096
4620	0.00154386	-0.00220302	-0.00051516
4630	0.00154317	-0.00220714	-0.000509381
4640	0.00154196	-0.00221074	-0.000503714
4650	0.00154035	-0.00221386	-0.000498255
4660	0.00153848	-0.00221655	-0.000493108
4670	0.00153649	-0.00221884	-0.000488378
4680	0.00153452	-0.00222076	-0.000484168
4690	0.00153271	-0.00222239	-0.000480583
4700	0.00153116	-0.00222381	-0.000477726
4710	0.00153	-0.00222509	-0.000475698
4720	0.00152929	-0.00222638	-0.000474591
4730	0.00152913	-0.00222779	-0.000474485
4740	0.00152955	-0.00222949	-0.000475452
4750	0.00153059	-0.00223163	-0.000477555
4760	0.00153226	-0.00223437	-0.000480843
4770	0.00153454	-0.00223786	-0.000485351
4780	0.00153742	-0.00224222	-0.000491092
4790	0.00154087	-0.00224754	-0.000498066
4800	0.00154486	-0.00225389	-0.000506246
4810	0.00154934	-0.00226131	-0.000515589
4820	0.00155432	-0.00226983	-0.000526028
4830	0.00155977	-0.00227942	-0.000537483
4840	0.00156573	-0.00228998	-0.00054986
4850	0.0015722	-0.00230139	-0.000563043
4860	0.00157925	-0.00231347	-0.000576898
4870	0.0015869	-0.00232606	-0.000591281
4880	0.00159523	-0.00233899	-0.000606041
4890	0.00160429	-0.00235211	-0.000621027
4900	0.00161416	-0.00236532	-0.000636092
4910	0.00162489	-0.00237856	-0.000651102
4920	0.00163655	-0.0023918	-0.000665943
4930	0.00164919	-0.00240507	-0.000680515
4940	0.00166285	-0.00241846	-0.00069474
4950	0.00167758	-0.0024321	-0.000708559
4960	0.00169338	-0.00244618	-0.000721933
4970	0.00171024	-0.00246092	-0.000734843
4980	0.00172817	-0.00247654	-0.000747286
4990	0.00174712	-0.00249326	-0.000759278
5000	0.00176707	-0.00251128	-0.00077084
5010	0.00178797	-0.00253076	-0.00078199
5020	0.00180978	-0.00255176	-0.000792732
5030	0.00183243	-0.00257427	-0.000803064
5040	0.00185588	-0.00259825	-0.000812982
5050	0.00188004	-0.0026236	-0.000822492
5060	0.00190485	-0.0026502	-0.0008316
5070	0.00193022	-0.00267789	-0.000840317
5080	0.00195606	-0.00270647	-0.000848661
5090	0.0019823	-0.00273576	-0.000856657
5100	0.00200884	-0.00276554	-0.000864344
5110	0.0020356	-0.00279558	-0.000871776
5120	0.00206249	-0.00282568	-0.000879019
5130	0.00208942	-0.00285564	-0.000886151
5140	0.0021163	-0.0028853	-0.000893259
5150	0.00214305	-0.00291451	-0.000900439
5160	0.00216959	-0.0029432	-0.000907777
5170	0.00219582	-0.00297133	-0.000915344
5180	0.00222168	-0.00299891	-0.000923196
5190	0.00224708	-0.00302604	-0.000931367
5200	0.00227193	-0.00305285	-0.00093986
5210	0.00229616	-0.00307954	-0.000948653
5220	0.00231969	-0.00310635	-0.000957686
5230	0.00234244	-0.00313351	-0.000966861
5240	0.00236434	-0.00316127	-0.00097605
5250	0.0023853	-0.00318984	-0.000985097
5260	0.00240524	-0.00321941	-0.000993819
5270	0.0024241	-0.00325006	-0.001002
5280	0.00244182	-0.00328178	-0.00100942
5290	0.00245833	-0.00331446	-0.00101585
5300	0.00247359	-0.00334788	-0.00102106
5310	0.00248758	-0.00338175	-0.00102484
5320	0.00250028	-0.00341566	-0.00102701
5330	0.00251171	-0.00344914	-0.00102742
5340	0.00252188	-0.00348167	-0.00102596
5350	0.00253085	-0.0035127	-0.00102257
5360	0.0025387	-0.00354169	-0.00101726
5370	0.00254549	-0.00356813	-0.00101009
5380	0.00255133	-0.00359159	-0.00100118
5390	0.00255632	-0.00361169	-0.000990712
5400	0.00256059	-0.00362818	-0.000978912
5410	0.00256427	-0.0036409	-0.000966055
5420	0.00256749	-0.00364984	-0.000952443
5430	0.00257037	-0.00365511	-0.000938402
5440	0.00257305	-0.00365697	-0.000924269
5450	0.00257562	-0.0036558	-0.000910375
5460	0.00257816	-0.00365208	-0.000897041
5470	0.00258075	-0.00364638	-0.000884554
5480	0.0025834	-0.00363932	-0.000873173
5490	0.00258612	-0.00363153	-0.000863114
5500	0.00258891	-0.00362362	-0.00085455
5510	0.00259171	-0.00361611	-0.000847604
5520	0.0025945	-0.00360934	-0.000842326
5530	0.00259722	-0.00360357	-0.000838712
5540	0.00259982	-0.00359902	-0.000836719
5550	0.00260223	-0.00359586	-0.000836279
5560	0.00260437	-0.0035942	-0.000837305
5570	0.00260618	-0.00359415	-0.0008397
5580	0.0026076	-0.00359575	-0.000843343
5590	0.00260858	-0.00359899	-0.0008481
5600	0.0026091	-0.0036038	-0.000853819
5610	0.00260916	-0.00361003	-0.000860338
5620	0.00260877	-0.00361749	-0.000867483
5630	0.00260798	-0.0036259	-0.000875076
5640	0.00260684	-0.00363489	-0.000882948
5650	0.00260544	-0.0036441	-0.000890935
5660	0.00260387	-0.00365314	-0.000898876
5670	0.00260225	-0.00366166	-0.000906625
5680	0.00260071	-0.00366933	-0.000914048
5690	0.00259936	-0.00367584	-0.000921022
5700	0.00259831	-0.00368102	-0.000927422
5710	0.00259766	-0.00368476	-0.000933128
5720	0.0025975	-0.00368703	-0.000938053
5730	0.00259789	-0.0036879	-0.000942147
5740	0.00259885	-0.00368749	-0.000945408
5750	0.00260042	-0.003686	-0.000947878
5760	0.00260259	-0.00368371	-0.000949644
5770	0.00260534	-0.00368094	-0.000950833
5780	0.00260862	-0.00367804	-0.0009516
5790	0.00261239	-0.00367538	-0.000952123
5800	0.00261659	-0.00367328	-0.000952591
5810	0.00262114	-0.00367199	-0.000953193
5820	0.00262596	-0.0036717	-0.000954102
5830	0.002631	-0.00367253	-0.000955464
5840	0.00263618	-0.00367446	-0.00095739
5850	0.00264143	-0.00367737	-0.000959948
5860	0.00264667	-0.00368105	-0.000963152
5870	0.00265184	-0.00368516	-0.000966955
5880	0.00265682	-0.00368933	-0.000971247
5890	0.00266153	-0.00369315	-0.000975873
5900	0.0026659	-0.00369616	-0.000980636
5910	0.00266986	-0.00369791	-0.000985314
5920	0.00267334	-0.003698	-0.000989674
5930	0.00267629	-0.00369605	-0.000993474
5940	0.00267868	-0.00369174	-0.000996485
5950	0.00268047	-0.00368482	-0.000998499
5960	0.00268166	-0.00367514	-0.000999339
5970	0.00268225	-0.00366264	-0.000998873
5980	0.00268225	-0.00364736	-0.000997017
5990	0.00268172	-0.00362946	-0.000993753
6000	0.00268071	-0.00360921	-0.000989122
6010	0.00267928	-0.00358694	-0.000983237
6020	0.00267751	-0.00356307	-0.000976264
6030	0.00267548	-0.00353809	-0.000968426
6040	0.00267327	-0.0035125	-0.000959977
6050	0.00267096	-0.00348682	-0.000951203
6060	0.00266861	-0.00346156	-0.000942408
6070	0.00266627	-0.00343718	-0.000933899
6080	0.00266399	-0.0034141	-0.000925963
6090	0.00266176	-0.00339263	-0.000918855
6100	0.00265957	-0.00337299	-0.000912787
6110	0.0026574	-0.00335528	-0.000907933
6120	0.0026552	-0.0033395	-0.000904423
6130	0.00265291	-0.00332559	-0.000902348
6140	0.00265048	-0.00331342	-0.000901745
6150	0.00264786	-0.00330284	-0.000902607
6160	0.00264499	-0.00329363	-0.000904894
6170	0.00264186	-0.00328558	-0.00090853
6180	0.00263848	-0.00327846	-0.000913412
6190	0.00263487	-0.00327207	-0.000919416
6200	0.00263111	-0.00326621	-0.000926403
6210	0.0026273	-0.00326074	-0.000934227
6220	0.00262357	-0.00325554	-0.00094274
6230	0.00262006	-0.00325052	-0.000951799
6240	0.00261694	-0.00324563	-0.000961258
6250	0.00261437	-0.00324086	-0.00097098
6260	0.0026125	-0.00323622	-0.000980836
6270	0.0026115	-0.00323174	-0.0009907
6280	0.00261147	-0.00322747	-0.00100045
6290	0.0026125	-0.00322342	-0.00100998
6300	0.00261462	-0.00321962	-0.00101917
6310	0.00261781	-0.00321606	-0.00102791
6320	0.00262202	-0.00321273	-0.00103611
6330	0.00262711	-0.00320958	-0.00104363
6340	0.00263293	-0.00320656	-0.0010504
6350	0.00263927	-0.00320365	-0.00105632
6360	0.00264586	-0.00320077	-0.00106129
6370	0.00265243	-0.00319787	-0.00106523
6380	0.00265868	-0.00319487	-0.00106806
6390	0.00266434	-0.00319174	-0.00106971
6400	0.00266914	-0.00318841	-0.00107013
6410	0.00267286	-0.00318487	-0.00106928
6420	0.00267533	-0.00318113	-0.00106716
6430	0.00267643	-0.00317719	-0.0010638
6440	0.00267613	-0.00317312	-0.00105925
6450	0.00267447	-0.003169	-0.00105362
6460	0.00267158	-0.00316493	-0.00104703
6470	0.00266763	-0.00316102	-0.00103964
6480	0.00266288	-0.00315741	-0.00103164
6490	0.0026576	-0.00315422	-0.00102324
6500	0.00265211	-0.00315155	-0.00101464
6510	0.00264673	-0.0031495	-0.00100606
6520	0.00264176	-0.00314814	-0.000997719
6530	0.00263748	-0.00314753	-0.000989793
6540	0.00263409	-0.0031477	-0.000982444
6550	0.00263176	-0.00314864	-0.000975787
6560	0.00263058	-0.00315035	-0.000969895
6570	0.00263057	-0.00315276	-0.000964795
6580	0.00263169	-0.00315581	-0.000960472
6590	0.00263383	-0.00315942	-0.000956875
6600	0.00263687	-0.00316351	-0.000953931
6610	0.00264064	-0.003168	-0.000951548
6620	0.00264494	-0.00317281	-0.00094962
6630	0.00264959	-0.00317782	-0.000948045
6640	0.00265441	-0.00318294	-0.000946739
6650	0.00265923	-0.00318807	-0.000945628
6660	0.00266392	-0.00319313	-0.000944648
6670	0.00266837	-0.00319808	-0.000943745
6680	0.00267251	-0.00320288	-0.000942883
6690	0.00267629	-0.00320756	-0.000942044
6700	0.0026797	-0.00321215	-0.000941231
6710	0.00268275	-0.0032167	-0.000940458
6720	0.00268549	-0.00322129	-0.000939755
6730	0.00268798	-0.003226	-0.00093917
6740	0.0026903	-0.00323092	-0.000938751
6750	0.00269256	-0.00323615	-0.000938552
6760	0.00269485	-0.00324178	-0.000938632
6770	0.00269728	-0.00324787	-0.000939052
6780	0.00269993	-0.00325447	-0.000939874
6790	0.00270288	-0.00326161	-0.00094116
6800	0.00270618	-0.00326929	-0.000942973
6810	0.00270986	-0.0032775	-0.000945371
6820	0.00271392	-0.00328619	-0.000948415
6830	0.00271835	-0.00329532	-0.000952163
6840	0.00272309	-0.00330479	-0.000956666
6850	0.00272809	-0.00331453	-0.000961968
6860	0.00273327	-0.00332451	-0.000968099
6870	0.00273858	-0.00333471	-0.000975082
6880	0.00274394	-0.00334517	-0.000982925
6890	0.00274929	-0.00335591	-0.000991613
6900	0.00275457	-0.00336693	-0.0010011
6910	0.00275973	-0.00337824	-0.00101133
6920	0.00276474	-0.00338979	-0.0010222
6930	0.00276958	-0.00340154	-0.00103359
6940	0.00277424	-0.00341337	-0.00104534
6950	0.00277872	-0.00342518	-0.00105728
6960	0.00278304	-0.00343683	-0.00106921
6970	0.00278723	-0.00344817	-0.00108091
6980	0.00279133	-0.00345901	-0.00109215
6990	0.00279537	-0.00346922	-0.00110271
7000	0.00279939	-0.00347863	-0.00111237
7010	0.00280343	-0.00348716	-0.00112093
7020	0.00280752	-0.00349473	-0.00112823
7030	0.00281166	-0.00350133	-0.00113411
7040	0.00281587	-0.00350702	-0.0011385
7050	0.00282014	-0.00351192	-0.00114132
7060	0.00282443	-0.0035162	-0.00114257
7070	0.00282871	-0.00352008	-0.00114226
7080	0.00283294	-0.00352382	-0.00114044
7090	0.00283708	-0.00352769	-0.0011372
7100	0.00284108	-0.00353197	-0.00113264
7110	0.00284488	-0.00353689	-0.00112687
7120	0.00284844	-0.00354265	-0.00112006
7130	0.00285171	-0.00354939	-0.00111235
7140	0.00285467	-0.00355715	-0.00110391
7150	0.00285731	-0.00356591	-0.00109489
7160	0.00285961	-0.00357558	-0.00108546
7170	0.0028616	-0.00358595	-0.00107578
7180	0.00286332	-0.00359674	-0.00106602
7190	0.00286481	-0.00360762	-0.00105635
7200	0.00286613	-0.00361817	-0.00104694
7210	0.00286734	-0.00362799	-0.00103797
7220	0.0028685	-0.00363668	-0.00102962
7230	0.00286967	-0.00364388	-0.00102206
7240	0.00287091	-0.00364929	-0.00101542
7250	0.00287225	-0.00365271	-0.00100988
7260	0.00287372	-0.00365406	-0.00100553
7270	0.00287533	-0.00365337	-0.00100249
7280	0.00287707	-0.00365081	-0.00100083
7290	0.00287891	-0.00364666	-0.00100059
7300	0.00288084	-0.0036413	-0.0010018
7310	0.00288281	-0.00363521	-0.00100444
7320	0.00288477	-0.00362891	-0.00100848
7330	0.0028867	-0.00362291	-0.00101387
7340	0.00288855	-0.00361767	-0.00102053
7350	0.00289028	-0.00361358	-0.00102835
7360	0.00289189	-0.00361087	-0.0010372
7370	0.00289333	-0.00360969	-0.00104689
7380	0.00289461	-0.00361006	-0.00105722
7390	0.00289575	-0.00361189	-0.00106795
7400	0.00289676	-0.00361499	-0.00107884
7410	0.0028977	-0.00361905	-0.00108963
7420	0.00289862	-0.00362376	-0.00110004
7430	0.00289958	-0.00362878	-0.00110984
7440	0.00290063	-0.00363376	-0.00111877
7450	0.00290185	-0.00363837	-0.00112662
7460	0.00290329	-0.00364234	-0.00113323
7470	0.00290498	-0.00364539	-0.00113848
7480	0.00290695	-0.00364736	-0.00114232
7490	0.00290922	-0.00364816	-0.00114475
7500	0.0029118	-0.0036478	-0.00114583
7510	0.00291469	-0.0036464	-0.00114569
7520	0.0029179	-0.00364415	-0.00114448
7530	0.00292142	-0.00364129	-0.00114239
7540	0.00292523	-0.00363806	-0.00113964
7550	0.0029293	-0.00363472	-0.00113649
7560	0.00293358	-0.00363153	-0.0011332
7570	0.00293804	-0.00362877	-0.00113005
7580	0.00294263	-0.00362668	-0.00112729
7590	0.00294732	-0.00362548	-0.00112517
7600	0.00295208	-0.00362533	-0.00112389
7610	0.00295688	-0.00362633	-0.00112362
7620	0.0029617	-0.00362855	-0.00112451
7630	0.00296653	-0.00363195	-0.00112661
7640	0.00297138	-0.00363647	-0.00112998
7650	0.00297623	-0.00364198	-0.00113459
7660	0.00298111	-0.00364827	-0.00114038
7670	0.00298601	-0.00365514	-0.00114726
7680	0.00299097	-0.00366232	-0.00115508
7690	0.00299601	-0.00366958	-0.00116367
7700	0.00300118	-0.00367664	-0.00117286
7710	0.00300651	-0.00368327	-0.00118244
7720	0.00301205	-0.00368923	-0.0011922
7730	0.00301782	-0.00369434	-0.00120195
7740	0.00302386	-0.00369842	-0.00121148
7750	0.0030302	-0.00370136	-0.00122061
7760	0.00303685	-0.00370309	-0.00122916
7770	0.0030438	-0.0037036	-0.00123698
7780	0.00305103	-0.00370292	-0.00124392
7790	0.00305852	-0.0037011	-0.00124987
7800	0.00306618	-0.00369824	-0.00125472
7810	0.00307396	-0.0036945	-0.00125841
7820	0.00308176	-0.00369001	-0.00126085
7830	0.00308947	-0.00368495	-0.00126202
7840	0.00309697	-0.0036795	-0.00126188
7850	0.00310415	-0.0036738	-0.00126042
7860	0.00311087	-0.00366805	-0.00125765
7870	0.003117	-0.00366241	-0.00125359
7880	0.00312245	-0.00365703	-0.00124828
7890	0.0031271	-0.00365206	-0.00124175
7900	0.00313087	-0.00364758	-0.0012341
7910	0.00313371	-0.00364367	-0.00122544
7920	0.00313558	-0.00364041	-0.00121589
7930	0.00313645	-0.00363784	-0.00120561
7940	0.00313636	-0.00363599	-0.0011948
7950	0.00313535	-0.0036349	-0.00118366
7960	0.00313351	-0.00363457	-0.00117243
7970	0.00313095	-0.00363498	-0.00116133
7980	0.00312781	-0.00363609	-0.00115062
7990	0.00312424	-0.00363782	-0.00114055
8000	0.00312041	-0.00364006	-0.00113135
8010	0.0031165	-0.00364267	-0.00112324
8020	0.00311267	-0.00364547	-0.00111643
8030	0.00310909	-0.00364824	-0.00111106
8040	0.00310588	-0.00365076	-0.00110725
8050	0.00310317	-0.00365277	-0.00110508
8060	0.00310104	-0.00365405	-0.00110457
8070	0.00309955	-0.00365439	-0.0011057
8080	0.00309871	-0.00365361	-0.00110841
8090	0.00309851	-0.00365156	-0.0011126
8100	0.00309891	-0.00364817	-0.00111814
8110	0.00309984	-0.00364344	-0.00112487
8120	0.0031012	-0.00363741	-0.00113262
8130	0.00310286	-0.00363021	-0.00114123
8140	0.0031047	-0.003622	-0.00115052
8150	0.00310656	-0.00361299	-0.00116032
8160	0.00310831	-0.00360344	-0.0011705
8170	0.0031098	-0.00359363	-0.00118091
8180	0.00311093	-0.00358385	-0.00119142
8190	0.00311159	-0.0035744	-0.00120192
8200	0.00311173	-0.00356556	-0.00121231
8210	0.0031113	-0.00355757	-0.00122249
8220	0.00311031	-0.00355064	-0.00123237
8230	0.00310876	-0.00354493	-0.00124188
8240	0.00310669	-0.00354054	-0.00125094
8250	0.00310415	-0.0035375	-0.00125949
8260	0.00310121	-0.00353578	-0.00126744
8270	0.00309796	-0.00353531	-0.00127473
8280	0.00309447	-0.00353594	-0.00128127
8290	0.00309084	-0.00353751	-0.00128701
8300	0.00308715	-0.00353984	-0.00129188
8310	0.00308349	-0.00354273	-0.00129582
8320	0.00307994	-0.003546	-0.00129878
8330	0.00307658	-0.00354945	-0.00130077
8340	0.00307347	-0.00355293	-0.00130178
8350	0.00307069	-0.00355629	-0.00130184
8360	0.00306829	-0.00355945	-0.00130102
8370	0.00306631	-0.00356234	-0.00129941
8380	0.00306478	-0.00356496	-0.00129712
8390	0.00306372	-0.00356731	-0.00129427
8400	0.00306315	-0.00356943	-0.00129099
8410	0.00306307	-0.00357138	-0.00128742
8420	0.00306346	-0.0035732	-0.00128369
8430	0.00306431	-0.00357492	-0.00127992
8440	0.00306557	-0.00357655	-0.0012762
8450	0.0030672	-0.00357805	-0.00127259
8460	0.00306915	-0.0035794	-0.00126915
8470	0.00307136	-0.00358053	-0.00126587
8480	0.00307377	-0.00358135	-0.00126277
8490	0.00307632	-0.00358177	-0.0012598
8500	0.00307895	-0.00358169	-0.00125689
8510	0.00308159	-0.00358101	-0.00125398
8520	0.00308418	-0.00357964	-0.00125101
8530	0.00308668	-0.00357752	-0.00124791
8540	0.00308904	-0.0035746	-0.00124464
8550	0.00309122	-0.00357088	-0.00124116
8560	0.00309318	-0.00356637	-0.00123747
8570	0.00309489	-0.00356113	-0.00123357
8580	0.00309631	-0.00355527	-0.00122952
8590	0.00309743	-0.00354891	-0.00122536
8600	0.00309823	-0.00354222	-0.00122118
8610	0.00309869	-0.00353537	-0.00121707
8620	0.00309883	-0.00352855	-0.00121316
8630	0.00309863	-0.00352189	-0.00120958
8640	0.00309812	-0.00351549	-0.00120647
8650	0.00309731	-0.00350948	-0.00120393
8660	0.00309624	-0.00350399	-0.0012021
8670	0.00309492	-0.00349912	-0.00120104
8680	0.00309341	-0.00349499	-0.00120085
8690	0.00309175	-0.0034917	-0.00120155
8700	0.00308999	-0.00348932	-0.00120318
8710	0.00308818	-0.00348794	-0.00120572
8720	0.00308639	-0.0034876	-0.00120916
8730	0.00308469	-0.00348832	-0.00121343
8740	0.00308313	-0.0034901	-0.00121848
8750	0.00308178	-0.0034929	-0.0012242
8760	0.00308072	-0.00349665	-0.0012305
8770	0.00308001	-0.00350124	-0.00123729
8780	0.00307972	-0.00350657	-0.00124447
8790	0.0030799	-0.00351248	-0.00125194
8800	0.0030806	-0.00351882	-0.00125961
8810	0.00308186	-0.00352538	-0.00126741
8820	0.0030837	-0.00353202	-0.00127523
8830	0.00308615	-0.00353857	-0.00128296
8840	0.0030892	-0.00354491	-0.0012905
8850	0.00309282	-0.00355087	-0.00129781
8860	0.00309699	-0.00355631	-0.00130485
8870	0.00310165	-0.00356116	-0.0013116
8880	0.00310675	-0.00356537	-0.00131808
8890	0.00311223	-0.00356896	-0.00132431
8900	0.00311804	-0.003572	-0.00133033
8910	0.00312412	-0.00357465	-0.00133621
8920	0.00313044	-0.00357705	-0.00134204
8930	0.00313696	-0.00357934	-0.00134792
8940	0.00314372	-0.00358161	-0.00135393
8950	0.00315071	-0.00358392	-0.00136015
8960	0.00315799	-0.00358635	-0.00136669
8970	0.00316558	-0.00358893	-0.00137363
8980	0.00317352	-0.00359174	-0.00138106
8990	0.00318184	-0.00359483	-0.00138905
9000	0.00319057	-0.00359827	-0.00139765
9010	0.00319974	-0.0036021	-0.00140693
9020	0.00320936	-0.0036064	-0.00141692
9030	0.00321944	-0.0036112	-0.00142764
9040	0.00323001	-0.00361656	-0.00143911
9050	0.00324106	-0.00362251	-0.00145129
9060	0.00325257	-0.0036291	-0.00146416
9070	0.00326451	-0.00363636	-0.00147764
9080	0.00327682	-0.00364435	-0.00149162
9090	0.00328943	-0.0036531	-0.00150599
9100	0.00330224	-0.00366262	-0.00152059
9110	0.00331517	-0.00367292	-0.00153525
9120	0.00332814	-0.00368399	-0.00154978
9130	0.00334107	-0.00369581	-0.00156396
9140	0.00335391	-0.00370834	-0.00157759
9150	0.0033666	-0.00372154	-0.00159043
9160	0.00337907	-0.00373534	-0.00160227
9170	0.00339128	-0.00374966	-0.00161289
9180	0.0034032	-0.00376438	-0.00162211
9190	0.00341478	-0.00377938	-0.00162975
9200	0.00342604	-0.0037945	-0.00163565
9210	0.00343696	-0.0038096	-0.0016397
9220	0.00344755	-0.00382457	-0.0016418
9230	0.00345783	-0.0038393	-0.0016419
9240	0.0034678	-0.00385374	-0.00163997
9250	0.00347751	-0.00386784	-0.00163604
9260	0.00348698	-0.0038816	-0.00163021
9270	0.00349622	-0.00389506	-0.00162261
9280	0.00350528	-0.00390831	-0.00161343
9290	0.00351415	-0.00392144	-0.00160289
9300	0.00352286	-0.00393462	-0.00159127
9310	0.00353141	-0.00394796	-0.00157885
9320	0.00353981	-0.00396158	-0.00156594
9330	0.00354808	-0.00397555	-0.00155285
9340	0.00355622	-0.00398986	-0.00153992
9350	0.00356425	-0.00400445	-0.00152742
9360	0.00357218	-0.00401919	-0.00151563
9370	0.00358	-0.00403386	-0.0015048
9380	0.00358771	-0.00404821	-0.0014951
9390	0.00359527	-0.00406193	-0.00148668
9400	0.00360263	-0.00407469	-0.00147967
9410	0.0036097	-0.00408615	-0.00147412
9420	0.00361637	-0.00409602	-0.00147008
9430	0.00362252	-0.00410406	-0.00146755
9440	0.00362798	-0.0041101	-0.0014665
9450	0.00363261	-0.00411412	-0.00146689
9460	0.00363622	-0.00411618	-0.00146864
9470	0.00363867	-0.00411648	-0.00147168
9480	0.00363982	-0.00411533	-0.0014759
9490	0.00363958	-0.00411307	-0.00148116
9500	0.0036379	-0.00411011	-0.00148725
9510	0.00363483	-0.00410693	-0.00149396
9520	0.00363048	-0.00410404	-0.00150106
9530	0.00362501	-0.00410192	-0.00150831
9540	0.00361865	-0.00410104	-0.00151547
9550	0.00361168	-0.00410177	-0.0015223
9560	0.00360443	-0.00410434	-0.00152857
9570	0.00359721	-0.00410879	-0.0015341
9580	0.00359037	-0.00411494	-0.00153871
9590	0.00358422	-0.00412244	-0.0015423
9600	0.00357901	-0.00413082	-0.00154481
9610	0.00357496	-0.0041395	-0.00154625
9620	0.00357221	-0.0041479	-0.00154665
9630	0.00357088	-0.00415543	-0.00154608
9640	0.00357101	-0.00416153	-0.00154463
9650	0.00357262	-0.00416577	-0.00154238
9660	0.00357564	-0.00416787	-0.0015394
9670	0.00357999	-0.00416768	-0.0015358
9680	0.0035855	-0.0041652	-0.00153166
9690	0.00359196	-0.00416059	-0.00152716
9700	0.00359907	-0.00415414	-0.00152248
9710	0.00360655	-0.00414629	-0.00151783
9720	0.00361406	-0.00413754	-0.00151347
9730	0.00362127	-0.00412835	-0.00150967
9740	0.00362789	-0.00411917	-0.00150667
9750	0.00363366	-0.00411045	-0.00150474
9760	0.00363834	-0.00410265	-0.00150412
9770	0.00364177	-0.00409615	-0.00150502
9780	0.00364386	-0.00409132	-0.00150761
9790	0.00364457	-0.00408843	-0.00151196
9800	0.00364389	-0.00408772	-0.0015181
9810	0.0036419	-0.00408931	-0.00152593
9820	0.0036387	-0.00409324	-0.0015353
9830	0.00363444	-0.00409945	-0.00154594
9840	0.00362934	-0.00410776	-0.0015575
9850	0.00362359	-0.0041179	-0.00156957
9860	0.00361742	-0.00412949	-0.00158168
9870	0.00361107	-0.0041421	-0.00159335
9880	0.00360477	-0.00415524	-0.00160411
9890	0.00359874	-0.00416839	-0.00161349
9900	0.00359319	-0.004181	-0.00162111
9910	0.00358833	-0.00419254	-0.00162664
9920	0.0035843	-0.00420245	-0.00162989
9930	0.00358122	-0.00421027	-0.00163075
9940	0.00357918	-0.00421562	-0.00162925
9950	0.00357821	-0.00421828	-0.00162559
9960	0.00357833	-0.00421818	-0.00162
9970	0.00357952	-0.0042154	-0.0016128
9980	0.00358171	-0.00421017	-0.00160437
9990	0.00358485	-0.00420283	-0.00159513
10000	0.00358885	-0.00419389	-0.00158555
10010	0.00359362	-0.00418397	-0.00157606
10020	0.00359905	-0.00417378	-0.00156705
10030	0.00360501	-0.00416405	-0.00155884
10040	0.00361135	-0.00415542	-0.00155169
10050	0.00361791	-0.00414837	-0.0015458
10060	0.00362459	-0.00414312	-0.0015413
10070	0.00363126	-0.0041397	-0.00153827
10080	0.00363783	-0.004138	-0.0015367
10090	0.00364418	-0.00413792	-0.00153651
10100	0.00365026	-0.00413933	-0.00153757
10110	0.00365601	-0.0041421	-0.0015397
10120	0.00366137	-0.00414605	-0.00154267
10130	0.00366632	-0.00415093	-0.00154623
10140	0.00367081	-0.00415645	-0.00155011
10150	0.00367481	-0.00416225	-0.00155406
10160	0.00367831	-0.00416791	-0.00155784
10170	0.0036813	-0.00417297	-0.00156123
10180	0.00368382	-0.00417698	-0.00156408
10190	0.00368587	-0.00417945	-0.00156627
10200	0.0036875	-0.00417994	-0.00156773
10210	0.00368876	-0.00417806	-0.00156845
10220	0.0036897	-0.00417346	-0.0015684
10230	0.00369042	-0.00416586	-0.00156763
10240	0.00369097	-0.00415509	-0.00156619
10250	0.00369143	-0.00414109	-0.00156417
10260	0.00369186	-0.00412396	-0.00156167
10270	0.00369229	-0.0041039	-0.00155885
10280	0.00369274	-0.00408125	-0.00155588
10290	0.00369318	-0.00405638	-0.00155294
10300	0.0036936	-0.00402974	-0.00155017
10310	0.00369392	-0.00400185	-0.00154769
10320	0.00369408	-0.00397329	-0.00154563
10330	0.00369395	-0.00394465	-0.00154407
10340	0.0036934	-0.00391659	-0.00154309
10350	0.00369231	-0.00388973	-0.00154274
10360	0.00369051	-0.00386466	-0.00154304
10370	0.00368788	-0.00384189	-0.00154401
10380	0.00368435	-0.00382184	-0.00154564
10390	0.00367984	-0.00380483	-0.00154793
10400	0.00367433	-0.00379109	-0.00155088
10410	0.00366785	-0.00378074	-0.00155449
10420	0.00366049	-0.0037738	-0.00155875
10430	0.00365241	-0.00377017	-0.00156366
10440	0.00364386	-0.00376964	-0.00156921
10450	0.00363515	-0.0037719	-0.00157538
10460	0.00362661	-0.00377659	-0.00158215
10470	0.00361864	-0.00378325	-0.00158946
10480	0.00361158	-0.00379139	-0.00159728
10490	0.00360578	-0.00380049	-0.00160553
10500	0.00360153	-0.00381004	-0.00161414
10510	0.00359907	-0.00381958	-0.00162302
10520	0.00359855	-0.00382873	-0.00163207
10530	0.00360004	-0.00383719	-0.00164117
10540	0.00360351	-0.00384474	-0.00165022
10550	0.00360884	-0.0038513	-0.0016591
10560	0.00361579	-0.00385685	-0.0016677
10570	0.00362408	-0.00386147	-0.00167592
10580	0.00363333	-0.0038653	-0.00168363
10590	0.00364316	-0.00386856	-0.00169075
10600	0.00365314	-0.00387144	-0.00169723
10610	0.00366288	-0.0038742	-0.00170302
10620	0.00367206	-0.00387713	-0.00170815
10630	0.00368043	-0.00388048	-0.00171265
10640	0.00368783	-0.00388442	-0.00171656
10650	0.00369417	-0.00388901	-0.00171991
10660	0.00369942	-0.00389428	-0.00172277
10670	0.0037036	-0.00390016	-0.00172516
10680	0.0037068	-0.00390651	-0.00172711
10690	0.00370913	-0.00391318	-0.00172865
10700	0.00371071	-0.00391997	-0.00172979
10710	0.00371167	-0.00392671	-0.00173051
10720	0.00371214	-0.00393324	-0.00173079
10730	0.00371223	-0.00393945	-0.00173062
10740	0.00371203	-0.00394525	-0.00172998
10750	0.00371166	-0.00395054	-0.00172884
10760	0.00371118	-0.0039553	-0.00172717
10770	0.00371064	-0.0039595	-0.00172494
10780	0.00371008	-0.00396316	-0.00172209
10790	0.00370947	-0.00396632	-0.00171855
10800	0.00370879	-0.00396901	-0.00171425
10810	0.00370796	-0.00397127	-0.00170912
10820	0.0037069	-0.00397311	-0.00170309
10830	0.00370552	-0.00397453	-0.00169613
10840	0.00370372	-0.00397549	-0.00168819
10850	0.00370141	-0.00397594	-0.00167928
10860	0.00369855	-0.00397581	-0.00166944
10870	0.00369509	-0.00397501	-0.00165875
10880	0.00369106	-0.00397345	-0.00164737
10890	0.00368649	-0.00397105	-0.00163548
10900	0.00368147	-0.00396777	-0.00162334
10910	0.00367611	-0.00396359	-0.00161121
10920	0.00367057	-0.00395853	-0.00159941
10930	0.00366504	-0.00395267	-0.00158827
10940	0.0036597	-0.00394614	-0.00157811
10950	0.00365478	-0.00393913	-0.00156926
10960	0.0036505	-0.00393187	-0.00156203
10970	0.00364705	-0.00392464	-0.00155669
10980	0.0036446	-0.00391771	-0.00155346
10990	0.0036433	-0.00391132	-0.00155253
11000	0.00364323	-0.00390567	-0.00155401
11010	0.00364442	-0.00390091	-0.00155794
11020	0.00364683	-0.00389713	-0.00156429
11030	0.00365035	-0.00389436	-0.00157291
11040	0.00365482	-0.00389259	-0.00158362
11050	0.00366001	-0.00389179	-0.00159617
11060	0.00366564	-0.00389188	-0.00161026
11070	0.00367141	-0.0038928	-0.00162554
11080	0.00367701	-0.00389445	-0.00164163
11090	0.00368212	-0.00389675	-0.00165812
11100	0.00368648	-0.00389962	-0.0016746
11110	0.00368986	-0.00390299	-0.00169067
11120	0.0036921	-0.00390681	-0.00170592
11130	0.0036931	-0.00391108	-0.00171999
11140	0.00369285	-0.0039158	-0.00173253
11150	0.00369143	-0.00392101	-0.00174327
11160	0.00368899	-0.00392675	-0.00175198
11170	0.00368575	-0.00393307	-0.00175853
11180	0.00368199	-0.00394001	-0.00176285
11190	0.00367801	-0.00394756	-0.00176493
11200	0.00367413	-0.00395568	-0.00176487
11210	0.00367062	-0.00396428	-0.00176277
11220	0.00366777	-0.00397324	-0.00175881
11230	0.0036658	-0.00398238	-0.00175321
11240	0.00366485	-0.00399148	-0.00174621
11250	0.00366503	-0.0040003	-0.00173809
11260	0.00366635	-0.00400855	-0.00172914
11270	0.00366876	-0.00401593	-0.00171965
11280	0.00367211	-0.00402216	-0.00170991
11290	0.00367625	-0.00402696	-0.00170023
11300	0.00368095	-0.0040301	-0.00169089
11310	0.00368598	-0.0040314	-0.00168218
11320	0.00369112	-0.00403074	-0.00167436
11330	0.00369616	-0.00402812	-0.00166766
11340	0.00370093	-0.00402368	-0.00166228
11350	0.00370527	-0.00401764	-0.00165839
11360	0.00370908	-0.00401033	-0.00165609
11370	0.00371231	-0.0040022	-0.00165548
11380	0.00371493	-0.00399374	-0.00165659
11390	0.00371697	-0.0039855	-0.00165941
11400	0.00371846	-0.00397799	-0.0016639
11410	0.00371948	-0.0039717	-0.00166997
11420	0.00372013	-0.00396707	-0.00167745
11430	0.00372052	-0.00396446	-0.00168618
11440	0.00372078	-0.00396414	-0.00169591
11450	0.00372105	-0.00396628	-0.00170642
11460	0.00372147	-0.0039709	-0.00171745
11470	0.00372216	-0.00397787	-0.00172874
11480	0.00372325	-0.0039869	-0.00174001
11490	0.00372484	-0.00399759	-0.00175098
11500	0.00372701	-0.00400941	-0.00176134
11510	0.00372982	-0.0040218	-0.00177081
11520	0.00373329	-0.00403413	-0.00177911
11530	0.00373742	-0.00404582	-0.00178604
11540	0.00374221	-0.0040563	-0.0017914
11550	0.00374758	-0.00406513	-0.00179508
11560	0.00375349	-0.00407197	-0.00179707
11570	0.00375984	-0.00407662	-0.00179738
11580	0.00376655	-0.00407906	-0.00179609
11590	0.00377352	-0.00407944	-0.00179332
11600	0.00378064	-0.00407805	-0.00178923
11610	0.0037878	-0.00407532	-0.00178403
11620	0.00379489	-0.00407176	-0.00177796
11630	0.00380176	-0.00406796	-0.00177126
11640	0.0038083	-0.00406449	-0.00176416
11650	0.00381439	-0.00406188	-0.00175688
11660	0.00381989	-0.00406056	-0.00174963
11670	0.00382469	-0.00406084	-0.00174259
11680	0.0038287	-0.00406293	-0.00173591
11690	0.00383182	-0.00406695	-0.00172975
11700	0.00383398	-0.00407291	-0.00172422
11710	0.00383511	-0.0040807	-0.00171943
11720	0.00383519	-0.00409011	-0.00171546
11730	0.00383422	-0.00410078	-0.00171239
11740	0.00383223	-0.00411228	-0.00171025
11750	0.00382929	-0.0041241	-0.00170906
11760	0.00382553	-0.0041357	-0.00170883
11770	0.0038211	-0.00414656	-0.00170952
11780	0.00381615	-0.00415621	-0.00171111
11790	0.00381091	-0.00416427	-0.00171355
11800	0.00380558	-0.00417043	-0.00171677
11810	0.00380038	-0.00417454	-0.0017207
11820	0.00379551	-0.00417654	-0.00172525
11830	0.00379113	-0.00417649	-0.00173034
11840	0.00378735	-0.00417455	-0.00173588
11850	0.00378425	-0.00417098	-0.00174179
11860	0.00378189	-0.00416611	-0.00174796
11870	0.00378029	-0.00416028	-0.0017543
11880	0.00377942	-0.00415386	-0.00176068
11890	0.00377925	-0.00414721	-0.00176699
11900	0.00377969	-0.00414065	-0.0017731
11910	0.00378065	-0.00413445	-0.00177891
11920	0.003782	-0.00412882	-0.00178427
11930	0.00378362	-0.00412392	-0.00178907
11940	0.00378537	-0.00411986	-0.00179319
11950	0.00378712	-0.00411667	-0.00179653
11960	0.00378873	-0.00411431	-0.00179902
11970	0.00379009	-0.00411268	-0.00180063
11980	0.00379109	-0.00411167	-0.00180131
11990	0.00379165	-0.00411111	-0.0018011
12000	0.00379172	-0.00411082	-0.00180003
12010	0.00379126	-0.00411059	-0.00179815
12020	0.00379028	-0.00411022	-0.00179556
12030	0.0037888	-0.00410954	-0.00179236
12040	0.00378686	-0.00410841	-0.00178865
12050	0.00378453	-0.00410671	-0.00178456
12060	0.00378188	-0.00410438	-0.00178019
12070	0.00377903	-0.00410141	-0.00177564
12080	0.00377607	-0.00409779	-0.00177098
12090	0.00377313	-0.00409359	-0.00176628
12100	0.00377029	-0.00408889	-0.00176157
12110	0.00376765	-0.0040838	-0.00175687
12120	0.00376529	-0.00407845	-0.00175217
12130	0.00376328	-0.00407294	-0.00174747
12140	0.00376171	-0.00406736	-0.00174275
12150	0.00376062	-0.00406179	-0.001738
12160	0.00376004	-0.00405626	-0.00173322
12170	0.00375998	-0.0040508	-0.00172842
12180	0.00376044	-0.0040454	-0.00172362
12190	0.00376139	-0.00404007	-0.00171887
12200	0.00376281	-0.00403477	-0.00171424
12210	0.00376467	-0.00402952	-0.00170983
12220	0.00376695	-0.00402428	-0.00170576
12230	0.00376963	-0.00401907	-0.00170216
12240	0.00377272	-0.0040139	-0.00169921
12250	0.00377619	-0.0040088	-0.00169708
12260	0.00378004	-0.00400384	-0.00169596
12270	0.0037842	-0.00399912	-0.00169601
12280	0.0037886	-0.00399475	-0.00169737
12290	0.00379315	-0.00399092	-0.00170015
12300	0.00379775	-0.00398778	-0.00170441
12310	0.00380229	-0.0039855	-0.00171015
12320	0.00380668	-0.00398423	-0.00171732
12330	0.00381081	-0.0039841	-0.00172581
12340	0.00381462	-0.00398522	-0.00173546
12350	0.00381804	-0.00398764	-0.00174605
12360	0.00382102	-0.00399138	-0.00175734
12370	0.00382355	-0.00399639	-0.00176901
12380	0.00382559	-0.00400258	-0.00178079
12390	0.00382708	-0.00400979	-0.00179238
12400	0.00382798	-0.00401785	-0.00180352
12410	0.0038283	-0.00402658	-0.00181399
12420	0.0038281	-0.00403578	-0.00182357
12430	0.00382746	-0.00404522	-0.00183204
12440	0.0038265	-0.00405466	-0.00183923
12450	0.00382532	-0.00406381	-0.00184495
12460	0.00382405	-0.00407243	-0.00184905
12470	0.00382279	-0.00408024	-0.00185144
12480	0.00382162	-0.00408704	-0.00185204
12490	0.0038206	-0.00409267	-0.00185081
12500	0.0038198	-0.00409702	-0.0018478
12510	0.00381927	-0.00410005	-0.0018431
12520	0.00381908	-0.00410176	-0.00183689
12530	0.00381928	-0.0041022	-0.00182942
12540	0.00381996	-0.00410146	-0.00182093
12550	0.00382119	-0.00409967	-0.00181171
12560	0.00382303	-0.004097	-0.00180201
12570	0.00382554	-0.00409359	-0.00179213
12580	0.00382872	-0.00408963	-0.00178233
12590	0.00383257	-0.00408528	-0.00177289
12600	0.00383703	-0.00408069	-0.00176407
12610	0.00384204	-0.00407597	-0.00175611
12620	0.00384752	-0.00407114	-0.00174925
12630	0.0038534	-0.00406615	-0.00174368
12640	0.0038596	-0.00406104	-0.00173954
12650	0.00386602	-0.00405586	-0.00173696
12660	0.00387253	-0.00405072	-0.00173599
12670	0.00387898	-0.00404573	-0.00173663
12680	0.00388523	-0.00404108	-0.00173883
12690	0.0038911	-0.00403694	-0.00174247
12700	0.00389642	-0.00403351	-0.00174738
12710	0.00390103	-0.00403098	-0.00175336
12720	0.00390477	-0.00402951	-0.00176016
12730	0.00390755	-0.00402923	-0.00176751
12740	0.0039093	-0.00403024	-0.00177515
12750	0.00390999	-0.00403255	-0.00178282
12760	0.00390964	-0.00403607	-0.00179026
12770	0.0039083	-0.00404063	-0.00179721
12780	0.00390609	-0.00404596	-0.00180342
12790	0.00390315	-0.0040517	-0.00180866
12800	0.00389967	-0.00405749	-0.00181277
12810	0.00389588	-0.00406291	-0.00181562
12820	0.00389198	-0.00406762	-0.00181714
12830	0.00388819	-0.00407131	-0.0018173
12840	0.00388469	-0.00407375	-0.00181614
12850	0.00388165	-0.00407482	-0.00181374
12860	0.00387921	-0.0040745	-0.00181023
12870	0.00387749	-0.0040729	-0.00180577
12880	0.00387656	-0.00407023	-0.00180057
12890	0.00387646	-0.00406678	-0.00179486
12900	0.00387717	-0.0040629	-0.00178888
12910	0.00387865	-0.00405898	-0.00178288
12920	0.00388082	-0.00405539	-0.00177713
12930	0.00388358	-0.00405249	-0.00177184
12940	0.00388679	-0.00405056	-0.00176723
12950	0.00389032	-0.00404985	-0.00176349
12960	0.003894	-0.0040505	-0.00176077
12970	0.00389769	-0.00405258	-0.00175921
12980	0.00390122	-0.00405606	-0.0017589
12990	0.00390446	-0.00406083	-0.00175989
13000	0.00390731	-0.00406675	-0.00176221
13010	0.00390972	-0.00407363	-0.00176582
13020	0.0039117	-0.00408131	-0.00177064
13030	0.00391327	-0.0040896	-0.00177656
13040	0.00391453	-0.00409834	-0.00178346
13050	0.00391559	-0.00410738	-0.00179118
13060	0.00391657	-0.00411659	-0.00179953
13070	0.00391761	-0.00412586	-0.00180833
13080	0.00391886	-0.00413511	-0.00181736
13090	0.00392043	-0.00414433	-0.00182644
13100	0.00392244	-0.00415354	-0.00183533
13110	0.00392498	-0.00416282	-0.00184385
13120	0.00392809	-0.00417225	-0.00185181
13130	0.00393178	-0.00418194	-0.00185906
13140	0.00393602	-0.00419197	-0.00186545
13150	0.00394076	-0.00420239	-0.00187087
13160	0.00394586	-0.0042132	-0.00187525
13170	0.00395114	-0.00422434	-0.00187849
13180	0.00395641	-0.00423568	-0.00188056
13190	0.00396141	-0.00424703	-0.00188139
13200	0.00396589	-0.00425816	-0.00188096
13210	0.00396961	-0.00426879	-0.00187927
13220	0.00397236	-0.00427861	-0.00187632
13230	0.00397396	-0.00428733	-0.00187215
13240	0.00397431	-0.00429469	-0.00186684
13250	0.00397339	-0.00430045	-0.00186048
13260	0.00397123	-0.00430446	-0.00185322
13270	0.00396798	-0.0043067	-0.00184526
13280	0.00396387	-0.00430724	-0.0018368
13290	0.00395918	-0.00430628	-0.00182811
13300	0.00395426	-0.00430413	-0.00181945
13310	0.00394942	-0.00430121	-0.00181106
13320	0.00394493	-0.00429804	-0.00180318
13330	0.00394104	-0.00429513	-0.001796
13340	0.00393795	-0.00429296	-0.00178969
13350	0.00393583	-0.00429191	-0.00178437
13360	0.00393477	-0.00429225	-0.00178013
13370	0.00393478	-0.00429407	-0.00177704
13380	0.00393583	-0.00429731	-0.00177512
13390	0.00393782	-0.00430173	-0.00177438
13400	0.00394061	-0.00430699	-0.00177476
13410	0.00394404	-0.0043126	-0.00177623
13420	0.00394793	-0.00431804	-0.0017787
13430	0.00395206	-0.00432277	-0.00178209
13440	0.00395626	-0.00432627	-0.00178629
13450	0.00396034	-0.0043281	-0.0017912
13460	0.00396415	-0.00432794	-0.00179673
13470	0.00396758	-0.00432563	-0.00180276
13480	0.00397054	-0.00432117	-0.00180922
13490	0.00397299	-0.00431473	-0.00181598
13500	0.00397489	-0.00430661	-0.00182296
13510	0.00397628	-0.00429725	-0.00183004
13520	0.00397719	-0.00428722	-0.00183711
13530	0.00397771	-0.00427711	-0.00184406
13540	0.00397793	-0.00426758	-0.0018508
13550	0.00397799	-0.00425919	-0.00185722
13560	0.00397799	-0.00425244	-0.00186323
13570	0.00397804	-0.00424767	-0.00186873
13580	0.00397822	-0.00424504	-0.00187359
13590	0.00397859	-0.00424458	-0.00187767
13600	0.00397918	-0.00424613	-0.00188083
13610	0.00397997	-0.00424941	-0.00188293
13620	0.00398094	-0.00425403	-0.00188385
13630	0.00398206	-0.00425947	-0.00188353
13640	0.00398327	-0.00426517	-0.00188194
13650	0.00398448	-0.00427054	-0.00187914
13660	0.00398562	-0.00427503	-0.00187521
13670	0.00398657	-0.00427817	-0.00187032
13680	0.00398722	-0.00427959	-0.00186467
13690	0.00398747	-0.00427907	-0.00185849
13700	0.00398726	-0.00427655	-0.00185205
13710	0.00398653	-0.00427214	-0.00184562
13720	0.00398527	-0.00426607	-0.0018395
13730	0.00398347	-0.0042587	-0.00183395
13740	0.00398119	-0.00425049	-0.00182924
13750	0.00397849	-0.00424191	-0.00182559
13760	0.00397546	-0.00423348	-0.0018231
13770	0.00397219	-0.0042256	-0.00182183
13780	0.00396879	-0.00421862	-0.00182174
13790	0.00396537	-0.0042127	-0.00182276
13800	0.00396199	-0.00420793	-0.00182476
13810	0.00395871	-0.0042043	-0.00182761
13820	0.00395559	-0.00420174	-0.00183114
13830	0.00395271	-0.00420011	-0.00183516
13840	0.00395016	-0.00419923	-0.00183947
13850	0.00394807	-0.00419887	-0.00184385
13860	0.00394654	-0.00419878	-0.00184811
13870	0.0039457	-0.0041987	-0.00185208
13880	0.00394565	-0.00419838	-0.0018556
13890	0.00394647	-0.00419759	-0.00185856
13900	0.00394824	-0.00419613	-0.00186092
13910	0.00395103	-0.0041939	-0.00186268
13920	0.00395486	-0.00419083	-0.00186391
13930	0.00395972	-0.00418694	-0.00186471
13940	0.0039656	-0.0041823	-0.00186522
13950	0.00397239	-0.00417707	-0.00186562
13960	0.00397999	-0.00417151	-0.00186607
13970	0.00398822	-0.00416593	-0.00186675
13980	0.00399689	-0.00416071	-0.00186778
13990	0.00400577	-0.00415626	-0.00186929
14000	0.00401468	-0.00415305	-0.00187135
14010	0.0040234	-0.00415161	-0.00187402
14020	0.00403176	-0.00415239	-0.00187727
14030	0.00403956	-0.00415576	-0.00188103
14040	0.00404665	-0.00416193	-0.0018852
14050	0.00405289	-0.00417098	-0.00188961
14060	0.00405823	-0.00418278	-0.00189413
14070	0.00406266	-0.00419699	-0.00189858
14080	0.00406625	-0.00421305	-0.00190277
14090	0.0040691	-0.00423024	-0.00190647
14100	0.00407131	-0.00424772	-0.00190949
14110	0.00407304	-0.00426458	-0.00191164
14120	0.00407445	-0.00427995	-0.00191274
14130	0.00407569	-0.00429303	-0.00191267
14140	0.00407688	-0.00430315	-0.00191133
14150	0.00407811	-0.00430983	-0.0019087
14160	0.00407945	-0.0043128	-0.0019048
14170	0.00408095	-0.00431206	-0.00189974
14180	0.00408266	-0.00430789	-0.0018937
14190	0.00408457	-0.00430081	-0.00188691
14200	0.00408671	-0.00429156	-0.00187965
14210	0.00408907	-0.00428104	-0.00187221
14220	0.00409163	-0.00427023	-0.00186495
14230	0.00409436	-0.0042601	-0.00185817
14240	0.00409722	-0.00425154	-0.00185221
14250	0.0041002	-0.00424532	-0.00184738
14260	0.00410327	-0.00424208	-0.00184392
14270	0.00410638	-0.00424225	-0.00184203
14280	0.00410949	-0.00424609	-0.00184182
14290	0.00411252	-0.00425369	-0.00184336
14300	0.00411541	-0.0042649	-0.00184663
14310	0.00411809	-0.00427934	-0.00185156
14320	0.00412049	-0.00429641	-0.00185801
14330	0.00412259	-0.00431533	-0.00186577
14340	0.00412436	-0.0043352	-0.00187456
14350	0.0041258	-0.00435506	-0.00188408
14360	0.00412692	-0.00437399	-0.00189398
14370	0.00412774	-0.00439114	-0.00190388
14380	0.00412829	-0.00440579	-0.00191343
14390	0.00412859	-0.00441742	-0.00192229
14400	0.00412868	-0.00442572	-0.00193016
14410	0.00412859	-0.00443061	-0.00193681
14420	0.00412835	-0.00443223	-0.00194204
14430	0.004128	-0.00443092	-0.00194573
14440	0.00412754	-0.00442719	-0.00194781
14450	0.00412699	-0.0044217	-0.00194828
14460	0.00412633	-0.00441516	-0.0019472
14470	0.00412555	-0.00440834	-0.0019447
14480	0.00412462	-0.00440196	-0.00194095
14490	0.00412347	-0.00439666	-0.00193614
14500	0.00412204	-0.00439295	-0.00193049
14510	0.00412028	-0.00439121	-0.00192421
14520	0.00411813	-0.00439159	-0.00191752
14530	0.00411556	-0.00439409	-0.00191062
14540	0.00411256	-0.00439852	-0.00190371
14550	0.00410919	-0.00440454	-0.00189696
14560	0.00410552	-0.0044117	-0.00189055
14570	0.00410167	-0.00441944	-0.00188463
14580	0.00409782	-0.0044272	-0.00187933
14590	0.00409413	-0.00443445	-0.00187474
14600	0.00409081	-0.00444068	-0.00187096
14610	0.00408803	-0.00444553	-0.00186804
14620	0.00408597	-0.00444872	-0.00186602
14630	0.00408476	-0.00445013	-0.00186495
14640	0.00408449	-0.00444975	-0.00186482
14650	0.00408519	-0.00444773	-0.00186563
14660	0.00408686	-0.00444429	-0.00186735
14670	0.00408942	-0.00443973	-0.00186995
14680	0.00409276	-0.00443442	-0.00187339
14690	0.00409669	-0.00442872	-0.0018776
14700	0.00410102	-0.00442299	-0.00188251
14710	0.00410552	-0.00441755	-0.00188803
14720	0.00410999	-0.00441269	-0.00189405
14730	0.00411418	-0.00440861	-0.00190047
14740	0.00411788	-0.00440551	-0.00190714
14750	0.0041209	-0.00440351	-0.00191393
14760	0.00412307	-0.00440268	-0.0019207
14770	0.00412427	-0.00440304	-0.00192728
14780	0.0041244	-0.00440451	-0.00193348
14790	0.00412342	-0.00440698	-0.00193914
14800	0.00412135	-0.0044103	-0.00194405
14810	0.00411826	-0.00441428	-0.00194804
14820	0.00411427	-0.0044187	-0.00195094
14830	0.00410954	-0.00442334	-0.00195262
14840	0.00410426	-0.00442798	-0.00195299
14850	0.00409864	-0.00443239	-0.00195197
14860	0.0040929	-0.00443636	-0.00194953
14870	0.00408726	-0.00443969	-0.00194572
14880	0.00408196	-0.00444219	-0.00194061
14890	0.00407718	-0.00444372	-0.00193436
14900	0.0040731	-0.00444415	-0.00192717
14910	0.00406983	-0.00444341	-0.00191928
14920	0.00406746	-0.00444149	-0.00191098
14930	0.00406603	-0.00443842	-0.00190261
14940	0.00406553	-0.00443434	-0.00189447
14950	0.00406593	-0.00442943	-0.00188689
14960	0.00406718	-0.00442395	-0.0018802
14970	0.00406918	-0.00441823	-0.00187467
14980	0.00407183	-0.00441265	-0.00187054
14990	0.00407502	-0.00440761	-0.00186801
15000	0.00407862	-0.00440355	-0.00186721
15010	0.00408251	-0.00440087	-0.00186819
15020	0.00408657	-0.00439991	-0.00187094
15030	0.00409067	-0.00440093	-0.00187536
15040	0.0040947	-0.00440409	-0.00188128
15050	0.00409855	-0.00440939	-0.00188846
15060	0.0041021	-0.00441669	-0.00189661
15070	0.00410528	-0.00442568	-0.00190539
15080	0.00410801	-0.00443592	-0.00191442
15090	0.00411023	-0.00444681	-0.00192332
15100	0.00411191	-0.00445766	-0.0019317
15110	0.00411305	-0.0044677	-0.00193919
15120	0.00411366	-0.00447615	-0.00194548
15130	0.00411377	-0.00448229	-0.00195028
15140	0.00411346	-0.00448549	-0.0019534
15150	0.00411277	-0.00448527	-0.00195471
15160	0.00411182	-0.00448132	-0.00195419
15170	0.0041107	-0.00447357	-0.00195186
15180	0.00410956	-0.0044622	-0.00194784
15190	0.00410851	-0.00444761	-0.0019423
15200	0.00410765	-0.00443044	-0.00193544
15210	0.00410708	-0.00441149	-0.0019275
15220	0.0041069	-0.00439168	-0.0019188
15230	0.0041072	-0.004372	-0.00190961
15240	0.00410802	-0.00435346	-0.00190024
15250	0.00410939	-0.00433696	-0.00189098
15260	0.0041113	-0.00432324	-0.00188212
15270	0.00411372	-0.00431275	-0.00187396
15280	0.0041166	-0.00430575	-0.00186675
15290	0.00411987	-0.00430232	-0.00186073
15300	0.00412345	-0.00430239	-0.00185609
15310	0.00412723	-0.00430573	-0.00185296
15320	0.00413113	-0.00431193	-0.00185144
15330	0.00413506	-0.00432047	-0.00185156
15340	0.00413895	-0.00433067	-0.00185329
15350	0.00414273	-0.00434182	-0.00185656
15360	0.00414636	-0.00435314	-0.00186123
15370	0.0041498	-0.00436392	-0.00186716
15380	0.00415306	-0.00437357	-0.00187415
15390	0.00415612	-0.0043816	-0.00188202
15400	0.00415901	-0.00438769	-0.00189056
15410	0.00416174	-0.00439169	-0.00189956
15420	0.00416435	-0.00439363	-0.00190881
15430	0.00416689	-0.00439366	-0.00191815
15440	0.00416941	-0.00439206	-0.00192741
15450	0.00417194	-0.00438923	-0.00193649
15460	0.0041745	-0.00438565	-0.0019453
15470	0.00417709	-0.00438179	-0.00195373
15480	0.00417976	-0.00437806	-0.0019617
15490	0.00418251	-0.00437485	-0.00196912
15500	0.00418534	-0.00437248	-0.00197588
15510	0.00418823	-0.00437123	-0.00198193
15520	0.00419114	-0.00437129	-0.00198717
15530	0.00419406	-0.00437279	-0.00199154
15540	0.00419695	-0.00437577	-0.00199498
15550	0.00419974	-0.00438019	-0.00199745
15560	0.00420239	-0.00438596	-0.00199892
15570	0.00420481	-0.00439287	-0.00199939
15580	0.00420696	-0.00440068	-0.00199887
15590	0.00420878	-0.00440903	-0.00199741
15600	0.00421024	-0.00441758	-0.00199508
15610	0.00421132	-0.00442596	-0.00199195
15620	0.00421203	-0.0044338	-0.00198811
15630	0.00421238	-0.00444083	-0.00198366
15640	0.00421243	-0.00444679	-0.00197872
15650	0.00421221	-0.00445154	-0.00197339
15660	0.00421178	-0.00445504	-0.00196779
15670	0.00421121	-0.00445731	-0.00196206
15680	0.00421055	-0.00445848	-0.00195631
15690	0.00420986	-0.00445876	-0.00195068
15700	0.00420915	-0.00445836	-0.00194528
15710	0.00420845	-0.00445757	-0.00194021
15720	0.00420776	-0.00445665	-0.00193557
15730	0.00420707	-0.00445582	-0.00193144
15740	0.00420635	-0.00445527	-0.00192791
15750	0.00420558	-0.00445513	-0.00192501
15760	0.00420469	-0.00445544	-0.00192278
15770	0.00420364	-0.00445618	-0.00192123
15780	0.00420237	-0.00445724	-0.00192035
15790	0.00420082	-0.00445846	-0.0019201
15800	0.00419894	-0.00445964	-0.00192044
15810	0.00419669	-0.00446056	-0.0019213
15820	0.00419403	-0.00446101	-0.0019226
15830	0.00419096	-0.00446083	-0.00192425
15840	0.00418749	-0.00445993	-0.00192616
15850	0.00418367	-0.00445828	-0.00192824
15860	0.00417954	-0.00445593	-0.00193038
15870	0.00417523	-0.00445305	-0.00193249
15880	0.00417082	-0.00444984	-0.0019345
15890	0.00416647	-0.00444658	-0.00193632
15900	0.0041623	-0.00444358	-0.00193791
15910	0.00415845	-0.00444115	-0.00193924
15920	0.00415504	-0.00443956	-0.00194031
15930	0.00415219	-0.00443905	-0.00194111
15940	0.00414998	-0.00443975	-0.00194171
15950	0.00414847	-0.00444174	-0.00194214
15960	0.00414768	-0.00444498	-0.00194251
15970	0.00414761	-0.00444931	-0.0019429
15980	0.00414824	-0.00445453	-0.00194343
15990	0.00414948	-0.00446035	-0.00194422
16000	0.00415126	-0.00446645	-0.00194538
16010	0.00415346	-0.00447248	-0.001947
16020	0.00415594	-0.00447816	-0.00194918
16030	0.00415859	-0.00448322	-0.00195197
16040	0.00416127	-0.00448752	-0.00195539
16050	0.00416387	-0.00449097	-0.00195944
16060	0.00416629	-0.00449362	-0.00196407
16070	0.00416844	-0.00449559	-0.00196918
16080	0.00417027	-0.00449707	-0.00197464
16090	0.00417174	-0.0044983	-0.00198026
16100	0.00417284	-0.00449953	-0.00198585
16110	0.00417362	-0.00450102	-0.00199116
16120	0.00417413	-0.00450295	-0.00199596
16130	0.00417444	-0.00450543	-0.00199999
16140	0.00417465	-0.00450851	-0.00200301
16150	0.00417484	-0.00451211	-0.00200482
16160	0.00417509	-0.00451608	-0.0020052
16170	0.00417548	-0.00452014	-0.00200402
16180	0.00417604	-0.004524	-0.00200119
16190	0.00417682	-0.00452729	-0.00199671
16200	0.00417783	-0.00452965	-0.00199065
16210	0.00417911	-0.00453075	-0.00198314
16220	0.00418066	-0.0045303	-0.00197442
16230	0.00418247	-0.00452814	-0.00196477
16240	0.00418454	-0.00452422	-0.00195454
16250	0.00418687	-0.00451867	-0.00194412
16260	0.00418942	-0.00451182	-0.0019339
16270	0.00419217	-0.00450419	-0.00192425
16280	0.00419507	-0.0044964	-0.00191554
16290	0.00419805	-0.00448915	-0.00190811
16300	0.00420109	-0.00448316	-0.00190223
16310	0.00420416	-0.00447911	-0.00189811
16320	0.00420724	-0.00447754	-0.00189589
16330	0.00421031	-0.0044789	-0.00189564
16340	0.00421338	-0.00448343	-0.00189734
16350	0.00421644	-0.00449118	-0.00190089
16360	0.00421949	-0.00450203	-0.00190611
16370	0.00422254	-0.00451561	-0.00191274
16380	0.00422556	-0.0045314	-0.00192046
16390	0.00422855	-0.00454874	-0.00192889
16400	0.00423147	-0.00456685	-0.00193764
16410	0.00423431	-0.00458493	-0.0019463
16420	0.00423702	-0.00460216	-0.00195446
16430	0.00423958	-0.00461781	-0.00196177
16440	0.00424195	-0.00463124	-0.0019679
16450	0.0042441	-0.00464194	-0.0019726
16460	0.00424602	-0.0046496	-0.00197571
16470	0.00424771	-0.00465411	-0.00197719
16480	0.00424915	-0.00465553	-0.00197703
16490	0.00425036	-0.00465409	-0.0019753
16500	0.00425133	-0.00465014	-0.00197212
16510	0.0042521	-0.00464419	-0.00196767
16520	0.00425268	-0.00463679	-0.00196215
16530	0.00425311	-0.00462857	-0.0019558
16540	0.00425343	-0.00462012	-0.00194886
16550	0.00425366	-0.00461196	-0.00194157
16560	0.00425385	-0.00460448	-0.00193417
16570	0.00425404	-0.00459799	-0.00192691
16580	0.0042543	-0.00459263	-0.00192
16590	0.00425468	-0.00458842	-0.00191369
16600	0.00425525	-0.00458528	-0.00190817
16610	0.00425607	-0.004583	-0.0019036
16620	0.00425718	-0.00458136	-0.00190012
16630	0.00425864	-0.00458008	-0.00189781
16640	0.00426046	-0.00457894	-0.00189674
16650	0.00426267	-0.00457773	-0.0018969
16660	0.00426525	-0.00457632	-0.00189829
16670	0.0042682	-0.00457461	-0.00190084
16680	0.00427148	-0.00457259	-0.00190449
16690	0.00427505	-0.00457029	-0.00190913
16700	0.00427884	-0.00456781	-0.00191466
16710	0.00428275	-0.00456531	-0.00192097
16720	0.00428669	-0.00456298	-0.00192793
16730	0.00429054	-0.00456105	-0.0019354
16740	0.00429421	-0.00455973	-0.00194324
16750	0.00429759	-0.00455926	-0.00195127
16760	0.00430059	-0.00455984	-0.00195934
16770	0.00430314	-0.00456165	-0.00196727
16780	0.00430518	-0.00456479	-0.00197491
16790	0.00430668	-0.00456931	-0.00198216
16800	0.0043076	-0.0045751	-0.00198888
16810	0.00430794	-0.00458194	-0.00199495
16820	0.00430768	-0.00458948	-0.00200026
16830	0.00430685	-0.00459726	-0.00200468
16840	0.00430549	-0.00460478	-0.0020081
16850	0.00430366	-0.0046115	-0.00201042
16860	0.00430144	-0.00461691	-0.00201155
16870	0.00429889	-0.00462058	-0.00201142
16880	0.00429611	-0.00462217	-0.00201002
16890	0.00429321	-0.00462146	-0.00200735
16900	0.00429027	-0.00461837	-0.00200344
16910	0.00428743	-0.00461296	-0.00199841
16920	0.0042848	-0.00460544	-0.00199237
16930	0.00428248	-0.00459615	-0.00198551
16940	0.00428059	-0.00458557	-0.00197805
16950	0.00427919	-0.00457423	-0.00197019
16960	0.00427833	-0.00456273	-0.00196217
16970	0.004278	-0.00455161	-0.00195421
16980	0.00427821	-0.00454128	-0.00194652
16990	0.00427898	-0.00453206	-0.00193933
17000	0.00428032	-0.0045242	-0.00193285
17010	0.00428221	-0.00451791	-0.00192732
17020	0.00428465	-0.00451334	-0.00192291
17030	0.00428758	-0.00451059	-0.0019198
17040	0.00429094	-0.00450969	-0.00191814
17050	0.00429465	-0.00451063	-0.00191804
17060	0.0042986	-0.00451333	-0.00191957
17070	0.00430268	-0.0045177	-0.00192275
17080	0.00430678	-0.00452359	-0.00192752
17090	0.00431077	-0.00453083	-0.00193381
17100	0.00431453	-0.00453922	-0.00194146
17110	0.00431793	-0.00454849	-0.00195027
17120	0.00432086	-0.0045584	-0.00196
17130	0.00432325	-0.00456868	-0.00197038
17140	0.00432504	-0.0045791	-0.00198112
17150	0.00432617	-0.00458942	-0.00199189
17160	0.00432663	-0.00459938	-0.00200238
17170	0.00432639	-0.00460875	-0.00201224
17180	0.00432548	-0.00461726	-0.00202114
17190	0.00432393	-0.00462471	-0.0020288
17200	0.00432181	-0.00463087	-0.00203491
17210	0.00431921	-0.0046356	-0.00203926
17220	0.00431623	-0.00463877	-0.00204165
17230	0.00431299	-0.00464034	-0.00204196
17240	0.00430963	-0.00464032	-0.00204016
17250	0.00430628	-0.00463881	-0.00203627
17260	0.00430308	-0.00463597	-0.00203041
17270	0.00430014	-0.00463203	-0.00202275
17280	0.00429758	-0.00462728	-0.00201357
17290	0.00429549	-0.00462207	-0.00200317
17300	0.00429393	-0.00461677	-0.00199186
17310	0.00429293	-0.00461176	-0.00198
17320	0.00429252	-0.00460743	-0.00196796
17330	0.00429272	-0.00460421	-0.00195609
17340	0.00429349	-0.00460246	-0.00194473
17350	0.00429481	-0.00460247	-0.0019342
17360	0.00429666	-0.00460441	-0.0019248
17370	0.00429899	-0.00460834	-0.00191677
17380	0.0043018	-0.00461422	-0.00191034
17390	0.00430507	-0.00462186	-0.00190564
17400	0.00430877	-0.00463102	-0.00190278
17410	0.00431289	-0.00464135	-0.00190176
17420	0.0043174	-0.00465249	-0.00190254
17430	0.0043223	-0.00466404	-0.00190501
17440	0.00432757	-0.00467563	-0.00190898
17450	0.00433319	-0.0046869	-0.00191425
17460	0.00433913	-0.00469756	-0.00192058
17470	0.00434537	-0.0047074	-0.00192772
17480	0.00435187	-0.00471625	-0.00193539
17490	0.0043586	-0.00472406	-0.00194335
17500	0.00436554	-0.00473084	-0.00195135
17510	0.00437266	-0.00473669	-0.00195917
17520	0.00437991	-0.00474178	-0.00196664
17530	0.00438728	-0.00474634	-0.00197361
17540	0.00439473	-0.00475065	-0.00197999
17550	0.00440223	-0.00475499	-0.00198571
17560	0.00440974	-0.00475966	-0.00199074
17570	0.00441722	-0.00476489	-0.0019951
17580	0.00442463	-0.00477089	-0.00199882
17590	0.00443193	-0.00477778	-0.00200192
17600	0.00443908	-0.0047856	-0.00200445
17610	0.00444605	-0.00479428	-0.00200643
17620	0.0044528	-0.00480371	-0.00200789
17630	0.0044593	-0.00481367	-0.00200884
17640	0.00446549	-0.00482391	-0.00200928
17650	0.00447134	-0.00483412	-0.00200922
17660	0.0044768	-0.00484397	-0.00200863
17670	0.00448182	-0.00485314	-0.00200749
17680	0.00448636	-0.00486135	-0.0020058
17690	0.00449036	-0.00486839	-0.00200354
17700	0.00449379	-0.00487412	-0.00200071
17710	0.00449662	-0.00487851	-0.00199733
17720	0.00449881	-0.00488161	-0.00199343
17730	0.00450037	-0.00488355	-0.00198908
17740	0.00450132	-0.00488456	-0.00198437
17750	0.00450168	-0.00488488	-0.00197942
17760	0.0045015	-0.00488479	-0.00197437
17770	0.00450085	-0.00488454	-0.00196937
17780	0.00449984	-0.00488437	-0.00196462
17790	0.00449857	-0.00488445	-0.00196028
17800	0.00449718	-0.00488488	-0.00195654
17810	0.00449578	-0.00488568	-0.00195357
17820	0.00449449	-0.00488678	-0.0019515
17830	0.00449341	-0.00488805	-0.00195044
17840	0.00449263	-0.00488927	-0.00195042
17850	0.00449219	-0.0048902	-0.00195144
17860	0.00449213	-0.00489057	-0.00195343
17870	0.00449244	-0.00489016	-0.00195629
17880	0.00449311	-0.00488875	-0.00195986
17890	0.00449409	-0.00488624	-0.00196397
17900	0.00449533	-0.00488255	-0.00196842
17910	0.00449676	-0.00487773	-0.00197301
17920	0.0044983	-0.00487189	-0.00197755
17930	0.00449987	-0.00486522	-0.00198187
17940	0.00450138	-0.00485797	-0.00198584
17950	0.00450277	-0.00485041	-0.00198933
17960	0.00450397	-0.00484287	-0.00199229
17970	0.00450494	-0.00483562	-0.00199467
17980	0.00450564	-0.00482896	-0.00199647
17990	0.00450604	-0.00482313	-0.00199773
18000	0.00450615	-0.00481832	-0.00199849
