0	0	0	0
10	1.17255e-09	-3.5773e-06	-9.6275e-10
20	1.73645e-08	-1.49746e-05	-2.00643e-08
30	7.99758e-08	-3.3792e-05	-1.10483e-07
40	2.33989e-07	-5.93814e-05	-3.6261e-07
50	5.36438e-07	-9.08857e-05	-9.0161e-07
60	1.05468e-06	-0.000127289	-1.88409e-06
70	1.86466e-06	-0.000167477	-3.49388e-06
80	3.04958e-06	-0.000210299	-5.93737e-06
90	4.69704e-06	-0.00025463	-9.43781e-06
100	6.89662e-06	-0.000299433	-1.42288e-05
110	9.73863e-06	-0.000343806	-2.05486e-05
120	1.33107e-05	-0.000387021	-2.86336e-05
130	1.76958e-05	-0.000428553	-3.87117e-05
140	2.29705e-05	-0.000468087	-5.09979e-05
150	2.92031e-05	-0.000505515	-6.5689e-05
160	3.6451e-05	-0.000540921	-8.29612e-05
170	4.47762e-05	-0.000574544	-0.000102963
180	5.43926e-05	-0.000606746	-0.000125769
190	6.56258e-05	-0.000637972	-0.000151422
200	7.88041e-05	-0.000668694	-0.00017995
210	9.42436e-05	-0.000699391	-0.000211374
220	0.00011223	-0.00073049	-0.000245714
230	0.000133002	-0.000762351	-0.000283001
240	0.00015675	-0.000795224	-0.000323279
250	0.000183598	-0.000829247	-0.000366609
260	0.000213605	-0.000864445	-0.000413068
270	0.000246764	-0.000900766	-0.00046275
280	0.000283023	-0.00093808	-0.000515756
290	0.000322283	-0.000976219	-0.000572202
300	0.000364409	-0.00101501	-0.000632201
310	0.000409248	-0.00105431	-0.000695866
320	0.000456629	-0.00109403	-0.000763302
330	0.000506377	-0.00113418	-0.000834615
340	0.000558319	-0.00117483	-0.000909896
350	0.000612282	-0.00121621	-0.000989232
360	0.000668115	-0.00125861	-0.00107269
370	0.000725693	-0.00130238	-0.00116033
380	0.000784926	-0.00134787	-0.00125215
390	0.000845765	-0.00139533	-0.00134816
400	0.000908174	-0.00144503	-0.0014483
410	0.000972126	-0.00149722	-0.00155253
420	0.0010376	-0.00155205	-0.0016608
430	0.00110457	-0.00160968	-0.00177301
440	0.00117304	-0.00167022	-0.00188906
450	0.001243	-0.00173377	-0.00200883
460	0.00131448	-0.00180036	-0.00213218
470	0.00138747	-0.00187001	-0.00225896
480	0.00146203	-0.00194266	-0.00238902
490	0.00153815	-0.00201824	-0.00252218
500	0.00161588	-0.00209657	-0.00265828
510	0.00169523	-0.00217748	-0.00279716
520	0.00177625	-0.0022607	-0.00293867
530	0.00185893	-0.002346	-0.00308266
540	0.00194331	-0.00243307	-0.00322902
550	0.00202941	-0.00252166	-0.00337763
560	0.00211725	-0.00261156	-0.00352841
570	0.00220685	-0.00270257	-0.00368131
580	0.00229823	-0.00279445	-0.00383627
590	0.0023914	-0.002887	-0.00399329
600	0.00248638	-0.00298008	-0.00415234
610	0.00258316	-0.00307355	-0.00431345
620	0.00268174	-0.00316734	-0.00447664
630	0.00278215	-0.00326139	-0.00464193
640	0.00288438	-0.00335558	-0.00480937
650	0.0029884	-0.00344979	-0.00497898
660	0.00309418	-0.00354388	-0.00515081
670	0.00320171	-0.00363775	-0.00532488
680	0.00331088	-0.00373122	-0.00550112
690	0.0034216	-0.00382416	-0.00567938
700	0.00353371	-0.00391646	-0.00585949
710	0.00364706	-0.00400798	-0.00604125
720	0.00376148	-0.00409863	-0.00622442
730	0.0038768	-0.00418834	-0.00640878
740	0.00399284	-0.00427699	-0.00659411
750	0.00410941	-0.00436453	-0.00678016
760	0.00422629	-0.00445094	-0.00696671
770	0.00434331	-0.00453625	-0.00715353
780	0.00446024	-0.00462051	-0.0073404
790	0.00457691	-0.00470381	-0.00752713
800	0.00469311	-0.00478631	-0.00771354
810	0.00480871	-0.0048682	-0.00789951
820	0.00492358	-0.00494964	-0.00808491
830	0.00503763	-0.00503084	-0.00826967
840	0.00515081	-0.00511202	-0.00845373
850	0.00526317	-0.00519332	-0.00863709
860	0.00537479	-0.00527488	-0.00881977
870	0.00548574	-0.00535692	-0.00900181
880	0.00559612	-0.00543966	-0.00918329
890	0.005706	-0.00552333	-0.0093643
900	0.0058155	-0.00560816	-0.00954495
910	0.00592474	-0.00569438	-0.00972536
920	0.00603382	-0.00578208	-0.00990569
930	0.00614287	-0.00587126	-0.0100861
940	0.00625203	-0.00596185	-0.0102669
950	0.00636141	-0.00605385	-0.0104481
960	0.00647115	-0.00614721	-0.0106299
970	0.00658138	-0.00624184	-0.0108126
980	0.00669223	-0.00633764	-0.0109962
990	0.00680384	-0.00643452	-0.0111809
1000	0.00691634	-0.0065324	-0.0113668
1010	0.00702986	-0.00663118	-0.0115541
1020	0.00714449	-0.00673081	-0.0117429
1030	0.00726038	-0.00683121	-0.0119331
1040	0.00737763	-0.00693232	-0.012125
1050	0.00749637	-0.00703406	-0.0123184
1060	0.00761668	-0.00713634	-0.0125135
1070	0.00773866	-0.00723915	-0.0127102
1080	0.0078624	-0.00734244	-0.0129086
1090	0.00798797	-0.00744614	-0.0131086
1100	0.0081154	-0.0075502	-0.0133103
1110	0.00824475	-0.00765457	-0.0135136
1120	0.00837605	-0.00775924	-0.0137184
1130	0.00850932	-0.00786418	-0.0139247
1140	0.00864454	-0.00796935	-0.0141325
1150	0.00878172	-0.00807473	-0.0143417
1160	0.00892082	-0.00818027	-0.0145522
1170	0.00906179	-0.00828595	-0.0147639
1180	0.00920458	-0.00839174	-0.0149768
1190	0.0093491	-0.00849765	-0.0151909
1200	0.00949528	-0.00860361	-0.0154059
1210	0.00964302	-0.00870963	-0.0156219
1220	0.00979227	-0.00881575	-0.0158388
1230	0.00994295	-0.00892197	-0.0160565
1240	0.010095	-0.00902832	-0.0162749
1250	0.0102483	-0.00913486	-0.0164939
1260	0.0104027	-0.00924161	-0.0167135
1270	0.0105583	-0.00934865	-0.0169335
1280	0.0107149	-0.00945605	-0.0171541
1290	0.0108725	-0.00956384	-0.017375
1300	0.0110309	-0.00967213	-0.0175963
1310	0.0111901	-0.00978095	-0.0178179
1320	0.0113501	-0.00989035	-0.0180397
1330	0.0115107	-0.0100004	-0.0182617
1340	0.011672	-0.0101112	-0.018484
1350	0.0118339	-0.0102226	-0.0187064
1360	0.0119963	-0.0103348	-0.018929
1370	0.0121592	-0.0104477	-0.0191518
1380	0.0123226	-0.0105613	-0.0193747
1390	0.0124865	-0.0106756	-0.0195977
1400	0.0126508	-0.0107905	-0.0198208
1410	0.0128155	-0.010906	-0.020044
1420	0.0129806	-0.0110219	-0.0202674
1430	0.013146	-0.0111383	-0.020491
1440	0.0133118	-0.0112552	-0.0207147
1450	0.013478	-0.0113724	-0.0209386
1460	0.0136445	-0.0114899	-0.0211627
1470	0.0138113	-0.0116076	-0.021387
1480	0.0139784	-0.0117256	-0.0216116
1490	0.0141459	-0.0118439	-0.0218364
1500	0.0143136	-0.0119624	-0.0220616
1510	0.0144817	-0.0120811	-0.022287
1520	0.0146501	-0.0122001	-0.0225128
1530	0.0148189	-0.0123194	-0.022739
1540	0.014988	-0.012439	-0.0229656
1550	0.0151575	-0.0125591	-0.0231927
1560	0.0153274	-0.0126796	-0.0234203
1570	0.0154977	-0.0128006	-0.0236484
1580	0.0156684	-0.0129222	-0.0238771
1590	0.0158396	-0.0130446	-0.0241064
1600	0.0160113	-0.0131678	-0.0243364
1610	0.0161834	-0.0132917	-0.0245671
1620	0.0163562	-0.0134166	-0.0247986
1630	0.0165295	-0.0135423	-0.0250309
1640	0.0167035	-0.0136689	-0.0252641
1650	0.0168781	-0.0137965	-0.0254982
1660	0.0170534	-0.013925	-0.0257332
1670	0.0172295	-0.0140545	-0.0259693
1680	0.0174064	-0.014185	-0.0262064
1690	0.0175841	-0.0143164	-0.0264446
1700	0.0177626	-0.0144486	-0.026684
1710	0.017942	-0.0145817	-0.0269246
1720	0.0181223	-0.0147154	-0.0271665
1730	0.0183034	-0.0148498	-0.0274097
1740	0.0184855	-0.0149846	-0.0276543
1750	0.0186685	-0.01512	-0.0279003
1760	0.0188526	-0.0152556	-0.0281477
1770	0.0190375	-0.0153914	-0.0283967
1780	0.0192235	-0.0155274	-0.0286472
1790	0.0194104	-0.0156634	-0.0288993
1800	0.0195983	-0.0157994	-0.0291531
1810	0.0197871	-0.0159353	-0.0294085
1820	0.0199769	-0.0160711	-0.0296656
1830	0.0201677	-0.0162068	-0.0299244
1840	0.0203594	-0.0163422	-0.0301848
1850	0.020552	-0.0164774	-0.0304468
1860	0.0207456	-0.0166123	-0.0307105
1870	0.02094	-0.0167469	-0.0309758
1880	0.0211354	-0.0168813	-0.0312426
1890	0.0213317	-0.0170154	-0.0315111
1900	0.0215289	-0.0171493	-0.031781
1910	0.021727	-0.017283	-0.0320524
1920	0.021926	-0.0174165	-0.0323252
1930	0.0221259	-0.0175499	-0.0325994
1940	0.0223268	-0.0176832	-0.032875
1950	0.0225285	-0.0178164	-0.0331518
1960	0.0227313	-0.0179496	-0.0334298
1970	0.0229349	-0.0180828	-0.033709
1980	0.0231395	-0.0182161	-0.0339894
1990	0.0233451	-0.0183495	-0.0342709
2000	0.0235516	-0.0184831	-0.0345535
2010	0.0237591	-0.0186169	-0.0348372
2020	0.0239676	-0.018751	-0.0351218
2030	0.024177	-0.0188855	-0.0354075
2040	0.0243874	-0.0190204	-0.0356943
2050	0.0245988	-0.0191556	-0.0359821
2060	0.0248112	-0.0192913	-0.036271
2070	0.0250245	-0.0194275	-0.0365609
2080	0.0252388	-0.0195641	-0.036852
2090	0.0254541	-0.0197011	-0.0371443
2100	0.0256703	-0.0198386	-0.0374378
2110	0.0258875	-0.0199766	-0.0377325
2120	0.0261056	-0.020115	-0.0380285
2130	0.0263247	-0.0202538	-0.0383257
2140	0.0265447	-0.0203932	-0.0386243
2150	0.0267657	-0.020533	-0.0389242
2160	0.0269877	-0.0206733	-0.0392254
2170	0.0272106	-0.0208139	-0.0395281
2180	0.0274345	-0.020955	-0.0398322
2190	0.0276593	-0.0210964	-0.0401376
2200	0.027885	-0.0212381	-0.0404446
2210	0.0281116	-0.0213803	-0.0407529
2220	0.0283391	-0.0215228	-0.0410626
2230	0.0285676	-0.0216659	-0.0413738
2240	0.028797	-0.0218095	-0.0416865
2250	0.0290273	-0.0219538	-0.0420005
2260	0.0292585	-0.0220988	-0.042316
2270	0.0294906	-0.0222446	-0.0426328
2280	0.0297236	-0.0223913	-0.042951
2290	0.0299574	-0.022539	-0.0432704
2300	0.0301922	-0.0226878	-0.043591
2310	0.0304277	-0.0228378	-0.0439129
2320	0.0306642	-0.022989	-0.044236
2330	0.0309014	-0.0231416	-0.0445603
2340	0.0311395	-0.0232955	-0.0448858
2350	0.0313783	-0.0234509	-0.0452125
2360	0.031618	-0.0236076	-0.0455405
2370	0.0318584	-0.0237657	-0.0458697
2380	0.0320996	-0.0239251	-0.0462002
2390	0.0323416	-0.0240858	-0.046532
2400	0.0325843	-0.0242478	-0.0468652
2410	0.0328278	-0.0244109	-0.0471998
2420	0.033072	-0.024575	-0.0475358
2430	0.033317	-0.0247401	-0.0478734
2440	0.0335627	-0.0249061	-0.0482126
2450	0.0338092	-0.0250728	-0.0485534
2460	0.0340565	-0.0252401	-0.0488959
2470	0.0343045	-0.0254081	-0.0492402
2480	0.0345533	-0.0255766	-0.0495861
2490	0.034803	-0.0257455	-0.0499339
2500	0.0350535	-0.0259148	-0.0502834
2510	0.0353049	-0.0260845	-0.0506348
2520	0.0355573	-0.0262545	-0.0509879
2530	0.0358107	-0.0264249	-0.0513428
2540	0.0360651	-0.0265956	-0.0516995
2550	0.0363206	-0.0267666	-0.0520579
2560	0.0365773	-0.026938	-0.052418
2570	0.0368352	-0.0271098	-0.0527798
2580	0.0370943	-0.027282	-0.0531432
2590	0.0373547	-0.0274546	-0.0535081
2600	0.0376165	-0.0276278	-0.0538746
2610	0.0378797	-0.0278014	-0.0542424
2620	0.0381443	-0.0279756	-0.0546117
2630	0.0384104	-0.0281502	-0.0549824
2640	0.038678	-0.0283254	-0.0553543
2650	0.0389471	-0.028501	-0.0557275
2660	0.0392177	-0.028677	-0.0561019
2670	0.0394899	-0.0288534	-0.0564774
2680	0.0397636	-0.0290302	-0.0568542
2690	0.0400387	-0.0292072	-0.0572321
2700	0.0403154	-0.0293844	-0.0576112
2710	0.0405935	-0.0295617	-0.0579914
2720	0.0408729	-0.0297392	-0.0583728
2730	0.0411537	-0.0299166	-0.0587553
2740	0.0414358	-0.030094	-0.0591389
2750	0.041719	-0.0302713	-0.0595236
2760	0.0420034	-0.0304485	-0.0599094
2770	0.0422888	-0.0306256	-0.0602963
2780	0.0425752	-0.0308025	-0.0606843
2790	0.0428626	-0.0309794	-0.0610734
2800	0.0431509	-0.0311561	-0.0614635
2810	0.04344	-0.0313328	-0.0618547
2820	0.0437299	-0.0315096	-0.0622469
2830	0.0440206	-0.0316865	-0.0626401
2840	0.044312	-0.0318636	-0.0630343
2850	0.0446041	-0.0320413	-0.0634294
2860	0.0448969	-0.0322194	-0.0638254
2870	0.0451904	-0.0323983	-0.0642223
2880	0.0454846	-0.0325781	-0.0646201
2890	0.0457794	-0.0327588	-0.0650187
2900	0.046075	-0.0329407	-0.065418
2910	0.0463713	-0.0331239	-0.0658182
2920	0.0466683	-0.0333086	-0.066219
2930	0.0469661	-0.0334948	-0.0666206
2940	0.0472646	-0.0336827	-0.067023
2950	0.047564	-0.0338724	-0.067426
2960	0.0478642	-0.0340639	-0.0678298
2970	0.0481652	-0.0342572	-0.0682343
2980	0.0484671	-0.0344525	-0.0686396
2990	0.04877	-0.0346496	-0.0690456
3000	0.0490738	-0.0348485	-0.0694526
3010	0.0493785	-0.0350491	-0.0698604
3020	0.0496843	-0.0352514	-0.0702692
3030	0.049991	-0.0354553	-0.070679
3040	0.0502988	-0.0356605	-0.0710898
3050	0.0506077	-0.0358672	-0.0715017
3060	0.0509173	-0.0360752	-0.0719145
3070	0.0512275	-0.0362844	-0.0723282
3080	0.0515383	-0.0364947	-0.0727428
3090	0.0518499	-0.0367061	-0.0731582
3100	0.0521622	-0.0369186	-0.0735745
3110	0.0524752	-0.0371321	-0.0739916
3120	0.0527889	-0.0373465	-0.0744096
3130	0.0531035	-0.0375619	-0.0748284
3140	0.0534189	-0.037778	-0.075248
3150	0.0537352	-0.0379951	-0.0756683
3160	0.0540525	-0.0382128	-0.0760893
3170	0.0543707	-0.0384311	-0.076511
3180	0.0546899	-0.03865	-0.0769334
3190	0.0550102	-0.0388692	-0.0773563
3200	0.0553315	-0.0390887	-0.0777799
3210	0.0556539	-0.0393081	-0.078204
3220	0.0559773	-0.0395275	-0.0786286
3230	0.0563019	-0.0397465	-0.0790538
3240	0.0566274	-0.039965	-0.0794795
3250	0.056954	-0.0401827	-0.0799056
3260	0.0572816	-0.0403995	-0.0803323
3270	0.0576102	-0.0406155	-0.0807594
3280	0.0579398	-0.0408305	-0.0811868
3290	0.0582704	-0.0410448	-0.0816144
3300	0.058602	-0.0412587	-0.0820422
3310	0.0589347	-0.0414725	-0.0824699
3320	0.0592687	-0.0416869	-0.0828973
3330	0.0596038	-0.0419028	-0.0833237
3340	0.0599402	-0.0421215	-0.0837486
3350	0.0602781	-0.042344	-0.0841714
3360	0.0606175	-0.0425716	-0.0845918
3370	0.0609585	-0.0428052	-0.0850092
3380	0.0613015	-0.0430457	-0.0854235
3390	0.0616464	-0.0432936	-0.0858345
3400	0.0619936	-0.0435494	-0.0862422
3410	0.0623433	-0.0438131	-0.0866468
3420	0.0626955	-0.0440841	-0.0870486
3430	0.0630503	-0.0443619	-0.0874483
3440	0.063408	-0.0446457	-0.0878461
3450	0.0637688	-0.0449346	-0.0882429
3460	0.0641317	-0.0452272	-0.0886376
3470	0.0644958	-0.0455222	-0.0890297
3480	0.064861	-0.0458179	-0.0894197
3490	0.0652269	-0.0461127	-0.0898079
3500	0.0655933	-0.0464048	-0.090195
3510	0.0659599	-0.0466928	-0.0905813
3520	0.0663265	-0.0469752	-0.0909675
3530	0.0666928	-0.0472508	-0.091354
3540	0.0670587	-0.0475187	-0.0917412
3550	0.0674241	-0.0477781	-0.0921296
3560	0.0677891	-0.0480285	-0.0925196
3570	0.0681536	-0.0482697	-0.0929114
3580	0.0685178	-0.048502	-0.0933054
3590	0.068882	-0.0487259	-0.0937017
3600	0.0692465	-0.048942	-0.0941003
3610	0.0696117	-0.0491512	-0.0945014
3620	0.069978	-0.0493545	-0.0949048
3630	0.0703459	-0.049553	-0.0953105
3640	0.0707158	-0.0497476	-0.0957185
3650	0.0710879	-0.0499386	-0.0961291
3660	0.0714625	-0.0501265	-0.0965423
3670	0.0718386	-0.0503117	-0.0969581
3680	0.0722143	-0.0504954	-0.0973762
3690	0.0725897	-0.0506788	-0.0977961
3700	0.0729649	-0.0508631	-0.0982172
3710	0.0733397	-0.0510489	-0.098639
3720	0.0737143	-0.0512369	-0.0990612
3730	0.0740885	-0.0514272	-0.0994834
3740	0.0744622	-0.05162	-0.0999054
3750	0.0748353	-0.0518147	-0.100327
3760	0.0752074	-0.0520109	-0.100748
3770	0.0755784	-0.0522078	-0.101169
3780	0.0759479	-0.0524045	-0.10159
3790	0.0763154	-0.0526002	-0.102012
3800	0.0766806	-0.052794	-0.102434
3810	0.077043	-0.0529851	-0.102857
3820	0.0774026	-0.0531731	-0.103283
3830	0.0777593	-0.0533577	-0.103709
3840	0.0781134	-0.0535385	-0.104138
3850	0.0784648	-0.0537154	-0.104569
3860	0.0788137	-0.0538879	-0.105002
3870	0.0791602	-0.0540557	-0.105437
3880	0.0795046	-0.0542182	-0.105875
3890	0.0798468	-0.0543752	-0.106316
3900	0.0801871	-0.054526	-0.106761
3910	0.0805257	-0.0546701	-0.107209
3920	0.0808628	-0.0548071	-0.107661
3930	0.0811988	-0.0549367	-0.108117
3940	0.081534	-0.0550587	-0.108577
3950	0.0818687	-0.0551733	-0.109042
3960	0.0822034	-0.0552806	-0.10951
3970	0.0825386	-0.0553812	-0.109981
3980	0.0828748	-0.0554754	-0.110457
3990	0.0832126	-0.0555638	-0.110936
4000	0.0835523	-0.0556474	-0.111417
4010	0.0838942	-0.0557271	-0.1119
4020	0.0842363	-0.0558034	-0.112385
4030	0.0845774	-0.055876	-0.112872
4040	0.0849174	-0.0559446	-0.11336
4050	0.0852561	-0.0560098	-0.11385
4060	0.0855931	-0.0560724	-0.114341
4070	0.0859279	-0.0561336	-0.114832
4080	0.0862602	-0.0561949	-0.115323
4090	0.0865895	-0.0562576	-0.115814
4100	0.0869156	-0.0563232	-0.116303
4110	0.0872379	-0.0563932	-0.11679
4120	0.0875562	-0.0564689	-0.117275
4130	0.0878702	-0.0565516	-0.117757
4140	0.0881796	-0.0566426	-0.118237
4150	0.0884843	-0.0567429	-0.118714
4160	0.0887843	-0.0568536	-0.119187
4170	0.0890798	-0.0569758	-0.119657
4180	0.0893707	-0.0571099	-0.120122
4190	0.0896572	-0.0572559	-0.120583
4200	0.0899395	-0.0574132	-0.12104
4210	0.0902179	-0.0575812	-0.121494
4220	0.0904923	-0.0577587	-0.121944
4230	0.090763	-0.0579445	-0.122392
4240	0.0910301	-0.058137	-0.122837
4250	0.0912937	-0.0583346	-0.123281
4260	0.0915539	-0.0585354	-0.123724
4270	0.091811	-0.0587379	-0.124167
4280	0.0920655	-0.0589406	-0.12461
4290	0.0923175	-0.0591422	-0.125055
4300	0.0925673	-0.0593417	-0.125501
4310	0.0928154	-0.0595383	-0.125949
4320	0.0930621	-0.0597317	-0.1264
4330	0.0933079	-0.0599219	-0.126854
4340	0.0935532	-0.0601087	-0.127311
4350	0.0937986	-0.0602926	-0.127771
4360	0.0940445	-0.060474	-0.128234
4370	0.0942914	-0.0606534	-0.128702
4380	0.0945401	-0.0608315	-0.129173
4390	0.0947911	-0.0610096	-0.129648
4400	0.095045	-0.061189	-0.130127
4410	0.0953026	-0.0613708	-0.13061
4420	0.0955644	-0.0615565	-0.131098
4430	0.0958311	-0.0617475	-0.131589
4440	0.0961033	-0.0619449	-0.132084
4450	0.0963816	-0.0621499	-0.132583
4460	0.0966666	-0.0623629	-0.133085
4470	0.0969588	-0.0625843	-0.133591
4480	0.0972583	-0.0628144	-0.1341
4490	0.0975652	-0.0630526	-0.134612
4500	0.0978797	-0.0632982	-0.135128
4510	0.0982015	-0.0635505	-0.135648
4520	0.0985306	-0.0638084	-0.136171
4530	0.0988668	-0.064071	-0.136698
4540	0.09921	-0.0643379	-0.137229
4550	0.09956	-0.0646086	-0.137763
4560	0.0999167	-0.0648827	-0.138301
4570	0.10028	-0.0651596	-0.138842
4580	0.100649	-0.0654388	-0.139386
4590	0.101024	-0.0657199	-0.139933
4600	0.101405	-0.0660023	-0.140483
4610	0.101791	-0.0662856	-0.141035
4620	0.102182	-0.0665693	-0.141589
4630	0.102577	-0.0668528	-0.142145
4640	0.102974	-0.0671357	-0.142703
4650	0.103373	-0.0674173	-0.14326
4660	0.103773	-0.0676972	-0.143818
4670	0.104173	-0.0679752	-0.144376
4680	0.104574	-0.0682506	-0.144934
4690	0.104975	-0.0685232	-0.14549
4700	0.105375	-0.0687927	-0.146046
4710	0.105775	-0.069059	-0.146599
4720	0.106173	-0.0693222	-0.147151
4730	0.10657	-0.0695825	-0.1477
4740	0.106965	-0.0698408	-0.148247
4750	0.107358	-0.0700978	-0.14879
4760	0.107748	-0.0703538	-0.149329
4770	0.108136	-0.0706092	-0.149864
4780	0.10852	-0.0708643	-0.150396
4790	0.108901	-0.0711193	-0.150923
4800	0.109279	-0.0713742	-0.151445
4810	0.109653	-0.0716289	-0.151964
4820	0.110023	-0.0718832	-0.152478
4830	0.11039	-0.0721368	-0.152988
4840	0.110753	-0.0723892	-0.153494
4850	0.111111	-0.0726402	-0.153997
4860	0.111466	-0.0728893	-0.154497
4870	0.111818	-0.0731362	-0.154995
4880	0.112165	-0.0733808	-0.15549
4890	0.112509	-0.0736231	-0.155983
4900	0.11285	-0.0738634	-0.156475
4910	0.113188	-0.0741018	-0.156965
4920	0.113523	-0.0743387	-0.157454
4930	0.113856	-0.0745745	-0.157943
4940	0.114186	-0.0748096	-0.15843
4950	0.114515	-0.0750443	-0.158917
4960	0.114843	-0.075279	-0.159404
4970	0.115169	-0.075514	-0.15989
4980	0.115495	-0.0757495	-0.160377
4990	0.115821	-0.0759861	-0.160863
5000	0.116146	-0.076224	-0.161349
5010	0.116473	-0.0764632	-0.161836
5020	0.1168	-0.0767036	-0.162323
5030	0.117128	-0.0769453	-0.162812
5040	0.117457	-0.0771878	-0.163301
5050	0.117789	-0.0774308	-0.163792
5060	0.118122	-0.0776738	-0.164285
5070	0.118457	-0.0779164	-0.164781
5080	0.118794	-0.078158	-0.165279
5090	0.119134	-0.0783985	-0.16578
5100	0.119476	-0.0786376	-0.166285
5110	0.119821	-0.0788749	-0.166793
5120	0.120168	-0.0791104	-0.167305
5130	0.120518	-0.079344	-0.167822
5140	0.12087	-0.0795756	-0.168342
5150	0.121225	-0.0798054	-0.168866
5160	0.121584	-0.0800334	-0.169395
5170	0.121945	-0.0802596	-0.169927
5180	0.122309	-0.0804839	-0.170463
5190	0.122676	-0.0807066	-0.171004
5200	0.123045	-0.0809277	-0.171547
5210	0.123417	-0.0811475	-0.172094
5220	0.123792	-0.0813661	-0.172644
5230	0.124169	-0.0815836	-0.173196
5240	0.124548	-0.0818003	-0.17375
5250	0.124929	-0.0820162	-0.174307
5260	0.125312	-0.0822314	-0.174865
5270	0.125697	-0.0824459	-0.175424
5280	0.126082	-0.0826597	-0.175983
5290	0.126469	-0.0828732	-0.176544
5300	0.126857	-0.0830865	-0.177104
5310	0.127245	-0.0832995	-0.177664
5320	0.127634	-0.0835126	-0.178223
5330	0.128023	-0.0837256	-0.178782
5340	0.128411	-0.0839387	-0.17934
5350	0.128799	-0.0841519	-0.179898
5360	0.129185	-0.0843654	-0.180454
5370	0.129571	-0.0845793	-0.181008
5380	0.129956	-0.0847935	-0.181562
5390	0.13034	-0.0850082	-0.182114
5400	0.130722	-0.0852232	-0.182666
5410	0.131102	-0.0854386	-0.183216
5420	0.131481	-0.0856542	-0.183764
5430	0.131858	-0.0858698	-0.184312
5440	0.132234	-0.086085	-0.184859
5450	0.132607	-0.0862996	-0.185406
5460	0.132979	-0.0865133	-0.185951
5470	0.133349	-0.0867257	-0.186496
5480	0.133716	-0.0869366	-0.18704
5490	0.134082	-0.0871458	-0.187584
5500	0.134446	-0.0873532	-0.188128
5510	0.134808	-0.0875588	-0.188671
5520	0.135168	-0.0877626	-0.189214
5530	0.135527	-0.0879648	-0.189757
5540	0.135883	-0.088166	-0.1903
5550	0.136239	-0.0883664	-0.190843
5560	0.136593	-0.0885666	-0.191386
5570	0.136946	-0.0887672	-0.19193
5580	0.137298	-0.0889689	-0.192474
5590	0.13765	-0.0891721	-0.193018
5600	0.138002	-0.0893777	-0.193564
5610	0.138353	-0.0895864	-0.19411
5620	0.138705	-0.0897987	-0.194657
5630	0.139058	-0.0900152	-0.195205
5640	0.139411	-0.0902364	-0.195754
5650	0.139766	-0.0904626	-0.196305
5660	0.140122	-0.0906939	-0.196857
5670	0.140479	-0.0909304	-0.197411
5680	0.140839	-0.0911718	-0.197966
5690	0.141201	-0.0914177	-0.198523
5700	0.141565	-0.0916676	-0.199082
5710	0.141932	-0.0919209	-0.199643
5720	0.142302	-0.0921768	-0.200205
5730	0.142674	-0.0924346	-0.20077
5740	0.14305	-0.0926935	-0.201337
5750	0.143429	-0.0929529	-0.201905
5760	0.143812	-0.093212	-0.202476
5770	0.144197	-0.0934704	-0.203048
5780	0.144586	-0.0937274	-0.203622
5790	0.144979	-0.0939826	-0.204197
5800	0.145374	-0.0942356	-0.204774
5810	0.145774	-0.0944863	-0.205352
5820	0.146176	-0.0947345	-0.20593
5830	0.146581	-0.0949801	-0.206509
5840	0.14699	-0.0952232	-0.207088
5850	0.147401	-0.0954642	-0.207667
5860	0.147816	-0.0957033	-0.208246
5870	0.148232	-0.0959411	-0.208824
5880	0.148652	-0.0961777	-0.209401
5890	0.149073	-0.0964136	-0.209976
5900	0.149496	-0.0966493	-0.21055
5910	0.149922	-0.0968851	-0.211122
5920	0.150348	-0.0971214	-0.211692
5930	0.150775	-0.0973585	-0.212259
5940	0.151204	-0.0975966	-0.212824
5950	0.151633	-0.0978357	-0.213387
5960	0.152062	-0.0980758	-0.213947
5970	0.152491	-0.0983168	-0.214505
5980	0.15292	-0.0985585	-0.21506
5990	0.153348	-0.0988009	-0.215613
6000	0.153776	-0.0990434	-0.216163
6010	0.154202	-0.0992857	-0.216711
6020	0.154628	-0.0995275	-0.217256
6030	0.155051	-0.0997684	-0.2178
6040	0.155474	-0.100008	-0.218341
6050	0.155895	-0.100246	-0.218881
6060	0.156313	-0.100482	-0.219419
6070	0.15673	-0.100717	-0.219956
6080	0.157145	-0.100948	-0.220491
6090	0.157558	-0.101178	-0.221025
6100	0.157971	-0.101405	-0.221557
6110	0.15839	-0.101628	-0.222085
6120	0.158812	-0.101844	-0.222608
6130	0.159238	-0.102052	-0.223127
6140	0.159666	-0.102251	-0.223641
6150	0.160095	-0.102441	-0.22415
6160	0.160525	-0.10262	-0.224654
6170	0.160955	-0.10279	-0.225152
6180	0.161386	-0.102953	-0.225645
6190	0.161817	-0.103108	-0.226132
6200	0.162248	-0.103258	-0.226613
6210	0.162679	-0.103405	-0.227088
6220	0.16311	-0.103549	-0.227556
6230	0.16354	-0.103692	-0.228018
6240	0.16397	-0.103835	-0.228474
6250	0.1644	-0.10398	-0.228923
6260	0.164829	-0.104128	-0.229367
6270	0.165257	-0.10428	-0.229804
6280	0.165684	-0.104436	-0.230236
6290	0.166111	-0.104596	-0.230662
6300	0.166536	-0.104762	-0.231084
6310	0.16696	-0.104933	-0.231502
6320	0.167383	-0.10511	-0.231917
6330	0.167804	-0.105291	-0.232328
6340	0.168224	-0.105476	-0.232738
6350	0.168643	-0.105665	-0.233146
6360	0.16906	-0.105857	-0.233554
6370	0.169476	-0.106051	-0.233962
6380	0.16989	-0.106246	-0.234371
6390	0.170303	-0.106442	-0.234782
6400	0.170714	-0.106638	-0.235196
6410	0.171125	-0.106834	-0.235614
6420	0.171534	-0.107029	-0.236036
6430	0.171943	-0.107223	-0.236463
6440	0.172352	-0.107415	-0.236896
6450	0.172761	-0.107607	-0.237335
6460	0.17317	-0.107797	-0.23778
6470	0.173581	-0.107987	-0.238233
6480	0.173993	-0.108178	-0.238693
6490	0.174408	-0.108369	-0.239161
6500	0.174825	-0.108561	-0.239637
6510	0.175245	-0.108757	-0.240121
6520	0.175669	-0.108955	-0.240612
6530	0.176097	-0.109159	-0.241112
6540	0.176529	-0.109367	-0.241619
6550	0.176967	-0.109582	-0.242133
6560	0.177408	-0.109803	-0.242653
6570	0.177851	-0.110031	-0.243178
6580	0.178295	-0.110266	-0.243705
6590	0.178741	-0.110508	-0.244235
6600	0.179187	-0.110758	-0.244767
6610	0.179634	-0.111014	-0.245302
6620	0.180083	-0.111276	-0.24584
6630	0.180532	-0.111544	-0.24638
6640	0.180982	-0.111817	-0.246922
6650	0.181433	-0.112094	-0.247465
6660	0.181884	-0.112374	-0.248011
6670	0.182335	-0.112656	-0.248559
6680	0.182787	-0.11294	-0.249108
6690	0.183239	-0.113224	-0.249658
6700	0.18369	-0.113509	-0.25021
6710	0.184142	-0.113793	-0.250763
6720	0.184593	-0.114075	-0.251318
6730	0.185044	-0.114356	-0.251874
6740	0.185496	-0.114635	-0.252431
6750	0.185948	-0.114913	-0.25299
6760	0.186401	-0.115188	-0.253549
6770	0.186855	-0.115463	-0.254109
6780	0.18731	-0.115736	-0.254669
6790	0.187765	-0.116009	-0.255228
6800	0.188223	-0.116281	-0.255788
6810	0.188681	-0.116553	-0.256347
6820	0.189141	-0.116825	-0.256905
6830	0.189603	-0.117097	-0.257462
6840	0.190067	-0.117369	-0.258018
6850	0.190532	-0.117639	-0.258572
6860	0.191	-0.117908	-0.259125
6870	0.191469	-0.118175	-0.259675
6880	0.19194	-0.118438	-0.260222
6890	0.192413	-0.118698	-0.260766
6900	0.192888	-0.118953	-0.261307
6910	0.193364	-0.119203	-0.261845
6920	0.193831	-0.119448	-0.262383
6930	0.194279	-0.119689	-0.262926
6940	0.194709	-0.119926	-0.263473
6950	0.195122	-0.120162	-0.264021
6960	0.195523	-0.120398	-0.264569
6970	0.195912	-0.120635	-0.265115
6980	0.196294	-0.120876	-0.265655
6990	0.196669	-0.121122	-0.266189
7000	0.19704	-0.121373	-0.266715
7010	0.197407	-0.12163	-0.267233
7020	0.19777	-0.121893	-0.267742
7030	0.198129	-0.122161	-0.268242
7040	0.198485	-0.122433	-0.268735
7050	0.198836	-0.12271	-0.269221
7060	0.199182	-0.12299	-0.269699
7070	0.199525	-0.123274	-0.270169
7080	0.199864	-0.123561	-0.270634
7090	0.200199	-0.123851	-0.271091
7100	0.20053	-0.124145	-0.271543
7110	0.200857	-0.124441	-0.27199
7120	0.201181	-0.124741	-0.272431
7130	0.201501	-0.125046	-0.272867
7140	0.201818	-0.125355	-0.273299
7150	0.202132	-0.12567	-0.273727
7160	0.202444	-0.125992	-0.274152
7170	0.202753	-0.126321	-0.274574
7180	0.20306	-0.12666	-0.274994
7190	0.203365	-0.127008	-0.275414
7200	0.203668	-0.127365	-0.275833
7210	0.203968	-0.127731	-0.276253
7220	0.204266	-0.128106	-0.276675
7230	0.20456	-0.12849	-0.277099
7240	0.204851	-0.128881	-0.277527
7250	0.205139	-0.129279	-0.27796
7260	0.205423	-0.129683	-0.278399
7270	0.205703	-0.130092	-0.278846
7280	0.205978	-0.130505	-0.2793
7290	0.206249	-0.130921	-0.279763
7300	0.206517	-0.131339	-0.280236
7310	0.206781	-0.131759	-0.280719
7320	0.207043	-0.13218	-0.281212
7330	0.207303	-0.1326	-0.281718
7340	0.207562	-0.133021	-0.282234
7350	0.207821	-0.13344	-0.282763
7360	0.208081	-0.133859	-0.283303
7370	0.208345	-0.134276	-0.283855
7380	0.208613	-0.134692	-0.284417
7390	0.208888	-0.135107	-0.28499
7400	0.209169	-0.135522	-0.285572
7410	0.209448	-0.135934	-0.286157
7420	0.209725	-0.136346	-0.286741
7430	0.21	-0.136755	-0.287326
7440	0.210274	-0.137163	-0.287909
7450	0.210547	-0.137568	-0.288492
7460	0.210821	-0.13797	-0.289072
7470	0.211095	-0.13837	-0.28965
7480	0.211371	-0.138766	-0.290225
7490	0.211647	-0.139158	-0.290798
7500	0.211924	-0.139546	-0.291367
7510	0.212201	-0.13993	-0.291933
7520	0.21248	-0.140309	-0.292495
7530	0.21276	-0.140684	-0.293052
7540	0.213041	-0.141054	-0.293605
7550	0.213322	-0.141421	-0.294154
7560	0.213604	-0.141784	-0.294697
7570	0.213886	-0.142143	-0.295236
7580	0.214169	-0.1425	-0.29577
7590	0.214452	-0.142855	-0.296299
7600	0.214735	-0.143207	-0.296824
7610	0.215019	-0.143558	-0.297345
7620	0.215302	-0.143907	-0.297862
7630	0.215585	-0.144254	-0.298376
7640	0.215868	-0.144599	-0.298887
7650	0.216151	-0.144943	-0.299395
7660	0.216434	-0.145285	-0.299901
7670	0.216716	-0.145624	-0.300405
7680	0.216998	-0.14596	-0.300909
7690	0.217281	-0.146296	-0.301411
7700	0.217562	-0.146631	-0.301911
7710	0.217843	-0.146967	-0.302409
7720	0.218122	-0.147303	-0.302904
7730	0.218399	-0.14764	-0.303397
7740	0.218672	-0.147977	-0.303886
7750	0.21894	-0.148313	-0.304374
7760	0.2192	-0.148646	-0.30486
7770	0.219452	-0.148977	-0.305346
7780	0.21969	-0.149302	-0.305833
7790	0.219913	-0.14962	-0.306323
7800	0.220116	-0.149928	-0.306817
7810	0.220297	-0.150225	-0.307317
7820	0.22047	-0.150509	-0.307817
7830	0.220639	-0.150778	-0.308317
7840	0.220806	-0.151033	-0.308816
7850	0.22097	-0.151273	-0.309316
7860	0.221133	-0.151499	-0.309817
7870	0.221293	-0.151711	-0.310318
7880	0.221452	-0.15191	-0.310822
7890	0.22161	-0.1521	-0.311327
7900	0.221768	-0.152281	-0.311833
7910	0.221926	-0.152456	-0.312342
7920	0.222085	-0.152629	-0.312852
7930	0.222244	-0.152801	-0.313363
7940	0.222406	-0.152975	-0.313876
7950	0.22257	-0.153151	-0.314389
7960	0.222736	-0.153333	-0.314902
7970	0.222906	-0.153521	-0.315413
7980	0.223078	-0.153715	-0.315922
7990	0.223254	-0.153915	-0.316428
8000	0.223432	-0.15412	-0.31693
8010	0.223614	-0.154328	-0.317427
8020	0.223796	-0.154539	-0.317918
8030	0.223977	-0.154747	-0.318404
8040	0.224159	-0.154949	-0.318887
8050	0.224342	-0.155144	-0.319368
8060	0.224526	-0.155333	-0.319847
8070	0.224714	-0.155517	-0.320324
8080	0.224907	-0.155698	-0.320798
8090	0.225109	-0.155877	-0.321268
8100	0.225322	-0.156056	-0.321734
8110	0.225548	-0.156233	-0.322197
8120	0.225773	-0.156388	-0.322664
8130	0.225996	-0.156518	-0.323136
8140	0.226222	-0.156629	-0.323611
8150	0.226455	-0.156726	-0.324089
8160	0.2267	-0.156815	-0.324568
8170	0.226958	-0.156902	-0.325049
8180	0.227233	-0.156987	-0.325532
8190	0.227524	-0.157074	-0.326018
8200	0.227832	-0.157162	-0.326507
8210	0.228154	-0.157252	-0.327
8220	0.228491	-0.157345	-0.327498
8230	0.228841	-0.157441	-0.328003
8240	0.229203	-0.157541	-0.328514
8250	0.229576	-0.157645	-0.329033
8260	0.229958	-0.157754	-0.32956
8270	0.230349	-0.157869	-0.330096
8280	0.230747	-0.157989	-0.330642
8290	0.231151	-0.158115	-0.331197
8300	0.23156	-0.158248	-0.331762
8310	0.231973	-0.158387	-0.332337
8320	0.23239	-0.158534	-0.332922
8330	0.232809	-0.158688	-0.333517
8340	0.233229	-0.158849	-0.334122
8350	0.23365	-0.159018	-0.334736
8360	0.234072	-0.159194	-0.335359
8370	0.234493	-0.159378	-0.335989
8380	0.23491	-0.159569	-0.336626
8390	0.235325	-0.159767	-0.33727
8400	0.235734	-0.159972	-0.337918
8410	0.236138	-0.160183	-0.338571
8420	0.236536	-0.1604	-0.339228
8430	0.236927	-0.160621	-0.339889
8440	0.237309	-0.160847	-0.340553
8450	0.237681	-0.161076	-0.341219
8460	0.238042	-0.161308	-0.341887
8470	0.238388	-0.161541	-0.342558
8480	0.238719	-0.161774	-0.343232
8490	0.239031	-0.162006	-0.343909
8500	0.239325	-0.162238	-0.344588
8510	0.239598	-0.162469	-0.34527
8520	0.239852	-0.162699	-0.345955
8530	0.240085	-0.16293	-0.346642
8540	0.240297	-0.163162	-0.347332
8550	0.24049	-0.163396	-0.348023
8560	0.240665	-0.163634	-0.348717
8570	0.240822	-0.163876	-0.349412
8580	0.240964	-0.164125	-0.350107
8590	0.241094	-0.16438	-0.350803
8600	0.241215	-0.164643	-0.351499
8610	0.24133	-0.164915	-0.352194
8620	0.241441	-0.165195	-0.352888
8630	0.241551	-0.165483	-0.353579
8640	0.241663	-0.16578	-0.354269
8650	0.241779	-0.166083	-0.354956
8660	0.241897	-0.166392	-0.35564
8670	0.242011	-0.166704	-0.35632
8680	0.242119	-0.167015	-0.356996
8690	0.24222	-0.167321	-0.357666
8700	0.242322	-0.16762	-0.358326
8710	0.242425	-0.167908	-0.358976
8720	0.242528	-0.168186	-0.359616
8730	0.242638	-0.168449	-0.360243
8740	0.242761	-0.168698	-0.360858
8750	0.2429	-0.168931	-0.361459
8760	0.243055	-0.16915	-0.362045
8770	0.243228	-0.169354	-0.362616
8780	0.243417	-0.169545	-0.363172
8790	0.243622	-0.169726	-0.363712
8800	0.243841	-0.169899	-0.364237
8810	0.244075	-0.170066	-0.364748
8820	0.244321	-0.17023	-0.365243
8830	0.244577	-0.170395	-0.365725
8840	0.244841	-0.170562	-0.366193
8850	0.245111	-0.170733	-0.366649
8860	0.245384	-0.17091	-0.367094
8870	0.245657	-0.171094	-0.367529
8880	0.245927	-0.171285	-0.367956
8890	0.246193	-0.171482	-0.368375
8900	0.246454	-0.171686	-0.368787
8910	0.246708	-0.171893	-0.369193
8920	0.246953	-0.172102	-0.369595
8930	0.247186	-0.172311	-0.369993
8940	0.247405	-0.172518	-0.370389
8950	0.247608	-0.17272	-0.370784
8960	0.247794	-0.172917	-0.371179
8970	0.24796	-0.173105	-0.371574
8980	0.248117	-0.173284	-0.371966
8990	0.248271	-0.173451	-0.372351
9000	0.248422	-0.173608	-0.37273
9010	0.248568	-0.173752	-0.373103
9020	0.248709	-0.173884	-0.373471
9030	0.248845	-0.174005	-0.373835
9040	0.248973	-0.174116	-0.374196
9050	0.249095	-0.174218	-0.374556
9060	0.249209	-0.174312	-0.374915
9070	0.249315	-0.174402	-0.375275
9080	0.249414	-0.174489	-0.375637
9090	0.249505	-0.174577	-0.376001
9100	0.249588	-0.174668	-0.376368
9110	0.249666	-0.174765	-0.37674
9120	0.249738	-0.174871	-0.377115
9130	0.249805	-0.174986	-0.377496
9140	0.249868	-0.175112	-0.377881
9150	0.24993	-0.17525	-0.378272
9160	0.249991	-0.1754	-0.378668
9170	0.250054	-0.175561	-0.379069
9180	0.250122	-0.175733	-0.379473
9190	0.250196	-0.175914	-0.379882
9200	0.250278	-0.176103	-0.380293
9210	0.250368	-0.176299	-0.380708
9220	0.250468	-0.176498	-0.381127
9230	0.250576	-0.1767	-0.381551
9240	0.250693	-0.176903	-0.38198
9250	0.250819	-0.177105	-0.382415
9260	0.250953	-0.177307	-0.382857
9270	0.251097	-0.177508	-0.383306
9280	0.251248	-0.177709	-0.383762
9290	0.251408	-0.177909	-0.384225
9300	0.251576	-0.178111	-0.384697
9310	0.251748	-0.178314	-0.385174
9320	0.251918	-0.17852	-0.385652
9330	0.252086	-0.17873	-0.386132
9340	0.252251	-0.178945	-0.386614
9350	0.252412	-0.179165	-0.387096
9360	0.252568	-0.179392	-0.38758
9370	0.252721	-0.179627	-0.388065
9380	0.252868	-0.179869	-0.388551
9390	0.253011	-0.180119	-0.389038
9400	0.253151	-0.180377	-0.389523
9410	0.25329	-0.180643	-0.390006
9420	0.253427	-0.180914	-0.390486
9430	0.253563	-0.18119	-0.390964
9440	0.253696	-0.18147	-0.391437
9450	0.253827	-0.181751	-0.391906
9460	0.253956	-0.182034	-0.39237
9470	0.254083	-0.182315	-0.392828
9480	0.254208	-0.182595	-0.393279
9490	0.254331	-0.18287	-0.393723
9500	0.254451	-0.183139	-0.394158
9510	0.254569	-0.183401	-0.394584
9520	0.254684	-0.183654	-0.395001
9530	0.254798	-0.183897	-0.395407
9540	0.254909	-0.18413	-0.395803
9550	0.255019	-0.184352	-0.396188
9560	0.255126	-0.184563	-0.396563
9570	0.255232	-0.184764	-0.396925
9580	0.255337	-0.184954	-0.397277
9590	0.25544	-0.185136	-0.397617
9600	0.255542	-0.18531	-0.397946
9610	0.255642	-0.185478	-0.398263
9620	0.255742	-0.185641	-0.398569
9630	0.255841	-0.185801	-0.398864
9640	0.255939	-0.185959	-0.399149
9650	0.256037	-0.186116	-0.399423
9660	0.256134	-0.186273	-0.399688
9670	0.256231	-0.186431	-0.399944
9680	0.256328	-0.186591	-0.400192
9690	0.256424	-0.186752	-0.400433
9700	0.256519	-0.186914	-0.400667
9710	0.256615	-0.187076	-0.400896
9720	0.25671	-0.187238	-0.40112
9730	0.256804	-0.187399	-0.401339
9740	0.256897	-0.187559	-0.401555
9750	0.25699	-0.187717	-0.401769
9760	0.257082	-0.187872	-0.40198
9770	0.257174	-0.188024	-0.402189
9780	0.257264	-0.188173	-0.402398
9790	0.257354	-0.188319	-0.402606
9800	0.257444	-0.188462	-0.402815
9810	0.257533	-0.188603	-0.403024
9820	0.257623	-0.18874	-0.403231
9830	0.257714	-0.188875	-0.403436
9840	0.257806	-0.189004	-0.40364
9850	0.257898	-0.189127	-0.403842
9860	0.25799	-0.189242	-0.404043
9870	0.258082	-0.189348	-0.404245
9880	0.258177	-0.189443	-0.404447
9890	0.258274	-0.189526	-0.404651
9900	0.258374	-0.189595	-0.404855
9910	0.258477	-0.189651	-0.405062
9920	0.258585	-0.189692	-0.405272
9930	0.258695	-0.18972	-0.405484
9940	0.258807	-0.189733	-0.4057
9950	0.258921	-0.189732	-0.40592
9960	0.259037	-0.189718	-0.406143
9970	0.25916	-0.189691	-0.406367
9980	0.259291	-0.189654	-0.406592
9990	0.259429	-0.189609	-0.406816
10000	0.259574	-0.18956	-0.407038
10010	0.259724	-0.18951	-0.407258
10020	0.259879	-0.189463	-0.407474
10030	0.260038	-0.189421	-0.407685
10040	0.2602	-0.189388	-0.407889
10050	0.260364	-0.189367	-0.408087
10060	0.260528	-0.189359	-0.408278
10070	0.260695	-0.189368	-0.40846
10080	0.260866	-0.189394	-0.408633
10090	0.26104	-0.189437	-0.408796
10100	0.261217	-0.189498	-0.408949
10110	0.261398	-0.189577	-0.409093
10120	0.261579	-0.189671	-0.409227
10130	0.261761	-0.189779	-0.409352
10140	0.26194	-0.189899	-0.409471
10150	0.262114	-0.190027	-0.409587
10160	0.262283	-0.190159	-0.409701
10170	0.262444	-0.190291	-0.409816
10180	0.262595	-0.190419	-0.409935
10190	0.262735	-0.190539	-0.410058
10200	0.262859	-0.190648	-0.410188
10210	0.262965	-0.190741	-0.410328
10220	0.26305	-0.190819	-0.410478
10230	0.263114	-0.190878	-0.410638
10240	0.263155	-0.190921	-0.410809
10250	0.263174	-0.190946	-0.410989
10260	0.263181	-0.190957	-0.411172
10270	0.263188	-0.190955	-0.411351
10280	0.263197	-0.190944	-0.411526
10290	0.263208	-0.190927	-0.411696
10300	0.26322	-0.190907	-0.411859
10310	0.263235	-0.190887	-0.412016
10320	0.263252	-0.190868	-0.412166
10330	0.263274	-0.190854	-0.412312
10340	0.263299	-0.190844	-0.412452
10350	0.263327	-0.190841	-0.412589
10360	0.263359	-0.190845	-0.412723
10370	0.263395	-0.190856	-0.412855
10380	0.263435	-0.190872	-0.412987
10390	0.26348	-0.190894	-0.413117
10400	0.26353	-0.190921	-0.413247
10410	0.263585	-0.190953	-0.413375
10420	0.263643	-0.190988	-0.413503
10430	0.263702	-0.191029	-0.41363
10440	0.263763	-0.191079	-0.413754
10450	0.263835	-0.191138	-0.413872
10460	0.263919	-0.191206	-0.413985
10470	0.264012	-0.191282	-0.414093
10480	0.264114	-0.191365	-0.414197
10490	0.264223	-0.191455	-0.414297
10500	0.264335	-0.191549	-0.414394
10510	0.264448	-0.191649	-0.414489
10520	0.26456	-0.191753	-0.414584
10530	0.264668	-0.191863	-0.414677
10540	0.264769	-0.191977	-0.414771
10550	0.264861	-0.192095	-0.414864
10560	0.26494	-0.192218	-0.414959
10570	0.265005	-0.192345	-0.415054
10580	0.265053	-0.192474	-0.415151
10590	0.265082	-0.192605	-0.415249
10600	0.265102	-0.192734	-0.415346
10610	0.265121	-0.19286	-0.415436
10620	0.26514	-0.192979	-0.415522
10630	0.265156	-0.193089	-0.415604
10640	0.265172	-0.193186	-0.415682
10650	0.265188	-0.193268	-0.415757
10660	0.265204	-0.193334	-0.41583
10670	0.26522	-0.193381	-0.415901
10680	0.265237	-0.193408	-0.415972
10690	0.265254	-0.193417	-0.416042
10700	0.265272	-0.193408	-0.416114
10710	0.265292	-0.19338	-0.416187
10720	0.265312	-0.193337	-0.416263
10730	0.265334	-0.193281	-0.416342
10740	0.265357	-0.193214	-0.416423
10750	0.265382	-0.19314	-0.416508
10760	0.265408	-0.193063	-0.416597
10770	0.265437	-0.192985	-0.416689
10780	0.265471	-0.192909	-0.416782
10790	0.265515	-0.19284	-0.416876
10800	0.26557	-0.192781	-0.41697
10810	0.265639	-0.192733	-0.417063
10820	0.265723	-0.192698	-0.417156
10830	0.26582	-0.192679	-0.417249
10840	0.26593	-0.192674	-0.417343
10850	0.26605	-0.192684	-0.417438
10860	0.26618	-0.192707	-0.417536
10870	0.266318	-0.192742	-0.417637
10880	0.26646	-0.192789	-0.417743
10890	0.266606	-0.192846	-0.417854
10900	0.266759	-0.192911	-0.417968
10910	0.266916	-0.192983	-0.418087
10920	0.267077	-0.19306	-0.41821
10930	0.267238	-0.19314	-0.418339
10940	0.267398	-0.193222	-0.418474
10950	0.267555	-0.193305	-0.418615
10960	0.267707	-0.193388	-0.418762
10970	0.267852	-0.19347	-0.418915
10980	0.267991	-0.193552	-0.419075
10990	0.268121	-0.193632	-0.419241
11000	0.268242	-0.193711	-0.419412
11010	0.268354	-0.193789	-0.419589
11020	0.268455	-0.193866	-0.41977
11030	0.268547	-0.193942	-0.419956
11040	0.26863	-0.194018	-0.420145
11050	0.268704	-0.194094	-0.420337
11060	0.26877	-0.194172	-0.420532
11070	0.268828	-0.194251	-0.420727
11080	0.268879	-0.194333	-0.420924
11090	0.268924	-0.194418	-0.42112
11100	0.268963	-0.194506	-0.421316
11110	0.269001	-0.194598	-0.421508
11120	0.26904	-0.194693	-0.421697
11130	0.26908	-0.194791	-0.421882
11140	0.26912	-0.194892	-0.422062
11150	0.269162	-0.194995	-0.422238
11160	0.269206	-0.1951	-0.42241
11170	0.26925	-0.195205	-0.422578
11180	0.269295	-0.19531	-0.422741
11190	0.269342	-0.195413	-0.4229
11200	0.26939	-0.195515	-0.423055
11210	0.269438	-0.195614	-0.423205
11220	0.269488	-0.19571	-0.423352
11230	0.269539	-0.195802	-0.423495
11240	0.269591	-0.195889	-0.423633
11250	0.269643	-0.195971	-0.423768
11260	0.269696	-0.196049	-0.423898
11270	0.26975	-0.196123	-0.424024
11280	0.269805	-0.196193	-0.424144
11290	0.269859	-0.196259	-0.42426
11300	0.269914	-0.196323	-0.424369
11310	0.269969	-0.196385	-0.424472
11320	0.270023	-0.196445	-0.424568
11330	0.270077	-0.196505	-0.424657
11340	0.270131	-0.196564	-0.424738
11350	0.270183	-0.196623	-0.424811
11360	0.270234	-0.196682	-0.424877
11370	0.270284	-0.19674	-0.424935
11380	0.270333	-0.196799	-0.424985
11390	0.27038	-0.196857	-0.425028
11400	0.270425	-0.196915	-0.425062
11410	0.270468	-0.196972	-0.42509
11420	0.270508	-0.197029	-0.42511
11430	0.270547	-0.197086	-0.425123
11440	0.270583	-0.197143	-0.42513
11450	0.270618	-0.1972	-0.425132
11460	0.27065	-0.197257	-0.425129
11470	0.27068	-0.197315	-0.425121
11480	0.270709	-0.197375	-0.42511
11490	0.270735	-0.197436	-0.425097
11500	0.270761	-0.1975	-0.425082
11510	0.270785	-0.197566	-0.425066
11520	0.270808	-0.197636	-0.42505
11530	0.27083	-0.19771	-0.425034
11540	0.270852	-0.197788	-0.42502
11550	0.270873	-0.197871	-0.425007
11560	0.270894	-0.197957	-0.424996
11570	0.270914	-0.198047	-0.424987
11580	0.270935	-0.198139	-0.42498
11590	0.270955	-0.198231	-0.424975
11600	0.270975	-0.198324	-0.424972
11610	0.270995	-0.198415	-0.424972
11620	0.271015	-0.198502	-0.424973
11630	0.271035	-0.198586	-0.424976
11640	0.271055	-0.198664	-0.42498
11650	0.271074	-0.198736	-0.424987
11660	0.271092	-0.198802	-0.424995
11670	0.271111	-0.198859	-0.425006
11680	0.271128	-0.198907	-0.425019
11690	0.271146	-0.198946	-0.425034
11700	0.271163	-0.198976	-0.425052
11710	0.271179	-0.198998	-0.425073
11720	0.271196	-0.199015	-0.425097
11730	0.271212	-0.199026	-0.425123
11740	0.271228	-0.199034	-0.425153
11750	0.271244	-0.19904	-0.425185
11760	0.271261	-0.199047	-0.42522
11770	0.271278	-0.199055	-0.425257
11780	0.271295	-0.199066	-0.425297
11790	0.271313	-0.199081	-0.425339
11800	0.271331	-0.199101	-0.425383
11810	0.271349	-0.199126	-0.425429
11820	0.271367	-0.199155	-0.425475
11830	0.271385	-0.199188	-0.425522
11840	0.271404	-0.199223	-0.42557
11850	0.271423	-0.19926	-0.425618
11860	0.271442	-0.199298	-0.425666
11870	0.271462	-0.199335	-0.425715
11880	0.271481	-0.19937	-0.425763
11890	0.2715	-0.199401	-0.425812
11900	0.27152	-0.199428	-0.425861
11910	0.271539	-0.19945	-0.42591
11920	0.271557	-0.199466	-0.425958
11930	0.271576	-0.199478	-0.426005
11940	0.271594	-0.199485	-0.426051
11950	0.271613	-0.199488	-0.426095
11960	0.27163	-0.199487	-0.426136
11970	0.271648	-0.199484	-0.426175
11980	0.271665	-0.199481	-0.426209
11990	0.271682	-0.199477	-0.426239
12000	0.271697	-0.199476	-0.426264
12010	0.271713	-0.199477	-0.426282
12020	0.271727	-0.199483	-0.426293
12030	0.27174	-0.199493	-0.426296
12040	0.271752	-0.199508	-0.426292
12050	0.271763	-0.19953	-0.426281
12060	0.271773	-0.199557	-0.426262
12070	0.271783	-0.199591	-0.426237
12080	0.271792	-0.199631	-0.426207
12090	0.271801	-0.199675	-0.426172
12100	0.271809	-0.199723	-0.426134
12110	0.271818	-0.199772	-0.426094
12120	0.271827	-0.199823	-0.426053
12130	0.271836	-0.199873	-0.426013
12140	0.271845	-0.19992	-0.425976
12150	0.271855	-0.199963	-0.425941
12160	0.271867	-0.2	-0.425912
12170	0.271879	-0.200029	-0.425889
12180	0.271893	-0.200048	-0.425874
12190	0.271907	-0.200057	-0.425867
12200	0.271924	-0.200053	-0.42587
12210	0.271941	-0.200038	-0.425884
12220	0.271961	-0.20001	-0.42591
12230	0.271982	-0.19997	-0.425947
12240	0.272004	-0.199919	-0.425996
12250	0.272028	-0.199857	-0.426057
12260	0.272054	-0.199787	-0.42613
12270	0.27208	-0.199708	-0.426214
12280	0.272108	-0.199623	-0.426309
12290	0.272136	-0.199534	-0.426413
12300	0.272166	-0.199443	-0.426526
12310	0.272196	-0.199352	-0.426647
12320	0.272227	-0.199263	-0.426775
12330	0.272259	-0.19918	-0.42691
12340	0.272291	-0.199103	-0.427051
12350	0.272324	-0.199033	-0.427197
12360	0.272357	-0.198972	-0.427347
12370	0.27239	-0.198921	-0.427499
12380	0.272424	-0.198881	-0.427653
12390	0.272458	-0.198851	-0.427807
12400	0.272493	-0.198833	-0.427959
12410	0.272527	-0.198826	-0.428109
12420	0.272561	-0.19883	-0.428255
12430	0.272596	-0.198844	-0.428398
12440	0.27263	-0.198869	-0.428535
12450	0.272663	-0.198901	-0.428668
12460	0.272697	-0.19894	-0.428795
12470	0.272729	-0.198983	-0.428916
12480	0.272761	-0.199029	-0.429032
12490	0.272793	-0.199076	-0.429143
12500	0.272823	-0.199121	-0.429248
12510	0.272852	-0.199164	-0.429348
12520	0.27288	-0.199203	-0.429443
12530	0.272908	-0.199237	-0.429533
12540	0.272934	-0.199263	-0.429618
12550	0.27296	-0.199283	-0.429699
12560	0.272984	-0.199294	-0.429776
12570	0.273008	-0.199297	-0.42985
12580	0.27303	-0.199293	-0.429922
12590	0.273052	-0.199281	-0.42999
12600	0.273073	-0.199263	-0.430056
12610	0.273094	-0.19924	-0.430121
12620	0.273115	-0.199213	-0.430183
12630	0.273135	-0.199183	-0.430244
12640	0.273155	-0.199152	-0.430303
12650	0.273176	-0.199122	-0.430361
12660	0.273196	-0.199093	-0.430416
12670	0.273217	-0.199067	-0.430468
12680	0.273238	-0.199045	-0.430518
12690	0.273259	-0.199027	-0.430565
12700	0.273281	-0.199015	-0.430607
12710	0.273302	-0.199009	-0.430646
12720	0.273323	-0.19901	-0.43068
12730	0.273344	-0.199017	-0.430709
12740	0.273364	-0.199031	-0.430734
12750	0.273384	-0.199051	-0.430753
12760	0.273402	-0.199077	-0.430768
12770	0.27342	-0.19911	-0.430778
12780	0.273437	-0.199148	-0.430783
12790	0.273452	-0.19919	-0.430783
12800	0.273466	-0.199237	-0.430779
12810	0.273478	-0.199288	-0.430771
12820	0.273489	-0.199341	-0.430759
12830	0.273499	-0.199396	-0.430745
12840	0.273507	-0.199452	-0.430728
12850	0.273513	-0.199509	-0.43071
12860	0.27352	-0.199567	-0.430693
12870	0.273527	-0.199626	-0.430681
12880	0.273533	-0.199684	-0.430674
12890	0.273539	-0.199741	-0.430672
12900	0.273546	-0.199796	-0.430677
12910	0.273552	-0.199847	-0.430689
12920	0.27356	-0.199896	-0.430707
12930	0.273567	-0.199941	-0.430731
12940	0.273576	-0.199982	-0.43076
12950	0.273585	-0.200021	-0.430794
12960	0.273594	-0.20006	-0.43083
12970	0.273604	-0.200099	-0.430867
12980	0.273614	-0.20014	-0.430903
12990	0.273624	-0.200185	-0.430937
13000	0.273634	-0.200236	-0.430966
13010	0.273645	-0.200291	-0.430991
13020	0.273656	-0.200354	-0.431008
13030	0.273666	-0.200422	-0.431017
13040	0.273677	-0.200496	-0.431018
13050	0.273687	-0.200575	-0.43101
13060	0.273697	-0.200656	-0.430994
13070	0.273707	-0.200739	-0.430969
13080	0.273717	-0.20082	-0.430936
13090	0.273726	-0.200899	-0.430897
13100	0.273735	-0.200972	-0.430852
13110	0.273744	-0.201037	-0.430804
13120	0.273753	-0.201092	-0.430753
13130	0.273761	-0.201135	-0.430702
13140	0.27377	-0.201165	-0.430652
13150	0.273778	-0.201181	-0.430605
13160	0.273786	-0.201184	-0.430562
13170	0.273794	-0.201174	-0.430525
13180	0.273802	-0.201152	-0.430494
13190	0.27381	-0.20112	-0.430471
13200	0.273817	-0.201079	-0.430456
13210	0.273825	-0.201032	-0.43045
13220	0.273832	-0.200981	-0.430452
13230	0.27384	-0.200929	-0.430463
13240	0.273848	-0.200879	-0.430483
13250	0.273857	-0.200834	-0.430509
13260	0.273866	-0.200794	-0.430543
13270	0.273875	-0.200763	-0.430582
13280	0.273885	-0.200741	-0.430626
13290	0.273896	-0.200728	-0.430674
13300	0.273908	-0.200725	-0.430725
13310	0.273921	-0.20073	-0.430778
13320	0.273934	-0.200742	-0.430833
13330	0.273948	-0.200762	-0.430889
13340	0.273963	-0.200788	-0.430945
13350	0.273979	-0.200819	-0.431001
13360	0.273995	-0.200854	-0.431058
13370	0.274013	-0.200892	-0.431115
13380	0.274031	-0.200931	-0.431172
13390	0.27405	-0.200972	-0.43123
13400	0.27407	-0.201013	-0.431289
13410	0.274091	-0.201052	-0.431349
13420	0.274113	-0.20109	-0.431412
13430	0.274135	-0.201124	-0.431476
13440	0.274158	-0.201154	-0.431543
13450	0.274181	-0.20118	-0.431613
13460	0.274205	-0.201201	-0.431687
13470	0.274229	-0.201217	-0.431764
13480	0.274253	-0.201228	-0.431844
13490	0.274278	-0.201233	-0.431929
13500	0.274303	-0.201234	-0.432018
13510	0.274328	-0.20123	-0.432111
13520	0.274353	-0.201221	-0.432208
13530	0.274379	-0.201208	-0.432309
13540	0.274404	-0.201192	-0.432415
13550	0.27443	-0.201173	-0.432525
13560	0.274455	-0.201152	-0.432639
13570	0.274481	-0.201131	-0.432758
13580	0.274507	-0.201108	-0.432879
13590	0.274533	-0.201086	-0.433005
13600	0.274559	-0.201065	-0.433133
13610	0.274585	-0.201045	-0.433265
13620	0.274612	-0.201026	-0.433398
13630	0.274638	-0.201009	-0.433533
13640	0.274666	-0.200993	-0.433669
13650	0.274693	-0.20098	-0.433805
13660	0.274721	-0.200969	-0.43394
13670	0.274749	-0.200961	-0.434075
13680	0.274778	-0.200956	-0.434209
13690	0.274807	-0.200955	-0.43434
13700	0.274836	-0.200957	-0.434468
13710	0.274865	-0.200963	-0.434592
13720	0.274894	-0.200972	-0.434713
13730	0.274923	-0.200986	-0.434829
13740	0.274953	-0.201	-0.434942
13750	0.274983	-0.201017	-0.435052
13760	0.275013	-0.201036	-0.435158
13770	0.275044	-0.201058	-0.43526
13780	0.275076	-0.201082	-0.435357
13790	0.275108	-0.201108	-0.43545
13800	0.27514	-0.201134	-0.435538
13810	0.275173	-0.201162	-0.435622
13820	0.275206	-0.20119	-0.4357
13830	0.275239	-0.20122	-0.435774
13840	0.275273	-0.201251	-0.435843
13850	0.275306	-0.201283	-0.435908
13860	0.27534	-0.201316	-0.435968
13870	0.275374	-0.20135	-0.436025
13880	0.275408	-0.201386	-0.436078
13890	0.275441	-0.201423	-0.436128
13900	0.275475	-0.201461	-0.436176
13910	0.275509	-0.201501	-0.43622
13920	0.275542	-0.201542	-0.436261
13930	0.275575	-0.201585	-0.4363
13940	0.275608	-0.201629	-0.436337
13950	0.27564	-0.201674	-0.436372
13960	0.275673	-0.201721	-0.436405
13970	0.275704	-0.20177	-0.436435
13980	0.275735	-0.20182	-0.436464
13990	0.275766	-0.20187	-0.436491
14000	0.275796	-0.201922	-0.436517
14010	0.275825	-0.201975	-0.436541
14020	0.275854	-0.202028	-0.436564
14030	0.275882	-0.202081	-0.436585
14040	0.275909	-0.202134	-0.436607
14050	0.275936	-0.202187	-0.436627
14060	0.275963	-0.20224	-0.436648
14070	0.275989	-0.202292	-0.436669
14080	0.276014	-0.202343	-0.436691
14090	0.276039	-0.202392	-0.436714
14100	0.276062	-0.202441	-0.436738
14110	0.276086	-0.202488	-0.436764
14120	0.276108	-0.202534	-0.436793
14130	0.276131	-0.202578	-0.436823
14140	0.276153	-0.202622	-0.436857
14150	0.276174	-0.202665	-0.436894
14160	0.276196	-0.202707	-0.436934
14170	0.276217	-0.20275	-0.436977
14180	0.276239	-0.202793	-0.437024
14190	0.276261	-0.202837	-0.437075
14200	0.276283	-0.202882	-0.437129
14210	0.276305	-0.202928	-0.437186
14220	0.276328	-0.202975	-0.437247
14230	0.276352	-0.203023	-0.437311
14240	0.276376	-0.203072	-0.437377
14250	0.276402	-0.203121	-0.437446
14260	0.276428	-0.203171	-0.437518
14270	0.276455	-0.20322	-0.437591
14280	0.276483	-0.203269	-0.437666
14290	0.276512	-0.203317	-0.43774
14300	0.276541	-0.203364	-0.437815
14310	0.276571	-0.20341	-0.437889
14320	0.2766	-0.203455	-0.437961
14330	0.27663	-0.203499	-0.438031
14340	0.276659	-0.20354	-0.438099
14350	0.276687	-0.20358	-0.438163
14360	0.276715	-0.203616	-0.438224
14370	0.276741	-0.203649	-0.438282
14380	0.276766	-0.203678	-0.438336
14390	0.276789	-0.203704	-0.438386
14400	0.27681	-0.203726	-0.438433
14410	0.27683	-0.203744	-0.438477
14420	0.276847	-0.203758	-0.438518
14430	0.276862	-0.203768	-0.438556
14440	0.276875	-0.203775	-0.438592
14450	0.276887	-0.203779	-0.438627
14460	0.276896	-0.20378	-0.438661
14470	0.276904	-0.203778	-0.438695
14480	0.27691	-0.203774	-0.438728
14490	0.276915	-0.203768	-0.438761
14500	0.276918	-0.20376	-0.438794
14510	0.27692	-0.203752	-0.438827
14520	0.276922	-0.203743	-0.43886
14530	0.276922	-0.203733	-0.438892
14540	0.276922	-0.203723	-0.438924
14550	0.276922	-0.203712	-0.438956
14560	0.276923	-0.203702	-0.438987
14570	0.276923	-0.203691	-0.439017
14580	0.276924	-0.203681	-0.439047
14590	0.276925	-0.203671	-0.439076
14600	0.276927	-0.203662	-0.439104
14610	0.27693	-0.203653	-0.439132
14620	0.276934	-0.203646	-0.43916
14630	0.276938	-0.20364	-0.439188
14640	0.276944	-0.203635	-0.439215
14650	0.276951	-0.203633	-0.439243
14660	0.276958	-0.203633	-0.439271
14670	0.276967	-0.203636	-0.4393
14680	0.276976	-0.203643	-0.439329
14690	0.276987	-0.203652	-0.439359
14700	0.276998	-0.203665	-0.43939
14710	0.27701	-0.203681	-0.439422
14720	0.277023	-0.203701	-0.439455
14730	0.277037	-0.203724	-0.439489
14740	0.277052	-0.20375	-0.439525
14750	0.277067	-0.203778	-0.439561
14760	0.277084	-0.203808	-0.439599
14770	0.2771	-0.203839	-0.439638
14780	0.277118	-0.20387	-0.439678
14790	0.277135	-0.203901	-0.439719
14800	0.277153	-0.20393	-0.439761
14810	0.277171	-0.203957	-0.439803
14820	0.277189	-0.203982	-0.439845
14830	0.277208	-0.204003	-0.439889
14840	0.277226	-0.204021	-0.439932
14850	0.277244	-0.204036	-0.439977
14860	0.277261	-0.204047	-0.440022
14870	0.277278	-0.204055	-0.440068
14880	0.277295	-0.204061	-0.440116
14890	0.277311	-0.204064	-0.440165
14900	0.277326	-0.204066	-0.440215
14910	0.277341	-0.204067	-0.440267
14920	0.277355	-0.204067	-0.440321
14930	0.277368	-0.204069	-0.440377
14940	0.277381	-0.204072	-0.440434
14950	0.277395	-0.204078	-0.440493
14960	0.277411	-0.204087	-0.440552
14970	0.277428	-0.204099	-0.440612
14980	0.277448	-0.204115	-0.440672
14990	0.277472	-0.204136	-0.440731
15000	0.277498	-0.204162	-0.44079
15010	0.277527	-0.204191	-0.440848
15020	0.277558	-0.204224	-0.440906
15030	0.277593	-0.20426	-0.440963
15040	0.277634	-0.204298	-0.441018
15050	0.27768	-0.204338	-0.44107
15060	0.277731	-0.204377	-0.441121
15070	0.277785	-0.204416	-0.44117
15080	0.27784	-0.204454	-0.441219
15090	0.277896	-0.204489	-0.441268
15100	0.277952	-0.204522	-0.441316
15110	0.278006	-0.20455	-0.441365
15120	0.278056	-0.204575	-0.441415
15130	0.278103	-0.204595	-0.441467
15140	0.278146	-0.204611	-0.44152
15150	0.278183	-0.204624	-0.441574
15160	0.278215	-0.204633	-0.441631
15170	0.278241	-0.20464	-0.44169
15180	0.278262	-0.204645	-0.44175
15190	0.278278	-0.20465	-0.441812
15200	0.278288	-0.204657	-0.441875
15210	0.278293	-0.204665	-0.441938
15220	0.278299	-0.204677	-0.442
15230	0.278306	-0.204692	-0.44206
15240	0.278314	-0.204713	-0.442117
15250	0.278324	-0.204738	-0.442171
15260	0.278335	-0.204767	-0.442222
15270	0.278347	-0.204799	-0.442271
15280	0.278361	-0.204835	-0.442316
15290	0.278376	-0.204873	-0.442359
15300	0.278393	-0.204913	-0.442397
15310	0.278412	-0.204954	-0.442431
15320	0.278431	-0.204996	-0.442461
15330	0.278452	-0.205037	-0.442486
15340	0.278474	-0.205077	-0.442507
15350	0.278496	-0.205113	-0.442523
15360	0.278518	-0.205145	-0.442534
15370	0.278541	-0.205172	-0.442541
15380	0.278562	-0.205194	-0.442544
15390	0.278584	-0.205212	-0.442543
15400	0.278604	-0.205224	-0.442538
15410	0.278624	-0.205231	-0.442531
15420	0.278642	-0.205233	-0.442522
15430	0.278659	-0.20523	-0.442513
15440	0.278674	-0.205224	-0.442503
15450	0.278687	-0.205215	-0.442494
15460	0.278699	-0.205203	-0.442487
15470	0.27871	-0.20519	-0.442482
15480	0.278719	-0.205177	-0.44248
15490	0.278726	-0.205165	-0.442482
15500	0.278732	-0.205155	-0.442488
15510	0.278737	-0.205147	-0.442499
15520	0.278742	-0.205143	-0.442514
15530	0.278746	-0.205144	-0.442534
15540	0.27875	-0.205149	-0.442559
15550	0.278754	-0.205158	-0.442588
15560	0.27876	-0.205172	-0.442622
15570	0.278767	-0.20519	-0.442659
15580	0.278775	-0.205211	-0.4427
15590	0.278784	-0.205236	-0.442743
15600	0.278795	-0.205263	-0.442788
15610	0.278807	-0.205292	-0.442836
15620	0.278822	-0.205324	-0.442884
15630	0.278837	-0.205356	-0.442934
15640	0.278855	-0.205391	-0.442984
15650	0.278873	-0.205426	-0.443035
15660	0.278893	-0.205462	-0.443087
15670	0.278913	-0.205497	-0.443139
15680	0.278934	-0.205533	-0.443191
15690	0.278955	-0.205568	-0.443244
15700	0.278976	-0.205601	-0.443297
15710	0.278997	-0.205632	-0.44335
15720	0.279018	-0.20566	-0.443403
15730	0.279038	-0.205683	-0.443457
15740	0.279058	-0.205701	-0.44351
15750	0.279074	-0.205714	-0.443563
15760	0.279087	-0.205719	-0.443613
15770	0.279097	-0.205716	-0.443662
15780	0.279103	-0.205704	-0.44371
15790	0.279107	-0.205684	-0.443755
15800	0.279108	-0.205654	-0.4438
15810	0.279107	-0.205616	-0.443843
15820	0.279105	-0.20557	-0.443886
15830	0.279101	-0.205517	-0.443929
15840	0.279096	-0.20546	-0.443971
15850	0.279092	-0.205401	-0.444014
15860	0.279087	-0.205343	-0.444057
15870	0.279084	-0.205289	-0.444101
15880	0.279081	-0.205241	-0.444145
15890	0.279079	-0.205202	-0.44419
15900	0.27908	-0.205173	-0.444236
15910	0.279084	-0.205156	-0.444283
15920	0.279092	-0.205151	-0.444329
15930	0.279106	-0.205159	-0.444376
15940	0.279125	-0.20518	-0.444422
15950	0.27915	-0.205214	-0.444468
15960	0.279179	-0.205259	-0.444514
15970	0.279213	-0.205314	-0.444561
15980	0.279249	-0.205377	-0.444609
15990	0.279286	-0.205446	-0.444658
16000	0.279322	-0.205519	-0.444709
16010	0.279356	-0.205592	-0.444762
16020	0.279386	-0.205664	-0.444818
16030	0.27941	-0.205731	-0.444878
16040	0.279429	-0.205792	-0.44494
16050	0.279448	-0.205846	-0.445001
16060	0.279466	-0.205891	-0.445063
16070	0.279484	-0.205926	-0.445123
16080	0.279502	-0.205951	-0.445183
16090	0.27952	-0.205967	-0.445242
16100	0.279538	-0.205975	-0.4453
16110	0.279556	-0.205975	-0.445356
16120	0.279574	-0.205969	-0.445411
16130	0.279593	-0.205958	-0.445465
16140	0.279612	-0.205944	-0.445518
16150	0.279631	-0.205928	-0.445569
16160	0.279651	-0.205911	-0.445618
16170	0.279672	-0.205895	-0.445667
16180	0.279693	-0.205882	-0.445714
16190	0.279715	-0.205872	-0.44576
16200	0.279738	-0.205865	-0.445805
16210	0.279762	-0.205864	-0.445849
16220	0.279786	-0.205867	-0.445892
16230	0.279811	-0.205874	-0.445934
16240	0.279836	-0.205886	-0.445976
16250	0.279861	-0.205901	-0.446016
16260	0.279887	-0.205919	-0.446056
16270	0.279912	-0.205938	-0.446096
16280	0.279937	-0.205957	-0.446135
16290	0.279961	-0.205975	-0.446173
16300	0.279985	-0.205991	-0.446212
16310	0.280008	-0.206003	-0.44625
16320	0.280029	-0.206011	-0.446288
16330	0.28005	-0.206013	-0.446326
16340	0.28007	-0.206009	-0.446363
16350	0.280088	-0.206	-0.446401
16360	0.280105	-0.205985	-0.446439
16370	0.280121	-0.205966	-0.446477
16380	0.280137	-0.205943	-0.446515
16390	0.280151	-0.205918	-0.446552
16400	0.280164	-0.205892	-0.446589
16410	0.280177	-0.205866	-0.446625
16420	0.280189	-0.205841	-0.446661
16430	0.2802	-0.205819	-0.446695
16440	0.280211	-0.2058	-0.446729
16450	0.280222	-0.205786	-0.446761
16460	0.280233	-0.205777	-0.446792
16470	0.280243	-0.205773	-0.446821
16480	0.280253	-0.205776	-0.446849
16490	0.280264	-0.205784	-0.446876
16500	0.280274	-0.205799	-0.446901
16510	0.280285	-0.205819	-0.446924
16520	0.280296	-0.205845	-0.446945
16530	0.280307	-0.205876	-0.446964
16540	0.280318	-0.205912	-0.44698
16550	0.28033	-0.205952	-0.446994
16560	0.280341	-0.205994	-0.447005
16570	0.280353	-0.206037	-0.447013
16580	0.280365	-0.20608	-0.447018
16590	0.280377	-0.206122	-0.44702
16600	0.280389	-0.206161	-0.44702
16610	0.280401	-0.206197	-0.447016
16620	0.280413	-0.206229	-0.44701
16630	0.280426	-0.206256	-0.447001
16640	0.280438	-0.206277	-0.446989
16650	0.28045	-0.206292	-0.446976
16660	0.280462	-0.206301	-0.446961
16670	0.280474	-0.206303	-0.446944
16680	0.280486	-0.206299	-0.446925
16690	0.280497	-0.20629	-0.446905
16700	0.280509	-0.206276	-0.446884
16710	0.28052	-0.206257	-0.446861
16720	0.280531	-0.206235	-0.446838
16730	0.280541	-0.20621	-0.446813
16740	0.280552	-0.206184	-0.446787
16750	0.280562	-0.206158	-0.44676
16760	0.280571	-0.206131	-0.446732
16770	0.280581	-0.206105	-0.446703
16780	0.28059	-0.206082	-0.446674
16790	0.280599	-0.206061	-0.446645
16800	0.280608	-0.206043	-0.446616
16810	0.280616	-0.206029	-0.446587
16820	0.280624	-0.20602	-0.446558
16830	0.280632	-0.206015	-0.446531
16840	0.28064	-0.206016	-0.446505
16850	0.280646	-0.206022	-0.446481
16860	0.280652	-0.206032	-0.446459
16870	0.280656	-0.206046	-0.446439
16880	0.28066	-0.206062	-0.446422
16890	0.280663	-0.206081	-0.446409
16900	0.280666	-0.206102	-0.4464
16910	0.280668	-0.206123	-0.446395
16920	0.28067	-0.206144	-0.446395
16930	0.280673	-0.206165	-0.4464
16940	0.280676	-0.206185	-0.44641
16950	0.28068	-0.206203	-0.446424
16960	0.280684	-0.206221	-0.446444
16970	0.28069	-0.206236	-0.446468
16980	0.280697	-0.20625	-0.446496
16990	0.280706	-0.206263	-0.446528
17000	0.280716	-0.206274	-0.446564
17010	0.280728	-0.206283	-0.446604
17020	0.280741	-0.206292	-0.446647
17030	0.280756	-0.2063	-0.446693
17040	0.280772	-0.206307	-0.446742
17050	0.28079	-0.206313	-0.446793
17060	0.280808	-0.206319	-0.446846
17070	0.280828	-0.206325	-0.446902
17080	0.280849	-0.206332	-0.446959
17090	0.28087	-0.206338	-0.447017
17100	0.280892	-0.206346	-0.447078
17110	0.280914	-0.206354	-0.447139
17120	0.280936	-0.206365	-0.447202
17130	0.280959	-0.206378	-0.447265
17140	0.280981	-0.206393	-0.44733
17150	0.281003	-0.206409	-0.447395
17160	0.281025	-0.206428	-0.44746
17170	0.281047	-0.206448	-0.447525
17180	0.281068	-0.20647	-0.447589
17190	0.281089	-0.206493	-0.447652
17200	0.281109	-0.206517	-0.447715
17210	0.281129	-0.206541	-0.447776
17220	0.281148	-0.206565	-0.447837
17230	0.281167	-0.206588	-0.447895
17240	0.281185	-0.206609	-0.447953
17250	0.281203	-0.206629	-0.448008
17260	0.281219	-0.206647	-0.448063
17270	0.281235	-0.206662	-0.448115
17280	0.281251	-0.206675	-0.448167
17290	0.281266	-0.206684	-0.448216
17300	0.28128	-0.20669	-0.448265
17310	0.281294	-0.206693	-0.448312
17320	0.281307	-0.206692	-0.448359
17330	0.28132	-0.206689	-0.448404
17340	0.281333	-0.206683	-0.448449
17350	0.281346	-0.206675	-0.448493
17360	0.281359	-0.206665	-0.448536
17370	0.281372	-0.206654	-0.448578
17380	0.281385	-0.206643	-0.44862
17390	0.281399	-0.206632	-0.448661
17400	0.281412	-0.206623	-0.4487
17410	0.281426	-0.206615	-0.448738
17420	0.281439	-0.20661	-0.448774
17430	0.281453	-0.206608	-0.448809
17440	0.281467	-0.20661	-0.448842
17450	0.281481	-0.206616	-0.448873
17460	0.281495	-0.206626	-0.448901
17470	0.281509	-0.20664	-0.448927
17480	0.281523	-0.206658	-0.44895
17490	0.281536	-0.20668	-0.448971
17500	0.281549	-0.206705	-0.44899
17510	0.281561	-0.206732	-0.449007
17520	0.281573	-0.20676	-0.449022
17530	0.281585	-0.206789	-0.449036
17540	0.281596	-0.206816	-0.449048
17550	0.281606	-0.206842	-0.44906
17560	0.281616	-0.206864	-0.449072
17570	0.281626	-0.206883	-0.449083
17580	0.281634	-0.206897	-0.449095
17590	0.281642	-0.206906	-0.449107
17600	0.28165	-0.206909	-0.44912
17610	0.281657	-0.206906	-0.449134
17620	0.281663	-0.206898	-0.449149
17630	0.281669	-0.206886	-0.449166
17640	0.281675	-0.20687	-0.449183
17650	0.281681	-0.206852	-0.449202
17660	0.281686	-0.206833	-0.449221
17670	0.281691	-0.206815	-0.449242
17680	0.281696	-0.206799	-0.449263
17690	0.281701	-0.206787	-0.449285
17700	0.281706	-0.206779	-0.449307
17710	0.281711	-0.206775	-0.449329
17720	0.281717	-0.206777	-0.44935
17730	0.281723	-0.206784	-0.449372
17740	0.28173	-0.206796	-0.449393
17750	0.281738	-0.206812	-0.449414
17760	0.281747	-0.206831	-0.449435
17770	0.281756	-0.206852	-0.449454
17780	0.281765	-0.206874	-0.449474
17790	0.281775	-0.206896	-0.449493
17800	0.281784	-0.206916	-0.449511
17810	0.281793	-0.206934	-0.449529
17820	0.281802	-0.206948	-0.449547
17830	0.281812	-0.206959	-0.449564
17840	0.281821	-0.206966	-0.44958
17850	0.28183	-0.206969	-0.449596
17860	0.281839	-0.206969	-0.449611
17870	0.281847	-0.206966	-0.449626
17880	0.281856	-0.20696	-0.44964
17890	0.281864	-0.206952	-0.449654
17900	0.281872	-0.206944	-0.449668
17910	0.281881	-0.206935	-0.449681
17920	0.281889	-0.206928	-0.449693
17930	0.281899	-0.206924	-0.449707
17940	0.281909	-0.206924	-0.449723
17950	0.28192	-0.206929	-0.44974
17960	0.281932	-0.20694	-0.449759
17970	0.281945	-0.206957	-0.44978
17980	0.281958	-0.20698	-0.449803
17990	0.281973	-0.20701	-0.449828
18000	0.281989	-0.207047	-0.449853
