0	0	0	0
10	-1.26094	-3.4926	0
20	-5.2549	-14.5552	0
30	-11.8408	-32.7969	0
40	-20.7919	-57.5899	0
50	-31.8086	-88.1044	0
60	-44.5366	-123.359	0
70	-58.5875	-162.277	0
80	-73.5614	-203.752	0
90	-89.0694	-246.707	0
100	-104.754	-290.15	0
110	-120.307	-333.229	0
120	-135.484	-375.266	0
130	-150.111	-415.78	0
140	-164.091	-454.503	0
150	-177.4	-491.367	0
160	-190.081	-526.493	0
170	-202.234	-560.154	0
180	-214	-592.742	0
190	-225.544	-624.717	0
200	-237.041	-656.563	0
210	-248.66	-688.746	0
220	-260.546	-721.666	0
230	-272.809	-755.633	0
240	-285.52	-790.842	0
250	-298.705	-827.36	0
260	-312.341	-865.131	0
270	-326.369	-903.985	0
280	-340.692	-943.658	0
290	-355.193	-983.823	0
300	-369.742	-1024.12	0
310	-384.211	-1064.2	0
320	-398.481	-1103.72	0
330	-412.459	-1142.44	0
340	-426.079	-1180.17	0
350	-439.313	-1216.82	0
360	-452.167	-1252.42	0
370	-464.681	-1287.09	0
380	-476.927	-1321	0
390	-488.998	-1354.44	0
400	-501	-1387.68	0
410	-513.044	-1421.04	0
420	-525.234	-1454.81	0
430	-537.658	-1489.22	0
440	-550.381	-1524.46	0
450	-563.439	-1560.63	0
460	-576.838	-1597.74	0
470	-590.551	-1635.72	0
480	-604.526	-1674.43	0
490	-618.684	-1713.65	0
500	-632.935	-1753.12	0
510	-647.179	-1792.57	0
520	-661.318	-1831.74	0
530	-675.263	-1870.36	0
540	-688.943	-1908.25	0
550	-702.309	-1945.27	0
560	-715.339	-1981.36	0
570	-728.034	-2016.53	0
580	-740.424	-2050.85	0
590	-752.556	-2084.45	0
600	-764.493	-2117.51	0
610	-776.303	-2150.22	0
620	-788.053	-2182.77	0
630	-799.802	-2215.31	0
640	-811.587	-2247.95	0
650	-823.423	-2280.74	0
660	-835.297	-2313.63	0
670	-847.163	-2346.5	0
680	-858.945	-2379.13	0
690	-870.537	-2411.24	0
700	-881.808	-2442.45	0
710	-892.61	-2472.37	0
720	-902.783	-2500.55	0
730	-912.163	-2526.53	0
740	-920.591	-2549.88	0
750	-927.919	-2570.17	0
760	-934.015	-2587.06	0
770	-938.768	-2600.22	0
780	-942.091	-2609.43	0
790	-943.918	-2614.49	0
800	-944.205	-2615.28	0
810	-942.987	-2611.45	0
820	-940.472	-2602.67	0
830	-936.67	-2588.99	0
840	-931.595	-2570.48	0
850	-925.269	-2547.28	0
860	-917.719	-2519.53	0
870	-908.978	-2487.39	0
880	-899.085	-2451.06	0
890	-888.088	-2410.74	0
900	-876.047	-2366.71	0
910	-863.036	-2319.26	0
920	-849.148	-2268.77	0
930	-834.5	-2215.68	0
940	-819.228	-2160.5	0
950	-803.491	-2103.83	0
960	-787.468	-2046.32	0
970	-771.351	-1988.66	0
980	-755.343	-1931.57	0
990	-739.64	-1875.75	0
1000	-724.429	-1821.86	0
1010	-709.874	-1770.43	0
1020	-696.116	-1721.94	0
1030	-683.265	-1676.69	0
1040	-671.399	-1634.87	0
1050	-660.556	-1596.47	0
1060	-650.734	-1561.34	0
1070	-641.895	-1529.15	0
1080	-633.96	-1499.45	0
1090	-626.819	-1471.64	0
1100	-620.328	-1445.04	0
1110	-614.321	-1418.91	0
1120	-608.62	-1392.51	0
1130	-603.045	-1365.14	0
1140	-597.425	-1336.19	0
1150	-591.607	-1305.19	0
1160	-585.462	-1271.81	0
1170	-578.894	-1235.91	0
1180	-571.844	-1197.53	0
1190	-564.285	-1156.88	0
1200	-556.226	-1114.31	0
1210	-547.706	-1070.33	0
1220	-538.788	-1025.49	0
1230	-529.553	-980.413	0
1240	-520.091	-935.698	0
1250	-510.498	-891.906	0
1260	-500.864	-849.515	0
1270	-491.275	-808.896	0
1280	-481.802	-770.295	0
1290	-472.508	-733.829	0
1300	-463.444	-699.491	0
1310	-454.65	-667.171	0
1320	-446.162	-636.677	0
1330	-438.012	-607.768	0
1340	-430.232	-580.184	0
1350	-422.859	-553.685	0
1360	-415.936	-528.076	0
1370	-409.515	-503.234	0
1380	-403.654	-479.127	0
1390	-398.419	-455.818	0
1400	-393.88	-433.47	0
1410	-390.106	-412.33	0
1420	-387.161	-392.713	0
1430	-385.1	-374.981	0
1440	-383.961	-359.507	0
1450	-383.766	-346.652	0
1460	-384.514	-336.743	0
1470	-386.181	-330.043	0
1480	-388.718	-326.731	0
1490	-392.054	-326.892	0
1500	-396.099	-330.51	0
1510	-400.745	-337.475	0
1520	-405.875	-347.596	0
1530	-411.369	-360.611	0
1540	-417.108	-376.217	0
1550	-422.983	-394.085	0
1560	-428.899	-413.891	0
1570	-434.778	-435.334	0
1580	-440.567	-458.155	0
1590	-446.234	-482.152	0
1600	-451.772	-507.183	0
1610	-457.193	-533.17	0
1620	-462.53	-560.092	0
1630	-467.828	-587.976	0
1640	-473.143	-616.883	0
1650	-478.536	-646.891	0
1660	-484.068	-678.08	0
1670	-489.798	-710.518	0
1680	-495.779	-744.249	0
1690	-502.056	-779.283	0
1700	-508.666	-815.596	0
1710	-515.638	-853.13	0
1720	-522.993	-891.793	0
1730	-530.749	-931.473	0
1740	-538.916	-972.045	0
1750	-547.502	-1013.38	0
1760	-556.513	-1055.35	0
1770	-565.952	-1097.83	0
1780	-575.815	-1140.74	0
1790	-586.096	-1183.97	0
1800	-596.78	-1227.45	0
1810	-607.839	-1271.09	0
1820	-619.234	-1314.82	0
1830	-630.91	-1358.54	0
1840	-642.793	-1402.12	0
1850	-654.795	-1445.43	0
1860	-666.813	-1488.28	0
1870	-678.732	-1530.49	0
1880	-690.43	-1571.85	0
1890	-701.784	-1612.13	0
1900	-712.678	-1651.12	0
1910	-723.008	-1688.65	0
1920	-732.692	-1724.58	0
1930	-741.672	-1758.81	0
1940	-749.919	-1791.33	0
1950	-757.436	-1822.2	0
1960	-764.259	-1851.54	0
1970	-770.451	-1879.53	0
1980	-776.099	-1906.4	0
1990	-781.305	-1932.42	0
2000	-786.178	-1957.83	0
2010	-790.828	-1982.87	0
2020	-795.351	-2007.71	0
2030	-799.826	-2032.45	0
2040	-804.304	-2057.12	0
2050	-808.805	-2081.61	0
2060	-813.313	-2105.75	0
2070	-817.779	-2129.21	0
2080	-822.123	-2151.64	0
2090	-826.241	-2172.6	0
2100	-830.021	-2191.64	0
2110	-833.343	-2208.32	0
2120	-836.086	-2222.21	0
2130	-838.137	-2232.94	0
2140	-839.396	-2240.25	0
2150	-839.794	-2243.96	0
2160	-839.297	-2244.06	0
2170	-837.906	-2240.64	0
2180	-835.661	-2233.95	0
2190	-832.625	-2224.31	0
2200	-828.888	-2212.12	0
2210	-824.555	-2197.86	0
2220	-819.747	-2181.98	0
2230	-814.59	-2164.95	0
2240	-809.212	-2147.18	0
2250	-803.73	-2129.02	0
2260	-798.249	-2110.74	0
2270	-792.858	-2092.51	0
2280	-787.622	-2074.4	0
2290	-782.579	-2056.37	0
2300	-777.738	-2038.3	0
2310	-773.079	-2019.95	0
2320	-768.558	-2001.05	0
2330	-764.113	-1981.32	0
2340	-759.668	-1960.45	0
2350	-755.142	-1938.19	0
2360	-750.456	-1914.33	0
2370	-745.54	-1888.76	0
2380	-740.337	-1861.45	0
2390	-734.811	-1832.47	0
2400	-728.939	-1801.97	0
2410	-722.722	-1770.18	0
2420	-716.173	-1737.36	0
2430	-709.319	-1703.8	0
2440	-702.197	-1669.81	0
2450	-694.845	-1635.63	0
2460	-687.302	-1601.47	0
2470	-679.6	-1567.47	0
2480	-671.766	-1533.69	0
2490	-663.82	-1500.13	0
2500	-655.773	-1466.71	0
2510	-647.633	-1433.33	0
2520	-639.406	-1399.84	0
2530	-631.099	-1366.13	0
2540	-622.726	-1332.08	0
2550	-614.313	-1297.67	0
2560	-605.899	-1262.94	0
2570	-597.536	-1228.01	0
2580	-589.293	-1193.09	0
2590	-581.25	-1158.49	0
2600	-573.497	-1124.56	0
2610	-566.124	-1091.72	0
2620	-559.22	-1060.36	0
2630	-552.862	-1030.89	0
2640	-547.107	-1003.61	0
2650	-541.989	-978.759	0
2660	-537.51	-956.454	0
2670	-533.644	-936.675	0
2680	-530.327	-919.264	0
2690	-527.469	-903.934	0
2700	-524.953	-890.285	0
2710	-522.644	-877.833	0
2720	-520.401	-866.049	0
2730	-518.081	-854.401	0
2740	-515.557	-842.395	0
2750	-512.724	-829.621	0
2760	-509.508	-815.791	0
2770	-505.874	-800.762	0
2780	-501.83	-784.554	0
2790	-497.425	-767.359	0
2800	-492.751	-749.525	0
2810	-487.935	-731.534	0
2820	-483.131	-713.972	0
2830	-478.509	-697.48	0
2840	-474.244	-682.711	0
2850	-470.504	-670.279	0
2860	-467.434	-660.711	0
2870	-465.153	-654.412	0
2880	-463.74	-651.625	0
2890	-463.23	-652.421	0
2900	-463.612	-656.692	0
2910	-464.831	-664.154	0
2920	-466.79	-674.376	0
2930	-469.36	-686.809	0
2940	-472.388	-700.825	0
2950	-475.707	-715.768	0
2960	-479.149	-730.999	0
2970	-482.557	-745.939	0
2980	-485.792	-760.114	0
2990	-488.748	-773.182	0
3000	-491.353	-784.955	0
3010	-493.573	-795.407	0
3020	-495.416	-804.666	0
3030	-496.927	-813.006	0
3040	-498.184	-820.812	0
3050	-499.292	-828.553	0
3060	-500.374	-836.741	0
3070	-501.562	-845.887	0
3080	-502.987	-856.468	0
3090	-504.773	-868.887	0
3100	-507.026	-883.445	0
3110	-509.828	-900.325	0
3120	-513.237	-919.577	0
3130	-517.276	-941.121	0
3140	-521.942	-964.753	0
3150	-527.201	-990.16	0
3160	-532.991	-1016.95	0
3170	-539.232	-1044.67	0
3180	-545.824	-1072.84	0
3190	-552.659	-1100.99	0
3200	-559.625	-1128.68	0
3210	-566.611	-1155.55	0
3220	-573.515	-1181.28	0
3230	-580.246	-1205.67	0
3240	-586.729	-1228.6	0
3250	-592.906	-1250.05	0
3260	-598.738	-1270.09	0
3270	-604.206	-1288.83	0
3280	-609.307	-1306.48	0
3290	-614.055	-1323.26	0
3300	-618.48	-1339.4	0
3310	-622.621	-1355.17	0
3320	-626.531	-1370.78	0
3330	-630.267	-1386.46	0
3340	-633.893	-1402.39	0
3350	-637.472	-1418.7	0
3360	-641.068	-1435.5	0
3370	-644.743	-1452.87	0
3380	-648.549	-1470.83	0
3390	-652.532	-1489.39	0
3400	-656.724	-1508.49	0
3410	-661.146	-1528.1	0
3420	-665.802	-1548.11	0
3430	-670.68	-1568.4	0
3440	-675.75	-1588.84	0
3450	-680.967	-1609.25	0
3460	-686.267	-1629.44	0
3470	-691.576	-1649.2	0
3480	-696.805	-1668.29	0
3490	-701.863	-1686.48	0
3500	-706.65	-1703.52	0
3510	-711.074	-1719.15	0
3520	-715.046	-1733.17	0
3530	-718.491	-1745.36	0
3540	-721.35	-1755.55	0
3550	-723.582	-1763.62	0
3560	-725.169	-1769.51	0
3570	-726.116	-1773.21	0
3580	-726.448	-1774.75	0
3590	-726.214	-1774.26	0
3600	-725.476	-1771.87	0
3610	-724.313	-1767.8	0
3620	-722.81	-1762.27	0
3630	-721.054	-1755.54	0
3640	-719.133	-1747.85	0
3650	-717.125	-1739.44	0
3660	-715.098	-1730.54	0
3670	-713.106	-1721.34	0
3680	-711.187	-1711.98	0
3690	-709.362	-1702.56	0
3700	-707.639	-1693.16	0
3710	-706.011	-1683.78	0
3720	-704.461	-1674.43	0
3730	-702.966	-1665.06	0
3740	-701.497	-1655.63	0
3750	-700.03	-1646.1	0
3760	-698.54	-1636.41	0
3770	-697.013	-1626.54	0
3780	-695.438	-1616.48	0
3790	-693.815	-1606.24	0
3800	-692.148	-1595.85	0
3810	-690.449	-1585.35	0
3820	-688.731	-1574.81	0
3830	-687.011	-1564.27	0
3840	-685.299	-1553.8	0
3850	-683.603	-1543.42	0
3860	-681.922	-1533.15	0
3870	-680.249	-1522.98	0
3880	-678.567	-1512.86	0
3890	-676.85	-1502.72	0
3900	-675.068	-1492.46	0
3910	-673.185	-1481.97	0
3920	-671.165	-1471.12	0
3930	-668.974	-1459.78	0
3940	-666.581	-1447.84	0
3950	-663.966	-1435.21	0
3960	-661.117	-1421.81	0
3970	-658.034	-1407.61	0
3980	-654.728	-1392.63	0
3990	-651.22	-1376.91	0
4000	-647.543	-1360.53	0
4010	-643.734	-1343.62	0
4020	-639.836	-1326.32	0
4030	-635.893	-1308.79	0
4040	-631.945	-1291.22	0
4050	-628.028	-1273.77	0
4060	-624.172	-1256.61	0
4070	-620.395	-1239.89	0
4080	-616.708	-1223.74	0
4090	-613.112	-1208.28	0
4100	-609.601	-1193.59	0
4110	-606.164	-1179.73	0
4120	-602.784	-1166.75	0
4130	-599.448	-1154.68	0
4140	-596.142	-1143.53	0
4150	-592.86	-1133.3	0
4160	-589.599	-1123.99	0
4170	-586.367	-1115.6	0
4180	-583.178	-1108.11	0
4190	-580.053	-1101.49	0
4200	-577.02	-1095.72	0
4210	-574.109	-1090.73	0
4220	-571.35	-1086.47	0
4230	-568.771	-1082.86	0
4240	-566.396	-1079.8	0
4250	-564.241	-1077.16	0
4260	-562.31	-1074.82	0
4270	-560.601	-1072.62	0
4280	-559.101	-1070.43	0
4290	-557.786	-1068.1	0
4300	-556.628	-1065.51	0
4310	-555.595	-1062.57	0
4320	-554.653	-1059.22	0
4330	-553.772	-1055.44	0
4340	-552.926	-1051.28	0
4350	-552.096	-1046.79	0
4360	-551.276	-1042.12	0
4370	-550.465	-1037.41	0
4380	-549.676	-1032.85	0
4390	-548.928	-1028.64	0
4400	-548.244	-1024.97	0
4410	-547.653	-1022.01	0
4420	-547.179	-1019.88	0
4430	-546.846	-1018.69	0
4440	-546.667	-1018.45	0
4450	-546.647	-1019.13	0
4460	-546.779	-1020.64	0
4470	-547.046	-1022.83	0
4480	-547.42	-1025.52	0
4490	-547.863	-1028.48	0
4500	-548.335	-1031.49	0
4510	-548.792	-1034.35	0
4520	-549.195	-1036.86	0
4530	-549.509	-1038.92	0
4540	-549.713	-1040.46	0
4550	-549.798	-1041.49	0
4560	-549.77	-1042.11	0
4570	-549.651	-1042.48	0
4580	-549.477	-1042.81	0
4590	-549.295	-1043.37	0
4600	-549.162	-1044.46	0
4610	-549.133	-1046.33	0
4620	-549.265	-1049.24	0
4630	-549.604	-1053.38	0
4640	-550.181	-1058.84	0
4650	-551.011	-1065.64	0
4660	-552.089	-1073.7	0
4670	-553.39	-1082.82	0
4680	-554.865	-1092.72	0
4690	-556.452	-1103.03	0
4700	-558.076	-1113.35	0
4710	-559.653	-1123.24	0
4720	-561.102	-1132.29	0
4730	-562.35	-1140.12	0
4740	-563.337	-1146.45	0
4750	-564.024	-1151.07	0
4760	-564.395	-1153.91	0
4770	-564.464	-1155.03	0
4780	-564.269	-1154.6	0
4790	-563.872	-1152.92	0
4800	-563.359	-1150.39	0
4810	-562.825	-1147.45	0
4820	-562.376	-1144.6	0
4830	-562.115	-1142.32	0
4840	-562.134	-1141.07	0
4850	-562.508	-1141.21	0
4860	-563.289	-1143.01	0
4870	-564.499	-1146.61	0
4880	-566.13	-1152.01	0
4890	-568.14	-1159.09	0
4900	-570.458	-1167.58	0
4910	-572.987	-1177.1	0
4920	-575.61	-1187.19	0
4930	-578.2	-1197.35	0
4940	-580.624	-1207.04	0
4950	-582.756	-1215.76	0
4960	-584.485	-1223.08	0
4970	-585.722	-1228.65	0
4980	-586.407	-1232.24	0
4990	-586.512	-1233.75	0
5000	-586.042	-1233.23	0
5010	-585.041	-1230.84	0
5020	-583.579	-1226.88	0
5030	-581.757	-1221.71	0
5040	-579.696	-1215.79	0
5050	-577.526	-1209.6	0
5060	-575.387	-1203.6	0
5070	-573.413	-1198.23	0
5080	-571.725	-1193.86	0
5090	-570.431	-1190.8	0
5100	-569.612	-1189.22	0
5110	-569.325	-1189.2	0
5120	-569.601	-1190.71	0
5130	-570.443	-1193.63	0
5140	-571.828	-1197.75	0
5150	-573.715	-1202.79	0
5160	-576.041	-1208.46	0
5170	-578.735	-1214.44	0
5180	-581.715	-1220.43	0
5190	-584.9	-1226.19	0
5200	-588.21	-1231.52	0
5210	-591.572	-1236.28	0
5220	-594.922	-1240.43	0
5230	-598.208	-1243.98	0
5240	-601.388	-1247.03	0
5250	-604.431	-1249.7	0
5260	-607.318	-1252.18	0
5270	-610.035	-1254.65	0
5280	-612.575	-1257.29	0
5290	-614.933	-1260.27	0
5300	-617.107	-1263.71	0
5310	-619.094	-1267.68	0
5320	-620.888	-1272.2	0
5330	-622.484	-1277.23	0
5340	-623.877	-1282.7	0
5350	-625.062	-1288.48	0
5360	-626.039	-1294.42	0
5370	-626.812	-1300.38	0
5380	-627.391	-1306.23	0
5390	-627.8	-1311.84	0
5400	-628.067	-1317.14	0
5410	-628.236	-1322.12	0
5420	-628.356	-1326.8	0
5430	-628.487	-1331.26	0
5440	-628.693	-1335.64	0
5450	-629.038	-1340.08	0
5460	-629.585	-1344.77	0
5470	-630.391	-1349.89	0
5480	-631.5	-1355.6	0
5490	-632.942	-1362.02	0
5500	-634.729	-1369.23	0
5510	-636.855	-1377.25	0
5520	-639.293	-1386.02	0
5530	-641.995	-1395.43	0
5540	-644.897	-1405.3	0
5550	-647.916	-1415.37	0
5560	-650.962	-1425.37	0
5570	-653.935	-1434.97	0
5580	-656.732	-1443.86	0
5590	-659.257	-1451.73	0
5600	-661.417	-1458.28	0
5610	-663.134	-1463.3	0
5620	-664.346	-1466.59	0
5630	-665.007	-1468.06	0
5640	-665.093	-1467.66	0
5650	-664.603	-1465.45	0
5660	-663.553	-1461.54	0
5670	-661.981	-1456.13	0
5680	-659.94	-1449.44	0
5690	-657.498	-1441.75	0
5700	-654.729	-1433.35	0
5710	-651.716	-1424.54	0
5720	-648.539	-1415.59	0
5730	-645.28	-1406.75	0
5740	-642.011	-1398.23	0
5750	-638.8	-1390.19	0
5760	-635.705	-1382.72	0
5770	-632.772	-1375.89	0
5780	-630.041	-1369.7	0
5790	-627.539	-1364.12	0
5800	-625.288	-1359.09	0
5810	-623.299	-1354.53	0
5820	-621.581	-1350.34	0
5830	-620.135	-1346.42	0
5840	-618.959	-1342.69	0
5850	-618.047	-1339.04	0
5860	-617.388	-1335.41	0
5870	-616.969	-1331.72	0
5880	-616.769	-1327.91	0
5890	-616.764	-1323.93	0
5900	-616.923	-1319.72	0
5910	-617.208	-1315.23	0
5920	-617.576	-1310.39	0
5930	-617.98	-1305.15	0
5940	-618.366	-1299.44	0
5950	-618.68	-1293.21	0
5960	-618.868	-1286.39	0
5970	-618.875	-1278.93	0
5980	-618.653	-1270.82	0
5990	-618.159	-1262.05	0
6000	-617.36	-1252.63	0
6010	-616.233	-1242.61	0
6020	-614.766	-1232.09	0
6030	-612.96	-1221.17	0
6040	-610.828	-1210.01	0
6050	-608.398	-1198.76	0
6060	-605.706	-1187.63	0
6070	-602.799	-1176.82	0
6080	-599.733	-1166.52	0
6090	-596.566	-1156.94	0
6100	-593.363	-1148.23	0
6110	-590.185	-1140.56	0
6120	-587.093	-1134.03	0
6130	-584.142	-1128.69	0
6140	-581.38	-1124.57	0
6150	-578.845	-1121.64	0
6160	-576.566	-1119.8	0
6170	-574.56	-1118.94	0
6180	-572.835	-1118.89	0
6190	-571.384	-1119.44	0
6200	-570.193	-1120.38	0
6210	-569.239	-1121.48	0
6220	-568.491	-1122.5	0
6230	-567.912	-1123.21	0
6240	-567.463	-1123.43	0
6250	-567.106	-1122.98	0
6260	-566.803	-1121.74	0
6270	-566.521	-1119.61	0
6280	-566.231	-1116.56	0
6290	-565.913	-1112.62	0
6300	-565.555	-1107.85	0
6310	-565.152	-1102.35	0
6320	-564.71	-1096.29	0
6330	-564.239	-1089.84	0
6340	-563.757	-1083.21	0
6350	-563.286	-1076.62	0
6360	-562.85	-1070.28	0
6370	-562.473	-1064.39	0
6380	-562.173	-1059.13	0
6390	-561.967	-1054.64	0
6400	-561.86	-1051.03	0
6410	-561.85	-1048.33	0
6420	-561.923	-1046.54	0
6430	-562.058	-1045.61	0
6440	-562.218	-1045.41	0
6450	-562.361	-1045.78	0
6460	-562.437	-1046.53	0
6470	-562.393	-1047.42	0
6480	-562.172	-1048.22	0
6490	-561.725	-1048.7	0
6500	-561.006	-1048.63	0
6510	-559.984	-1047.83	0
6520	-558.639	-1046.17	0
6530	-556.971	-1043.56	0
6540	-554.996	-1039.99	0
6550	-552.752	-1035.53	0
6560	-550.295	-1030.29	0
6570	-547.696	-1024.48	0
6580	-545.045	-1018.32	0
6590	-542.436	-1012.12	0
6600	-539.972	-1006.18	0
6610	-537.753	-1000.82	0
6620	-535.872	-996.331	0
6630	-534.412	-992.988	0
6640	-533.436	-991.003	0
6650	-532.988	-990.525	0
6660	-533.087	-991.626	0
6670	-533.724	-994.297	0
6680	-534.869	-998.445	0
6690	-536.465	-1003.91	0
6700	-538.435	-1010.45	0
6710	-540.688	-1017.8	0
6720	-543.121	-1025.64	0
6730	-545.629	-1033.65	0
6740	-548.111	-1041.55	0
6750	-550.471	-1049.04	0
6760	-552.631	-1055.92	0
6770	-554.529	-1062.03	0
6780	-556.127	-1067.29	0
6790	-557.407	-1071.7	0
6800	-558.376	-1075.3	0
6810	-559.058	-1078.24	0
6820	-559.498	-1080.68	0
6830	-559.75	-1082.81	0
6840	-559.877	-1084.85	0
6850	-559.945	-1087.01	0
6860	-560.017	-1089.44	0
6870	-560.149	-1092.28	0
6880	-560.385	-1095.61	0
6890	-560.758	-1099.45	0
6900	-561.287	-1103.76	0
6910	-561.978	-1108.45	0
6920	-562.824	-1113.4	0
6930	-563.811	-1118.44	0
6940	-564.918	-1123.42	0
6950	-566.123	-1128.18	0
6960	-567.405	-1132.59	0
6970	-568.75	-1136.59	0
6980	-570.148	-1140.14	0
6990	-571.602	-1143.27	0
7000	-573.12	-1146.09	0
7010	-574.72	-1148.73	0
7020	-576.425	-1151.39	0
7030	-578.259	-1154.31	0
7040	-580.246	-1157.7	0
7050	-582.402	-1161.78	0
7060	-584.732	-1166.73	0
7070	-587.228	-1172.68	0
7080	-589.866	-1179.67	0
7090	-592.602	-1187.67	0
7100	-595.377	-1196.57	0
7110	-598.117	-1206.17	0
7120	-600.736	-1216.19	0
7130	-603.144	-1226.31	0
7140	-605.251	-1236.17	0
7150	-606.976	-1245.4	0
7160	-608.25	-1253.65	0
7170	-609.027	-1260.62	0
7180	-609.286	-1266.07	0
7190	-609.033	-1269.86	0
7200	-608.305	-1271.91	0
7210	-607.164	-1272.29	0
7220	-605.702	-1271.14	0
7230	-604.026	-1268.7	0
7240	-602.258	-1265.26	0
7250	-600.526	-1261.19	0
7260	-598.954	-1256.87	0
7270	-597.654	-1252.68	0
7280	-596.719	-1248.96	0
7290	-596.22	-1246.03	0
7300	-596.197	-1244.1	0
7310	-596.66	-1243.35	0
7320	-597.586	-1243.83	0
7330	-598.927	-1245.52	0
7340	-600.61	-1248.33	0
7350	-602.543	-1252.1	0
7360	-604.625	-1256.61	0
7370	-606.752	-1261.62	0
7380	-608.823	-1266.89	0
7390	-610.749	-1272.18	0
7400	-612.456	-1277.29	0
7410	-613.892	-1282.05	0
7420	-615.026	-1286.34	0
7430	-615.852	-1290.1	0
7440	-616.382	-1293.33	0
7450	-616.652	-1296.06	0
7460	-616.706	-1298.35	0
7470	-616.6	-1300.29	0
7480	-616.392	-1301.99	0
7490	-616.136	-1303.52	0
7500	-615.878	-1304.97	0
7510	-615.654	-1306.38	0
7520	-615.486	-1307.75	0
7530	-615.38	-1309.06	0
7540	-615.33	-1310.23	0
7550	-615.315	-1311.19	0
7560	-615.308	-1311.82	0
7570	-615.273	-1311.99	0
7580	-615.176	-1311.61	0
7590	-614.984	-1310.56	0
7600	-614.671	-1308.79	0
7610	-614.219	-1306.25	0
7620	-613.622	-1302.94	0
7630	-612.884	-1298.9	0
7640	-612.021	-1294.2	0
7650	-611.058	-1288.93	0
7660	-610.025	-1283.21	0
7670	-608.958	-1277.17	0
7680	-607.891	-1270.93	0
7690	-606.858	-1264.61	0
7700	-605.884	-1258.31	0
7710	-604.99	-1252.1	0
7720	-604.184	-1246.03	0
7730	-603.468	-1240.11	0
7740	-602.832	-1234.34	0
7750	-602.259	-1228.7	0
7760	-601.729	-1223.13	0
7770	-601.215	-1217.6	0
7780	-600.692	-1212.06	0
7790	-600.137	-1206.49	0
7800	-599.529	-1200.85	0
7810	-598.853	-1195.16	0
7820	-598.101	-1189.44	0
7830	-597.27	-1183.72	0
7840	-596.362	-1178.05	0
7850	-595.383	-1172.49	0
7860	-594.342	-1167.11	0
7870	-593.247	-1161.94	0
7880	-592.105	-1157.03	0
7890	-590.918	-1152.39	0
7900	-589.687	-1148.02	0
7910	-588.406	-1143.89	0
7920	-587.066	-1139.95	0
7930	-585.656	-1136.13	0
7940	-584.161	-1132.36	0
7950	-582.574	-1128.57	0
7960	-580.886	-1124.68	0
7970	-579.1	-1120.66	0
7980	-577.226	-1116.48	0
7990	-575.287	-1112.16	0
8000	-573.314	-1107.74	0
8010	-571.354	-1103.31	0
8020	-569.46	-1098.96	0
8030	-567.691	-1094.84	0
8040	-566.111	-1091.06	0
8050	-564.78	-1087.77	0
8060	-563.752	-1085.06	0
8070	-563.069	-1083.03	0
8080	-562.756	-1081.7	0
8090	-562.822	-1081.05	0
8100	-563.251	-1081.02	0
8110	-564.008	-1081.49	0
8120	-565.036	-1082.28	0
8130	-566.263	-1083.2	0
8140	-567.601	-1084.02	0
8150	-568.955	-1084.52	0
8160	-570.231	-1084.49	0
8170	-571.337	-1083.77	0
8180	-572.195	-1082.24	0
8190	-572.742	-1079.85	0
8200	-572.939	-1076.62	0
8210	-572.772	-1072.65	0
8220	-572.252	-1068.14	0
8230	-571.417	-1063.32	0
8240	-570.328	-1058.5	0
8250	-569.067	-1054.01	0
8260	-567.728	-1050.21	0
8270	-566.415	-1047.43	0
8280	-565.229	-1045.98	0
8290	-564.269	-1046.14	0
8300	-563.62	-1048.08	0
8310	-563.348	-1051.92	0
8320	-563.498	-1057.69	0
8330	-564.089	-1065.33	0
8340	-565.117	-1074.68	0
8350	-566.552	-1085.53	0
8360	-568.345	-1097.6	0
8370	-570.426	-1110.57	0
8380	-572.715	-1124.09	0
8390	-575.127	-1137.8	0
8400	-577.573	-1151.37	0
8410	-579.968	-1164.48	0
8420	-582.239	-1176.84	0
8430	-584.322	-1188.23	0
8440	-586.17	-1198.46	0
8450	-587.752	-1207.38	0
8460	-589.053	-1214.91	0
8470	-590.073	-1220.98	0
8480	-590.825	-1225.58	0
8490	-591.332	-1228.69	0
8500	-591.624	-1230.35	0
8510	-591.735	-1230.57	0
8520	-591.699	-1229.41	0
8530	-591.55	-1226.91	0
8540	-591.315	-1223.14	0
8550	-591.019	-1218.16	0
8560	-590.678	-1212.06	0
8570	-590.304	-1204.97	0
8580	-589.903	-1197.02	0
8590	-589.475	-1188.37	0
8600	-589.017	-1179.22	0
8610	-588.524	-1169.79	0
8620	-587.99	-1160.31	0
8630	-587.405	-1151.05	0
8640	-586.764	-1142.24	0
8650	-586.057	-1134.14	0
8660	-585.279	-1126.97	0
8670	-584.422	-1120.9	0
8680	-583.478	-1116.08	0
8690	-582.439	-1112.57	0
8700	-581.294	-1110.39	0
8710	-580.035	-1109.5	0
8720	-578.656	-1109.79	0
8730	-577.154	-1111.13	0
8740	-575.53	-1113.32	0
8750	-573.794	-1116.18	0
8760	-571.961	-1119.49	0
8770	-570.06	-1123.07	0
8780	-568.125	-1126.76	0
8790	-566.206	-1130.42	0
8800	-564.36	-1133.96	0
8810	-562.652	-1137.35	0
8820	-561.156	-1140.59	0
8830	-559.946	-1143.7	0
8840	-559.092	-1146.74	0
8850	-558.654	-1149.79	0
8860	-558.682	-1152.9	0
8870	-559.204	-1156.12	0
8880	-560.226	-1159.47	0
8890	-561.733	-1162.9	0
8900	-563.68	-1166.36	0
8910	-566	-1169.73	0
8920	-568.602	-1172.84	0
8930	-571.38	-1175.52	0
8940	-574.21	-1177.56	0
8950	-576.964	-1178.77	0
8960	-579.512	-1178.95	0
8970	-581.732	-1177.96	0
8980	-583.516	-1175.7	0
8990	-584.773	-1172.14	0
9000	-585.438	-1167.3	0
9010	-585.473	-1161.3	0
9020	-584.869	-1154.31	0
9030	-583.645	-1146.56	0
9040	-581.849	-1138.31	0
9050	-579.548	-1129.85	0
9060	-576.829	-1121.48	0
9070	-573.791	-1113.47	0
9080	-570.539	-1106.03	0
9090	-567.179	-1099.36	0
9100	-563.809	-1093.54	0
9110	-560.52	-1088.61	0
9120	-557.386	-1084.53	0
9130	-554.466	-1081.18	0
9140	-551.801	-1078.41	0
9150	-549.418	-1076.02	0
9160	-547.328	-1073.81	0
9170	-545.533	-1071.55	0
9180	-544.028	-1069.1	0
9190	-542.803	-1066.31	0
9200	-541.85	-1063.13	0
9210	-541.161	-1059.55	0
9220	-540.733	-1055.63	0
9230	-540.566	-1051.48	0
9240	-540.664	-1047.28	0
9250	-541.031	-1043.2	0
9260	-541.67	-1039.44	0
9270	-542.581	-1036.19	0
9280	-543.756	-1033.6	0
9290	-545.178	-1031.76	0
9300	-546.819	-1030.73	0
9310	-548.639	-1030.49	0
9320	-550.589	-1030.97	0
9330	-552.608	-1032.04	0
9340	-554.632	-1033.54	0
9350	-556.594	-1035.31	0
9360	-558.428	-1037.15	0
9370	-560.078	-1038.93	0
9380	-561.5	-1040.52	0
9390	-562.664	-1041.88	0
9400	-563.562	-1043.02	0
9410	-564.202	-1044.01	0
9420	-564.615	-1045	0
9430	-564.851	-1046.2	0
9440	-564.974	-1047.84	0
9450	-565.058	-1050.2	0
9460	-565.185	-1053.51	0
9470	-565.437	-1058.02	0
9480	-565.889	-1063.89	0
9490	-566.606	-1071.21	0
9500	-567.637	-1080.02	0
9510	-569.013	-1090.21	0
9520	-570.743	-1101.62	0
9530	-572.815	-1113.98	0
9540	-575.195	-1126.97	0
9550	-577.833	-1140.18	0
9560	-580.663	-1153.22	0
9570	-583.608	-1165.67	0
9580	-586.587	-1177.14	0
9590	-589.518	-1187.32	0
9600	-592.323	-1195.96	0
9610	-594.933	-1202.89	0
9620	-597.292	-1208.08	0
9630	-599.356	-1211.56	0
9640	-601.097	-1213.49	0
9650	-602.505	-1214.11	0
9660	-603.583	-1213.72	0
9670	-604.347	-1212.68	0
9680	-604.824	-1211.36	0
9690	-605.048	-1210.12	0
9700	-605.058	-1209.3	0
9710	-604.895	-1209.18	0
9720	-604.598	-1209.96	0
9730	-604.204	-1211.77	0
9740	-603.742	-1214.65	0
9750	-603.237	-1218.55	0
9760	-602.707	-1223.34	0
9770	-602.164	-1228.81	0
9780	-601.614	-1234.72	0
9790	-601.058	-1240.76	0
9800	-600.493	-1246.64	0
9810	-599.913	-1252.04	0
9820	-599.311	-1256.7	0
9830	-598.68	-1260.37	0
9840	-598.012	-1262.85	0
9850	-597.299	-1264	0
9860	-596.535	-1263.74	0
9870	-595.714	-1262.06	0
9880	-594.831	-1259	0
9890	-593.883	-1254.64	0
9900	-592.867	-1249.11	0
9910	-591.783	-1242.59	0
9920	-590.632	-1235.27	0
9930	-589.42	-1227.34	0
9940	-588.155	-1219.02	0
9950	-586.849	-1210.52	0
9960	-585.522	-1202.04	0
9970	-584.195	-1193.77	0
9980	-582.898	-1185.87	0
9990	-581.663	-1178.51	0
10000	-580.527	-1171.82	0
10010	-579.528	-1165.88	0
10020	-578.704	-1160.79	0
10030	-578.091	-1156.57	0
10040	-577.717	-1153.26	0
10050	-577.603	-1150.82	0
10060	-577.757	-1149.2	0
10070	-578.175	-1148.3	0
10080	-578.835	-1147.99	0
10090	-579.702	-1148.11	0
10100	-580.724	-1148.46	0
10110	-581.833	-1148.84	0
10120	-582.951	-1149	0
10130	-583.993	-1148.71	0
10140	-584.867	-1147.76	0
10150	-585.485	-1145.93	0
10160	-585.767	-1143.07	0
10170	-585.644	-1139.05	0
10180	-585.064	-1133.81	0
10190	-584	-1127.36	0
10200	-582.447	-1119.77	0
10210	-580.428	-1111.17	0
10220	-577.992	-1101.79	0
10230	-575.213	-1091.89	0
10240	-572.188	-1081.78	0
10250	-569.029	-1071.81	0
10260	-565.861	-1062.33	0
10270	-562.812	-1053.71	0
10280	-560.009	-1046.26	0
10290	-557.567	-1040.28	0
10300	-555.588	-1035.98	0
10310	-554.149	-1033.52	0
10320	-553.303	-1032.97	0
10330	-553.073	-1034.33	0
10340	-553.454	-1037.49	0
10350	-554.409	-1042.28	0
10360	-555.876	-1048.48	0
10370	-557.768	-1055.79	0
10380	-559.981	-1063.88	0
10390	-562.397	-1072.41	0
10400	-564.892	-1081.02	0
10410	-567.34	-1089.37	0
10420	-569.623	-1097.15	0
10430	-571.634	-1104.08	0
10440	-573.281	-1109.93	0
10450	-574.494	-1114.51	0
10460	-575.222	-1117.7	0
10470	-575.44	-1119.42	0
10480	-575.142	-1119.65	0
10490	-574.345	-1118.39	0
10500	-573.084	-1115.71	0
10510	-571.41	-1111.67	0
10520	-569.386	-1106.4	0
10530	-567.081	-1100	0
10540	-564.569	-1092.61	0
10550	-561.926	-1084.39	0
10560	-559.224	-1075.48	0
10570	-556.532	-1066.05	0
10580	-553.911	-1056.26	0
10590	-551.412	-1046.3	0
10600	-549.079	-1036.33	0
10610	-546.944	-1026.53	0
10620	-545.027	-1017.08	0
10630	-543.339	-1008.14	0
10640	-541.879	-999.863	0
10650	-540.636	-992.369	0
10660	-539.589	-985.763	0
10670	-538.712	-980.113	0
10680	-537.968	-975.452	0
10690	-537.32	-971.773	0
10700	-536.727	-969.03	0
10710	-536.146	-967.139	0
10720	-535.541	-965.989	0
10730	-534.879	-965.441	0
10740	-534.137	-965.351	0
10750	-533.301	-965.57	0
10760	-532.372	-965.968	0
10770	-531.368	-966.438	0
10780	-530.32	-966.913	0
10790	-529.276	-967.373	0
10800	-528.3	-967.85	0
10810	-527.467	-968.429	0
10820	-526.861	-969.245	0
10830	-526.571	-970.475	0
10840	-526.683	-972.322	0
10850	-527.277	-975.002	0
10860	-528.419	-978.723	0
10870	-530.156	-983.665	0
10880	-532.51	-989.963	0
10890	-535.477	-997.686	0
10900	-539.021	-1006.83	0
10910	-543.075	-1017.29	0
10920	-547.544	-1028.89	0
10930	-552.303	-1041.36	0
10940	-557.209	-1054.36	0
10950	-562.1	-1067.48	0
10960	-566.808	-1080.27	0
10970	-571.164	-1092.28	0
10980	-575.009	-1103.05	0
10990	-578.199	-1112.16	0
11000	-580.613	-1119.27	0
11010	-582.165	-1124.11	0
11020	-582.799	-1126.49	0
11030	-582.501	-1126.37	0
11040	-581.293	-1123.79	0
11050	-579.236	-1118.92	0
11060	-576.422	-1112.02	0
11070	-572.976	-1103.47	0
11080	-569.044	-1093.68	0
11090	-564.79	-1083.13	0
11100	-560.387	-1072.34	0
11110	-556.01	-1061.8	0
11120	-551.829	-1052.02	0
11130	-548.004	-1043.42	0
11140	-544.675	-1036.41	0
11150	-541.963	-1031.31	0
11160	-539.961	-1028.35	0
11170	-538.737	-1027.69	0
11180	-538.328	-1029.41	0
11190	-538.744	-1033.49	0
11200	-539.964	-1039.83	0
11210	-541.942	-1048.27	0
11220	-544.606	-1058.58	0
11230	-547.865	-1070.48	0
11240	-551.604	-1083.62	0
11250	-555.698	-1097.64	0
11260	-560.008	-1112.12	0
11270	-564.388	-1126.66	0
11280	-568.689	-1140.82	0
11290	-572.769	-1154.18	0
11300	-576.489	-1166.33	0
11310	-579.726	-1176.88	0
11320	-582.37	-1185.49	0
11330	-584.335	-1191.88	0
11340	-585.559	-1195.84	0
11350	-586.01	-1197.23	0
11360	-585.684	-1195.99	0
11370	-584.612	-1192.19	0
11380	-582.854	-1185.96	0
11390	-580.502	-1177.55	0
11400	-577.673	-1167.29	0
11410	-574.505	-1155.6	0
11420	-571.154	-1142.97	0
11430	-567.783	-1129.94	0
11440	-564.556	-1117.06	0
11450	-561.63	-1104.89	0
11460	-559.146	-1093.95	0
11470	-557.223	-1084.73	0
11480	-555.949	-1077.59	0
11490	-555.38	-1072.83	0
11500	-555.536	-1070.61	0
11510	-556.397	-1070.98	0
11520	-557.909	-1073.83	0
11530	-559.985	-1078.96	0
11540	-562.511	-1086.05	0
11550	-565.351	-1094.67	0
11560	-568.356	-1104.36	0
11570	-571.372	-1114.58	0
11580	-574.248	-1124.8	0
11590	-576.842	-1134.5	0
11600	-579.036	-1143.21	0
11610	-580.735	-1150.51	0
11620	-581.876	-1156.09	0
11630	-582.428	-1159.74	0
11640	-582.397	-1161.38	0
11650	-581.821	-1161.02	0
11660	-580.769	-1158.79	0
11670	-579.332	-1154.94	0
11680	-577.623	-1149.75	0
11690	-575.763	-1143.6	0
11700	-573.877	-1136.87	0
11710	-572.086	-1129.97	0
11720	-570.5	-1123.29	0
11730	-569.209	-1117.15	0
11740	-568.284	-1111.87	0
11750	-567.766	-1107.64	0
11760	-567.673	-1104.61	0
11770	-567.995	-1102.83	0
11780	-568.697	-1102.29	0
11790	-569.725	-1102.89	0
11800	-571.009	-1104.47	0
11810	-572.467	-1106.85	0
11820	-574.014	-1109.79	0
11830	-575.564	-1113.06	0
11840	-577.037	-1116.42	0
11850	-578.364	-1119.63	0
11860	-579.487	-1122.51	0
11870	-580.363	-1124.89	0
11880	-580.966	-1126.63	0
11890	-581.284	-1127.65	0
11900	-581.319	-1127.91	0
11910	-581.089	-1127.38	0
11920	-580.617	-1126.08	0
11930	-579.94	-1124.05	0
11940	-579.094	-1121.37	0
11950	-578.121	-1118.1	0
11960	-577.061	-1114.33	0
11970	-575.954	-1110.17	0
11980	-574.834	-1105.71	0
11990	-573.733	-1101.06	0
12000	-572.676	-1096.32	0
12010	-571.683	-1091.59	0
12020	-570.77	-1086.99	0
12030	-569.946	-1082.63	0
12040	-569.219	-1078.61	0
12050	-568.591	-1075.04	0
12060	-568.06	-1072.04	0
12070	-567.626	-1069.7	0
12080	-567.282	-1068.12	0
12090	-567.023	-1067.38	0
12100	-566.842	-1067.55	0
12110	-566.73	-1068.69	0
12120	-566.678	-1070.82	0
12130	-566.677	-1073.94	0
12140	-566.717	-1078.03	0
12150	-566.787	-1083.02	0
12160	-566.876	-1088.82	0
12170	-566.972	-1095.29	0
12180	-567.063	-1102.26	0
12190	-567.136	-1109.53	0
12200	-567.177	-1116.87	0
12210	-567.173	-1124	0
12220	-567.11	-1130.66	0
12230	-566.976	-1136.56	0
12240	-566.757	-1141.4	0
12250	-566.446	-1144.94	0
12260	-566.034	-1146.93	0
12270	-565.519	-1147.18	0
12280	-564.901	-1145.56	0
12290	-564.185	-1142	0
12300	-563.38	-1136.5	0
12310	-562.503	-1129.16	0
12320	-561.573	-1120.15	0
12330	-560.613	-1109.71	0
12340	-559.652	-1098.19	0
12350	-558.72	-1085.96	0
12360	-557.849	-1073.48	0
12370	-557.068	-1061.22	0
12380	-556.407	-1049.67	0
12390	-555.89	-1039.3	0
12400	-555.533	-1030.53	0
12410	-555.346	-1023.72	0
12420	-555.324	-1019.16	0
12430	-555.453	-1017	0
12440	-555.705	-1017.28	0
12450	-556.041	-1019.93	0
12460	-556.409	-1024.73	0
12470	-556.749	-1031.36	0
12480	-556.992	-1039.38	0
12490	-557.069	-1048.27	0
12500	-556.91	-1057.48	0
12510	-556.454	-1066.39	0
12520	-555.649	-1074.45	0
12530	-554.458	-1081.11	0
12540	-552.866	-1085.93	0
12550	-550.881	-1088.57	0
12560	-548.535	-1088.82	0
12570	-545.888	-1086.62	0
12580	-543.025	-1082.07	0
12590	-540.053	-1075.38	0
12600	-537.098	-1066.95	0
12610	-534.297	-1057.22	0
12620	-531.791	-1046.76	0
12630	-529.719	-1036.15	0
12640	-528.205	-1025.98	0
12650	-527.352	-1016.8	0
12660	-527.234	-1009.07	0
12670	-527.888	-1003.16	0
12680	-529.313	-999.295	0
12690	-531.465	-997.573	0
12700	-534.258	-997.928	0
12710	-537.571	-1000.16	0
12720	-541.248	-1003.94	0
12730	-545.112	-1008.86	0
12740	-548.97	-1014.43	0
12750	-552.629	-1020.14	0
12760	-555.9	-1025.51	0
12770	-558.618	-1030.09	0
12780	-560.645	-1033.53	0
12790	-561.882	-1035.58	0
12800	-562.272	-1036.15	0
12810	-561.809	-1035.25	0
12820	-560.534	-1033.05	0
12830	-558.534	-1029.83	0
12840	-555.937	-1025.99	0
12850	-552.904	-1021.97	0
12860	-549.621	-1018.28	0
12870	-546.286	-1015.4	0
12880	-543.1	-1013.8	0
12890	-540.254	-1013.87	0
12900	-537.919	-1015.91	0
12910	-536.233	-1020.07	0
12920	-535.297	-1026.4	0
12930	-535.172	-1034.77	0
12940	-535.869	-1044.96	0
12950	-537.357	-1056.59	0
12960	-539.562	-1069.2	0
12970	-542.374	-1082.28	0
12980	-545.652	-1095.26	0
12990	-549.236	-1107.6	0
13000	-552.957	-1118.78	0
13010	-556.644	-1128.37	0
13020	-560.137	-1136.01	0
13030	-563.295	-1141.48	0
13040	-566	-1144.68	0
13050	-568.169	-1145.64	0
13060	-569.754	-1144.51	0
13070	-570.741	-1141.55	0
13080	-571.153	-1137.11	0
13090	-571.045	-1131.6	0
13100	-570.501	-1125.46	0
13110	-569.626	-1119.16	0
13120	-568.542	-1113.13	0
13130	-567.377	-1107.77	0
13140	-566.26	-1103.42	0
13150	-565.314	-1100.35	0
13160	-564.648	-1098.72	0
13170	-564.352	-1098.64	0
13180	-564.493	-1100.13	0
13190	-565.111	-1103.11	0
13200	-566.219	-1107.46	0
13210	-567.8	-1113	0
13220	-569.813	-1119.52	0
13230	-572.189	-1126.78	0
13240	-574.842	-1134.53	0
13250	-577.667	-1142.53	0
13260	-580.55	-1150.54	0
13270	-583.375	-1158.35	0
13280	-586.026	-1165.77	0
13290	-588.393	-1172.65	0
13300	-590.384	-1178.85	0
13310	-591.922	-1184.27	0
13320	-592.953	-1188.82	0
13330	-593.448	-1192.46	0
13340	-593.404	-1195.14	0
13350	-592.845	-1196.87	0
13360	-591.821	-1197.65	0
13370	-590.404	-1197.51	0
13380	-588.686	-1196.5	0
13390	-586.774	-1194.71	0
13400	-584.783	-1192.22	0
13410	-582.831	-1189.17	0
13420	-581.034	-1185.7	0
13430	-579.501	-1181.96	0
13440	-578.322	-1178.14	0
13450	-577.572	-1174.42	0
13460	-577.3	-1170.98	0
13470	-577.533	-1168	0
13480	-578.268	-1165.65	0
13490	-579.477	-1164.04	0
13500	-581.106	-1163.28	0
13510	-583.08	-1163.4	0
13520	-585.302	-1164.41	0
13530	-587.663	-1166.23	0
13540	-590.044	-1168.75	0
13550	-592.323	-1171.8	0
13560	-594.379	-1175.13	0
13570	-596.097	-1178.5	0
13580	-597.374	-1181.6	0
13590	-598.124	-1184.11	0
13600	-598.278	-1185.75	0
13610	-597.789	-1186.21	0
13620	-596.633	-1185.24	0
13630	-594.811	-1182.66	0
13640	-592.347	-1178.32	0
13650	-589.29	-1172.21	0
13660	-585.709	-1164.35	0
13670	-581.695	-1154.91	0
13680	-577.355	-1144.12	0
13690	-572.812	-1132.3	0
13700	-568.2	-1119.88	0
13710	-563.661	-1107.31	0
13720	-559.339	-1095.1	0
13730	-555.378	-1083.78	0
13740	-551.915	-1073.86	0
13750	-549.073	-1065.82	0
13760	-546.957	-1060.06	0
13770	-545.648	-1056.9	0
13780	-545.197	-1056.54	0
13790	-545.62	-1059.05	0
13800	-546.898	-1064.33	0
13810	-548.971	-1072.15	0
13820	-551.74	-1082.12	0
13830	-555.073	-1093.75	0
13840	-558.805	-1106.39	0
13850	-562.747	-1119.34	0
13860	-566.694	-1131.86	0
13870	-570.434	-1143.16	0
13880	-573.755	-1152.52	0
13890	-576.46	-1159.28	0
13900	-578.373	-1162.87	0
13910	-579.348	-1162.88	0
13920	-579.281	-1159.06	0
13930	-578.111	-1151.33	0
13940	-575.83	-1139.82	0
13950	-572.481	-1124.8	0
13960	-568.157	-1106.74	0
13970	-563	-1086.26	0
13980	-557.196	-1064.1	0
13990	-550.964	-1041.07	0
14000	-544.548	-1018.07	0
14010	-538.209	-995.982	0
14020	-532.213	-975.682	0
14030	-526.815	-957.972	0
14040	-522.251	-943.556	0
14050	-518.726	-933.002	0
14060	-516.402	-926.716	0
14070	-515.389	-924.919	0
14080	-515.738	-927.641	0
14090	-517.44	-934.711	0
14100	-520.42	-945.764	0
14110	-524.542	-960.256	0
14120	-529.613	-977.487	0
14130	-535.392	-996.632	0
14140	-541.6	-1016.78	0
14150	-547.934	-1036.97	0
14160	-554.08	-1056.25	0
14170	-559.731	-1073.7	0
14180	-564.601	-1088.51	0
14190	-568.441	-1099.99	0
14200	-571.053	-1107.62	0
14210	-572.297	-1111.07	0
14220	-572.107	-1110.25	0
14230	-570.486	-1105.24	0
14240	-567.515	-1096.38	0
14250	-563.343	-1084.18	0
14260	-558.181	-1069.34	0
14270	-552.295	-1052.69	0
14280	-545.987	-1035.16	0
14290	-539.584	-1017.73	0
14300	-533.419	-1001.34	0
14310	-527.813	-986.914	0
14320	-523.058	-975.248	0
14330	-519.403	-966.995	0
14340	-517.043	-962.623	0
14350	-516.102	-962.395	0
14360	-516.637	-966.354	0
14370	-518.628	-974.324	0
14380	-521.982	-985.919	0
14390	-526.542	-1000.57	0
14400	-532.094	-1017.55	0
14410	-538.379	-1036.04	0
14420	-545.11	-1055.13	0
14430	-551.987	-1073.94	0
14440	-558.712	-1091.6	0
14450	-565.007	-1107.35	0
14460	-570.627	-1120.53	0
14470	-575.372	-1130.67	0
14480	-579.096	-1137.49	0
14490	-581.712	-1140.88	0
14500	-583.196	-1140.93	0
14510	-583.58	-1137.93	0
14520	-582.954	-1132.31	0
14530	-581.451	-1124.63	0
14540	-579.244	-1115.52	0
14550	-576.527	-1105.68	0
14560	-573.507	-1095.79	0
14570	-570.392	-1086.5	0
14580	-567.377	-1078.39	0
14590	-564.639	-1071.92	0
14600	-562.322	-1067.46	0
14610	-560.539	-1065.23	0
14620	-559.366	-1065.31	0
14630	-558.842	-1067.69	0
14640	-558.971	-1072.23	0
14650	-559.728	-1078.71	0
14660	-561.062	-1086.87	0
14670	-562.902	-1096.41	0
14680	-565.165	-1107.03	0
14690	-567.763	-1118.45	0
14700	-570.605	-1130.42	0
14710	-573.606	-1142.72	0
14720	-576.685	-1155.2	0
14730	-579.772	-1167.73	0
14740	-582.804	-1180.22	0
14750	-585.727	-1192.6	0
14760	-588.496	-1204.77	0
14770	-591.07	-1216.65	0
14780	-593.412	-1228.1	0
14790	-595.489	-1238.93	0
14800	-597.268	-1248.91	0
14810	-598.718	-1257.77	0
14820	-599.81	-1265.17	0
14830	-600.519	-1270.77	0
14840	-600.825	-1274.22	0
14850	-600.715	-1275.19	0
14860	-600.188	-1273.43	0
14870	-599.254	-1268.75	0
14880	-597.941	-1261.08	0
14890	-596.29	-1250.47	0
14900	-594.356	-1237.13	0
14910	-592.211	-1221.41	0
14920	-589.936	-1203.8	0
14930	-587.62	-1184.94	0
14940	-585.353	-1165.52	0
14950	-583.223	-1146.33	0
14960	-581.308	-1128.17	0
14970	-579.675	-1111.81	0
14980	-578.37	-1097.95	0
14990	-577.418	-1087.17	0
15000	-576.822	-1079.91	0
15010	-576.558	-1076.44	0
15020	-576.581	-1076.81	0
15030	-576.829	-1080.87	0
15040	-577.221	-1088.31	0
15050	-577.671	-1098.6	0
15060	-578.087	-1111.11	0
15070	-578.383	-1125.08	0
15080	-578.484	-1139.69	0
15090	-578.327	-1154.12	0
15100	-577.873	-1167.59	0
15110	-577.105	-1179.37	0
15120	-576.029	-1188.89	0
15130	-574.674	-1195.7	0
15140	-573.089	-1199.52	0
15150	-571.34	-1200.25	0
15160	-569.5	-1197.93	0
15170	-567.651	-1192.78	0
15180	-565.868	-1185.13	0
15190	-564.219	-1175.41	0
15200	-562.758	-1164.11	0
15210	-561.52	-1151.73	0
15220	-560.519	-1138.79	0
15230	-559.746	-1125.72	0
15240	-559.174	-1112.93	0
15250	-558.753	-1100.71	0
15260	-558.421	-1089.27	0
15270	-558.109	-1078.72	0
15280	-557.74	-1069.08	0
15290	-557.244	-1060.31	0
15300	-556.558	-1052.31	0
15310	-555.633	-1044.94	0
15320	-554.439	-1038.06	0
15330	-552.969	-1031.55	0
15340	-551.234	-1025.31	0
15350	-549.272	-1019.29	0
15360	-547.137	-1013.51	0
15370	-544.901	-1008.02	0
15380	-542.647	-1002.95	0
15390	-540.46	-998.432	0
15400	-538.43	-994.657	0
15410	-536.635	-991.8	0
15420	-535.144	-990.026	0
15430	-534.008	-989.461	0
15440	-533.256	-990.175	0
15450	-532.896	-992.169	0
15460	-532.912	-995.363	0
15470	-533.265	-999.601	0
15480	-533.9	-1004.65	0
15490	-534.749	-1010.23	0
15500	-535.731	-1015.99	0
15510	-536.763	-1021.56	0
15520	-537.763	-1026.58	0
15530	-538.655	-1030.69	0
15540	-539.374	-1033.59	0
15550	-539.868	-1035.03	0
15560	-540.106	-1034.84	0
15570	-540.069	-1032.94	0
15580	-539.761	-1029.36	0
15590	-539.198	-1024.22	0
15600	-538.414	-1017.71	0
15610	-537.452	-1010.12	0
15620	-536.364	-1001.81	0
15630	-535.209	-993.153	0
15640	-534.046	-984.578	0
15650	-532.935	-976.494	0
15660	-531.932	-969.296	0
15670	-531.088	-963.34	0
15680	-530.449	-958.923	0
15690	-530.054	-956.277	0
15700	-529.932	-955.554	0
15710	-530.107	-956.824	0
15720	-530.597	-960.079	0
15730	-531.41	-965.232	0
15740	-532.549	-972.125	0
15750	-534.01	-980.544	0
15760	-535.782	-990.226	0
15770	-537.844	-1000.88	0
15780	-540.169	-1012.17	0
15790	-542.722	-1023.8	0
15800	-545.457	-1035.43	0
15810	-548.32	-1046.76	0
15820	-551.25	-1057.51	0
15830	-554.178	-1067.44	0
15840	-557.029	-1076.35	0
15850	-559.73	-1084.09	0
15860	-562.206	-1090.55	0
15870	-564.388	-1095.69	0
15880	-566.217	-1099.51	0
15890	-567.647	-1102.07	0
15900	-568.649	-1103.49	0
15910	-569.215	-1103.91	0
15920	-569.356	-1103.55	0
15930	-569.11	-1102.64	0
15940	-568.534	-1101.42	0
15950	-567.704	-1100.17	0
15960	-566.712	-1099.16	0
15970	-565.663	-1098.64	0
15980	-564.666	-1098.84	0
15990	-563.828	-1099.96	0
16000	-563.25	-1102.16	0
16010	-563.019	-1105.53	0
16020	-563.201	-1110.13	0
16030	-563.84	-1115.93	0
16040	-564.952	-1122.88	0
16050	-566.525	-1130.85	0
16060	-568.52	-1139.68	0
16070	-570.873	-1149.16	0
16080	-573.499	-1159.07	0
16090	-576.295	-1169.15	0
16100	-579.151	-1179.14	0
16110	-581.95	-1188.81	0
16120	-584.58	-1197.9	0
16130	-586.937	-1206.21	0
16140	-588.932	-1213.53	0
16150	-590.495	-1219.72	0
16160	-591.578	-1224.64	0
16170	-592.155	-1228.19	0
16180	-592.224	-1230.32	0
16190	-591.805	-1230.98	0
16200	-590.937	-1230.17	0
16210	-589.674	-1227.92	0
16220	-588.081	-1224.26	0
16230	-586.233	-1219.27	0
16240	-584.207	-1213.04	0
16250	-582.077	-1205.7	0
16260	-579.917	-1197.41	0
16270	-577.793	-1188.33	0
16280	-575.763	-1178.68	0
16290	-573.877	-1168.69	0
16300	-572.175	-1158.62	0
16310	-570.687	-1148.76	0
16320	-569.435	-1139.39	0
16330	-568.432	-1130.79	0
16340	-567.684	-1123.24	0
16350	-567.188	-1116.98	0
16360	-566.937	-1112.22	0
16370	-566.914	-1109.08	0
16380	-567.098	-1107.65	0
16390	-567.458	-1107.91	0
16400	-567.958	-1109.78	0
16410	-568.558	-1113.07	0
16420	-569.21	-1117.55	0
16430	-569.863	-1122.87	0
16440	-570.466	-1128.68	0
16450	-570.966	-1134.59	0
16460	-571.316	-1140.18	0
16470	-571.473	-1145.08	0
16480	-571.406	-1148.96	0
16490	-571.095	-1151.54	0
16500	-570.532	-1152.64	0
16510	-569.726	-1152.17	0
16520	-568.701	-1150.14	0
16530	-567.495	-1146.64	0
16540	-566.158	-1141.87	0
16550	-564.75	-1136.07	0
16560	-563.333	-1129.56	0
16570	-561.973	-1122.65	0
16580	-560.728	-1115.65	0
16590	-559.646	-1108.87	0
16600	-558.761	-1102.5	0
16610	-558.086	-1096.72	0
16620	-557.616	-1091.58	0
16630	-557.323	-1087.06	0
16640	-557.157	-1083.05	0
16650	-557.052	-1079.36	0
16660	-556.93	-1075.75	0
16670	-556.704	-1071.96	0
16680	-556.286	-1067.71	0
16690	-555.595	-1062.78	0
16700	-554.565	-1056.96	0
16710	-553.149	-1050.15	0
16720	-551.324	-1042.33	0
16730	-549.1	-1033.59	0
16740	-546.513	-1024.12	0
16750	-543.633	-1014.22	0
16760	-540.556	-1004.25	0
16770	-537.401	-994.65	0
16780	-534.305	-985.872	0
16790	-531.411	-978.374	0
16800	-528.863	-972.577	0
16810	-526.796	-968.836	0
16820	-525.325	-967.409	0
16830	-524.54	-968.433	0
16840	-524.496	-971.913	0
16850	-525.211	-977.713	0
16860	-526.662	-985.565	0
16870	-528.788	-995.08	0
16880	-531.489	-1005.77	0
16890	-534.635	-1017.08	0
16900	-538.071	-1028.41	0
16910	-541.627	-1039.19	0
16920	-545.127	-1048.84	0
16930	-548.401	-1056.91	0
16940	-551.292	-1063.01	0
16950	-553.668	-1066.9	0
16960	-555.429	-1068.47	0
16970	-556.508	-1067.73	0
16980	-556.879	-1064.86	0
16990	-556.552	-1060.14	0
17000	-555.574	-1053.95	0
17010	-554.026	-1046.72	0
17020	-552.015	-1038.96	0
17030	-549.666	-1031.15	0
17040	-547.116	-1023.75	0
17050	-544.506	-1017.19	0
17060	-541.974	-1011.81	0
17070	-539.646	-1007.88	0
17080	-537.633	-1005.54	0
17090	-536.023	-1004.88	0
17100	-534.884	-1005.87	0
17110	-534.257	-1008.41	0
17120	-534.16	-1012.34	0
17130	-534.586	-1017.44	0
17140	-535.507	-1023.49	0
17150	-536.881	-1030.24	0
17160	-538.646	-1037.44	0
17170	-540.733	-1044.86	0
17180	-543.064	-1052.32	0
17190	-545.558	-1059.64	0
17200	-548.132	-1066.68	0
17210	-550.702	-1073.33	0
17220	-553.192	-1079.51	0
17230	-555.526	-1085.13	0
17240	-557.641	-1090.16	0
17250	-559.48	-1094.56	0
17260	-560.996	-1098.29	0
17270	-562.157	-1101.34	0
17280	-562.942	-1103.7	0
17290	-563.349	-1105.39	0
17300	-563.388	-1106.43	0
17310	-563.089	-1106.9	0
17320	-562.496	-1106.87	0
17330	-561.668	-1106.47	0
17340	-560.677	-1105.86	0
17350	-559.605	-1105.21	0
17360	-558.54	-1104.74	0
17370	-557.571	-1104.65	0
17380	-556.785	-1105.16	0
17390	-556.26	-1106.44	0
17400	-556.062	-1108.64	0
17410	-556.239	-1111.87	0
17420	-556.82	-1116.17	0
17430	-557.809	-1121.48	0
17440	-559.189	-1127.69	0
17450	-560.917	-1134.62	0
17460	-562.93	-1141.99	0
17470	-565.147	-1149.49	0
17480	-567.471	-1156.75	0
17490	-569.797	-1163.4	0
17500	-572.016	-1169.05	0
17510	-574.02	-1173.36	0
17520	-575.71	-1176.02	0
17530	-576.998	-1176.8	0
17540	-577.814	-1175.56	0
17550	-578.106	-1172.22	0
17560	-577.846	-1166.82	0
17570	-577.027	-1159.5	0
17580	-575.668	-1150.48	0
17590	-573.807	-1140.05	0
17600	-571.5	-1128.56	0
17610	-568.822	-1116.41	0
17620	-565.86	-1104.01	0
17630	-562.708	-1091.77	0
17640	-559.469	-1080.08	0
17650	-556.246	-1069.3	0
17660	-553.14	-1059.75	0
17670	-550.248	-1051.67	0
17680	-547.662	-1045.28	0
17690	-545.461	-1040.68	0
17700	-543.714	-1037.96	0
17710	-542.477	-1037.11	0
17720	-541.791	-1038.1	0
17730	-541.679	-1040.84	0
17740	-542.15	-1045.2	0
17750	-543.195	-1051.04	0
17760	-544.785	-1058.15	0
17770	-546.875	-1066.35	0
17780	-549.402	-1075.41	0
17790	-552.285	-1085.08	0
17800	-555.427	-1095.1	0
17810	-558.719	-1105.18	0
17820	-562.038	-1115.02	0
17830	-565.254	-1124.28	0
17840	-568.236	-1132.63	0
17850	-570.851	-1139.72	0
17860	-572.976	-1145.22	0
17870	-574.501	-1148.82	0
17880	-575.336	-1150.24	0
17890	-575.413	-1149.28	0
17900	-574.698	-1145.79	0
17910	-573.189	-1139.74	0
17920	-570.92	-1131.19	0
17930	-567.963	-1120.35	0
17940	-564.424	-1107.52	0
17950	-560.442	-1093.11	0
17960	-556.181	-1077.68	0
17970	-551.824	-1061.82	0
17980	-547.563	-1046.21	0
17990	-543.592	-1031.53	0
18000	-540.093	-1018.47	0
