0	0	0	0
10	-1.03236e-07	-2.85944e-07	0
20	-8.13232e-06	-2.25251e-05	0
30	-9.89759e-05	-0.000274146	0
40	-0.000580203	-0.00160706	0
50	-0.00229461	-0.00635567	0
60	-0.00709053	-0.0196395	0
70	-0.0184918	-0.051219	0
80	-0.0425906	-0.117969	0
90	-0.089169	-0.246983	0
100	-0.173026	-0.479251	0
110	-0.315453	-0.873751	0
120	-0.545775	-1.5117	0
130	-0.902807	-2.50062	0
140	-1.4361	-3.97775	0
150	-2.20679	-6.11242	0
160	-3.28783	-9.10673	0
170	-4.76357	-13.1943	0
180	-6.72836	-18.6364	0
190	-9.2843	-25.7159	0
200	-12.538	-34.7281	0
210	-16.5964	-45.9692	0
220	-21.5621	-59.7233	0
230	-27.5277	-76.2469	0
240	-34.5703	-95.7538	0
250	-42.7464	-118.4	0
260	-52.0865	-144.27	0
270	-62.5913	-173.367	0
280	-74.2291	-205.602	0
290	-86.9345	-240.793	0
300	-100.609	-278.67	0
310	-115.124	-318.873	0
320	-130.323	-360.973	0
330	-146.032	-404.483	0
340	-162.062	-448.883	0
350	-178.22	-493.639	0
360	-194.319	-538.23	0
370	-210.183	-582.17	0
380	-225.659	-625.036	0
390	-240.623	-666.483	0
400	-254.983	-706.258	0
410	-268.685	-744.211	0
420	-281.714	-780.299	0
430	-294.09	-814.577	0
440	-305.864	-847.19	0
450	-317.116	-878.356	0
460	-327.942	-908.341	0
470	-338.448	-937.441	0
480	-348.738	-965.944	0
490	-358.909	-994.115	0
500	-369.034	-1022.16	0
510	-379.164	-1050.22	0
520	-389.314	-1078.33	0
530	-399.466	-1106.45	0
540	-409.564	-1134.42	0
550	-419.521	-1162	0
560	-429.217	-1188.86	0
570	-438.513	-1214.61	0
580	-447.254	-1238.81	0
590	-455.278	-1261.04	0
600	-462.433	-1280.86	0
610	-468.58	-1297.89	0
620	-473.605	-1311.8	0
630	-477.398	-1322.39	0
640	-480.095	-1329.54	0
650	-481.915	-1333.03	0
660	-482.911	-1332.88	0
670	-483.171	-1329.23	0
680	-482.817	-1322.59	0
690	-481.993	-1313.54	0
700	-480.861	-1302.77	0
710	-479.586	-1291.01	0
720	-478.326	-1278.99	0
730	-477.22	-1267.39	0
740	-476.381	-1256.81	0
750	-475.883	-1247.72	0
760	-475.76	-1240.46	0
770	-476.006	-1235.21	0
780	-476.574	-1232.01	0
790	-477.386	-1230.75	0
800	-478.337	-1231.2	0
810	-479.306	-1233.03	0
820	-480.165	-1235.84	0
830	-480.786	-1239.19	0
840	-481.056	-1242.65	0
850	-480.883	-1245.78	0
860	-480.199	-1248.22	0
870	-478.963	-1249.67	0
880	-477.166	-1249.88	0
890	-474.823	-1248.71	0
900	-471.971	-1246.08	0
910	-468.675	-1241.96	0
920	-465.021	-1236.38	0
930	-461.098	-1229.37	0
940	-456.984	-1220.99	0
950	-452.73	-1211.25	0
960	-448.36	-1200.14	0
970	-443.866	-1187.62	0
980	-439.206	-1173.6	0
990	-434.307	-1157.98	0
1000	-429.072	-1140.61	0
1010	-423.382	-1121.36	0
1020	-417.11	-1100.08	0
1030	-410.125	-1076.65	0
1040	-402.305	-1050.99	0
1050	-393.543	-1023.04	0
1060	-383.757	-992.827	0
1070	-372.894	-960.403	0
1080	-360.939	-925.892	0
1090	-347.911	-889.474	0
1100	-333.863	-851.372	0
1110	-318.883	-811.848	0
1120	-303.083	-771.186	0
1130	-286.595	-729.685	0
1140	-269.561	-687.649	0
1150	-252.118	-645.409	0
1160	-234.397	-603.3	0
1170	-216.509	-561.642	0
1180	-198.548	-520.729	0
1190	-180.583	-480.837	0
1200	-162.667	-442.226	0
1210	-146.574	-403.471	0
1220	-132.724	-364.524	0
1230	-119.565	-327.331	0
1240	-107.234	-292.242	0
1250	-95.8791	-259.649	0
1260	-85.6342	-229.921	0
1270	-76.5927	-203.358	0
1280	-68.7671	-180.111	0
1290	-62.0964	-160.213	0
1300	-58.2315	-148.603	0
1310	-55.0799	-139.208	0
1320	-52.4177	-131.48	0
1330	-50.1782	-124.94	0
1340	-47.9678	-120.267	0
1350	-46.0936	-115.315	0
1360	-44.1486	-111.033	0
1370	-42.1704	-106.687	0
1380	-40.3877	-102.781	0
1390	-37.9994	-97.2363	0
1400	-35.6439	-91.6566	0
1410	-32.9718	-86.0189	0
1420	-30.1181	-78.059	0
1430	-26.9385	-70.0256	0
1440	-23.4788	-62.1756	0
1450	-20.0223	-52.2547	0
1460	-16.3383	-42.6828	0
1470	-12.5972	-32.9212	0
1480	-8.88567	-23.2191	0
1490	-5.28066	-13.7968	0
1500	-1.84453	-4.82142	0
1510	-0.000548392	-0.0228058	0
1520	0.00267819	0.117065	0
1530	0.247586	0.652482	0
1540	0.0017345	0.0920953	0
1550	0.17551	0.468204	0
1560	0.0371964	0.0999771	0
1570	-0.00301397	-0.323641	0
1580	-0.227394	-0.620107	0
1590	-1.43042	-3.92042	0
1600	-3.63237	-9.99036	0
1610	-7.04397	-19.4205	0
1620	-11.4853	-31.7158	0
1630	-17.0757	-47.202	0
1640	-23.6856	-65.3629	0
1650	-32.1386	-85.4148	0
1660	-42.9043	-106.467	0
1670	-55.8754	-128.111	0
1680	-70.886	-149.997	0
1690	-87.7197	-171.878	0
1700	-106.118	-193.471	0
1710	-125.787	-214.666	0
1720	-146.411	-235.623	0
1730	-167.663	-256.617	0
1740	-189.217	-278.005	0
1750	-210.75	-300.186	0
1760	-231.957	-323.552	0
1770	-252.552	-348.451	0
1780	-272.274	-375.146	0
1790	-290.896	-403.777	0
1800	-308.223	-434.351	0
1810	-324.101	-466.592	0
1820	-338.417	-498.628	0
1830	-351.105	-531.517	0
1840	-362.149	-564.928	0
1850	-371.57	-598.503	0
1860	-379.426	-631.886	0
1870	-385.808	-664.764	0
1880	-390.835	-696.877	0
1890	-394.648	-728.026	0
1900	-397.397	-758.078	0
1910	-399.247	-786.976	0
1920	-400.363	-814.732	0
1930	-400.913	-841.419	0
1940	-401.064	-867.153	0
1950	-400.986	-892.066	0
1960	-400.829	-916.271	0
1970	-400.728	-939.865	0
1980	-400.825	-962.938	0
1990	-401.256	-985.549	0
2000	-402.155	-1007.72	0
2010	-403.674	-1029.43	0
2020	-405.98	-1050.65	0
2030	-409.217	-1071.29	0
2040	-413.466	-1091.21	0
2050	-418.771	-1110.23	0
2060	-425.151	-1128.18	0
2070	-432.595	-1144.87	0
2080	-441.052	-1160.14	0
2090	-450.417	-1173.84	0
2100	-460.526	-1185.81	0
2110	-471.154	-1195.7	0
2120	-482.028	-1203.49	0
2130	-492.844	-1209.25	0
2140	-503.28	-1213.11	0
2150	-513.006	-1215.27	0
2160	-521.701	-1215.98	0
2170	-529.061	-1215.53	0
2180	-534.815	-1214.19	0
2190	-538.735	-1212.23	0
2200	-540.642	-1209.88	0
2210	-540.419	-1207.31	0
2220	-538.012	-1204.6	0
2230	-533.43	-1201.76	0
2240	-526.755	-1198.73	0
2250	-518.137	-1195.38	0
2260	-507.794	-1191.53	0
2270	-496	-1186.98	0
2280	-483.084	-1181.54	0
2290	-469.409	-1175.02	0
2300	-455.359	-1167.31	0
2310	-441.311	-1158.34	0
2320	-427.613	-1148.08	0
2330	-414.57	-1136.37	0
2340	-405.25	-1121.49	0
2350	-399.221	-1104.17	0
2360	-393.472	-1087.5	0
2370	-388.045	-1071.65	0
2380	-382.931	-1056.61	0
2390	-378.075	-1042.26	0
2400	-373.373	-1028.36	0
2410	-368.678	-1014.53	0
2420	-363.812	-1000.31	0
2430	-358.577	-985.185	0
2440	-352.773	-968.61	0
2450	-346.208	-950.072	0
2460	-338.721	-929.123	0
2470	-330.19	-905.42	0
2480	-320.553	-878.772	0
2490	-309.811	-849.158	0
2500	-298.032	-816.74	0
2510	-285.36	-781.881	0
2520	-272.01	-745.14	0
2530	-258.253	-707.232	0
2540	-244.407	-668.998	0
2550	-230.817	-631.356	0
2560	-217.826	-595.216	0
2570	-205.751	-561.42	0
2580	-194.87	-530.71	0
2590	-185.409	-503.691	0
2600	-177.523	-480.784	0
2610	-171.28	-462.188	0
2620	-166.656	-447.874	0
2630	-163.536	-437.582	0
2640	-161.703	-430.813	0
2650	-160.868	-426.878	0
2660	-160.695	-424.955	0
2670	-160.813	-424.133	0
2680	-160.853	-423.49	0
2690	-160.465	-422.143	0
2700	-159.341	-419.292	0
2710	-157.229	-414.266	0
2720	-153.956	-406.577	0
2730	-149.432	-395.942	0
2740	-143.664	-382.299	0
2750	-136.743	-365.785	0
2760	-128.839	-346.715	0
2770	-120.192	-325.574	0
2780	-111.05	-302.853	0
2790	-101.659	-279.03	0
2800	-92.2881	-254.665	0
2810	-83.2177	-230.384	0
2820	-74.72	-206.867	0
2830	-67.0379	-184.812	0
2840	-60.3683	-164.906	0
2850	-54.8551	-147.803	0
2860	-50.7536	-134.521	0
2870	-48.9437	-127.74	0
2880	-47.8833	-123.509	0
2890	-47.6542	-122.331	0
2900	-48.4981	-124.818	0
2910	-50.5803	-131.316	0
2920	-53.8736	-141.44	0
2930	-58.8691	-154.12	0
2940	-65.535	-168.695	0
2950	-73.5949	-184.681	0
2960	-82.733	-201.595	0
2970	-92.6076	-218.986	0
2980	-102.87	-236.456	0
2990	-113.184	-253.684	0
3000	-123.239	-270.44	0
3010	-132.774	-286.592	0
3020	-141.579	-302.112	0
3030	-149.516	-317.062	0
3040	-156.511	-331.588	0
3050	-162.552	-345.886	0
3060	-167.681	-360.171	0
3070	-171.997	-374.668	0
3080	-175.644	-389.578	0
3090	-178.782	-405.039	0
3100	-181.584	-421.117	0
3110	-184.231	-437.815	0
3120	-186.898	-455.058	0
3130	-189.736	-472.681	0
3140	-192.873	-490.471	0
3150	-196.414	-508.192	0
3160	-200.44	-525.624	0
3170	-205.004	-542.576	0
3180	-210.115	-558.919	0
3190	-215.739	-574.599	0
3200	-221.815	-589.608	0
3210	-228.252	-603.974	0
3220	-234.941	-617.774	0
3230	-241.754	-631.123	0
3240	-248.551	-644.158	0
3250	-255.188	-657.044	0
3260	-261.522	-669.96	0
3270	-267.417	-683.092	0
3280	-272.753	-696.614	0
3290	-277.427	-710.683	0
3300	-281.356	-725.418	0
3310	-284.486	-740.894	0
3320	-286.79	-757.139	0
3330	-288.268	-774.123	0
3340	-288.945	-791.767	0
3350	-291.483	-807.337	0
3360	-296.263	-820.389	0
3370	-300.997	-833.151	0
3380	-305.655	-845.592	0
3390	-310.206	-857.679	0
3400	-314.616	-869.369	0
3410	-318.837	-880.572	0
3420	-322.815	-891.179	0
3430	-326.506	-901.087	0
3440	-329.877	-910.214	0
3450	-332.904	-918.497	0
3460	-335.575	-925.892	0
3470	-337.895	-932.399	0
3480	-339.891	-938.063	0
3490	-341.598	-942.965	0
3500	-343.069	-947.223	0
3510	-344.369	-950.993	0
3520	-345.567	-954.449	0
3530	-346.729	-957.755	0
3540	-347.919	-961.068	0
3550	-349.189	-964.518	0
3560	-350.582	-968.209	0
3570	-352.128	-972.203	0
3580	-353.843	-976.526	0
3590	-355.726	-981.159	0
3600	-357.768	-986.054	0
3610	-359.941	-991.125	0
3620	-362.205	-996.258	0
3630	-364.509	-1001.33	0
3640	-366.792	-1006.19	0
3650	-368.991	-1010.71	0
3660	-371.038	-1014.76	0
3670	-372.867	-1018.24	0
3680	-374.416	-1021.05	0
3690	-375.63	-1023.1	0
3700	-376.458	-1024.34	0
3710	-376.862	-1024.7	0
3720	-376.813	-1024.16	0
3730	-376.296	-1022.68	0
3740	-375.303	-1020.23	0
3750	-373.84	-1016.81	0
3760	-371.92	-1012.41	0
3770	-369.567	-1007.04	0
3780	-366.813	-1000.7	0
3790	-363.693	-993.45	0
3800	-360.249	-985.321	0
3810	-356.528	-976.388	0
3820	-352.58	-966.742	0
3830	-348.46	-956.502	0
3840	-344.228	-945.808	0
3850	-339.944	-934.82	0
3860	-335.674	-923.717	0
3870	-331.476	-912.673	0
3880	-327.402	-901.844	0
3890	-323.494	-891.366	0
3900	-319.786	-881.349	0
3910	-316.296	-871.867	0
3920	-313.026	-862.939	0
3930	-309.949	-854.511	0
3940	-307.023	-846.484	0
3950	-304.2	-838.732	0
3960	-301.425	-831.118	0
3970	-298.645	-823.502	0
3980	-295.815	-815.766	0
3990	-292.902	-807.822	0
4000	-289.885	-799.615	0
4010	-286.759	-791.125	0
4020	-283.532	-782.373	0
4030	-280.231	-773.427	0
4040	-276.905	-764.414	0
4050	-273.612	-755.491	0
4060	-270.42	-746.835	0
4070	-267.396	-738.635	0
4080	-264.609	-731.072	0
4090	-262.113	-724.295	0
4100	-259.942	-718.402	0
4110	-258.116	-713.448	0
4120	-256.641	-709.447	0
4130	-255.502	-706.364	0
4140	-254.664	-704.104	0
4150	-254.07	-702.51	0
4160	-253.645	-701.377	0
4170	-253.458	-700.32	0
4180	-253.758	-698.744	0
4190	-254.439	-696.401	0
4200	-255.382	-693.085	0
4210	-256.464	-688.634	0
4220	-257.576	-682.934	0
4230	-258.625	-675.938	0
4240	-259.539	-667.666	0
4250	-260.269	-658.206	0
4260	-260.791	-647.697	0
4270	-261.107	-636.27	0
4280	-261.243	-624.072	0
4290	-261.243	-611.291	0
4300	-261.155	-598.152	0
4310	-261.031	-584.905	0
4320	-260.921	-571.821	0
4330	-260.87	-559.197	0
4340	-260.921	-547.329	0
4350	-261.107	-536.507	0
4360	-261.445	-526.999	0
4370	-261.934	-519.039	0
4380	-262.541	-512.802	0
4390	-263.213	-508.412	0
4400	-263.884	-505.938	0
4410	-264.479	-505.4	0
4420	-264.921	-506.765	0
4430	-265.138	-509.945	0
4440	-265.065	-514.802	0
4450	-264.649	-521.147	0
4460	-263.853	-528.762	0
4470	-262.661	-537.406	0
4480	-261.08	-546.831	0
4490	-259.142	-556.788	0
4500	-256.902	-567.039	0
4510	-254.44	-577.374	0
4520	-251.851	-587.599	0
4530	-249.246	-597.558	0
4540	-246.74	-607.128	0
4550	-244.445	-616.213	0
4560	-242.46	-624.74	0
4570	-240.88	-632.673	0
4580	-239.806	-640.02	0
4590	-239.316	-646.8	0
4600	-239.458	-653.037	0
4610	-240.235	-658.747	0
4620	-241.613	-663.968	0
4630	-243.523	-668.734	0
4640	-245.865	-673.071	0
4650	-248.517	-676.989	0
4660	-251.34	-680.493	0
4670	-254.187	-683.585	0
4680	-256.912	-686.276	0
4690	-259.384	-688.592	0
4700	-261.491	-690.588	0
4710	-263.144	-692.344	0
4720	-264.281	-693.965	0
4730	-264.857	-695.581	0
4740	-264.858	-697.35	0
4750	-264.298	-699.439	0
4760	-263.211	-702.025	0
4770	-261.643	-705.269	0
4780	-259.652	-709.314	0
4790	-257.838	-713.725	0
4800	-258.835	-716.006	0
4810	-260.112	-718.803	0
4820	-261.7	-722.144	0
4830	-263.597	-725.987	0
4840	-265.772	-730.217	0
4850	-268.165	-734.667	0
4860	-270.697	-739.136	0
4870	-273.275	-743.409	0
4880	-275.8	-747.272	0
4890	-278.173	-750.537	0
4900	-280.306	-753.054	0
4910	-282.123	-754.716	0
4920	-283.566	-755.47	0
4930	-284.598	-755.317	0
4940	-285.208	-754.32	0
4950	-285.413	-752.61	0
4960	-285.26	-750.38	0
4970	-284.816	-747.864	0
4980	-284.165	-745.312	0
4990	-283.4	-742.975	0
5000	-282.615	-741.087	0
5010	-281.892	-739.833	0
5020	-281.29	-739.317	0
5030	-280.842	-739.568	0
5040	-280.571	-740.576	0
5050	-280.491	-742.304	0
5060	-280.603	-744.679	0
5070	-280.896	-747.606	0
5080	-281.348	-750.966	0
5090	-281.929	-754.622	0
5100	-282.604	-758.439	0
5110	-283.335	-762.272	0
5120	-284.081	-765.988	0
5130	-284.809	-769.47	0
5140	-285.493	-772.637	0
5150	-286.117	-775.436	0
5160	-286.68	-777.863	0
5170	-287.197	-779.964	0
5180	-287.705	-781.852	0
5190	-288.263	-783.703	0
5200	-288.946	-785.742	0
5210	-289.849	-788.256	0
5220	-291.08	-791.571	0
5230	-292.751	-796.027	0
5240	-294.967	-801.957	0
5250	-297.826	-809.675	0
5260	-301.411	-819.45	0
5270	-305.767	-831.462	0
5280	-310.905	-845.78	0
5290	-316.792	-862.352	0
5300	-323.357	-881.011	0
5310	-330.495	-901.485	0
5320	-338.061	-923.375	0
5330	-345.882	-946.185	0
5340	-353.762	-969.35	0
5350	-361.495	-992.249	0
5360	-368.871	-1014.25	0
5370	-375.5	-1034.2	0
5380	-381.241	-1051.64	0
5390	-386.138	-1066.6	0
5400	-390.077	-1078.71	0
5410	-392.949	-1087.58	0
5420	-394.816	-1093.34	0
5430	-395.566	-1095.65	0
5440	-395.305	-1094.78	0
5450	-394.06	-1090.83	0
5460	-391.97	-1084.22	0
5470	-389.204	-1075.48	0
5480	-385.955	-1065.23	0
5490	-382.43	-1054.15	0
5500	-378.835	-1042.91	0
5510	-375.34	-1032.07	0
5520	-372.067	-1022.07	0
5530	-369.116	-1013.23	0
5540	-366.579	-1005.84	0
5550	-364.538	-1000.13	0
5560	-363.074	-996.326	0
5570	-362.251	-994.564	0
5580	-362.122	-994.944	0
5590	-362.716	-997.489	0
5600	-364.03	-1002.13	0
5610	-366.031	-1008.71	0
5620	-368.652	-1016.99	0
5630	-371.867	-1026.55	0
5640	-375.629	-1036.86	0
5650	-379.745	-1047.47	0
5660	-383.998	-1057.96	0
5670	-388.161	-1067.88	0
5680	-392.003	-1076.82	0
5690	-395.315	-1084.44	0
5700	-397.918	-1090.48	0
5710	-399.674	-1094.81	0
5720	-400.485	-1097.39	0
5730	-400.3	-1098.24	0
5740	-399.11	-1097.51	0
5750	-396.953	-1095.43	0
5760	-394.315	-1091.87	0
5770	-392.293	-1086.23	0
5780	-390.024	-1079.92	0
5790	-387.658	-1073.35	0
5800	-385.34	-1066.92	0
5810	-383.195	-1060.96	0
5820	-381.32	-1055.73	0
5830	-379.782	-1051.42	0
5840	-378.605	-1048.09	0
5850	-377.776	-1045.67	0
5860	-377.238	-1044.03	0
5870	-376.907	-1042.9	0
5880	-376.68	-1042	0
5890	-376.433	-1041	0
5900	-376.03	-1039.52	0
5910	-375.325	-1037.17	0
5920	-374.184	-1033.6	0
5930	-372.481	-1028.49	0
5940	-370.105	-1021.56	0
5950	-366.964	-1012.6	0
5960	-363.07	-1001.4	0
5970	-358.947	-987.341	0
5980	-354.697	-970.364	0
5990	-350.318	-950.628	0
6000	-345.817	-928.403	0
6010	-341.217	-904.054	0
6020	-336.552	-878.029	0
6030	-331.867	-850.837	0
6040	-327.213	-823.018	0
6050	-322.649	-795.126	0
6060	-318.243	-767.71	0
6070	-314.068	-741.276	0
6080	-310.198	-716.262	0
6090	-306.712	-693.026	0
6100	-303.682	-671.811	0
6110	-301.174	-652.734	0
6120	-299.238	-635.812	0
6130	-297.917	-620.99	0
6140	-297.238	-608.149	0
6150	-297.214	-597.118	0
6160	-297.838	-587.683	0
6170	-299.078	-579.606	0
6180	-300.866	-572.639	0
6190	-303.102	-566.538	0
6200	-305.653	-561.078	0
6210	-308.362	-556.057	0
6220	-311.06	-551.31	0
6230	-313.561	-546.702	0
6240	-315.673	-542.137	0
6250	-317.208	-537.552	0
6260	-317.989	-532.915	0
6270	-317.862	-528.221	0
6280	-316.707	-523.478	0
6290	-314.442	-518.698	0
6300	-311.031	-513.886	0
6310	-306.492	-509.045	0
6320	-300.895	-504.172	0
6330	-294.361	-499.257	0
6340	-287.053	-494.293	0
6350	-279.202	-489.291	0
6360	-271.078	-484.262	0
6370	-262.974	-479.213	0
6380	-255.194	-474.15	0
6390	-248.035	-469.091	0
6400	-241.776	-464.061	0
6410	-236.661	-459.099	0
6420	-232.881	-454.252	0
6430	-230.565	-449.574	0
6440	-229.768	-445.134	0
6450	-230.464	-441.013	0
6460	-232.55	-437.294	0
6470	-235.85	-434.053	0
6480	-240.131	-431.364	0
6490	-245.108	-429.282	0
6500	-250.467	-427.843	0
6510	-255.878	-427.059	0
6520	-261.02	-426.93	0
6530	-265.608	-427.439	0
6540	-269.413	-428.561	0
6550	-272.263	-430.259	0
6560	-274.047	-432.483	0
6570	-274.728	-435.165	0
6580	-274.337	-438.243	0
6590	-272.958	-441.66	0
6600	-270.718	-445.361	0
6610	-267.782	-449.303	0
6620	-264.338	-453.449	0
6630	-260.567	-457.734	0
6640	-256.634	-462.083	0
6650	-252.697	-466.438	0
6660	-248.892	-470.759	0
6670	-245.32	-475.017	0
6680	-242.057	-479.209	0
6690	-239.156	-483.357	0
6700	-236.642	-487.504	0
6710	-234.514	-491.713	0
6720	-232.745	-496.052	0
6730	-231.289	-500.593	0
6740	-230.075	-505.417	0
6750	-229.02	-510.604	0
6760	-228.034	-516.219	0
6770	-227.027	-522.31	0
6780	-225.914	-528.908	0
6790	-224.619	-536.022	0
6800	-223.086	-543.641	0
6810	-221.279	-551.738	0
6820	-219.182	-560.272	0
6830	-216.802	-569.18	0
6840	-214.165	-578.387	0
6850	-212.27	-586.877	0
6860	-214.169	-591.629	0
6870	-216.155	-596.448	0
6880	-218.271	-601.41	0
6890	-220.557	-606.599	0
6900	-223.05	-612.083	0
6910	-225.772	-617.899	0
6920	-228.722	-624.04	0
6930	-231.884	-630.466	0
6940	-235.22	-637.099	0
6950	-238.672	-643.825	0
6960	-242.168	-650.511	0
6970	-245.616	-656.986	0
6980	-248.911	-663.067	0
6990	-251.953	-668.586	0
7000	-254.644	-673.385	0
7010	-256.902	-677.352	0
7020	-258.669	-680.424	0
7030	-259.911	-682.596	0
7040	-260.633	-683.933	0
7050	-260.871	-684.575	0
7060	-260.699	-684.729	0
7070	-260.217	-684.652	0
7080	-259.546	-684.636	0
7090	-258.824	-684.988	0
7100	-258.193	-686.008	0
7110	-257.791	-687.967	0
7120	-257.742	-691.082	0
7130	-258.141	-695.488	0
7140	-259.052	-701.242	0
7150	-260.502	-708.311	0
7160	-262.473	-716.565	0
7170	-264.903	-725.77	0
7180	-267.688	-735.596	0
7190	-270.684	-745.632	0
7200	-273.723	-755.419	0
7210	-276.623	-764.482	0
7220	-279.202	-772.357	0
7230	-281.293	-778.63	0
7240	-282.754	-782.964	0
7250	-283.482	-785.128	0
7260	-283.423	-785.021	0
7270	-282.574	-782.681	0
7280	-280.991	-778.292	0
7290	-278.781	-772.168	0
7300	-276.095	-764.733	0
7310	-273.126	-756.508	0
7320	-270.092	-748.06	0
7330	-267.206	-739.943	0
7340	-264.669	-732.647	0
7350	-262.644	-726.563	0
7360	-261.253	-721.967	0
7370	-260.567	-719.008	0
7380	-260.604	-717.709	0
7390	-261.323	-717.96	0
7400	-262.631	-719.539	0
7410	-264.388	-722.122	0
7420	-266.428	-725.348	0
7430	-268.576	-728.84	0
7440	-270.65	-732.216	0
7450	-272.474	-735.109	0
7460	-273.894	-737.197	0
7470	-274.783	-738.204	0
7480	-275.051	-737.933	0
7490	-274.655	-736.285	0
7500	-273.598	-733.261	0
7510	-271.929	-728.962	0
7520	-269.734	-723.573	0
7530	-267.123	-717.328	0
7540	-264.211	-710.466	0
7550	-261.129	-703.257	0
7560	-258.017	-695.994	0
7570	-255.012	-688.972	0
7580	-252.239	-682.464	0
7590	-249.808	-676.71	0
7600	-247.803	-671.899	0
7610	-246.281	-668.156	0
7620	-245.272	-665.542	0
7630	-244.779	-664.049	0
7640	-244.779	-663.598	0
7650	-245.224	-664.053	0
7660	-246.043	-665.213	0
7670	-247.146	-666.832	0
7680	-248.431	-668.639	0
7690	-249.786	-670.35	0
7700	-251.093	-671.677	0
7710	-252.234	-672.342	0
7720	-253.091	-672.085	0
7730	-253.56	-670.685	0
7740	-253.547	-667.968	0
7750	-252.978	-663.815	0
7760	-251.801	-658.171	0
7770	-249.986	-651.043	0
7780	-247.527	-642.499	0
7790	-244.445	-632.663	0
7800	-240.782	-621.714	0
7810	-236.605	-609.879	0
7820	-231.999	-597.422	0
7830	-227.066	-584.628	0
7840	-221.912	-571.782	0
7850	-216.651	-559.173	0
7860	-211.408	-547.097	0
7870	-206.304	-535.834	0
7880	-201.46	-525.649	0
7890	-196.986	-516.759	0
7900	-192.969	-509.315	0
7910	-189.489	-503.428	0
7920	-186.652	-499.142	0
7930	-184.961	-496.038	0
7940	-184.551	-494.016	0
7950	-185.368	-493.086	0
7960	-187.323	-493.231	0
7970	-190.283	-494.398	0
7980	-194.084	-496.503	0
7990	-198.531	-499.418	0
8000	-203.406	-502.971	0
8010	-208.475	-506.954	0
8020	-213.502	-511.124	0
8030	-218.256	-515.202	0
8040	-222.516	-518.887	0
8050	-226.088	-521.878	0
8060	-228.812	-523.895	0
8070	-230.569	-524.687	0
8080	-231.284	-524.047	0
8090	-230.935	-521.828	0
8100	-229.547	-517.955	0
8110	-227.2	-512.436	0
8120	-224.018	-505.362	0
8130	-220.167	-496.895	0
8140	-215.844	-487.259	0
8150	-211.269	-476.734	0
8160	-206.677	-465.64	0
8170	-202.293	-454.325	0
8180	-198.33	-443.15	0
8190	-194.969	-432.466	0
8200	-192.359	-422.6	0
8210	-190.608	-413.837	0
8220	-189.787	-406.413	0
8230	-189.923	-400.499	0
8240	-191.006	-396.195	0
8250	-192.984	-393.525	0
8260	-195.772	-392.438	0
8270	-199.257	-392.816	0
8280	-203.303	-394.485	0
8290	-207.772	-397.238	0
8300	-212.517	-400.848	0
8310	-217.389	-405.08	0
8320	-222.242	-409.695	0
8330	-226.938	-414.465	0
8340	-231.352	-419.189	0
8350	-235.376	-423.699	0
8360	-238.924	-427.877	0
8370	-241.932	-431.644	0
8380	-244.359	-434.974	0
8390	-246.185	-437.877	0
8400	-247.409	-440.396	0
8410	-248.043	-442.587	0
8420	-248.111	-444.502	0
8430	-247.648	-446.178	0
8440	-246.699	-447.63	0
8450	-245.306	-448.85	0
8460	-243.515	-449.807	0
8470	-241.37	-450.446	0
8480	-238.917	-450.691	0
8490	-236.199	-450.45	0
8500	-233.259	-449.629	0
8510	-230.138	-448.139	0
8520	-226.875	-445.899	0
8530	-223.506	-442.846	0
8540	-220.072	-438.947	0
8550	-216.619	-434.203	0
8560	-213.192	-428.649	0
8570	-209.842	-422.362	0
8580	-206.628	-415.452	0
8590	-203.616	-408.073	0
8600	-200.87	-400.411	0
8610	-198.455	-392.681	0
8620	-196.414	-385.067	0
8630	-194.78	-377.713	0
8640	-193.569	-370.747	0
8650	-192.796	-364.298	0
8660	-192.464	-358.491	0
8670	-192.572	-353.447	0
8680	-193.104	-349.278	0
8690	-194.038	-346.08	0
8700	-195.338	-343.934	0
8710	-196.96	-342.899	0
8720	-198.85	-343.013	0
8730	-200.944	-344.286	0
8740	-203.171	-346.696	0
8750	-205.443	-350.18	0
8760	-207.665	-354.642	0
8770	-209.732	-359.947	0
8780	-211.537	-365.943	0
8790	-212.977	-372.465	0
8800	-213.957	-379.311	0
8810	-214.384	-386.256	0
8820	-214.18	-393.115	0
8830	-213.283	-399.72	0
8840	-211.655	-405.912	0
8850	-209.281	-411.525	0
8860	-206.166	-416.42	0
8870	-202.337	-420.511	0
8880	-197.84	-423.772	0
8890	-192.742	-426.236	0
8900	-190.189	-424.948	0
8910	-188.641	-421.721	0
8920	-186.886	-418.049	0
8930	-184.988	-414.06	0
8940	-182.985	-409.836	0
8950	-180.901	-405.413	0
8960	-178.756	-400.817	0
8970	-176.563	-396.062	0
8980	-174.333	-391.166	0
8990	-172.079	-386.156	0
9000	-169.815	-381.065	0
9010	-167.551	-375.926	0
9020	-165.301	-370.782	0
9030	-163.075	-365.672	0
9040	-160.877	-360.629	0
9050	-158.718	-355.706	0
9060	-156.614	-350.972	0
9070	-154.584	-346.512	0
9080	-152.656	-342.437	0
9090	-150.867	-338.865	0
9100	-149.251	-335.913	0
9110	-147.835	-333.675	0
9120	-146.638	-332.239	0
9130	-145.666	-331.665	0
9140	-144.915	-331.989	0
9150	-144.381	-333.234	0
9160	-144.054	-335.4	0
9170	-143.915	-338.458	0
9180	-143.939	-342.342	0
9190	-144.083	-346.93	0
9200	-144.3	-352.079	0
9210	-144.55	-357.641	0
9220	-144.798	-363.469	0
9230	-145.027	-369.436	0
9240	-145.234	-375.425	0
9250	-145.432	-381.328	0
9260	-145.656	-387.069	0
9270	-145.964	-392.612	0
9280	-146.428	-397.969	0
9290	-147.125	-403.191	0
9300	-148.137	-408.382	0
9310	-149.524	-413.655	0
9320	-151.316	-419.116	0
9330	-153.504	-424.842	0
9340	-156.043	-430.871	0
9350	-158.849	-437.18	0
9360	-161.811	-443.676	0
9370	-164.796	-450.198	0
9380	-167.672	-456.543	0
9390	-170.303	-462.468	0
9400	-172.568	-467.708	0
9410	-174.364	-472.015	0
9420	-175.62	-475.196	0
9430	-176.302	-477.136	0
9440	-176.422	-477.822	0
9450	-176.035	-477.366	0
9460	-175.241	-475.997	0
9470	-174.185	-474.068	0
9480	-173.047	-472.008	0
9490	-172.692	-469.567	0
9500	-173.734	-466.75	0
9510	-176.26	-464.07	0
9520	-180.294	-462.058	0
9530	-185.784	-461.224	0
9540	-192.603	-462.011	0
9550	-200.546	-464.758	0
9560	-209.327	-469.635	0
9570	-218.583	-476.584	0
9580	-227.89	-485.314	0
9590	-236.809	-495.358	0
9600	-244.92	-506.112	0
9610	-251.838	-516.891	0
9620	-257.221	-526.987	0
9630	-260.791	-535.715	0
9640	-262.336	-542.456	0
9650	-261.734	-546.727	0
9660	-258.954	-548.218	0
9670	-254.068	-546.799	0
9680	-247.257	-542.515	0
9690	-238.807	-535.597	0
9700	-229.106	-526.456	0
9710	-218.618	-515.655	0
9720	-207.849	-503.845	0
9730	-197.281	-491.631	0
9740	-187.371	-479.591	0
9750	-178.544	-468.306	0
9760	-171.176	-458.331	0
9770	-165.559	-450.162	0
9780	-161.894	-444.211	0
9790	-160.308	-440.809	0
9800	-160.855	-440.201	0
9810	-163.511	-442.52	0
9820	-168.164	-447.782	0
9830	-174.617	-455.867	0
9840	-182.599	-466.52	0
9850	-191.8	-479.376	0
9860	-201.872	-493.967	0
9870	-212.432	-509.742	0
9880	-223.087	-526.094	0
9890	-233.44	-542.38	0
9900	-243.101	-557.937	0
9910	-251.71	-572.101	0
9920	-258.945	-584.237	0
9930	-264.538	-593.779	0
9940	-268.291	-600.291	0
9950	-270.101	-603.512	0
9960	-269.939	-603.366	0
9970	-267.854	-599.956	0
9980	-263.962	-593.535	0
9990	-258.435	-584.509	0
10000	-251.503	-573.462	0
10010	-243.447	-561.111	0
10020	-234.585	-548.283	0
10030	-225.263	-535.815	0
10040	-215.826	-524.467	0
10050	-206.569	-514.809	0
10060	-197.695	-507.125	0
10070	-189.328	-501.464	0
10080	-181.564	-497.759	0
10090	-177.832	-492.548	0
10100	-176.115	-487.779	0
10110	-175.029	-484.732	0
10120	-174.529	-483.265	0
10130	-174.545	-483.168	0
10140	-174.978	-484.166	0
10150	-175.706	-485.929	0
10160	-176.578	-488.058	0
10170	-177.417	-490.093	0
10180	-178.038	-491.545	0
10190	-178.25	-491.912	0
10200	-177.872	-490.708	0
10210	-176.739	-487.486	0
10220	-174.698	-481.822	0
10230	-171.797	-473.178	0
10240	-168.189	-461.056	0
10250	-163.789	-445.377	0
10260	-158.559	-426.222	0
10270	-152.509	-403.817	0
10280	-145.716	-378.517	0
10290	-138.312	-350.758	0
10300	-130.454	-321.05	0
10310	-122.345	-289.975	0
10320	-114.239	-258.191	0
10330	-106.43	-226.41	0
10340	-99.2382	-195.38	0
10350	-92.9959	-165.842	0
10360	-88.0295	-138.486	0
10370	-84.6187	-113.914	0
10380	-82.9787	-92.6189	0
10390	-83.2667	-74.9748	0
10400	-85.5674	-61.2324	0
10410	-89.8868	-51.5273	0
10420	-96.1614	-46.6328	0
10430	-104.189	-46.728	0
10440	-113.547	-48.6404	0
10450	-123.86	-53.5775	0
10460	-134.642	-61.1569	0
10470	-145.357	-70.7755	0
10480	-155.46	-81.779	0
10490	-164.431	-93.4983	0
10500	-171.801	-105.29	0
10510	-177.186	-116.579	0
10520	-180.306	-126.891	0
10530	-181	-135.871	0
10540	-179.242	-143.302	0
10550	-175.146	-149.105	0
10560	-168.957	-153.337	0
10570	-161.033	-156.168	0
10580	-151.818	-157.862	0
10590	-141.806	-158.746	0
10600	-131.518	-159.181	0
10610	-122.733	-158.27	0
10620	-115.044	-157.283	0
10630	-108.531	-156.819	0
10640	-103.304	-157.23	0
10650	-99.3741	-158.744	0
10660	-96.6819	-161.462	0
10670	-95.111	-165.379	0
10680	-94.5011	-170.375	0
10690	-94.6647	-176.241	0
10700	-95.4136	-182.726	0
10710	-96.5698	-189.587	0
10720	-97.9742	-196.604	0
10730	-99.6062	-203.483	0
10740	-101.431	-209.975	0
10750	-103.321	-215.965	0
10760	-105.175	-221.382	0
10770	-106.934	-226.197	0
10780	-108.579	-230.424	0
10790	-110.129	-234.101	0
10800	-111.639	-237.283	0
10810	-113.187	-240.024	0
10820	-114.871	-242.362	0
10830	-116.799	-244.32	0
10840	-119.071	-245.89	0
10850	-121.76	-247.034	0
10860	-124.908	-247.684	0
10870	-128.522	-247.751	0
10880	-132.568	-247.135	0
10890	-136.979	-245.744	0
10900	-141.649	-243.496	0
10910	-146.44	-240.337	0
10920	-151.188	-236.253	0
10930	-155.713	-231.28	0
10940	-159.826	-225.505	0
10950	-163.342	-219.078	0
10960	-166.088	-212.207	0
10970	-167.915	-205.135	0
10980	-168.705	-198.113	0
10990	-168.373	-191.372	0
11000	-166.883	-185.112	0
11010	-164.244	-179.492	0
11020	-160.519	-174.624	0
11030	-155.83	-170.568	0
11040	-150.37	-167.361	0
11050	-144.382	-165.027	0
11060	-138.153	-163.571	0
11070	-131.997	-162.987	0
11080	-126.241	-163.269	0
11090	-121.197	-164.403	0
11100	-117.147	-166.378	0
11110	-114.325	-169.18	0
11120	-112.902	-172.81	0
11130	-112.976	-177.273	0
11140	-114.563	-182.587	0
11150	-117.591	-188.768	0
11160	-121.9	-195.824	0
11170	-127.256	-203.748	0
11180	-133.359	-212.499	0
11190	-139.874	-221.996	0
11200	-146.448	-232.098	0
11210	-152.729	-242.63	0
11220	-158.383	-253.374	0
11230	-163.12	-264.077	0
11240	-166.701	-274.457	0
11250	-168.952	-284.208	0
11260	-169.774	-293.005	0
11270	-169.152	-300.536	0
11280	-167.151	-306.521	0
11290	-163.891	-310.71	0
11300	-159.543	-312.896	0
11310	-154.31	-312.937	0
11320	-148.415	-310.774	0
11330	-142.087	-306.471	0
11340	-135.561	-300.213	0
11350	-129.056	-292.289	0
11360	-122.788	-283.109	0
11370	-116.943	-273.179	0
11380	-111.68	-263.057	0
11390	-107.129	-253.329	0
11400	-103.387	-244.568	0
11410	-100.509	-237.302	0
11420	-98.5024	-231.981	0
11430	-97.3412	-228.97	0
11440	-96.9599	-228.542	0
11450	-97.2506	-230.841	0
11460	-100.452	-233.473	0
11470	-104.292	-238.351	0
11480	-108.516	-245.162	0
11490	-112.867	-253.445	0
11500	-117.094	-262.63	0
11510	-120.952	-272.079	0
11520	-124.216	-281.126	0
11530	-126.689	-289.134	0
11540	-128.211	-295.533	0
11550	-128.669	-299.87	0
11560	-128.007	-301.824	0
11570	-126.223	-301.245	0
11580	-123.381	-298.162	0
11590	-119.604	-292.788	0
11600	-115.075	-285.496	0
11610	-110.029	-276.794	0
11620	-104.744	-267.299	0
11630	-99.5232	-257.693	0
11640	-94.6653	-248.654	0
11650	-90.4398	-240.798	0
11660	-87.0825	-234.68	0
11670	-84.761	-230.72	0
11680	-83.5836	-229.239	0
11690	-83.6038	-230.463	0
11700	-84.8232	-234.517	0
11710	-87.1919	-241.401	0
11720	-90.6026	-250.949	0
11730	-94.9033	-262.83	0
11740	-100.309	-276.16	0
11750	-106.848	-290.105	0
11760	-114.248	-304.039	0
11770	-122.198	-317.341	0
11780	-130.37	-329.437	0
11790	-138.431	-339.84	0
11800	-146.065	-348.172	0
11810	-152.986	-354.184	0
11820	-158.957	-357.76	0
11830	-163.811	-358.917	0
11840	-167.469	-357.81	0
11850	-169.915	-354.706	0
11860	-171.183	-349.944	0
11870	-171.348	-343.914	0
11880	-170.529	-337.025	0
11890	-168.876	-329.687	0
11900	-166.564	-322.276	0
11910	-163.777	-315.121	0
11920	-160.708	-308.489	0
11930	-157.546	-302.593	0
11940	-154.472	-297.592	0
11950	-151.642	-293.558	0
11960	-149.194	-290.488	0
11970	-147.234	-288.31	0
11980	-145.843	-286.909	0
11990	-145.066	-286.132	0
12000	-144.91	-285.785	0
12010	-145.352	-285.655	0
12020	-146.338	-285.519	0
12030	-147.797	-285.178	0
12040	-149.639	-284.456	0
12050	-151.76	-283.217	0
12060	-154.051	-281.367	0
12070	-156.395	-278.851	0
12080	-158.676	-275.658	0
12090	-160.782	-271.81	0
12100	-162.629	-267.374	0
12110	-164.151	-262.454	0
12120	-165.288	-257.16	0
12130	-165.98	-251.593	0
12140	-166.177	-245.833	0
12150	-165.841	-239.943	0
12160	-164.95	-233.962	0
12170	-163.498	-227.909	0
12180	-161.493	-221.788	0
12190	-158.953	-215.594	0
12200	-155.905	-209.321	0
12210	-152.376	-202.961	0
12220	-148.392	-196.514	0
12230	-143.964	-189.98	0
12240	-139.101	-183.376	0
12250	-133.823	-176.747	0
12260	-128.175	-170.17	0
12270	-122.24	-163.761	0
12280	-116.139	-157.691	0
12290	-110.018	-152.167	0
12300	-104.034	-147.401	0
12310	-98.3492	-143.603	0
12320	-93.1261	-140.975	0
12330	-88.4979	-139.685	0
12340	-84.5777	-139.868	0
12350	-81.4518	-141.61	0
12360	-79.1717	-144.935	0
12370	-77.7542	-149.803	0
12380	-77.2081	-156.109	0
12390	-77.5518	-163.704	0
12400	-79.388	-171.815	0
12410	-83.7399	-179.149	0
12420	-88.3424	-187.607	0
12430	-93.0455	-196.903	0
12440	-97.6802	-206.709	0
12450	-102.071	-216.668	0
12460	-106.048	-226.418	0
12470	-109.621	-235.45	0
12480	-112.813	-243.332	0
12490	-115.507	-249.866	0
12500	-117.605	-254.922	0
12510	-119.031	-258.435	0
12520	-119.724	-260.393	0
12530	-119.619	-260.824	0
12540	-118.66	-259.81	0
12550	-116.8	-257.485	0
12560	-114.006	-253.999	0
12570	-110.274	-249.52	0
12580	-105.636	-244.234	0
12590	-100.157	-238.334	0
12600	-93.9264	-231.998	0
12610	-87.0489	-225.362	0
12620	-79.6159	-218.464	0
12630	-75.2887	-207.699	0
12640	-70.9938	-196.285	0
12650	-66.6689	-184.51	0
12660	-62.3586	-172.631	0
12670	-58.149	-160.948	0
12680	-54.1662	-149.785	0
12690	-50.5694	-139.478	0
12700	-47.5361	-130.36	0
12710	-45.824	-124.334	0
12720	-45.0568	-120.308	0
12730	-45.0032	-117.393	0
12740	-45.6855	-115.958	0
12750	-47.3047	-116.581	0
12760	-49.86	-119.41	0
12770	-53.2133	-124.247	0
12780	-57.2346	-130.696	0
12790	-62.097	-137.895	0
12800	-67.5626	-145.284	0
12810	-73.2871	-152.369	0
12820	-78.9282	-158.686	0
12830	-84.1681	-163.838	0
12840	-88.7341	-167.521	0
12850	-92.405	-169.55	0
12860	-95.0214	-169.873	0
12870	-96.4889	-168.572	0
12880	-96.7799	-165.862	0
12890	-95.9368	-162.058	0
12900	-94.0685	-157.555	0
12910	-91.3347	-152.786	0
12920	-87.9285	-148.196	0
12930	-84.0595	-144.2	0
12940	-79.9526	-141.167	0
12950	-75.8348	-139.397	0
12960	-71.9225	-139.101	0
12970	-68.4084	-140.389	0
12980	-65.4539	-143.272	0
12990	-63.1792	-147.677	0
13000	-61.6525	-153.458	0
13010	-60.8822	-160.436	0
13020	-61.8318	-167.403	0
13030	-64.677	-173.881	0
13040	-67.9301	-181.017	0
13050	-71.4957	-188.546	0
13060	-75.2641	-196.208	0
13070	-79.1173	-203.777	0
13080	-82.9374	-211.078	0
13090	-86.6196	-218.014	0
13100	-90.0768	-224.559	0
13110	-93.2454	-230.752	0
13120	-96.0936	-236.686	0
13130	-98.6199	-242.49	0
13140	-100.848	-248.295	0
13150	-102.825	-254.218	0
13160	-104.616	-260.361	0
13170	-106.3	-266.8	0
13180	-107.95	-273.585	0
13190	-109.628	-280.732	0
13200	-111.376	-288.217	0
13210	-113.211	-295.974	0
13220	-115.121	-303.895	0
13230	-117.073	-311.833	0
13240	-119.042	-319.585	0
13250	-121.673	-326.241	0
13260	-125.189	-331.305	0
13270	-129.42	-334.696	0
13280	-134.139	-336.438	0
13290	-139.074	-336.668	0
13300	-143.944	-335.641	0
13310	-148.519	-333.749	0
13320	-152.626	-331.472	0
13330	-156.139	-329.319	0
13340	-158.963	-327.764	0
13350	-161.029	-327.191	0
13360	-162.305	-327.861	0
13370	-162.797	-329.879	0
13380	-162.532	-333.185	0
13390	-161.553	-337.552	0
13400	-159.908	-342.611	0
13410	-157.653	-347.893	0
13420	-154.849	-352.862	0
13430	-151.564	-356.965	0
13440	-147.871	-359.687	0
13450	-143.846	-360.587	0
13460	-139.568	-359.353	0
13470	-135.118	-355.836	0
13480	-130.589	-350.061	0
13490	-126.084	-342.221	0
13500	-121.71	-332.667	0
13510	-117.574	-321.889	0
13520	-113.774	-310.484	0
13530	-110.392	-299.114	0
13540	-107.49	-288.455	0
13550	-105.098	-279.123	0
13560	-103.221	-271.622	0
13570	-101.838	-266.303	0
13580	-100.908	-263.338	0
13590	-100.907	-262.181	0
13600	-101.593	-262.838	0
13610	-102.644	-265.251	0
13620	-103.913	-269.036	0
13630	-105.249	-273.704	0
13640	-106.5	-278.697	0
13650	-107.522	-283.445	0
13660	-108.194	-287.432	0
13670	-108.423	-290.24	0
13680	-108.179	-291.555	0
13690	-107.751	-290.91	0
13700	-107.287	-288.173	0
13710	-106.869	-283.471	0
13720	-106.59	-277.077	0
13730	-106.538	-269.391	0
13740	-106.79	-260.894	0
13750	-107.406	-252.119	0
13760	-108.433	-243.587	0
13770	-109.88	-235.748	0
13780	-111.712	-228.929	0
13790	-113.869	-223.305	0
13800	-116.304	-218.946	0
13810	-118.944	-215.827	0
13820	-121.7	-213.846	0
13830	-124.445	-212.833	0
13840	-127.027	-212.558	0
13850	-129.254	-212.739	0
13860	-130.924	-213.065	0
13870	-131.837	-213.216	0
13880	-131.811	-212.877	0
13890	-130.681	-211.766	0
13900	-128.306	-209.655	0
13910	-124.587	-206.396	0
13920	-119.481	-201.924	0
13930	-112.991	-196.249	0
13940	-105.178	-189.465	0
13950	-96.1738	-181.77	0
13960	-86.1887	-173.479	0
13970	-75.4943	-164.995	0
13980	-64.4129	-156.787	0
13990	-57.9959	-144.677	0
14000	-53.1093	-132.745	0
14010	-48.9884	-122.742	0
14020	-45.8773	-115.333	0
14030	-44.5495	-112.515	0
14040	-44.1789	-112.253	0
14050	-45.0452	-115.28	0
14060	-47.3026	-122.002	0
14070	-50.8099	-132.071	0
14080	-55.3255	-144.876	0
14090	-60.5314	-159.596	0
14100	-66.0584	-175.267	0
14110	-71.5107	-190.835	0
14120	-76.4936	-205.237	0
14130	-80.6554	-217.517	0
14140	-83.7104	-226.876	0
14150	-85.4484	-232.703	0
14160	-85.7628	-234.65	0
14170	-84.6568	-232.642	0
14180	-82.2466	-226.891	0
14190	-78.7551	-217.882	0
14200	-74.4921	-206.33	0
14210	-69.8234	-193.116	0
14220	-65.1345	-179.234	0
14230	-60.7841	-165.726	0
14240	-57.0497	-153.588	0
14250	-54.1187	-143.752	0
14260	-52.1026	-137.011	0
14270	-51.0782	-133.954	0
14280	-51.1356	-134.913	0
14290	-52.3968	-139.978	0
14300	-54.9635	-148.965	0
14310	-58.8505	-161.424	0
14320	-63.9504	-176.697	0
14330	-70.0343	-193.98	0
14340	-76.7818	-212.368	0
14350	-83.8247	-230.913	0
14360	-90.7862	-248.684	0
14370	-97.3124	-264.83	0
14380	-103.097	-278.635	0
14390	-107.903	-289.565	0
14400	-111.571	-297.302	0
14410	-114.027	-301.762	0
14420	-115.281	-303.083	0
14430	-115.431	-301.605	0
14440	-114.903	-297.593	0
14450	-113.991	-291.642	0
14460	-112.905	-284.562	0
14470	-111.877	-277.198	0
14480	-111.146	-270.366	0
14490	-110.95	-264.795	0
14500	-111.504	-261.078	0
14510	-112.972	-259.624	0
14520	-115.467	-260.646	0
14530	-119.022	-264.14	0
14540	-123.583	-269.896	0
14550	-129.007	-277.526	0
14560	-135.073	-286.491	0
14570	-141.494	-296.161	0
14580	-147.935	-305.862	0
14590	-154.04	-314.934	0
14600	-159.464	-322.787	0
14610	-163.896	-328.943	0
14620	-167.074	-333.062	0
14630	-168.811	-334.96	0
14640	-169.009	-334.62	0
14650	-167.662	-332.175	0
14660	-164.852	-327.886	0
14670	-160.74	-322.113	0
14680	-155.561	-315.283	0
14690	-149.608	-307.855	0
14700	-143.207	-300.285	0
14710	-136.689	-292.997	0
14720	-130.381	-286.353	0
14730	-124.594	-280.661	0
14740	-119.619	-276.183	0
14750	-115.708	-273.123	0
14760	-113.064	-271.603	0
14770	-111.834	-271.663	0
14780	-112.098	-273.261	0
14790	-113.868	-276.282	0
14800	-117.088	-280.545	0
14810	-121.625	-285.819	0
14820	-127.289	-291.837	0
14830	-133.837	-298.31	0
14840	-140.992	-304.93	0
14850	-148.462	-311.392	0
14860	-155.943	-317.399	0
14870	-163.127	-322.663	0
14880	-169.719	-326.922	0
14890	-175.454	-329.948	0
14900	-180.111	-331.561	0
14910	-183.535	-331.646	0
14920	-185.632	-330.164	0
14930	-186.373	-327.158	0
14940	-185.792	-322.76	0
14950	-183.979	-317.191	0
14960	-181.075	-310.757	0
14970	-177.265	-303.845	0
14980	-172.768	-296.906	0
14990	-167.828	-290.429	0
15000	-162.698	-284.918	0
15010	-157.628	-280.854	0
15020	-152.851	-278.658	0
15030	-148.576	-278.656	0
15040	-144.975	-281.045	0
15050	-142.177	-285.867	0
15060	-140.252	-292.989	0
15070	-139.217	-302.098	0
15080	-139.03	-312.714	0
15090	-139.589	-324.2	0
15100	-140.735	-335.786	0
15110	-142.261	-346.626	0
15120	-143.932	-355.85	0
15130	-145.506	-362.64	0
15140	-146.748	-366.283	0
15150	-147.443	-366.219	0
15160	-147.41	-362.097	0
15170	-146.499	-353.805	0
15180	-144.61	-341.488	0
15190	-141.728	-325.571	0
15200	-137.913	-306.727	0
15210	-133.276	-285.823	0
15220	-127.969	-263.862	0
15230	-122.179	-241.921	0
15240	-116.117	-221.087	0
15250	-110.013	-202.376	0
15260	-104.075	-186.599	0
15270	-98.4717	-174.273	0
15280	-93.3302	-165.695	0
15290	-88.7435	-160.976	0
15300	-84.7862	-160.06	0
15310	-81.5062	-162.715	0
15320	-78.899	-168.527	0
15330	-76.9049	-176.92	0
15340	-75.4197	-187.18	0
15350	-74.3133	-198.511	0
15360	-75.3778	-208.132	0
15370	-77.9431	-215.762	0
15380	-80.2683	-222.313	0
15390	-82.2001	-227.273	0
15400	-83.6335	-230.29	0
15410	-84.5168	-231.179	0
15420	-84.8478	-229.913	0
15430	-84.6661	-226.604	0
15440	-84.0477	-221.494	0
15450	-83.1133	-214.987	0
15460	-82.002	-207.584	0
15470	-80.8291	-199.786	0
15480	-79.6727	-192.063	0
15490	-78.5887	-184.865	0
15500	-77.6239	-178.61	0
15510	-76.8212	-173.667	0
15520	-76.2153	-170.311	0
15530	-75.836	-168.716	0
15540	-75.718	-168.965	0
15550	-75.8967	-171.048	0
15560	-76.4037	-174.873	0
15570	-77.2531	-180.26	0
15580	-78.4309	-186.937	0
15590	-79.8891	-194.558	0
15600	-81.5526	-202.74	0
15610	-83.3282	-211.09	0
15620	-85.1073	-219.23	0
15630	-86.7827	-226.814	0
15640	-88.3924	-233.427	0
15650	-89.9589	-238.771	0
15660	-91.402	-242.769	0
15670	-92.6656	-245.452	0
15680	-93.7216	-246.941	0
15690	-94.5727	-247.436	0
15700	-95.2512	-247.198	0
15710	-95.8112	-246.515	0
15720	-96.3205	-245.677	0
15730	-96.855	-244.945	0
15740	-97.4946	-244.534	0
15750	-98.3176	-244.591	0
15760	-99.3905	-245.186	0
15770	-100.764	-246.301	0
15780	-102.473	-247.835	0
15790	-104.534	-249.623	0
15800	-106.949	-251.452	0
15810	-109.707	-253.095	0
15820	-112.783	-254.335	0
15830	-116.144	-254.994	0
15840	-119.746	-254.954	0
15850	-123.54	-254.18	0
15860	-127.468	-252.721	0
15870	-131.465	-250.713	0
15880	-135.465	-248.37	0
15890	-139.398	-245.96	0
15900	-143.198	-243.786	0
15910	-146.801	-242.151	0
15920	-150.143	-241.334	0
15930	-153.168	-241.554	0
15940	-155.822	-242.955	0
15950	-158.057	-245.587	0
15960	-159.831	-249.396	0
15970	-161.109	-254.234	0
15980	-161.867	-259.862	0
15990	-162.097	-265.982	0
16000	-161.813	-272.257	0
16010	-161.05	-278.352	0
16020	-159.863	-283.967	0
16030	-158.329	-288.861	0
16040	-156.542	-292.888	0
16050	-154.612	-296.006	0
16060	-152.662	-298.278	0
16070	-150.818	-299.865	0
16080	-149.2	-300.999	0
16090	-147.911	-301.958	0
16100	-147.025	-303.027	0
16110	-146.575	-304.464	0
16120	-146.546	-306.461	0
16130	-146.886	-309.133	0
16140	-147.509	-312.495	0
16150	-148.299	-316.447	0
16160	-149.119	-320.781	0
16170	-149.824	-325.196	0
16180	-150.271	-329.325	0
16190	-150.321	-332.766	0
16200	-149.847	-335.107	0
16210	-148.731	-335.969	0
16220	-146.889	-335.045	0
16230	-144.273	-332.141	0
16240	-140.881	-327.21	0
16250	-136.76	-320.392	0
16260	-132.018	-312.072	0
16270	-126.841	-302.827	0
16280	-121.46	-293.371	0
16290	-116.129	-284.489	0
16300	-111.089	-276.991	0
16310	-106.555	-271.63	0
16320	-102.702	-269.039	0
16330	-99.6581	-269.69	0
16340	-99.4772	-271.897	0
16350	-100.939	-276.963	0
16360	-103.518	-285.202	0
16370	-107.16	-296.194	0
16380	-111.726	-309.366	0
16390	-116.996	-324.028	0
16400	-122.691	-339.429	0
16410	-128.496	-354.794	0
16420	-134.088	-369.37	0
16430	-139.168	-382.472	0
16440	-143.476	-393.514	0
16450	-146.812	-402.049	0
16460	-149.048	-407.789	0
16470	-150.133	-410.629	0
16480	-150.09	-410.639	0
16490	-149.007	-408.042	0
16500	-147.028	-403.189	0
16510	-144.522	-396.36	0
16520	-141.82	-387.984	0
16530	-139.057	-378.731	0
16540	-136.361	-369.253	0
16550	-133.837	-360.115	0
16560	-131.55	-351.759	0
16570	-129.528	-344.488	0
16580	-127.751	-338.458	0
16590	-126.156	-333.679	0
16600	-124.651	-330.028	0
16610	-123.114	-327.277	0
16620	-121.42	-325.139	0
16630	-119.45	-323.317	0
16640	-117.417	-321.229	0
16650	-116.131	-317.777	0
16660	-114.556	-313.796	0
16670	-112.682	-309.205	0
16680	-110.533	-303.986	0
16690	-108.167	-298.201	0
16700	-105.677	-291.995	0
16710	-103.181	-285.584	0
16720	-100.816	-279.241	0
16730	-98.727	-273.283	0
16740	-97.0521	-268.037	0
16750	-95.9138	-263.829	0
16760	-95.4113	-260.972	0
16770	-95.6127	-259.736	0
16780	-96.5537	-260.33	0
16790	-98.2255	-262.854	0
16800	-100.571	-267.268	0
16810	-103.487	-273.388	0
16820	-106.823	-280.88	0
16830	-110.391	-289.279	0
16840	-114.044	-297.954	0
16850	-117.941	-305.925	0
16860	-121.919	-312.555	0
16870	-125.769	-317.34	0
16880	-129.295	-319.88	0
16890	-132.327	-319.9	0
16900	-134.727	-317.28	0
16910	-136.383	-312.057	0
16920	-137.221	-304.432	0
16930	-137.211	-294.758	0
16940	-136.374	-283.521	0
16950	-134.779	-271.311	0
16960	-132.543	-258.77	0
16970	-129.814	-246.504	0
16980	-126.713	-234.973	0
16990	-123.299	-224.515	0
17000	-119.631	-215.412	0
17010	-115.776	-207.896	0
17020	-111.801	-202.142	0
17030	-107.782	-198.268	0
17040	-103.794	-196.334	0
17050	-99.9307	-196.345	0
17060	-96.294	-198.254	0
17070	-92.9749	-201.972	0
17080	-90.0592	-207.381	0
17090	-87.6366	-214.321	0
17100	-85.7905	-222.592	0
17110	-84.5892	-231.956	0
17120	-87.1105	-239.118	0
17130	-90.5535	-246.637	0
17140	-94.4306	-254.755	0
17150	-98.64	-263.298	0
17160	-103.063	-272.082	0
17170	-107.566	-280.908	0
17180	-112.01	-289.558	0
17190	-116.246	-297.809	0
17200	-120.328	-305.236	0
17210	-124.535	-311.21	0
17220	-128.729	-315.561	0
17230	-132.761	-318.201	0
17240	-136.489	-319.114	0
17250	-139.79	-318.366	0
17260	-142.562	-316.1	0
17270	-144.732	-312.54	0
17280	-146.256	-307.979	0
17290	-147.129	-302.77	0
17300	-147.392	-297.309	0
17310	-147.11	-292.018	0
17320	-146.362	-287.327	0
17330	-145.251	-283.689	0
17340	-143.904	-281.528	0
17350	-142.437	-281.17	0
17360	-140.93	-282.817	0
17370	-139.427	-286.542	0
17380	-137.935	-292.288	0
17390	-136.43	-299.873	0
17400	-134.86	-309.017	0
17410	-133.156	-319.353	0
17420	-131.236	-330.476	0
17430	-129.003	-341.956	0
17440	-128.252	-351.478	0
17450	-129.987	-357.59	0
17460	-131.432	-362.703	0
17470	-132.544	-366.588	0
17480	-133.294	-369.11	0
17490	-133.669	-370.226	0
17500	-133.68	-369.995	0
17510	-133.356	-368.562	0
17520	-132.752	-366.156	0
17530	-131.94	-363.068	0
17540	-131.011	-359.633	0
17550	-130.063	-356.201	0
17560	-129.197	-353.114	0
17570	-128.51	-350.679	0
17580	-128.087	-349.149	0
17590	-127.986	-348.687	0
17600	-128.233	-349.358	0
17610	-128.829	-351.14	0
17620	-129.746	-353.932	0
17630	-130.932	-357.563	0
17640	-132.313	-361.806	0
17650	-133.797	-366.383	0
17660	-135.282	-370.996	0
17670	-136.672	-375.363	0
17680	-137.886	-379.25	0
17690	-138.864	-382.482	0
17700	-139.58	-384.968	0
17710	-140.032	-386.694	0
17720	-140.253	-387.727	0
17730	-140.302	-388.209	0
17740	-140.256	-388.334	0
17750	-140.207	-388.332	0
17760	-140.387	-388.276	0
17770	-141.037	-388.183	0
17780	-142.115	-388.276	0
17790	-143.541	-388.717	0
17800	-145.208	-389.582	0
17810	-146.984	-390.858	0
17820	-148.724	-392.441	0
17830	-150.273	-394.146	0
17840	-151.484	-395.719	0
17850	-152.226	-396.869	0
17860	-152.399	-397.305	0
17870	-151.935	-396.755	0
17880	-150.804	-395.011	0
17890	-149.014	-391.942	0
17900	-146.615	-387.506	0
17910	-143.691	-381.754	0
17920	-140.359	-374.837	0
17930	-136.763	-366.987	0
17940	-133.065	-358.507	0
17950	-129.424	-349.731	0
17960	-125.99	-341.008	0
17970	-122.9	-332.686	0
17980	-120.277	-325.093	0
17990	-118.21	-318.506	0
18000	-116.756	-313.127	0
