0	0	0	0
10	7.38688e-08	-0.000243519	0
20	1.20665e-06	-0.000476769	0
30	4.66286e-06	-0.000690195	0
40	1.15326e-05	-0.000875524	0
50	2.27648e-05	-0.00102628	0
60	3.91371e-05	-0.00113813	0
70	6.12537e-05	-0.00120915	0
80	8.95236e-05	-0.00123983	0
90	0.000124098	-0.00123299	0
100	0.00016497	-0.00119342	0
110	0.000211885	-0.00112746	0
120	0.000264446	-0.00104271	0
130	0.000322087	-0.000946905	0
140	0.000384131	-0.000848104	0
150	0.000449786	-0.000753303	0
160	0.000518423	-0.000668804	0
170	0.000586142	-0.000598524	0
180	0.000651634	-0.000546356	0
190	0.000717712	-0.0005122	0
200	0.000784694	-0.000496322	0
210	0.000852953	-0.000497154	0
220	0.00092319	-0.000511246	0
230	0.000996011	-0.000534498	0
240	0.00107273	-0.000561847	0
250	0.00115389	-0.000588928	0
260	0.00124042	-0.000612324	0
270	0.0013327	-0.000629228	0
280	0.00143127	-0.000638543	0
290	0.0015364	-0.000640637	0
300	0.00164821	-0.000636837	0
310	0.00176662	-0.00063048	0
320	0.00189135	-0.000625975	0
330	0.00202269	-0.000627933	0
340	0.00216006	-0.000640984	0
350	0.00230389	-0.000670151	0
360	0.00245341	-0.000716539	0
370	0.00260796	-0.000782079	0
380	0.00276614	-0.00086103	0
390	0.00292604	-0.000951737	0
400	0.00308614	-0.00105612	0
410	0.00324699	-0.00116885	0
420	0.00340556	-0.00128943	0
430	0.0035617	-0.0014157	0
440	0.00371464	-0.00154582	0
450	0.00386421	-0.00167733	0
460	0.00401004	-0.00180739	0
470	0.00415092	-0.00193462	0
480	0.00428728	-0.00205486	0
490	0.00441878	-0.00216434	0
500	0.004545	-0.0022612	0
510	0.00466575	-0.00234409	0
520	0.00478048	-0.00240981	0
530	0.00488977	-0.00245926	0
540	0.00499342	-0.0024908	0
550	0.00509115	-0.00250909	0
560	0.00518477	-0.00251475	0
570	0.00527431	-0.00250812	0
580	0.00535908	-0.00248886	0
590	0.00544023	-0.00246206	0
600	0.00551868	-0.00242745	0
610	0.00559476	-0.00238958	0
620	0.00566822	-0.00235005	0
630	0.00574117	-0.00230833	0
640	0.00581317	-0.0022634	0
650	0.00588466	-0.0022158	0
660	0.00595576	-0.00216623	0
670	0.00601918	-0.00211458	0
680	0.00604759	-0.00206023	0
690	0.00603149	-0.00200329	0
700	0.0059734	-0.00194401	0
710	0.00586255	-0.00188311	0
720	0.00570279	-0.00182125	0
730	0.00549357	-0.00175863	0
740	0.00523461	-0.00169513	0
750	0.0049262	-0.00163411	0
760	0.00457181	-0.00157512	0
770	0.00417287	-0.00152017	0
780	0.0037343	-0.00147146	0
790	0.00326088	-0.00142964	0
800	0.00276101	-0.00139658	0
810	0.00224355	-0.00137061	0
820	0.00171593	-0.00135352	0
830	0.00118425	-0.00134455	0
840	0.000666083	-0.00134283	0
850	0.000170454	-0.00134366	0
860	-0.000297066	-0.0013506	0
870	-0.000733148	-0.00136398	0
880	-0.00113558	-0.00138429	0
890	-0.00150275	-0.00141217	0
900	-0.00182927	-0.00144953	0
910	-0.002113	-0.00149139	0
920	-0.00234646	-0.00153224	0
930	-0.0025238	-0.0015687	0
940	-0.00264783	-0.00160226	0
950	-0.00272119	-0.00163316	0
960	-0.00274423	-0.0016608	0
970	-0.00271245	-0.00168232	0
980	-0.00263495	-0.00170083	0
990	-0.00250676	-0.0017132	0
1000	-0.00234213	-0.00172461	0
1010	-0.00213666	-0.00173079	0
1020	-0.00190315	-0.00173768	0
1030	-0.00163609	-0.00174077	0
1040	-0.00134373	-0.00174237	0
1050	-0.00102883	-0.00174208	0
1060	-0.000696355	-0.0017408	0
1070	-0.000347876	-0.00174059	0
1080	1.19873e-05	-0.0017383	0
1090	0.000379566	-0.00173408	0
1100	0.000749706	-0.00173003	0
1110	0.00112319	-0.00172345	0
1120	0.00149246	-0.00171934	0
1130	0.00185694	-0.00171476	0
1140	0.00221228	-0.00170883	0
1150	0.0025586	-0.00170126	0
1160	0.00289264	-0.00169163	0
1170	0.00320959	-0.00168127	0
1180	0.00350789	-0.00166872	0
1190	0.00378657	-0.00165382	0
1200	0.00404321	-0.00163711	0
1210	0.00427685	-0.00162185	0
1220	0.00448957	-0.00160646	0
1230	0.00467854	-0.00158986	0
1240	0.00484297	-0.00157806	0
1250	0.00498399	-0.00156521	0
1260	0.00510028	-0.00155398	0
1270	0.00519129	-0.00154899	0
1280	0.00526354	-0.00154466	0
1290	0.00531203	-0.00154349	0
1300	0.00533936	-0.00154783	0
1310	0.00534776	-0.00155207	0
1320	0.00534125	-0.00155951	0
1330	0.00531749	-0.00157226	0
1340	0.00527866	-0.00158474	0
1350	0.00522816	-0.00159862	0
1360	0.0051665	-0.00161692	0
1370	0.00509694	-0.00163289	0
1380	0.00502098	-0.0016483	0
1390	0.00493928	-0.00166135	0
1400	0.00485318	-0.0016713	0
1410	0.00476572	-0.00168147	0
1420	0.00467662	-0.00168639	0
1430	0.00458753	-0.00169067	0
1440	0.00449882	-0.00168902	0
1450	0.00441084	-0.00168492	0
1460	0.00432447	-0.00167671	0
1470	0.00424161	-0.00166553	0
1480	0.00416217	-0.00165244	0
1490	0.00408626	-0.00163285	0
1500	0.00401359	-0.00161357	0
1510	0.00394479	-0.0015897	0
1520	0.00388167	-0.00156326	0
1530	0.00382358	-0.00153832	0
1540	0.00377089	-0.00151076	0
1550	0.00372265	-0.00148511	0
1560	0.00368351	-0.00145518	0
1570	0.00364993	-0.00142927	0
1580	0.00362217	-0.00140661	0
1590	0.00359915	-0.00139199	0
1600	0.00358573	-0.00137228	0
1610	0.00357653	-0.00135606	0
1620	0.00357661	-0.00134292	0
1630	0.00358396	-0.00132868	0
1640	0.00359946	-0.0013179	0
1650	0.00362188	-0.00131331	0
1660	0.00364996	-0.00131014	0
1670	0.00368863	-0.00130892	0
1680	0.00373192	-0.00131109	0
1690	0.00378018	-0.00131182	0
1700	0.00383374	-0.00131664	0
1710	0.00389297	-0.00131785	0
1720	0.00395681	-0.00132001	0
1730	0.00402616	-0.00131772	0
1740	0.0040991	-0.00131935	0
1750	0.00417513	-0.00131523	0
1760	0.00425159	-0.00130782	0
1770	0.00432661	-0.00129978	0
1780	0.0043996	-0.00128889	0
1790	0.00446956	-0.00127501	0
1800	0.00453609	-0.00126463	0
1810	0.00459405	-0.00124926	0
1820	0.00464564	-0.00123378	0
1830	0.00468331	-0.00121629	0
1840	0.00471027	-0.00119803	0
1850	0.00472592	-0.00117649	0
1860	0.00473366	-0.0011568	0
1870	0.00472517	-0.00113671	0
1880	0.00470324	-0.00112267	0
1890	0.00466637	-0.00110723	0
1900	0.0046171	-0.00109592	0
1910	0.004552	-0.00108538	0
1920	0.00447634	-0.00107727	0
1930	0.00438835	-0.00107555	0
1940	0.0042889	-0.00107469	0
1950	0.00417532	-0.00107917	0
1960	0.00405449	-0.00108366	0
1970	0.00392285	-0.0010928	0
1980	0.00378457	-0.00110605	0
1990	0.00363752	-0.00112314	0
2000	0.00348527	-0.00114349	0
2010	0.00332809	-0.00116792	0
2020	0.00316838	-0.00119518	0
2030	0.00300819	-0.00122382	0
2040	0.00285024	-0.00125285	0
2050	0.00269376	-0.00128353	0
2060	0.00254432	-0.00131243	0
2070	0.00239869	-0.00134099	0
2080	0.00225957	-0.00136844	0
2090	0.00212922	-0.0013928	0
2100	0.00200838	-0.00141389	0
2110	0.00189611	-0.00143233	0
2120	0.001796	-0.00144769	0
2130	0.00170255	-0.00146391	0
2140	0.00162116	-0.00147687	0
2150	0.00154781	-0.00148624	0
2160	0.00148122	-0.00149034	0
2170	0.0014259	-0.00148775	0
2180	0.00137236	-0.00148456	0
2190	0.00133039	-0.00147499	0
2200	0.00128836	-0.0014676	0
2210	0.00125194	-0.00146024	0
2220	0.00121902	-0.00145649	0
2230	0.00119099	-0.00145478	0
2240	0.00116622	-0.00145389	0
2250	0.00113962	-0.00146132	0
2260	0.00111082	-0.00147042	0
2270	0.00107738	-0.00148354	0
2280	0.0010368	-0.00150563	0
2290	0.000993603	-0.00153226	0
2300	0.000947044	-0.00156553	0
2310	0.00089961	-0.0016047	0
2320	0.000851567	-0.00164853	0
2330	0.000803012	-0.00170154	0
2340	0.000755416	-0.00175559	0
2350	0.000713093	-0.00181038	0
2360	0.00067488	-0.00187043	0
2370	0.000640788	-0.00192902	0
2380	0.000616113	-0.0019874	0
2390	0.000596431	-0.00204765	0
2400	0.000587846	-0.00210354	0
2410	0.000591641	-0.00215643	0
2420	0.000603881	-0.00220786	0
2430	0.00062931	-0.00225479	0
2440	0.000667139	-0.00229937	0
2450	0.000713828	-0.00234064	0
2460	0.000773823	-0.00237848	0
2470	0.000840262	-0.00241595	0
2480	0.00092296	-0.00244923	0
2490	0.00101431	-0.00248079	0
2500	0.00111535	-0.00251078	0
2510	0.0012264	-0.00254132	0
2520	0.00134342	-0.00257269	0
2530	0.00147382	-0.00260142	0
2540	0.00161183	-0.00263205	0
2550	0.00175439	-0.00266508	0
2560	0.00190824	-0.00269671	0
2570	0.00206605	-0.00273213	0
2580	0.00222769	-0.00276967	0
2590	0.00239536	-0.00280768	0
2600	0.00256663	-0.00285001	0
2610	0.0027427	-0.00289351	0
2620	0.00292168	-0.00293879	0
2630	0.00310788	-0.00298287	0
2640	0.00329136	-0.00302801	0
2650	0.00348205	-0.00307168	0
2660	0.00367401	-0.00311302	0
2670	0.00386586	-0.00315636	0
2680	0.00406353	-0.00319313	0
2690	0.00426385	-0.00322766	0
2700	0.00446171	-0.00325985	0
2710	0.00466156	-0.00328821	0
2720	0.00485918	-0.00331202	0
2730	0.00505643	-0.00333259	0
2740	0.00525044	-0.0033476	0
2750	0.00544127	-0.003359	0
2760	0.00562546	-0.00336846	0
2770	0.00580591	-0.00337417	0
2780	0.00598122	-0.00337795	0
2790	0.00614756	-0.0033813	0
2800	0.00631092	-0.0033805	0
2810	0.00646775	-0.00338023	0
2820	0.00661326	-0.00338146	0
2830	0.00674838	-0.00338598	0
2840	0.00687393	-0.00339202	0
2850	0.00698904	-0.00340307	0
2860	0.00709342	-0.00341548	0
2870	0.00718949	-0.00343209	0
2880	0.00727616	-0.00345286	0
2890	0.00735354	-0.00347741	0
2900	0.00742317	-0.00350548	0
2910	0.007486	-0.00353779	0
2920	0.00753695	-0.00357601	0
2930	0.00758967	-0.00361166	0
2940	0.00762947	-0.00365353	0
2950	0.00766655	-0.00369799	0
2960	0.00770499	-0.00373815	0
2970	0.00774178	-0.00378051	0
2980	0.00778296	-0.0038176	0
2990	0.0078228	-0.00385026	0
3000	0.00786803	-0.00387966	0
3010	0.00791513	-0.00390027	0
3020	0.00797288	-0.00391409	0
3030	0.0080298	-0.00392389	0
3040	0.00808971	-0.00392916	0
3050	0.00816082	-0.00392356	0
3060	0.00823633	-0.00391447	0
3070	0.00831515	-0.00389892	0
3080	0.00839838	-0.00387714	0
3090	0.00848877	-0.00385359	0
3100	0.00857922	-0.00382378	0
3110	0.008673	-0.0037924	0
3120	0.00877064	-0.00375596	0
3130	0.00886879	-0.0037181	0
3140	0.0089683	-0.00367808	0
3150	0.00906864	-0.00363362	0
3160	0.00916651	-0.00359199	0
3170	0.0092735	-0.0035386	0
3180	0.00936786	-0.00349153	0
3190	0.00947209	-0.00343442	0
3200	0.00956558	-0.0033758	0
3210	0.00965692	-0.00331351	0
3220	0.00974963	-0.00324163	0
3230	0.00983185	-0.00316905	0
3240	0.00990788	-0.00308923	0
3250	0.00998033	-0.00300476	0
3260	0.0100469	-0.00291899	0
3270	0.0101033	-0.00282793	0
3280	0.0101439	-0.00274301	0
3290	0.0101759	-0.00266403	0
3300	0.0101976	-0.00258602	0
3310	0.010216	-0.00251954	0
3320	0.0102238	-0.00247283	0
3330	0.0102252	-0.00244561	0
3340	0.0102275	-0.00243858	0
3350	0.0102266	-0.00246108	0
3360	0.0102318	-0.00251862	0
3370	0.0102561	-0.00260116	0
3380	0.0103066	-0.00270741	0
3390	0.0104062	-0.00283389	0
3400	0.0105438	-0.00297236	0
3410	0.0107708	-0.00311143	0
3420	0.0110777	-0.00324141	0
3430	0.0114505	-0.0033691	0
3440	0.0119232	-0.00348513	0
3450	0.0123852	-0.00357734	0
3460	0.0123999	-0.00364543	0
3470	0.0123692	-0.00368181	0
3480	0.0123364	-0.00367728	0
3490	0.0123018	-0.00362842	0
3500	0.012266	-0.00353736	0
3510	0.0122292	-0.00340106	0
3520	0.0121913	-0.00321946	0
3530	0.0121504	-0.00299844	0
3540	0.0121074	-0.00274495	0
3550	0.0120627	-0.00246444	0
3560	0.0120156	-0.0021674	0
3570	0.0119665	-0.00186192	0
3580	0.0119146	-0.00156332	0
3590	0.0118616	-0.00127653	0
3600	0.0118068	-0.00100848	0
3610	0.0117508	-0.000763188	0
3620	0.011691	-0.000555417	0
3630	0.0116352	-0.000385665	0
3640	0.0115885	-0.000238965	0
3650	0.0115448	-0.000116049	0
3660	0.0115002	-1.77058e-05	0
3670	0.0114853	3.08946e-05	0
3680	0.0114755	1.01989e-05	0
3690	0.0114637	-7.42062e-05	0
3700	0.0114526	-0.000206626	0
3710	0.0114431	-0.000386582	0
3720	0.0114354	-0.000597907	0
3730	0.0114307	-0.000825714	0
3740	0.0114313	-0.0010504	0
3750	0.011436	-0.00125773	0
3760	0.0114455	-0.00143573	0
3770	0.011464	-0.00157648	0
3780	0.0114909	-0.00168125	0
3790	0.0115305	-0.00174097	0
3800	0.0115807	-0.00175214	0
3810	0.011639	-0.00172217	0
3820	0.0116989	-0.00166588	0
3830	0.0117568	-0.00158051	0
3840	0.0118105	-0.00146888	0
3850	0.0118591	-0.00133214	0
3860	0.0119019	-0.00116713	0
3870	0.0119396	-0.00098042	0
3880	0.0119727	-0.00077146	0
3890	0.0119964	-0.000543703	0
3900	0.0120157	-0.000298946	0
3910	0.0120295	-3.79271e-05	0
3920	0.0120348	0.000227643	0
3930	0.0120327	0.000492985	0
3940	0.0120253	0.000752981	0
3950	0.0120109	0.00100121	0
3960	0.0119911	0.00122714	0
3970	0.0119653	0.001431	0
3980	0.0119342	0.00160587	0
3990	0.011871	0.00174455	0
4000	0.0117015	0.00183889	0
4010	0.0114235	0.00189113	0
4020	0.0110375	0.00193835	0
4030	0.0105303	0.00200272	0
4040	0.00990482	0.00206498	0
4050	0.00917798	0.00209362	0
4060	0.00835288	0.00208249	0
4070	0.00743967	0.00202188	0
4080	0.00645283	0.00191352	0
4090	0.00540046	0.00175467	0
4100	0.004298	0.00154772	0
4110	0.00315678	0.00128926	0
4120	0.0019975	0.000988501	0
4130	0.000832567	0.00064451	0
4140	-0.000318825	0.000269096	0
4150	-0.00144219	-0.000139308	0
4160	-0.00252861	-0.000604918	0
4170	-0.00356364	-0.00109134	0
4180	-0.00453001	-0.00157896	0
4190	-0.00540101	-0.00203801	0
4200	-0.0061793	-0.00246529	0
4210	-0.00684733	-0.0028354	0
4220	-0.00740941	-0.00314289	0
4230	-0.00786799	-0.00337988	0
4240	-0.00821226	-0.00353098	0
4250	-0.00845248	-0.00359827	0
4260	-0.00858379	-0.00358912	0
4270	-0.00860339	-0.00351054	0
4280	-0.00851754	-0.00337447	0
4290	-0.00832592	-0.00318341	0
4300	-0.0080421	-0.00295399	0
4310	-0.00767338	-0.0027089	0
4320	-0.00722808	-0.00245758	0
4330	-0.00671608	-0.00221105	0
4340	-0.00615218	-0.00198416	0
4350	-0.00554349	-0.00178447	0
4360	-0.00490152	-0.00162221	0
4370	-0.00423445	-0.00149729	0
4380	-0.00355524	-0.00143381	0
4390	-0.00287123	-0.00144452	0
4400	-0.00218549	-0.00152604	0
4410	-0.00150559	-0.00168193	0
4420	-0.000835719	-0.00191401	0
4430	-0.000172827	-0.00222177	0
4440	0.000476185	-0.00259064	0
4450	0.00111178	-0.00300522	0
4460	0.00173523	-0.00345847	0
4470	0.00234581	-0.0039336	0
4480	0.00294137	-0.00441545	0
4490	0.00353643	-0.0048801	0
4500	0.00412964	-0.00531811	0
4510	0.00471984	-0.00571296	0
4520	0.00530003	-0.00605958	0
4530	0.00586858	-0.00637719	0
4540	0.00641788	-0.00666263	0
4550	0.0069432	-0.00691603	0
4560	0.00743968	-0.00713019	0
4570	0.00791245	-0.00729881	0
4580	0.00834954	-0.00742161	0
4590	0.00874649	-0.00750597	0
4600	0.00910281	-0.00754881	0
4610	0.0094177	-0.00754721	0
4620	0.00968909	-0.00750797	0
4630	0.0099141	-0.00743236	0
4640	0.010092	-0.00732014	0
4650	0.0102179	-0.00717962	0
4660	0.0102933	-0.0070193	0
4670	0.0103064	-0.0068368	0
4680	0.0102561	-0.0066372	0
4690	0.0101511	-0.00642703	0
4700	0.00997536	-0.00622	0
4710	0.00973207	-0.00601394	0
4720	0.00943026	-0.00581604	0
4730	0.00906796	-0.00563239	0
4740	0.00864837	-0.00546736	0
4750	0.00817746	-0.00532015	0
4760	0.00766203	-0.00518886	0
4770	0.00710569	-0.00506927	0
4780	0.00651931	-0.00496127	0
4790	0.00591145	-0.00485124	0
4800	0.00528868	-0.00473715	0
4810	0.00465762	-0.00461792	0
4820	0.00402065	-0.00448489	0
4830	0.00339975	-0.00432849	0
4840	0.00278833	-0.00415701	0
4850	0.00219775	-0.00396327	0
4860	0.00163634	-0.00374221	0
4870	0.00109818	-0.00351129	0
4880	0.000597744	-0.00325836	0
4890	0.00013558	-0.00301101	0
4900	-0.000287178	-0.002769	0
4910	-0.000664168	-0.00253765	0
4920	-0.000992386	-0.00232152	0
4930	-0.00127652	-0.0021338	0
4940	-0.00150455	-0.0019763	0
4950	-0.00168117	-0.00184891	0
4960	-0.00180591	-0.00175277	0
4970	-0.00186787	-0.00168505	0
4980	-0.00187303	-0.00165257	0
4990	-0.00182668	-0.00165396	0
5000	-0.00172149	-0.00167976	0
5010	-0.00156132	-0.00172392	0
5020	-0.00134313	-0.00177701	0
5030	-0.00106716	-0.00183587	0
5040	-0.000738523	-0.00188854	0
5050	-0.000355309	-0.0019264	0
5060	7.53467e-05	-0.0019441	0
5070	0.000550006	-0.00194155	0
5080	0.00106411	-0.00191815	0
5090	0.00160782	-0.00187644	0
5100	0.00218193	-0.00182113	0
5110	0.00278412	-0.00174306	0
5120	0.00339299	-0.00165398	0
5130	0.00400648	-0.00155459	0
5140	0.00461459	-0.00144962	0
5150	0.00521715	-0.00135874	0
5160	0.00581108	-0.00126306	0
5170	0.00638195	-0.00117039	0
5180	0.00692461	-0.00108459	0
5190	0.0074427	-0.00102029	0
5200	0.00791815	-0.000974009	0
5210	0.00834631	-0.000939928	0
5220	0.00872386	-0.000925343	0
5230	0.00905091	-0.000925748	0
5240	0.00931379	-0.000957311	0
5250	0.00952251	-0.00100134	0
5260	0.00967617	-0.00105341	0
5270	0.00977218	-0.00111627	0
5280	0.00981361	-0.00118521	0
5290	0.00980098	-0.00127095	0
5300	0.00974213	-0.00135268	0
5310	0.00963582	-0.00143658	0
5320	0.00949	-0.00150465	0
5330	0.00930649	-0.00157194	0
5340	0.00909544	-0.00161777	0
5350	0.00885441	-0.00165036	0
5360	0.0085916	-0.00166307	0
5370	0.00830796	-0.00165744	0
5380	0.00801517	-0.00162523	0
5390	0.00771072	-0.00157569	0
5400	0.0074022	-0.00150853	0
5410	0.00709666	-0.00141926	0
5420	0.00679389	-0.00131247	0
5430	0.00649652	-0.00119656	0
5440	0.0062066	-0.0010627	0
5450	0.00591851	-0.000921247	0
5460	0.00562686	-0.000775636	0
5470	0.00533703	-0.00062862	0
5480	0.00504725	-0.000489612	0
5490	0.00475567	-0.00035723	0
5500	0.00446575	-0.000228716	0
5510	0.00417528	-0.000110599	0
5520	0.00388607	-9.74976e-06	0
5530	0.00360074	6.79163e-05	0
5540	0.0033195	0.000126305	0
5550	0.00304477	0.000157046	0
5560	0.00278082	0.00016118	0
5570	0.00252937	0.000139484	0
5580	0.00229177	8.95406e-05	0
5590	0.00207597	1.30657e-05	0
5600	0.00188293	-8.45108e-05	0
5610	0.00171502	-0.000204062	0
5620	0.00157426	-0.000337864	0
5630	0.00146819	-0.000483658	0
5640	0.00139078	-0.000639738	0
5650	0.00134935	-0.000797837	0
5660	0.001342	-0.000956457	0
5670	0.00136947	-0.00110884	0
5680	0.00143453	-0.00125332	0
5690	0.00153543	-0.00138338	0
5700	0.00167836	-0.00149499	0
5710	0.00184841	-0.00159061	0
5720	0.00204747	-0.001665	0
5730	0.00227189	-0.00171589	0
5740	0.00252026	-0.00174687	0
5750	0.00277481	-0.00176095	0
5760	0.00304574	-0.0017535	0
5770	0.0033126	-0.00172962	0
5780	0.00357235	-0.00169248	0
5790	0.0038248	-0.00163982	0
5800	0.00406155	-0.00158254	0
5810	0.00427359	-0.00151966	0
5820	0.0044541	-0.00145264	0
5830	0.00460878	-0.00139184	0
5840	0.0047263	-0.00133377	0
5850	0.00480055	-0.00128698	0
5860	0.00482555	-0.0012503	0
5870	0.00480805	-0.00122948	0
5880	0.00474058	-0.00121576	0
5890	0.00463186	-0.00121726	0
5900	0.00447858	-0.00122838	0
5910	0.00428216	-0.00124532	0
5920	0.00404916	-0.00127209	0
5930	0.00378312	-0.00130205	0
5940	0.00347766	-0.00133264	0
5950	0.0031471	-0.0013585	0
5960	0.00279281	-0.00137602	0
5970	0.0024132	-0.0013911	0
5980	0.0020185	-0.00139079	0
5990	0.00161351	-0.0013737	0
6000	0.00119266	-0.00134831	0
6010	0.000774641	-0.0013028	0
6020	0.000343138	-0.00124341	0
6030	-8.21879e-05	-0.00116858	0
6040	-0.000508466	-0.00108427	0
6050	-0.000929508	-0.000985248	0
6060	-0.0013365	-0.000880422	0
6070	-0.00173252	-0.000772612	0
6080	-0.00211975	-0.000660232	0
6090	-0.0024913	-0.000546525	0
6100	-0.00264815	-0.000337136	0
6110	-0.00272938	-2.59875e-05	0
6120	-0.00280373	0.000374458	0
6130	-0.00288171	0.000868817	0
6140	-0.00298442	0.00143293	0
6150	-0.00311451	0.00203231	0
6160	-0.0032788	0.00262596	0
6170	-0.00348376	0.00318024	0
6180	-0.0037315	0.0036752	0
6190	-0.00402467	0.00410727	0
6200	-0.00435932	0.00447806	0
6210	-0.00472518	0.00476783	0
6220	-0.00513044	0.00499898	0
6230	-0.00555615	0.00516332	0
6240	-0.00601502	0.0052656	0
6250	-0.00648037	0.00530826	0
6260	-0.00694062	0.00530846	0
6270	-0.00738659	0.00527054	0
6280	-0.00781976	0.00519517	0
6290	-0.00821517	0.00509194	0
6300	-0.00857145	0.00497566	0
6310	-0.0088729	0.00485726	0
6320	-0.00911391	0.00474779	0
6330	-0.00928732	0.00464663	0
6340	-0.0093716	0.00457021	0
6350	-0.00937589	0.00452147	0
6360	-0.009302	0.00450249	0
6370	-0.0091432	0.00450525	0
6380	-0.00890128	0.00454094	0
6390	-0.00857984	0.00459303	0
6400	-0.00817343	0.00466512	0
6410	-0.00769572	0.00475007	0
6420	-0.00714398	0.00483504	0
6430	-0.0065246	0.00491967	0
6440	-0.00585033	0.00499442	0
6450	-0.00512394	0.0050469	0
6460	-0.00435102	0.00507319	0
6470	-0.00352904	0.00507473	0
6480	-0.00268762	0.00503436	0
6490	-0.00181329	0.0049579	0
6500	-0.00092352	0.00483301	0
6510	-1.9647e-05	0.00465983	0
6520	0.000895966	0.00443901	0
6530	0.0018105	0.00418912	0
6540	0.00270639	0.00390268	0
6550	0.0035821	0.0035871	0
6560	0.00409247	0.00325314	0
6570	0.00420408	0.00291444	0
6580	0.0042969	0.00256268	0
6590	0.00439453	0.00221903	0
6600	0.00449993	0.00188923	0
6610	0.00460622	0.00158256	0
6620	0.00472206	0.00131084	0
6630	0.00484504	0.00107063	0
6640	0.0049672	0.000862611	0
6650	0.00508987	0.000696552	0
6660	0.00521781	0.000573435	0
6670	0.00533961	0.000487575	0
6680	0.00547148	0.000438752	0
6690	0.00559136	0.000418151	0
6700	0.0057089	0.000432844	0
6710	0.00582044	0.00047357	0
6720	0.00592335	0.000528993	0
6730	0.00600954	0.00059627	0
6740	0.00608362	0.000670879	0
6750	0.00614465	0.000747473	0
6760	0.00618654	0.000825465	0
6770	0.00621557	0.00090176	0
6780	0.00623246	0.000975292	0
6790	0.00623157	0.00105114	0
6800	0.00622166	0.00112821	0
6810	0.00619724	0.00120168	0
6820	0.00616161	0.00128374	0
6830	0.00611689	0.00136935	0
6840	0.00606142	0.00146505	0
6850	0.00598991	0.00158468	0
6860	0.00591803	0.00172476	0
6870	0.00583645	0.00189394	0
6880	0.00574389	0.00208796	0
6890	0.00564488	0.00231918	0
6900	0.00553424	0.00257545	0
6910	0.00541962	0.00285873	0
6920	0.0063566	0.00315075	0
6930	0.007123	0.00341865	0
6940	0.00764475	0.00365366	0
6950	0.0078821	0.00384019	0
6960	0.0078318	0.003977	0
6970	0.0074941	0.00406142	0
6980	0.00688162	0.00409376	0
6990	0.00607117	0.0040925	0
7000	0.00512074	0.00406178	0
7010	0.00415876	0.00404391	0
7020	0.00319799	0.00404114	0
7030	0.00227713	0.00405259	0
7040	0.00136049	0.00407117	0
7050	0.000465361	0.00409744	0
7060	-0.00040826	0.00411658	0
7070	-0.00126051	0.00412005	0
7080	-0.0020711	0.00412294	0
7090	-0.00287042	0.00410128	0
7100	-0.00364739	0.00405852	0
7110	-0.00437891	0.00399123	0
7120	-0.00507562	0.00390011	0
7130	-0.0057674	0.00376453	0
7140	-0.00642939	0.00359854	0
7150	-0.00701143	0.00339558	0
7160	-0.00756382	0.00311816	0
7170	-0.00802618	0.00276765	0
7180	-0.00842814	0.00239188	0
7190	-0.00871298	0.00201163	0
7200	-0.00885525	0.00164339	0
7210	-0.00886438	0.00127607	0
7220	-0.00874017	0.000932637	0
7230	-0.00848272	0.000620552	0
7240	-0.00802885	0.000346908	0
7250	-0.00742427	0.000101097	0
7260	-0.00662356	-8.77136e-05	0
7270	-0.00567642	-0.00024612	0
7280	-0.00452923	-0.000355903	0
7290	-0.00325879	-0.000433977	0
7300	-0.00184632	-0.000486207	0
7310	-0.000304738	-0.00051106	0
7320	0.00133724	-0.000515189	0
7330	0.00309445	-0.000495048	0
7340	0.00493156	-0.000467126	0
7350	0.00681741	-0.000447528	0
7360	0.00874512	-0.000424478	0
7370	0.0106868	-0.00039833	0
7380	0.0126105	-0.000391556	0
7390	0.0145795	-0.000372834	0
7400	0.0157175	-0.000358834	0
7410	0.015809	-0.000333822	0
7420	0.015834	-0.000301129	0
7430	0.0158098	-0.000274947	0
7440	0.015736	-0.000250588	0
7450	0.0156503	-0.000223847	0
7460	0.015535	-0.000198689	0
7470	0.0153661	-0.000171625	0
7480	0.0152244	-0.000122855	0
7490	0.0150539	-6.78639e-05	0
7500	0.0149111	6.97093e-06	0
7510	0.0147493	8.59137e-05	0
7520	0.0146102	0.000181077	0
7530	0.0144741	0.000289566	0
7540	0.0143452	0.000411285	0
7550	0.0142433	0.000546847	0
7560	0.014138	0.000672329	0
7570	0.0140339	0.000811273	0
7580	0.0139644	0.000974868	0
7590	0.0138756	0.00113531	0
7600	0.0137973	0.00130379	0
7610	0.0137109	0.00147611	0
7620	0.0136054	0.00165216	0
7630	0.0135091	0.00183582	0
7640	0.0133872	0.0020197	0
7650	0.0132351	0.00219526	0
7660	0.0130728	0.00236909	0
7670	0.0128726	0.00252724	0
7680	0.0126076	0.00267242	0
7690	0.0123451	0.00281714	0
7700	0.0120346	0.00295058	0
7710	0.0116999	0.00308417	0
7720	0.0113395	0.00321921	0
7730	0.0109847	0.003373	0
7740	0.0106484	0.00356125	0
7750	0.0103764	0.00380176	0
7760	0.0101602	0.00406369	0
7770	0.0100757	0.00438837	0
7780	0.0101239	0.00477669	0
7790	0.010316	0.00520655	0
7800	0.0106734	0.0056944	0
7810	0.0107186	0.00622068	0
7820	0.0101328	0.00676259	0
7830	0.00953908	0.00730223	0
7840	0.0088857	0.00781669	0
7850	0.00817499	0.00827645	0
7860	0.00740693	0.00865449	0
7870	0.00658179	0.00893724	0
7880	0.0057057	0.00910668	0
7890	0.00479526	0.00915748	0
7900	0.00384796	0.00908333	0
7910	0.00286956	0.00887831	0
7920	0.00187688	0.00855516	0
7930	0.00089731	0.00812716	0
7940	-6.67301e-05	0.00760372	0
7950	-0.00101439	0.00700234	0
7960	-0.00193849	0.00636476	0
7970	-0.00283127	0.00570948	0
7980	-0.00369589	0.00507171	0
7990	-0.00452958	0.00449541	0
8000	-0.00532575	0.00398266	0
8010	-0.00607995	0.00355805	0
8020	-0.00679007	0.00330047	0
8030	-0.00744444	0.0032919	0
8040	-0.00801924	0.00343964	0
8050	-0.00853629	0.003579	0
8060	-0.00906581	0.00369197	0
8070	-0.00968995	0.00377365	0
8080	-0.0104013	0.00381238	0
8090	-0.0112061	0.00380771	0
8100	-0.0120884	0.00375959	0
8110	-0.0124572	0.00421841	0
8120	-0.0124915	0.00536151	0
8130	-0.0127659	0.00630323	0
8140	-0.0132262	0.00703585	0
8150	-0.0138535	0.00755534	0
8160	-0.0145765	0.00786122	0
8170	-0.0153264	0.00802818	0
8180	-0.0160579	0.00812458	0
8190	-0.0167678	0.00815832	0
8200	-0.0174094	0.00815371	0
8210	-0.0179995	0.00811162	0
8220	-0.0185239	0.0080205	0
8230	-0.0189816	0.00790171	0
8240	-0.0193599	0.00775167	0
8250	-0.0196757	0.00755854	0
8260	-0.0199185	0.0073365	0
8270	-0.020004	0.00708013	0
8280	-0.0199831	0.00680458	0
8290	-0.0198944	0.00650315	0
8300	-0.0197507	0.00617868	0
8310	-0.0195723	0.00583636	0
8320	-0.0193526	0.00548179	0
8330	-0.0190941	0.00512015	0
8340	-0.0188118	0.00476314	0
8350	-0.0185637	0.00439474	0
8360	-0.018412	0.0040393	0
8370	-0.0183658	0.00369767	0
8380	-0.0183998	0.00335935	0
8390	-0.0184965	0.00303512	0
8400	-0.0186134	0.00273864	0
8410	-0.0187579	0.0024804	0
8420	-0.018914	0.00225	0
8430	-0.0190574	0.00205086	0
8440	-0.0192	0.00187692	0
8450	-0.0192697	0.00174967	0
8460	-0.0192451	0.00166248	0
8470	-0.0191244	0.00160606	0
8480	-0.0189002	0.00156716	0
8490	-0.0186082	0.00153664	0
8500	-0.0182304	0.00150941	0
8510	-0.0178276	0.00145159	0
8520	-0.0173757	0.00136039	0
8530	-0.0169059	0.00122034	0
8540	-0.0164279	0.00103256	0
8550	-0.0159475	0.000800786	0
8560	-0.015459	0.000517395	0
8570	-0.0149774	0.000185224	0
8580	-0.01449	-0.00018491	0
8590	-0.0140206	-0.000589273	0
8600	-0.0135404	-0.00100771	0
8610	-0.0130741	-0.00142907	0
8620	-0.012613	-0.00184052	0
8630	-0.0121099	-0.0022182	0
8640	-0.0115407	-0.00254938	0
8650	-0.0110969	-0.00282088	0
8660	-0.0117206	-0.00302015	0
8670	-0.0125019	-0.00312357	0
8680	-0.0133358	-0.00310874	0
8690	-0.0148958	-0.00299285	0
8700	-0.0166613	-0.00276175	0
8710	-0.0185476	-0.00244448	0
8720	-0.0204558	-0.00204186	0
8730	-0.021561	-0.0015644	0
8740	-0.0227314	-0.00104236	0
8750	-0.0239152	-0.000489948	0
8760	-0.0251113	5.72125e-05	0
8770	-0.0262871	0.000586098	0
8780	-0.0274315	0.0010812	0
8790	-0.0285278	0.00151491	0
8800	-0.0295677	0.00187851	0
8810	-0.0305326	0.00217156	0
8820	-0.0313956	0.0023877	0
8830	-0.0321437	0.00253231	0
8840	-0.0327531	0.00261826	0
8850	-0.0332221	0.00265864	0
8860	-0.033537	0.00267029	0
8870	-0.0336794	0.00267606	0
8880	-0.0336561	0.00268362	0
8890	-0.033437	0.00271869	0
8900	-0.0330457	0.00279689	0
8910	-0.0324824	0.00293688	0
8920	-0.0317331	0.00313413	0
8930	-0.0308205	0.00338819	0
8940	-0.0297707	0.00369993	0
8950	-0.0285785	0.0040707	0
8960	-0.0272715	0.00450125	0
8970	-0.0261022	0.0049738	0
8980	-0.0261199	0.00547072	0
8990	-0.0262582	0.00598868	0
9000	-0.0264789	0.0064984	0
9010	-0.0267786	0.00700172	0
9020	-0.0271464	0.00744988	0
9030	-0.0275695	0.00785658	0
9040	-0.0280774	0.00819526	0
9050	-0.0285963	0.00844658	0
9060	-0.0291755	0.00860409	0
9070	-0.0297459	0.00865268	0
9080	-0.030295	0.00857673	0
9090	-0.0308366	0.00838045	0
9100	-0.031301	0.00806443	0
9110	-0.0316785	0.00765489	0
9120	-0.0320095	0.0071708	0
9130	-0.0322164	0.0066408	0
9140	-0.0322903	0.00609286	0
9150	-0.0322411	0.00554933	0
9160	-0.032184	0.00503982	0
9170	-0.0321397	0.00457138	0
9180	-0.0320835	0.00414797	0
9190	-0.0319662	0.00379821	0
9200	-0.0317826	0.00352819	0
9210	-0.0314354	0.00335773	0
9220	-0.0309038	0.00328578	0
9230	-0.0301826	0.0032968	0
9240	-0.0292971	0.00334726	0
9250	-0.028256	0.00341345	0
9260	-0.0270894	0.0034962	0
9270	-0.0258186	0.00357585	0
9280	-0.0244888	0.00362636	0
9290	-0.0230907	0.00364731	0
9300	-0.0216716	0.00362939	0
9310	-0.0215189	0.00357791	0
9320	-0.0215948	0.00347605	0
9330	-0.0216573	0.00332407	0
9340	-0.0216951	0.00311732	0
9350	-0.0217145	0.00286013	0
9360	-0.0217273	0.00257123	0
9370	-0.0217316	0.00225486	0
9380	-0.0217414	0.00190702	0
9390	-0.0219207	0.00157088	0
9400	-0.0222774	0.00123839	0
9410	-0.0227086	0.000924566	0
9420	-0.0231912	0.000665715	0
9430	-0.0237415	0.000448423	0
9440	-0.0243501	0.000290273	0
9450	-0.0250111	0.000185124	0
9460	-0.02571	0.000145527	0
9470	-0.0264436	0.000168178	0
9480	-0.027195	0.000259315	0
9490	-0.0279643	0.000408871	0
9500	-0.0287347	0.000630583	0
9510	-0.0295056	0.000915115	0
9520	-0.0302593	0.00123102	0
9530	-0.0309731	0.00157058	0
9540	-0.0316571	0.00191254	0
9550	-0.032303	0.00225002	0
9560	-0.0329067	0.00256051	0
9570	-0.0334671	0.00285814	0
9580	-0.0339811	0.00310956	0
9590	-0.0344515	0.00330231	0
9600	-0.034919	0.00342651	0
9610	-0.0353884	0.00348853	0
9620	-0.0358524	0.0035052	0
9630	-0.0363143	0.00347516	0
9640	-0.0367677	0.00339585	0
9650	-0.0372127	0.00328423	0
9660	-0.0376472	0.00314756	0
9670	-0.0380744	0.00300575	0
9680	-0.0384821	0.00287681	0
9690	-0.0388785	0.00277236	0
9700	-0.03926	0.00270171	0
9710	-0.0396258	0.00267693	0
9720	-0.0399812	0.00269487	0
9730	-0.0403159	0.00275726	0
9740	-0.0406332	0.00286046	0
9750	-0.040936	0.00300028	0
9760	-0.0412189	0.00316642	0
9770	-0.0414895	0.0033547	0
9780	-0.0417419	0.00354889	0
9790	-0.0419824	0.00373895	0
9800	-0.0422045	0.00390169	0
9810	-0.0424131	0.00403831	0
9820	-0.0426115	0.00415216	0
9830	-0.0427963	0.00424977	0
9840	-0.0429724	0.00433224	0
9850	-0.0431138	0.00440442	0
9860	-0.0432693	0.0044704	0
9870	-0.0435065	0.00453702	0
9880	-0.0438174	0.00460272	0
9890	-0.0442038	0.004672	0
9900	-0.0446393	0.00475304	0
9910	-0.0451153	0.00485115	0
9920	-0.0455976	0.00496901	0
9930	-0.0460489	0.00512108	0
9940	-0.0464657	0.00529437	0
9950	-0.046868	0.00547848	0
9960	-0.0472486	0.00566932	0
9970	-0.0476146	0.00583905	0
9980	-0.0479538	0.00594789	0
9990	-0.0482645	0.0059646	0
10000	-0.048553	0.00588163	0
10010	-0.0488071	0.00569986	0
10020	-0.0490346	0.00542049	0
10030	-0.0492308	0.00504872	0
10040	-0.0493923	0.00459676	0
10050	-0.0495228	0.0040716	0
10060	-0.049655	0.00348228	0
10070	-0.0497601	0.00284563	0
10080	-0.0498351	0.00218198	0
10090	-0.0498642	0.001515	0
10100	-0.0498224	0.000873554	0
10110	-0.04969	0.00028337	0
10120	-0.0494331	-0.000227001	0
10130	-0.0490049	-0.000629423	0
10140	-0.0483869	-0.00090462	0
10150	-0.0475462	-0.00102714	0
10160	-0.0464423	-0.000973507	0
10170	-0.045097	-0.00075101	0
10180	-0.0435224	-0.000363344	0
10190	-0.0417371	0.000169928	0
10200	-0.0397729	0.00082623	0
10210	-0.037656	0.0015723	0
10220	-0.0354468	0.00236727	0
10230	-0.0332052	0.00316832	0
10240	-0.0309938	0.00393198	0
10250	-0.0289498	0.00462347	0
10260	-0.0283915	0.00520994	0
10270	-0.0278918	0.00567421	0
10280	-0.0274633	0.00600329	0
10290	-0.0271195	0.00620276	0
10300	-0.0272353	0.00627427	0
10310	-0.0274376	0.0062422	0
10320	-0.0276429	0.00613064	0
10330	-0.0278453	0.00595791	0
10340	-0.0280389	0.00573903	0
10350	-0.0282191	0.0055026	0
10360	-0.028381	0.00527769	0
10370	-0.028599	0.00508131	0
10380	-0.028939	0.00492473	0
10390	-0.0293634	0.00480153	0
10400	-0.0298525	0.00471237	0
10410	-0.0303716	0.00466033	0
10420	-0.0308764	0.00462923	0
10430	-0.0314749	0.00445709	0
10440	-0.0322946	0.0042087	0
10450	-0.0330442	0.00397681	0
10460	-0.033681	0.00376617	0
10470	-0.0342312	0.0035607	0
10480	-0.0346281	0.00335961	0
10490	-0.0348533	0.00316614	0
10500	-0.0348834	0.00297195	0
10510	-0.0347318	0.00276269	0
10520	-0.034381	0.00253012	0
10530	-0.0338374	0.00227192	0
10540	-0.0330893	0.00199271	0
10550	-0.0321564	0.00170259	0
10560	-0.0310314	0.00142305	0
10570	-0.0297376	0.00116643	0
10580	-0.0282854	0.000960977	0
10590	-0.0269999	0.000828969	0
10600	-0.0266863	0.000791339	0
10610	-0.0263357	0.000868629	0
10620	-0.0260885	0.00106976	0
10630	-0.0262138	0.00140331	0
10640	-0.0263234	0.00184846	0
10650	-0.0264109	0.00240327	0
10660	-0.0264762	0.0030409	0
10670	-0.0265226	0.00373993	0
10680	-0.0265442	0.00447156	0
10690	-0.0265481	0.00521893	0
10700	-0.0265266	0.00595376	0
10710	-0.026481	0.00664167	0
10720	-0.0264109	0.00726695	0
10730	-0.0263194	0.00779792	0
10740	-0.0262194	0.00822168	0
10750	-0.0261029	0.00851641	0
10760	-0.0260225	0.00867966	0
10770	-0.0261166	0.00870307	0
10780	-0.0264659	0.00859232	0
10790	-0.0269991	0.00835755	0
10800	-0.0277158	0.00800854	0
10810	-0.0285138	0.00756751	0
10820	-0.0293345	0.00706265	0
10830	-0.0301025	0.00653253	0
10840	-0.0308316	0.00600815	0
10850	-0.0314974	0.00549758	0
10860	-0.0320761	0.00501856	0
10870	-0.0325844	0.00457723	0
10880	-0.0329927	0.00417318	0
10890	-0.0332696	0.00382408	0
10900	-0.0334172	0.00353973	0
10910	-0.0334355	0.00331333	0
10920	-0.0332933	0.00314751	0
10930	-0.0330317	0.00303997	0
10940	-0.0326674	0.00297091	0
10950	-0.0321871	0.00294362	0
10960	-0.0316204	0.00293446	0
10970	-0.0310122	0.0029659	0
10980	-0.0303461	0.00301562	0
10990	-0.0296482	0.00307093	0
11000	-0.0289248	0.0031286	0
11010	-0.0282003	0.00318362	0
11020	-0.0274924	0.00322056	0
11030	-0.0268183	0.00324442	0
11040	-0.0261719	0.0032487	0
11050	-0.0255773	0.00322617	0
11060	-0.0250363	0.00318333	0
11070	-0.024549	0.00312381	0
11080	-0.0241204	0.00304528	0
11090	-0.0237421	0.00296049	0
11100	-0.0235248	0.00286806	0
11110	-0.0236323	0.00278149	0
11120	-0.0237465	0.0026945	0
11130	-0.0238653	0.00262393	0
11140	-0.0239882	0.00257268	0
11150	-0.0241132	0.00254007	0
11160	-0.0242408	0.00252932	0
11170	-0.0243735	0.00254032	0
11180	-0.0245068	0.00256613	0
11190	-0.024638	0.00261406	0
11200	-0.0247719	0.00267161	0
11210	-0.0249023	0.0027483	0
11220	-0.0250385	0.00282083	0
11230	-0.0251725	0.00289916	0
11240	-0.0253075	0.00297464	0
11250	-0.0254431	0.00303771	0
11260	-0.0255767	0.0030887	0
11270	-0.025712	0.00312076	0
11280	-0.0258471	0.00313231	0
11290	-0.0259805	0.00312322	0
11300	-0.0261149	0.00309685	0
11310	-0.0262452	0.00305563	0
11320	-0.0263702	0.00301366	0
11330	-0.0264855	0.00297249	0
11340	-0.0265912	0.00294831	0
11350	-0.0266798	0.00294785	0
11360	-0.0267506	0.00298193	0
11370	-0.0267954	0.00305055	0
11380	-0.0268252	0.00314912	0
11390	-0.0268373	0.00328157	0
11400	-0.0268317	0.00343707	0
11410	-0.0268075	0.00360518	0
11420	-0.0267685	0.00377286	0
11430	-0.0267148	0.00393942	0
11440	-0.0266498	0.00409027	0
11450	-0.0265683	0.00421618	0
11460	-0.026479	0.00430037	0
11470	-0.0263745	0.00433857	0
11480	-0.0262612	0.00431692	0
11490	-0.0261396	0.0042254	0
11500	-0.0260157	0.00406618	0
11510	-0.0258804	0.00383667	0
11520	-0.0257459	0.00355196	0
11530	-0.0256066	0.00321234	0
11540	-0.0254691	0.00284174	0
11550	-0.0253262	0.00245355	0
11560	-0.0251871	0.00206653	0
11570	-0.0250459	0.00169852	0
11580	-0.0249046	0.00137076	0
11590	-0.0247641	0.00110393	0
11600	-0.024626	0.000897427	0
11610	-0.024484	0.000757787	0
11620	-0.0243379	0.000688556	0
11630	-0.0241867	0.000688189	0
11640	-0.02403	0.000720786	0
11650	-0.0238728	0.000810262	0
11660	-0.0237107	0.000983072	0
11670	-0.0235479	0.00122419	0
11680	-0.0233848	0.00151037	0
11690	-0.0232224	0.00181716	0
11700	-0.0230601	0.00212447	0
11710	-0.022903	0.0024117	0
11720	-0.0227545	0.00266793	0
11730	-0.0226146	0.00287733	0
11740	-0.022486	0.00303255	0
11750	-0.0223689	0.00313406	0
11760	-0.0222651	0.00317978	0
11770	-0.0221757	0.00316644	0
11780	-0.0221015	0.0031094	0
11790	-0.0220434	0.00300938	0
11800	-0.0220136	0.00288622	0
11810	-0.0222561	0.00274717	0
11820	-0.0225561	0.00260195	0
11830	-0.0227568	0.00246533	0
11840	-0.0228474	0.00234262	0
11850	-0.0228582	0.00224695	0
11860	-0.022817	0.00218107	0
11870	-0.0227632	0.00214937	0
11880	-0.022701	0.00214976	0
11890	-0.0226304	0.00217856	0
11900	-0.0225522	0.00223506	0
11910	-0.0224742	0.00230541	0
11920	-0.0223977	0.00238172	0
11930	-0.0223268	0.00246323	0
11940	-0.0222675	0.00253901	0
11950	-0.0222268	0.00259632	0
11960	-0.0222075	0.0026367	0
11970	-0.0222253	0.00264878	0
11980	-0.0222767	0.00262608	0
11990	-0.0223691	0.00256168	0
12000	-0.0225065	0.00247006	0
12010	-0.0226735	0.00235411	0
12020	-0.0228724	0.00222535	0
12030	-0.023101	0.00208864	0
12040	-0.0233513	0.00195143	0
12050	-0.0236077	0.00182967	0
12060	-0.0238651	0.00173134	0
12070	-0.0241108	0.00167441	0
12080	-0.0243325	0.00166776	0
12090	-0.0245232	0.00171282	0
12100	-0.0246898	0.00180512	0
12110	-0.0248281	0.00193854	0
12120	-0.0249333	0.002125	0
12130	-0.0249997	0.00236281	0
12140	-0.0250241	0.00265575	0
12150	-0.0250065	0.0029947	0
12160	-0.0249424	0.00338081	0
12170	-0.0248271	0.00380286	0
12180	-0.0246611	0.00425327	0
12190	-0.0244459	0.00472026	0
12200	-0.0241836	0.00519545	0
12210	-0.0238789	0.00566712	0
12220	-0.0235361	0.00611611	0
12230	-0.0231592	0.00652412	0
12240	-0.0227584	0.00687881	0
12250	-0.022341	0.00718298	0
12260	-0.0219219	0.00742482	0
12270	-0.0215054	0.0076104	0
12280	-0.0211404	0.00771872	0
12290	-0.020881	0.007743	0
12300	-0.020653	0.00767124	0
12310	-0.0204447	0.00751556	0
12320	-0.0202503	0.00727852	0
12330	-0.0200699	0.00696992	0
12340	-0.0199149	0.00661511	0
12350	-0.0198033	0.00623255	0
12360	-0.019741	0.00582401	0
12370	-0.0197314	0.00540136	0
12380	-0.0197749	0.00497114	0
12390	-0.0198674	0.00453925	0
12400	-0.0200007	0.0041206	0
12410	-0.020151	0.00372497	0
12420	-0.0203185	0.00336452	0
12430	-0.0205015	0.00305363	0
12440	-0.0206974	0.00280222	0
12450	-0.0209087	0.00262152	0
12460	-0.0211313	0.00251851	0
12470	-0.0213657	0.00249091	0
12480	-0.0216159	0.00254626	0
12490	-0.021884	0.00267399	0
12500	-0.0221757	0.0028558	0
12510	-0.0224735	0.00308756	0
12520	-0.0226393	0.00336125	0
12530	-0.0227593	0.0036646	0
12540	-0.02285	0.00398149	0
12550	-0.0229126	0.00430456	0
12560	-0.0229466	0.00461546	0
12570	-0.022954	0.00490238	0
12580	-0.0229374	0.00514945	0
12590	-0.022901	0.00534564	0
12600	-0.0228488	0.00547294	0
12610	-0.0227832	0.00554338	0
12620	-0.0227115	0.00555014	0
12630	-0.0226353	0.00550164	0
12640	-0.0225633	0.00539028	0
12650	-0.0224972	0.00523918	0
12660	-0.0224449	0.005045	0
12670	-0.0224079	0.00483291	0
12680	-0.0223904	0.0046111	0
12690	-0.0223969	0.00437187	0
12700	-0.0224181	0.00414292	0
12710	-0.0224572	0.00391328	0
12720	-0.0225099	0.00370582	0
12730	-0.0225778	0.00351997	0
12740	-0.0226546	0.00336385	0
12750	-0.0227399	0.00323508	0
12760	-0.0228308	0.00312943	0
12770	-0.0229176	0.00304521	0
12780	-0.0230014	0.00298689	0
12790	-0.0230811	0.00295127	0
12800	-0.0231587	0.00293693	0
12810	-0.0232405	0.00294516	0
12820	-0.0232972	0.00296186	0
12830	-0.0233316	0.00298796	0
12840	-0.0233392	0.00301644	0
12850	-0.0233441	0.00301679	0
12860	-0.0230688	0.0029638	0
12870	-0.0227201	0.00290595	0
12880	-0.0223448	0.00284269	0
12890	-0.0219496	0.00277818	0
12900	-0.0215367	0.00271338	0
12910	-0.0211146	0.00265413	0
12920	-0.0206922	0.00258681	0
12930	-0.0202807	0.00251233	0
12940	-0.0198924	0.0024236	0
12950	-0.0195343	0.00231989	0
12960	-0.0192661	0.00217658	0
12970	-0.0190769	0.00200364	0
12980	-0.0189446	0.00179479	0
12990	-0.0188678	0.00155685	0
13000	-0.0188453	0.00130799	0
13010	-0.0188732	0.00105079	0
13020	-0.0189505	0.000804045	0
13030	-0.0190695	0.000579843	0
13040	-0.0192198	0.000401016	0
13050	-0.0193909	0.000284844	0
13060	-0.019579	0.000242811	0
13070	-0.0197752	0.000288956	0
13080	-0.0199712	0.000433055	0
13090	-0.0201583	0.000675693	0
13100	-0.0203258	0.00101592	0
13110	-0.0204675	0.00144549	0
13120	-0.0205776	0.00194746	0
13130	-0.0206512	0.00250709	0
13140	-0.0206874	0.00308404	0
13150	-0.0206881	0.00365557	0
13160	-0.0206562	0.00419847	0
13170	-0.0205902	0.00469587	0
13180	-0.0204941	0.00513135	0
13190	-0.0203796	0.00549628	0
13200	-0.020261	0.00577591	0
13210	-0.0201287	0.00596731	0
13220	-0.0199876	0.00606439	0
13230	-0.0198436	0.00606318	0
13240	-0.0197037	0.00596891	0
13250	-0.0195717	0.00579133	0
13260	-0.019454	0.00554915	0
13270	-0.0193561	0.0052622	0
13280	-0.0192826	0.00496047	0
13290	-0.0192363	0.00465788	0
13300	-0.0192148	0.00435615	0
13310	-0.0192174	0.0040714	0
13320	-0.0192407	0.00381241	0
13330	-0.0192812	0.00358682	0
13340	-0.0193336	0.00339209	0
13350	-0.0193926	0.0032198	0
13360	-0.0194543	0.00308743	0
13370	-0.0195144	0.00299254	0
13380	-0.0195685	0.00293826	0
13390	-0.0196122	0.00292856	0
13400	-0.0196438	0.00296453	0
13410	-0.0196616	0.00304453	0
13420	-0.019665	0.00316313	0
13430	-0.0196536	0.00331902	0
13440	-0.0196306	0.00350285	0
13450	-0.0195981	0.0037066	0
13460	-0.0195564	0.0039302	0
13470	-0.0195053	0.00416651	0
13480	-0.0194458	0.00440251	0
13490	-0.019378	0.00463785	0
13500	-0.0193046	0.004868	0
13510	-0.0192251	0.00507824	0
13520	-0.0191418	0.00526981	0
13530	-0.0190551	0.00544073	0
13540	-0.0189668	0.0055711	0
13550	-0.0188749	0.00566278	0
13560	-0.0187806	0.00572187	0
13570	-0.0186861	0.00575107	0
13580	-0.0185927	0.00574531	0
13590	-0.0185014	0.00570978	0
13600	-0.0184173	0.00565468	0
13610	-0.018348	0.00558366	0
13620	-0.018295	0.00550318	0
13630	-0.0182604	0.00541106	0
13640	-0.0182416	0.0053067	0
13650	-0.0182382	0.00519271	0
13660	-0.0182507	0.0050738	0
13670	-0.0182757	0.00495619	0
13680	-0.0183165	0.00483773	0
13690	-0.0183711	0.004715	0
13700	-0.0184394	0.00460223	0
13710	-0.0185168	0.00449531	0
13720	-0.0186068	0.0043952	0
13730	-0.0187047	0.00436994	0
13740	-0.0187887	0.00437709	0
13750	-0.0188492	0.00435627	0
13760	-0.0189077	0.00433196	0
13770	-0.0189713	0.00430583	0
13780	-0.0190422	0.00427228	0
13790	-0.0191194	0.00423562	0
13800	-0.019198	0.00419543	0
13810	-0.0192749	0.00415046	0
13820	-0.0193483	0.00410199	0
13830	-0.0194116	0.00405456	0
13840	-0.019467	0.00400488	0
13850	-0.0195154	0.00395762	0
13860	-0.0195492	0.00390992	0
13870	-0.0195844	0.00386437	0
13880	-0.0196227	0.00382209	0
13890	-0.019663	0.0037823	0
13900	-0.0197052	0.00374363	0
13910	-0.0197487	0.00370973	0
13920	-0.0198006	0.00367487	0
13930	-0.0198627	0.00364502	0
13940	-0.0199375	0.00361607	0
13950	-0.0200247	0.00358905	0
13960	-0.0201269	0.00356281	0
13970	-0.0202392	0.00353648	0
13980	-0.0203318	0.00351103	0
13990	-0.0203279	0.00349293	0
14000	-0.0202971	0.00347386	0
14010	-0.0202474	0.00345682	0
14020	-0.0201783	0.00344462	0
14030	-0.0200887	0.00343674	0
14040	-0.0199772	0.00343315	0
14050	-0.0198439	0.00343676	0
14060	-0.0196895	0.00344936	0
14070	-0.0195155	0.00346535	0
14080	-0.0193229	0.00348515	0
14090	-0.0191797	0.00351052	0
14100	-0.0190642	0.0035383	0
14110	-0.0189425	0.00356582	0
14120	-0.0188133	0.00359239	0
14130	-0.018678	0.00360943	0
14140	-0.0185371	0.00361421	0
14150	-0.018393	0.00360423	0
14160	-0.0182458	0.00357768	0
14170	-0.0180976	0.00353257	0
14180	-0.0179503	0.00346986	0
14190	-0.0178054	0.00338909	0
14200	-0.0176653	0.00328889	0
14210	-0.0175293	0.00317358	0
14220	-0.0173941	0.00304723	0
14230	-0.0172541	0.00291159	0
14240	-0.0171117	0.00277193	0
14250	-0.0169741	0.00263647	0
14260	-0.0168399	0.0024989	0
14270	-0.0167089	0.00236162	0
14280	-0.0165817	0.00222628	0
14290	-0.016458	0.00209094	0
14300	-0.0163385	0.00196252	0
14310	-0.0162232	0.00184432	0
14320	-0.016112	0.00173823	0
14330	-0.0160075	0.00165444	0
14340	-0.0159056	0.00160002	0
14350	-0.0158058	0.00157901	0
14360	-0.0157087	0.00159308	0
14370	-0.015613	0.00163872	0
14380	-0.0155159	0.00170594	0
14390	-0.0154189	0.00179246	0
14400	-0.0153194	0.00189679	0
14410	-0.0152166	0.00201337	0
14420	-0.0151102	0.00214201	0
14430	-0.0150009	0.00227791	0
14440	-0.014882	0.00241953	0
14450	-0.014673	0.00255959	0
14460	-0.0144639	0.00268583	0
14470	-0.0142592	0.00279331	0
14480	-0.0140606	0.00288026	0
14490	-0.0138704	0.00294537	0
14500	-0.0136941	0.00298972	0
14510	-0.0135361	0.0030119	0
14520	-0.0133952	0.00301295	0
14530	-0.013272	0.00299294	0
14540	-0.01317	0.00295512	0
14550	-0.0130906	0.00290157	0
14560	-0.0130355	0.00283523	0
14570	-0.0129981	0.00275591	0
14580	-0.0129829	0.00266157	0
14590	-0.0129862	0.00255634	0
14600	-0.013008	0.00244338	0
14610	-0.0130505	0.00232568	0
14620	-0.0131086	0.00220035	0
14630	-0.0131552	0.00207005	0
14640	-0.0131905	0.00193132	0
14650	-0.0132392	0.00178969	0
14660	-0.0133008	0.00164523	0
14670	-0.0133722	0.00149209	0
14680	-0.0134514	0.00133488	0
14690	-0.0135347	0.00117837	0
14700	-0.0136106	0.00102181	0
14710	-0.0136716	0.000864142	0
14720	-0.0137068	0.000714046	0
14730	-0.0137175	0.000570506	0
14740	-0.0137019	0.000440879	0
14750	-0.0136583	0.000330181	0
14760	-0.0135779	0.000242296	0
14770	-0.0134645	0.000177374	0
14780	-0.013319	0.000139531	0
14790	-0.0131444	0.000128967	0
14800	-0.0129434	0.000143913	0
14810	-0.0127219	0.000181714	0
14820	-0.012483	0.000243418	0
14830	-0.0122311	0.000321776	0
14840	-0.0119732	0.000416126	0
14850	-0.0117152	0.000520148	0
14860	-0.0114652	0.00062863	0
14870	-0.0112233	0.00074158	0
14880	-0.0110021	0.000850685	0
14890	-0.0108056	0.000951991	0
14900	-0.0106332	0.0010388	0
14910	-0.0104969	0.00111295	0
14920	-0.0103955	0.00116707	0
14930	-0.0103459	0.00120396	0
14940	-0.0103982	0.00122079	0
14950	-0.0105512	0.00121849	0
14960	-0.0107945	0.00119712	0
14970	-0.0111245	0.0011538	0
14980	-0.0115109	0.00109646	0
14990	-0.0119355	0.00103253	0
15000	-0.0123917	0.000971123	0
15010	-0.0128596	0.000914081	0
15020	-0.01331	0.000869195	0
15030	-0.0137223	0.000841313	0
15040	-0.0140782	0.00083766	0
15050	-0.0143707	0.000859734	0
15060	-0.0145857	0.000908118	0
15070	-0.0147198	0.000978876	0
15080	-0.0147671	0.00107466	0
15090	-0.0147265	0.00119224	0
15100	-0.0146005	0.00132731	0
15110	-0.0143921	0.00147295	0
15120	-0.0141134	0.00161847	0
15130	-0.0137741	0.00175517	0
15140	-0.0133858	0.0018753	0
15150	-0.012965	0.00196805	0
15160	-0.0125234	0.0020277	0
15170	-0.012073	0.00205083	0
15180	-0.0116251	0.00203213	0
15190	-0.0111894	0.00196982	0
15200	-0.0107751	0.00186777	0
15210	-0.010641	0.00173213	0
15220	-0.0107088	0.0015693	0
15230	-0.0107948	0.00138571	0
15240	-0.0108975	0.00119348	0
15250	-0.0110165	0.00100817	0
15260	-0.0112176	0.000837612	0
15270	-0.0114673	0.000689422	0
15280	-0.0117027	0.000571111	0
15290	-0.0119207	0.000491489	0
15300	-0.0121183	0.000457386	0
15310	-0.0122967	0.000475762	0
15320	-0.0124577	0.000551278	0
15330	-0.0126053	0.000686713	0
15340	-0.01275	0.000880028	0
15350	-0.0128945	0.00112485	0
15360	-0.0130428	0.00140991	0
15370	-0.0131588	0.0017197	0
15380	-0.0132296	0.0020344	0
15390	-0.0132793	0.00235029	0
15400	-0.013311	0.00266418	0
15410	-0.0133268	0.00296785	0
15420	-0.0133252	0.00325194	0
15430	-0.0133065	0.00350854	0
15440	-0.0132711	0.00373396	0
15450	-0.0132204	0.00391895	0
15460	-0.0131573	0.00406362	0
15470	-0.0130841	0.00416154	0
15480	-0.0130044	0.00420881	0
15490	-0.0129216	0.00420611	0
15500	-0.0128363	0.00415351	0
15510	-0.0127529	0.00405751	0
15520	-0.0126736	0.00392234	0
15530	-0.0126001	0.0037599	0
15540	-0.0125339	0.00358149	0
15550	-0.0124801	0.0033961	0
15560	-0.0123495	0.00320965	0
15570	-0.0121916	0.00302593	0
15580	-0.0120496	0.0028416	0
15590	-0.0119253	0.00265977	0
15600	-0.0118205	0.0024826	0
15610	-0.0117347	0.0023088	0
15620	-0.0116649	0.00213866	0
15630	-0.0116093	0.00197642	0
15640	-0.0115662	0.00182295	0
15650	-0.0115356	0.00168412	0
15660	-0.0115184	0.00156358	0
15670	-0.0115148	0.0014673	0
15680	-0.0115234	0.00139809	0
15690	-0.011541	0.00136493	0
15700	-0.0115692	0.0013784	0
15710	-0.0116056	0.00144109	0
15720	-0.0116509	0.00155404	0
15730	-0.0117015	0.00170902	0
15740	-0.0117537	0.00189013	0
15750	-0.0118156	0.00213815	0
15760	-0.011907	0.00242872	0
15770	-0.0119886	0.00275521	0
15780	-0.0120539	0.00311063	0
15790	-0.0121008	0.00348774	0
15800	-0.0121277	0.00387225	0
15810	-0.0121597	0.00424704	0
15820	-0.0122281	0.00459144	0
15830	-0.0122914	0.00487903	0
15840	-0.0123383	0.00507883	0
15850	-0.0123743	0.00517402	0
15860	-0.0124019	0.00516658	0
15870	-0.012417	0.00506084	0
15880	-0.0124197	0.00486798	0
15890	-0.0124167	0.00460621	0
15900	-0.0124908	0.0042915	0
15910	-0.0126458	0.00393653	0
15920	-0.0128624	0.00355506	0
15930	-0.0131121	0.00315991	0
15940	-0.0133675	0.00277333	0
15950	-0.0136038	0.00241005	0
15960	-0.0137963	0.00208435	0
15970	-0.0139222	0.00181334	0
15980	-0.0139632	0.00160644	0
15990	-0.0139026	0.00147489	0
16000	-0.0137351	0.00142291	0
16010	-0.0134557	0.00145143	0
16020	-0.0130761	0.00155664	0
16030	-0.0126141	0.00172712	0
16040	-0.0125991	0.00195046	0
16050	-0.0126757	0.00221	0
16060	-0.0127606	0.0024939	0
16070	-0.0128496	0.00278	0
16080	-0.0129414	0.00304707	0
16090	-0.0130315	0.00328896	0
16100	-0.0131176	0.00349437	0
16110	-0.0131973	0.00366436	0
16120	-0.0132727	0.00379534	0
16130	-0.0133442	0.00387871	0
16140	-0.0134097	0.00392292	0
16150	-0.0134675	0.00392705	0
16160	-0.0135136	0.00388948	0
16170	-0.0135446	0.00381831	0
16180	-0.0135657	0.00372278	0
16190	-0.013578	0.00360899	0
16200	-0.0135806	0.00348633	0
16210	-0.0135719	0.00336531	0
16220	-0.0135509	0.00325336	0
16230	-0.0135187	0.0031596	0
16240	-0.0134747	0.00308991	0
16250	-0.0134234	0.00305157	0
16260	-0.013365	0.0030491	0
16270	-0.0133014	0.00308397	0
16280	-0.0132334	0.00315784	0
16290	-0.0131631	0.0032675	0
16300	-0.0130919	0.00340604	0
16310	-0.013021	0.00357354	0
16320	-0.012951	0.00375769	0
16330	-0.0128825	0.00395023	0
16340	-0.0128149	0.00413534	0
16350	-0.0127485	0.00430036	0
16360	-0.0126836	0.00443318	0
16370	-0.0126217	0.00452183	0
16380	-0.0125616	0.00456079	0
16390	-0.0125077	0.00454775	0
16400	-0.0124612	0.0044876	0
16410	-0.0124229	0.00437619	0
16420	-0.0123869	0.00422014	0
16430	-0.0123561	0.00402444	0
16440	-0.0123353	0.00380125	0
16450	-0.0123256	0.00355904	0
16460	-0.0123266	0.00331046	0
16470	-0.012337	0.00306664	0
16480	-0.0123552	0.00283787	0
16490	-0.0123738	0.00262361	0
16500	-0.0123958	0.00242354	0
16510	-0.0124229	0.00224276	0
16520	-0.0124568	0.0020863	0
16530	-0.0124977	0.00195925	0
16540	-0.0125497	0.00186663	0
16550	-0.0126128	0.00181269	0
16560	-0.0126884	0.00179532	0
16570	-0.0127762	0.0018142	0
16580	-0.0128772	0.00186771	0
16590	-0.0129908	0.00195237	0
16600	-0.013115	0.0020661	0
16610	-0.0132499	0.00220552	0
16620	-0.0133925	0.00236587	0
16630	-0.0135417	0.0025403	0
16640	-0.0136643	0.00272607	0
16650	-0.0137444	0.00291384	0
16660	-0.0138118	0.00309665	0
16670	-0.0138703	0.00327012	0
16680	-0.0139221	0.00342774	0
16690	-0.0139695	0.00356268	0
16700	-0.0140143	0.00367391	0
16710	-0.0140594	0.00375836	0
16720	-0.0141039	0.00381409	0
16730	-0.0141495	0.00383701	0
16740	-0.014198	0.00383423	0
16750	-0.0142476	0.00380759	0
16760	-0.0142984	0.00376139	0
16770	-0.0143493	0.00369742	0
16780	-0.0143978	0.00361747	0
16790	-0.0144433	0.00352446	0
16800	-0.0144826	0.00341867	0
16810	-0.0145145	0.00330449	0
16820	-0.0145361	0.00318375	0
16830	-0.0145392	0.00306071	0
16840	-0.0145285	0.00293821	0
16850	-0.0144997	0.00281469	0
16860	-0.0144528	0.00269713	0
16870	-0.014388	0.00258757	0
16880	-0.0143052	0.00248752	0
16890	-0.0142059	0.00239953	0
16900	-0.0140938	0.00232599	0
16910	-0.0139703	0.00226898	0
16920	-0.0138368	0.00223151	0
16930	-0.0136947	0.00221282	0
16940	-0.013547	0.00221292	0
16950	-0.0133945	0.00223246	0
16960	-0.013239	0.00227189	0
16970	-0.0130822	0.00232925	0
16980	-0.0129243	0.00240065	0
16990	-0.0127676	0.00248392	0
17000	-0.012614	0.00257551	0
17010	-0.0124645	0.00267301	0
17020	-0.0123205	0.00276988	0
17030	-0.0121843	0.00286709	0
17040	-0.0120596	0.00296045	0
17050	-0.0119531	0.00305039	0
17060	-0.0118713	0.00313154	0
17070	-0.0118051	0.00320373	0
17080	-0.0117523	0.00326115	0
17090	-0.0117114	0.00330318	0
17100	-0.0116822	0.00332756	0
17110	-0.0116655	0.00333523	0
17120	-0.0116611	0.0033324	0
17130	-0.0116704	0.00332439	0
17140	-0.0116928	0.0033109	0
17150	-0.0117286	0.00329729	0
17160	-0.0117723	0.0032834	0
17170	-0.0118077	0.00327444	0
17180	-0.0118343	0.00327176	0
17190	-0.0118501	0.00327863	0
17200	-0.0118589	0.00329701	0
17210	-0.0118608	0.00333045	0
17220	-0.0118618	0.00337807	0
17230	-0.0118641	0.00344156	0
17240	-0.011871	0.0035187	0
17250	-0.011886	0.00360933	0
17260	-0.0119127	0.0037115	0
17270	-0.0119539	0.00382349	0
17280	-0.0120135	0.00394038	0
17290	-0.0120925	0.00406055	0
17300	-0.012193	0.00418135	0
17310	-0.0123158	0.00429747	0
17320	-0.0124599	0.00440244	0
17330	-0.0126249	0.00449515	0
17340	-0.012809	0.00456842	0
17350	-0.0129622	0.00461907	0
17360	-0.013001	0.00464487	0
17370	-0.0130283	0.00464207	0
17380	-0.0130539	0.00460954	0
17390	-0.0130793	0.00455053	0
17400	-0.0131058	0.00446091	0
17410	-0.0131334	0.00433995	0
17420	-0.0131615	0.00419075	0
17430	-0.0131906	0.00402012	0
17440	-0.0132208	0.00383667	0
17450	-0.013252	0.0036456	0
17460	-0.0132821	0.00345455	0
17470	-0.0133091	0.00327304	0
17480	-0.0133304	0.00310663	0
17490	-0.0133453	0.00296121	0
17500	-0.0133516	0.00284433	0
17510	-0.0133488	0.00276463	0
17520	-0.0133355	0.00272548	0
17530	-0.0133104	0.00273039	0
17540	-0.0132734	0.00278124	0
17550	-0.013224	0.00287592	0
17560	-0.0131624	0.00301064	0
17570	-0.0130897	0.00317915	0
17580	-0.0130068	0.00337342	0
17590	-0.0129155	0.00358318	0
17600	-0.0128135	0.00379564	0
17610	-0.0126989	0.00399581	0
17620	-0.0125765	0.00417052	0
17630	-0.0124522	0.00430704	0
17640	-0.012334	0.0043935	0
17650	-0.0122268	0.00442421	0
17660	-0.0121313	0.00439555	0
17670	-0.0120463	0.00430687	0
17680	-0.0119706	0.00416254	0
17690	-0.0119062	0.00397148	0
17700	-0.0118485	0.00374592	0
17710	-0.0117947	0.00349854	0
17720	-0.0117433	0.00324328	0
17730	-0.0116932	0.00299464	0
17740	-0.011644	0.00276227	0
17750	-0.0115989	0.00255739	0
17760	-0.0116293	0.00239052	0
17770	-0.0116874	0.00226892	0
17780	-0.0117588	0.0021982	0
17790	-0.0118424	0.00217601	0
17800	-0.0119366	0.0021981	0
17810	-0.0120395	0.00225305	0
17820	-0.0121436	0.00233277	0
17830	-0.0121758	0.00243255	0
17840	-0.0121832	0.0025439	0
17850	-0.012189	0.00265853	0
17860	-0.0121948	0.00276911	0
17870	-0.012201	0.0028698	0
17880	-0.0122076	0.002953	0
17890	-0.0122142	0.00301228	0
17900	-0.0122214	0.00304568	0
17910	-0.0122293	0.00305003	0
17920	-0.0122505	0.00300387	0
17930	-0.012163	0.0028862	0
17940	-0.0120475	0.00273784	0
17950	-0.0119318	0.00256358	0
17960	-0.0118216	0.00236843	0
17970	-0.0117197	0.00215614	0
17980	-0.0116282	0.00193319	0
17990	-0.0115475	0.00170419	0
18000	-0.0114808	0.00147666	0
