0	0	0	0
10	-8.03042e-15	-0.000981	0
20	-3.02356e-13	-0.001962	0
30	-2.37981e-12	-0.002943	0
40	-1.01413e-11	-0.00392397	0
50	-3.09868e-11	-0.00490486	0
60	-7.67516e-11	-0.00588549	0
70	-1.64417e-10	-0.00686555	0
80	-3.16526e-10	-0.0078444	0
90	-5.61237e-10	-0.00882103	0
100	-9.31947e-10	-0.00979389	0
110	-1.46643e-09	-0.0107607	0
120	-2.20547e-09	-0.0117186	0
130	-3.19102e-09	-0.0126635	0
140	-4.46383e-09	-0.0135905	0
150	-6.06085e-09	-0.014494	0
160	-8.01232e-09	-0.0153672	0
170	-1.0339e-08	-0.0162026	0
180	-1.30493e-08	-0.0169924	0
190	-1.61379e-08	-0.0177283	0
200	-1.95838e-08	-0.0184023	0
210	-2.33506e-08	-0.0190068	0
220	-2.73884e-08	-0.0195351	0
230	-3.16362e-08	-0.0199818	0
240	-3.60272e-08	-0.0203432	0
250	-4.04955e-08	-0.0206176	0
260	-4.4985e-08	-0.0208057	0
270	-4.9459e-08	-0.0209104	0
280	-5.39122e-08	-0.020937	0
290	-5.83825e-08	-0.0208934	0
300	-6.29637e-08	-0.0207894	0
310	-6.78176e-08	-0.0206366	0
320	-7.31849e-08	-0.0204479	0
330	-7.93956e-08	-0.0202368	0
340	-8.68774e-08	-0.020017	0
350	-9.61636e-08	-0.0198017	0
360	-1.07901e-07	-0.019603	0
370	-1.22857e-07	-0.0194311	0
380	-1.41935e-07	-0.0192939	0
390	-1.66188e-07	-0.019197	0
400	-1.96851e-07	-0.0191429	0
410	-2.35375e-07	-0.0191312	0
420	-2.83481e-07	-0.0191584	0
430	-3.43234e-07	-0.0192187	0
440	-4.17141e-07	-0.0193038	0
450	-5.08287e-07	-0.0194034	0
460	-6.20544e-07	-0.0195062	0
470	-7.58918e-07	-0.0196002	0
480	-9.29713e-07	-0.0196734	0
490	-1.14066e-06	-0.0197143	0
500	-1.40121e-06	-0.0197128	0
510	-1.72294e-06	-0.0196602	0
520	-2.11975e-06	-0.0195498	0
530	-2.60799e-06	-0.019377	0
540	-3.20663e-06	-0.0191395	0
550	-3.93726e-06	-0.0188368	0
560	-4.82406e-06	-0.0184703	0
570	-5.89361e-06	-0.0180427	0
580	-7.17849e-06	-0.017558	0
590	-8.7063e-06	-0.0170203	0
600	-1.05132e-05	-0.0164341	0
610	-1.26183e-05	-0.0158032	0
620	-1.50687e-05	-0.0151306	0
630	-1.78236e-05	-0.0144184	0
640	-2.08598e-05	-0.0136675	0
650	-2.4194e-05	-0.0128767	0
660	-2.77233e-05	-0.0120441	0
670	-3.1466e-05	-0.0111669	0
680	-3.53296e-05	-0.0102428	0
690	-3.9182e-05	-0.00927097	0
700	-4.28444e-05	-0.00825224	0
710	-4.60948e-05	-0.00718938	0
720	-4.86758e-05	-0.00608704	0
730	-5.03069e-05	-0.00495176	0
740	-5.07035e-05	-0.00379199	0
750	-4.96037e-05	-0.00261775	0
760	-4.67968e-05	-0.00144028	0
770	-4.21478e-05	-0.000271445	0
780	-3.56166e-05	0.000876804	0
790	-2.72822e-05	0.00199313	0
800	-1.74063e-05	0.00306758	0
810	-6.29718e-06	0.00409192	0
820	5.68719e-06	0.00506009	0
830	1.79965e-05	0.00596878	0
840	2.99044e-05	0.00681768	0
850	4.09632e-05	0.00760911	0
860	5.08304e-05	0.00834795	0
870	5.89355e-05	0.00904158	0
880	6.48172e-05	0.00970033	0
890	6.83785e-05	0.0103341	0
900	6.91011e-05	0.0109524	0
910	6.6421e-05	0.0115641	0
920	5.98232e-05	0.0121754	0
930	4.95366e-05	0.0127907	0
940	3.64044e-05	0.0134129	0
950	2.13776e-05	0.0140419	0
960	5.49307e-06	0.0146745	0
970	-1.01468e-05	0.015305	0
980	-2.44412e-05	0.0159249	0
990	-3.63583e-05	0.0165239	0
1000	-4.49984e-05	0.0170903	0
1010	-4.96485e-05	0.0176117	0
1020	-4.98279e-05	0.0180756	0
1030	-4.5319e-05	0.0184707	0
1040	-3.61836e-05	0.0187874	0
1050	-2.27625e-05	0.0190182	0
1060	-5.65646e-06	0.0191589	0
1070	1.43087e-05	0.0192084	0
1080	3.61321e-05	0.0191692	0
1090	5.86997e-05	0.0190473	0
1100	8.08532e-05	0.0188518	0
1110	0.000101464	0.0185945	0
1120	0.000119506	0.0182897	0
1130	0.000134145	0.0179528	0
1140	0.000145156	0.0176013	0
1150	0.000152713	0.0172543	0
1160	0.000156897	0.0169274	0
1170	0.000157963	0.0166337	0
1180	0.000156407	0.0163836	0
1190	0.000152934	0.0161844	0
1200	0.000148735	0.0160406	0
1210	0.000144881	0.0159527	0
1220	0.0001431	0.0159205	0
1230	0.000144263	0.0159344	0
1240	0.000147027	0.0159774	0
1250	0.000150991	0.0160354	0
1260	0.000156665	0.016093	0
1270	0.00016424	0.0161306	0
1280	0.000174621	0.0161169	0
1290	0.000187619	0.0160272	0
1300	0.000201541	0.0158459	0
1310	0.000215198	0.0155632	0
1320	0.000228538	0.015177	0
1330	0.000241444	0.014691	0
1340	0.000254599	0.0141184	0
1350	0.000268512	0.0134748	0
1360	0.000283257	0.0127709	0
1370	0.000298454	0.0120161	0
1380	0.000313826	0.0112181	0
1390	0.000328942	0.0103822	0
1400	0.000342887	0.00951331	0
1410	0.000354298	0.00861646	0
1420	0.000362564	0.00769545	0
1430	0.000367235	0.00675234	0
1440	0.00036863	0.00578284	0
1450	0.000366662	0.00479011	0
1460	0.000361235	0.00378041	0
1470	0.000353125	0.00276438	0
1480	0.0003435	0.00175275	0
1490	0.000332903	0.000745903	0
1500	0.000321626	-0.000254083	0
1510	0.000309728	-0.0012419	0
1520	0.000297579	-0.00222063	0
1530	0.000285025	-0.00318995	0
1540	0.000271936	-0.00414766	0
1550	0.000257792	-0.00508749	0
1560	0.000242312	-0.00600042	0
1570	0.000224791	-0.00687433	0
1580	0.000203986	-0.00769835	0
1590	0.000178611	-0.00846488	0
1600	0.000147132	-0.00917184	0
1610	0.000108877	-0.00982095	0
1620	6.30951e-05	-0.0104171	0
1630	9.51391e-06	-0.0109679	0
1640	-5.12683e-05	-0.0114866	0
1650	-0.000117837	-0.0119888	0
1660	-0.000187792	-0.0124889	0
1670	-0.000258114	-0.0129981	0
1680	-0.000325262	-0.0135244	0
1690	-0.000385856	-0.014072	0
1700	-0.00043675	-0.0146405	0
1710	-0.000475235	-0.015225	0
1720	-0.000499223	-0.015817	0
1730	-0.000507419	-0.0164049	0
1740	-0.000499321	-0.0169752	0
1750	-0.000475304	-0.0175137	0
1760	-0.000436584	-0.0180067	0
1770	-0.00038513	-0.0184424	0
1780	-0.000323565	-0.018814	0
1790	-0.000254975	-0.0191176	0
1800	-0.000182702	-0.0193503	0
1810	-0.000110128	-0.0195122	0
1820	-4.04669e-05	-0.0196051	0
1830	2.3394e-05	-0.0196327	0
1840	7.91133e-05	-0.0196006	0
1850	0.00012499	-0.0195157	0
1860	0.000160021	-0.019384	0
1870	0.00018385	-0.0192115	0
1880	0.000196798	-0.019004	0
1890	0.000199738	-0.0187656	0
1900	0.000194006	-0.0184989	0
1910	0.000181225	-0.0182044	0
1920	0.000163175	-0.0178805	0
1930	0.000141688	-0.0175246	0
1940	0.000118141	-0.0171328	0
1950	9.35017e-05	-0.0167012	0
1960	6.91228e-05	-0.0162257	0
1970	4.52316e-05	-0.0157032	0
1980	2.10702e-05	-0.0151319	0
1990	-2.96789e-06	-0.0145122	0
2000	-2.93926e-05	-0.013849	0
2010	-6.09311e-05	-0.0131558	0
2020	-9.82431e-05	-0.0124383	0
2030	-0.00013966	-0.0117039	0
2040	-0.000183181	-0.0109616	0
2050	-0.000227892	-0.0102144	0
2060	-0.000272801	-0.00946506	0
2070	-0.000316506	-0.00871597	0
2080	-0.000356757	-0.00796984	0
2090	-0.000391249	-0.00722844	0
2100	-0.000417401	-0.00649202	0
2110	-0.000433091	-0.00576174	0
2120	-0.000436142	-0.00503728	0
2130	-0.00042512	-0.00431662	0
2140	-0.000399121	-0.00359615	0
2150	-0.000358068	-0.00287113	0
2160	-0.000302278	-0.00213594	0
2170	-0.000233096	-0.00138494	0
2180	-0.000152335	-0.000612946	0
2190	-6.25862e-05	0.00018413	0
2200	3.29645e-05	0.00100876	0
2210	0.000130798	0.00186137	0
2220	0.000227052	0.00274008	0
2230	0.000317733	0.00364042	0
2240	0.000399036	0.00455549	0
2250	0.000467324	0.00547629	0
2260	0.000519482	0.00639201	0
2270	0.000553072	0.00729091	0
2280	0.000566449	0.00816082	0
2290	0.000558874	0.00898973	0
2300	0.000530744	0.0097669	0
2310	0.000484833	0.0104894	0
2320	0.000424149	0.0111552	0
2330	0.000351946	0.0117596	0
2340	0.000272625	0.0122999	0
2350	0.000190572	0.0127768	0
2360	0.000109175	0.0131879	0
2370	3.14497e-05	0.0135322	0
2380	-3.98286e-05	0.0138102	0
2390	-0.000102258	0.0140243	0
2400	-0.000153914	0.0141782	0
2410	-0.000193437	0.0142775	0
2420	-0.000220077	0.0143292	0
2430	-0.000233711	0.0143411	0
2440	-0.000234822	0.0143223	0
2450	-0.00022445	0.0142821	0
2460	-0.000204112	0.0142305	0
2470	-0.000175696	0.014177	0
2480	-0.000141332	0.0141309	0
2490	-0.000103275	0.0141002	0
2500	-6.39267e-05	0.0140912	0
2510	-2.54608e-05	0.014109	0
2520	1.02572e-05	0.0141564	0
2530	4.16272e-05	0.0142337	0
2540	6.715e-05	0.0143372	0
2550	8.59061e-05	0.0144607	0
2560	9.70279e-05	0.0145921	0
2570	0.000100698	0.0147209	0
2580	9.76626e-05	0.0148357	0
2590	8.90063e-05	0.0149236	0
2600	7.6141e-05	0.0149712	0
2610	6.05385e-05	0.0149646	0
2620	4.2944e-05	0.0148861	0
2630	2.47317e-05	0.0147154	0
2640	8.22265e-06	0.0144405	0
2650	-3.99269e-06	0.014055	0
2660	-9.43974e-06	0.0135556	0
2670	-6.66834e-06	0.0129471	0
2680	4.69788e-06	0.012239	0
2690	2.49116e-05	0.011444	0
2700	5.37226e-05	0.0105783	0
2710	9.06235e-05	0.00965778	0
2720	0.00013435	0.00870074	0
2730	0.000182238	0.0077279	0
2740	0.000232026	0.00675999	0
2750	0.00028131	0.00581608	0
2760	0.00032755	0.00491379	0
2770	0.000367637	0.00406258	0
2780	0.000400316	0.00326129	0
2790	0.000424575	0.00251643	0
2800	0.000439753	0.00183681	0
2810	0.000445377	0.00122678	0
2820	0.00044124	0.00068544	0
2830	0.000427683	0.000209429	0
2840	0.000405179	-0.00020667	0
2850	0.000374707	-0.0005708	0
2860	0.00033759	-0.000895123	0
2870	0.00029525	-0.00119334	0
2880	0.000248743	-0.00147268	0
2890	0.000198691	-0.00173792	0
2900	0.000146036	-0.00199549	0
2910	9.19925e-05	-0.00225377	0
2920	3.80321e-05	-0.00251959	0
2930	-1.39999e-05	-0.00279817	0
2940	-6.21154e-05	-0.00309393	0
2950	-0.000104373	-0.0034105	0
2960	-0.000138999	-0.00375055	0
2970	-0.000164692	-0.00411512	0
2980	-0.000180748	-0.00450317	0
2990	-0.000187065	-0.00491174	0
3000	-0.000184173	-0.00533642	0
3010	-0.000173187	-0.00577168	0
3020	-0.00015566	-0.00621114	0
3030	-0.000133589	-0.0066482	0
3040	-0.000109197	-0.00707618	0
3050	-8.47206e-05	-0.00748883	0
3060	-6.24019e-05	-0.00788099	0
3070	-4.44805e-05	-0.00824882	0
3080	-3.24218e-05	-0.0085895	0
3090	-2.71432e-05	-0.00889912	0
3100	-2.94398e-05	-0.00917673	0
3110	-3.96876e-05	-0.00942228	0
3120	-5.76255e-05	-0.00963669	0
3130	-8.26066e-05	-0.00982194	0
3140	-0.00011332	-0.00998071	0
3150	-0.00014849	-0.0101149	0
3160	-0.000186474	-0.0102257	0
3170	-0.000225005	-0.0103159	0
3180	-0.000261108	-0.0103855	0
3190	-0.000292588	-0.0104361	0
3200	-0.00031797	-0.0104692	0
3210	-0.00033588	-0.0104863	0
3220	-0.00034537	-0.0104874	0
3230	-0.000345861	-0.0104718	0
3240	-0.00033708	-0.0104379	0
3250	-0.000319211	-0.0103837	0
3260	-0.000292961	-0.0103069	0
3270	-0.000259168	-0.0102053	0
3280	-0.00021923	-0.0100768	0
3290	-0.000174844	-0.00991977	0
3300	-0.000127824	-0.00973344	0
3310	-8.02792e-05	-0.00951783	0
3320	-3.41896e-05	-0.00927399	0
3330	8.39824e-06	-0.0090036	0
3340	4.62466e-05	-0.00870899	0
3350	7.81881e-05	-0.00839325	0
3360	0.000104092	-0.00805666	0
3370	0.000123474	-0.00770346	0
3380	0.000135841	-0.00733894	0
3390	0.000141098	-0.0069688	0
3400	0.000140182	-0.00660359	0
3410	0.000134864	-0.00625188	0
3420	0.000126021	-0.00591759	0
3430	0.000114528	-0.00560087	0
3440	0.000101511	-0.00530111	0
3450	8.79118e-05	-0.00501564	0
3460	7.46801e-05	-0.00473966	0
3470	6.29594e-05	-0.00446503	0
3480	5.35008e-05	-0.00418333	0
3490	4.71985e-05	-0.00388601	0
3500	4.43558e-05	-0.00356503	0
3510	4.55813e-05	-0.00321302	0
3520	5.08391e-05	-0.00282483	0
3530	6.00864e-05	-0.00239747	0
3540	7.27357e-05	-0.00193029	0
3550	8.8512e-05	-0.00142528	0
3560	0.00010656	-0.000886849	0
3570	0.000125723	-0.00032249	0
3580	0.000145323	0.000258403	0
3590	0.000164161	0.000844723	0
3600	0.000181498	0.00142415	0
3610	0.00019663	0.00198292	0
3620	0.000209267	0.00250788	0
3630	0.000218986	0.00298763	0
3640	0.000225738	0.00341254	0
3650	0.00022988	0.00377593	0
3660	0.000231498	0.00407308	0
3670	0.000230995	0.00430297	0
3680	0.000228915	0.00446811	0
3690	0.000226192	0.0045737	0
3700	0.000223284	0.00462806	0
3710	0.00022094	0.00464111	0
3720	0.000219928	0.0046247	0
3730	0.000220707	0.00459158	0
3740	0.000223573	0.00455426	0
3750	0.00022877	0.00452476	0
3760	0.00023611	0.00451359	0
3770	0.000245375	0.00452933	0
3780	0.000256245	0.00457775	0
3790	0.000267967	0.00466133	0
3800	0.000279955	0.00477884	0
3810	0.000291443	0.00492761	0
3820	0.00030162	0.00510235	0
3830	0.000309675	0.00529321	0
3840	0.000315082	0.00549144	0
3850	0.00031743	0.00568702	0
3860	0.000316569	0.00587023	0
3870	0.000312528	0.00603336	0
3880	0.000305356	0.00616757	0
3890	0.000295411	0.00626489	0
3900	0.000283258	0.00632294	0
3910	0.000269535	0.00634176	0
3920	0.00025441	0.00632218	0
3930	0.000238246	0.00626744	0
3940	0.000221748	0.00618381	0
3950	0.000205544	0.00607858	0
3960	0.000190154	0.00595935	0
3970	0.00017597	0.00583371	0
3980	0.000163228	0.00570831	0
3990	0.000151992	0.00558898	0
4000	0.00014215	0.00547989	0
4010	0.000133422	0.00538362	0
4020	0.000125415	0.00530051	0
4030	0.000117756	0.00522759	0
4040	0.000110007	0.00516087	0
4050	0.000101714	0.00509668	0
4060	9.25002e-05	0.0050291	0
4070	8.20337e-05	0.00495259	0
4080	7.00842e-05	0.00486116	0
4090	5.67636e-05	0.00474867	0
4100	4.21512e-05	0.00461089	0
4110	2.64135e-05	0.00444598	0
4120	9.69078e-06	0.00425409	0
4130	-7.5188e-06	0.00403679	0
4140	-2.46291e-05	0.0037973	0
4150	-4.09886e-05	0.00354025	0
4160	-5.58971e-05	0.00327176	0
4170	-6.87835e-05	0.00299879	0
4180	-7.90698e-05	0.00272902	0
4190	-8.62694e-05	0.00246991	0
4200	-9.01215e-05	0.00222814	0
4210	-9.0604e-05	0.0020091	0
4220	-8.79956e-05	0.00181667	0
4230	-8.2737e-05	0.00165269	0
4240	-7.54082e-05	0.00151699	0
4250	-6.66934e-05	0.00140739	0
4260	-5.74511e-05	0.00131559	0
4270	-4.90355e-05	0.00123254	0
4280	-4.17532e-05	0.00115327	0
4290	-3.54997e-05	0.00107374	0
4300	-2.9931e-05	0.000991088	0
4310	-2.46383e-05	0.000903837	0
4320	-1.92442e-05	0.000811779	0
4330	-1.34139e-05	0.000716003	0
4340	-6.87478e-06	0.000618426	0
4350	7.08271e-07	0.000522122	0
4360	9.71493e-06	0.000430451	0
4370	2.07428e-05	0.000346099	0
4380	3.4421e-05	0.000271531	0
4390	5.0882e-05	0.000209609	0
4400	7.00015e-05	0.000161804	0
4410	9.12924e-05	0.000128138	0
4420	0.000113918	0.000106622	0
4430	0.000136775	9.28763e-05	0
4440	0.000158705	8.15169e-05	0
4450	0.000178497	6.61113e-05	0
4460	0.00019491	3.95453e-05	0
4470	0.000206793	-5.13103e-06	0
4480	0.000213105	-7.40883e-05	0
4490	0.000212897	-0.000172589	0
4500	0.000205614	-0.000304149	0
4510	0.000190942	-0.000470325	0
4520	0.000168965	-0.000670736	0
4530	0.000140061	-0.000902326	0
4540	0.0001051	-0.00116062	0
4550	6.52369e-05	-0.00143884	0
4560	2.20609e-05	-0.00172822	0
4570	-2.46636e-05	-0.00201861	0
4580	-7.40156e-05	-0.00230041	0
4590	-0.000124347	-0.00256414	0
4600	-0.000173707	-0.00280005	0
4610	-0.000220013	-0.00300063	0
4620	-0.000261488	-0.00316164	0
4630	-0.000296732	-0.00328088	0
4640	-0.000324512	-0.00335828	0
4650	-0.000344097	-0.0033953	0
4660	-0.000355031	-0.00339521	0
4670	-0.000357513	-0.00336155	0
4680	-0.000351941	-0.0032994	0
4690	-0.000339113	-0.00321493	0
4700	-0.000320026	-0.00311445	0
4710	-0.000295642	-0.00300334	0
4720	-0.000267073	-0.0028859	0
4730	-0.000235601	-0.0027656	0
4740	-0.00020243	-0.00264419	0
4750	-0.000168635	-0.0025226	0
4760	-0.000135265	-0.00240083	0
4770	-0.000103212	-0.00227841	0
4780	-7.32897e-05	-0.00215484	0
4790	-4.61944e-05	-0.00202939	0
4800	-2.20689e-05	-0.00189898	0
4810	-5.49258e-07	-0.00176194	0
4820	1.86382e-05	-0.00162086	0
4830	3.66749e-05	-0.00148256	0
4840	5.4916e-05	-0.00135307	0
4850	7.40409e-05	-0.0012379	0
4860	9.46355e-05	-0.00114038	0
4870	0.000117161	-0.00106277	0
4880	0.000142026	-0.00100739	0
4890	0.000169513	-0.000975402	0
4900	0.000199739	-0.000967065	0
4910	0.000232811	-0.000981249	0
4920	0.000268592	-0.00101574	0
4930	0.000306865	-0.00106734	0
4940	0.000347229	-0.00113253	0
4950	0.000388849	-0.00120636	0
4960	0.00043109	-0.00128362	0
4970	0.000473471	-0.00135986	0
4980	0.000515527	-0.00143094	0
4990	0.000556806	-0.00149326	0
5000	0.00059684	-0.00154658	0
5010	0.000635698	-0.00159214	0
5020	0.00067313	-0.00163265	0
5030	0.000708813	-0.00166707	0
5040	0.000742386	-0.00169423	0
5050	0.000773326	-0.00171267	0
5060	0.000801287	-0.00172097	0
5070	0.000825932	-0.00171796	0
5080	0.000847125	-0.00170252	0
5090	0.000864568	-0.0016723	0
5100	0.000877988	-0.0016268	0
5110	0.000887267	-0.00156541	0
5120	0.000892211	-0.00148652	0
5130	0.000892705	-0.00138984	0
5140	0.000888659	-0.00127508	0
5150	0.000879849	-0.00114273	0
5160	0.000866323	-0.00099542	0
5170	0.000847811	-0.000836059	0
5180	0.000824457	-0.000668212	0
5190	0.000796204	-0.00049674	0
5200	0.000762996	-0.00032612	0
5210	0.000725056	-0.000163692	0
5220	0.000682395	-1.54217e-05	0
5230	0.00063556	0.000112746	0
5240	0.000584421	0.000214028	0
5250	0.000529986	0.000280044	0
5260	0.000472477	0.000303256	0
5270	0.00041263	0.000276232	0
5280	0.000351201	0.000192225	0
5290	0.000288894	4.63737e-05	0
5300	0.000226978	-0.000163642	0
5310	0.000166192	-0.00043942	0
5320	0.000107758	-0.000779692	0
5330	5.24718e-05	-0.00117803	0
5340	1.69046e-06	-0.00162881	0
5350	-4.37432e-05	-0.00212117	0
5360	-8.31544e-05	-0.00264371	0
5370	-0.000115833	-0.00318143	0
5380	-0.000141592	-0.00371806	0
5390	-0.00016013	-0.00423721	0
5400	-0.000171074	-0.00472201	0
5410	-0.000174577	-0.00515601	0
5420	-0.000171008	-0.00552308	0
5430	-0.000161144	-0.00580841	0
5440	-0.00014595	-0.00599925	0
5450	-0.000126781	-0.00608624	0
5460	-0.00010503	-0.00606283	0
5470	-8.23774e-05	-0.00592669	0
5480	-6.04664e-05	-0.00567938	0
5490	-4.08249e-05	-0.00532695	0
5500	-2.44959e-05	-0.00488443	0
5510	-1.2605e-05	-0.00437331	0
5520	-5.72116e-06	-0.00381646	0
5530	-4.50362e-06	-0.00323012	0
5540	-9.40903e-06	-0.00263096	0
5550	-2.06491e-05	-0.00203475	0
5560	-3.78765e-05	-0.00145448	0
5570	-6.0394e-05	-0.00090112	0
5580	-8.71567e-05	-0.000384344	0
5590	-0.000116734	8.71487e-05	0
5600	-0.00014769	0.000505569	0
5610	-0.00017852	0.000865152	0
5620	-0.000207408	0.001162	0
5630	-0.000233008	0.00139374	0
5640	-0.000254192	0.00156051	0
5650	-0.000269425	0.0016658	0
5660	-0.000277504	0.0017155	0
5670	-0.000277656	0.00171953	0
5680	-0.000269717	0.00168909	0
5690	-0.000253823	0.00163307	0
5700	-0.000230354	0.00155909	0
5710	-0.000200178	0.00148057	0
5720	-0.000164109	0.00141228	0
5730	-0.000123238	0.0013673	0
5740	-7.91102e-05	0.0013582	0
5750	-3.32431e-05	0.00139558	0
5760	1.32997e-05	0.00148639	0
5770	5.90984e-05	0.00163509	0
5780	0.000102543	0.00184	0
5790	0.000142454	0.00209461	0
5800	0.000177902	0.00238805	0
5810	0.000207893	0.00270661	0
5820	0.000232455	0.00303542	0
5830	0.000251297	0.00335856	0
5840	0.000264318	0.00365963	0
5850	0.000271174	0.00392315	0
5860	0.000272006	0.00413522	0
5870	0.000265563	0.00428742	0
5880	0.000252263	0.0043734	0
5890	0.000232569	0.00438958	0
5900	0.000207392	0.00433478	0
5910	0.000177887	0.00421299	0
5920	0.000145302	0.00403188	0
5930	0.000110276	0.00380168	0
5940	7.39892e-05	0.00353495	0
5950	3.73793e-05	0.00324634	0
5960	1.40413e-06	0.00295163	0
5970	-3.29174e-05	0.00266726	0
5980	-6.47806e-05	0.00240878	0
5990	-9.33295e-05	0.00218977	0
6000	-0.000117842	0.00202125	0
6010	-0.000137821	0.00191071	0
6020	-0.000153183	0.00186157	0
6030	-0.000163993	0.00187361	0
6040	-0.00017051	0.00194261	0
6050	-0.000173196	0.00206065	0
6060	-0.000172771	0.00221663	0
6070	-0.000170201	0.00239789	0
6080	-0.000166453	0.00259058	0
6090	-0.000162359	0.00277912	0
6100	-0.00015909	0.0029482	0
6110	-0.000156593	0.00308713	0
6120	-0.000155218	0.00318765	0
6130	-0.000154803	0.00324439	0
6140	-0.000155102	0.00325468	0
6150	-0.000155675	0.0032198	0
6160	-0.000155582	0.0031439	0
6170	-0.000153488	0.00303377	0
6180	-0.000148097	0.0028981	0
6190	-0.000137918	0.00274652	0
6200	-0.000121645	0.00258893	0
6210	-9.90579e-05	0.00243492	0
6220	-6.97825e-05	0.00229216	0
6230	-3.34459e-05	0.00216696	0
6240	9.91998e-06	0.00206358	0
6250	5.98463e-05	0.00198375	0
6260	0.000115252	0.00192693	0
6270	0.000174949	0.00188996	0
6280	0.000237259	0.0018675	0
6290	0.000299505	0.0018524	0
6300	0.000359393	0.00183689	0
6310	0.00041439	0.00181316	0
6320	0.000461899	0.00177367	0
6330	0.000499242	0.00171204	0
6340	0.000524198	0.0016301	0
6350	0.000535306	0.00152544	0
6360	0.000531105	0.00139558	0
6370	0.000510682	0.00124031	0
6380	0.000474104	0.00106147	0
6390	0.000422207	0.000862505	0
6400	0.000356701	0.000648138	0
6410	0.000279852	0.000424201	0
6420	0.000194715	0.000197066	0
6430	0.000105117	-2.62763e-05	0
6440	1.54004e-05	-0.000237673	0
6450	-7.05096e-05	-0.00042962	0
6460	-0.000149087	-0.000595927	0
6470	-0.000217022	-0.000732221	0
6480	-0.00027194	-0.000836335	0
6490	-0.00031187	-0.000908064	0
6500	-0.000335693	-0.000949358	0
6510	-0.000343236	-0.000964214	0
6520	-0.000335431	-0.000957974	0
6530	-0.000314808	-0.000937279	0
6540	-0.000284027	-0.000909682	0
6550	-0.000245824	-0.00088257	0
6560	-0.000203154	-0.000863236	0
6570	-0.000159249	-0.000857815	0
6580	-0.000116593	-0.000869424	0
6590	-7.77007e-05	-0.000899521	0
6600	-4.45783e-05	-0.000948095	0
6610	-1.86036e-05	-0.00101388	0
6620	-7.47425e-07	-0.00109551	0
6630	8.9161e-06	-0.00118713	0
6640	1.06874e-05	-0.00128379	0
6650	5.53337e-06	-0.00138193	0
6660	-5.77121e-06	-0.00147824	0
6670	-2.1929e-05	-0.00156684	0
6680	-4.15854e-05	-0.00164326	0
6690	-6.34519e-05	-0.00170411	0
6700	-8.59139e-05	-0.0017473	0
6710	-0.000107608	-0.00177275	0
6720	-0.000127245	-0.00178261	0
6730	-0.000143329	-0.00177912	0
6740	-0.000154748	-0.00176375	0
6750	-0.000160882	-0.00173842	0
6760	-0.00016139	-0.00170515	0
6770	-0.000156279	-0.00166496	0
6780	-0.000145859	-0.00161835	0
6790	-0.000130748	-0.0015651	0
6800	-0.000111886	-0.00150481	0
6810	-9.02017e-05	-0.00143607	0
6820	-6.69602e-05	-0.00135786	0
6830	-4.35361e-05	-0.00126907	0
6840	-2.09776e-05	-0.00116824	0
6850	-3.63458e-07	-0.0010539	0
6860	1.81044e-05	-0.000921686	0
6870	3.42764e-05	-0.000771385	0
6880	4.80135e-05	-0.000606003	0
6890	5.87884e-05	-0.00043049	0
6900	6.64591e-05	-0.000252665	0
6910	7.14609e-05	-8.3157e-05	0
6920	7.4446e-05	6.77126e-05	0
6930	7.57256e-05	0.00019046	0
6940	7.56177e-05	0.00027482	0
6950	7.44407e-05	0.000312417	0
6960	7.28373e-05	0.00029585	0
6970	7.12744e-05	0.000217942	0
6980	7.02589e-05	7.81718e-05	0
6990	6.98748e-05	-0.000121309	0
7000	7.02719e-05	-0.000374782	0
7010	7.1502e-05	-0.000672887	0
7020	7.34421e-05	-0.00100416	0
7030	7.59067e-05	-0.00135472	0
7040	7.86432e-05	-0.0017093	0
7050	8.13531e-05	-0.00205256	0
7060	8.35682e-05	-0.00237041	0
7070	8.50814e-05	-0.00265221	0
7080	8.58257e-05	-0.0028888	0
7090	8.57284e-05	-0.00307283	0
7100	8.4746e-05	-0.00320056	0
7110	8.29319e-05	-0.00327195	0
7120	8.04465e-05	-0.00329048	0
7130	7.76938e-05	-0.00326284	0
7140	7.50863e-05	-0.00319922	0
7150	7.32812e-05	-0.00311271	0
7160	7.29269e-05	-0.00301381	0
7170	7.47719e-05	-0.00291214	0
7180	7.92446e-05	-0.00281588	0
7190	8.65648e-05	-0.00273083	0
7200	9.66886e-05	-0.0026603	0
7210	0.000109437	-0.00260449	0
7220	0.000124365	-0.00256056	0
7230	0.000140689	-0.00252341	0
7240	0.000157489	-0.00248555	0
7250	0.000173744	-0.0024382	0
7260	0.000188276	-0.00237202	0
7270	0.000199805	-0.00227804	0
7280	0.00020716	-0.00214843	0
7290	0.000209174	-0.00197851	0
7300	0.000205369	-0.0017671	0
7310	0.000195216	-0.00151386	0
7320	0.000179127	-0.00122073	0
7330	0.000157291	-0.000894307	0
7340	0.000129798	-0.000544739	0
7350	9.72032e-05	-0.000184865	0
7360	6.04339e-05	0.000171207	0
7370	2.07877e-05	0.000510194	0
7380	-2.02896e-05	0.000819582	0
7390	-6.12332e-05	0.00108843	0
7400	-0.000100462	0.00130782	0
7410	-0.000136593	0.0014712	0
7420	-0.000169098	0.00157499	0
7430	-0.000197092	0.00161912	0
7440	-0.00021967	0.00160626	0
7450	-0.00023661	0.0015423	0
7460	-0.00024862	0.00143548	0
7470	-0.000255936	0.00129667	0
7480	-0.000258746	0.00113904	0
7490	-0.000257102	0.000975357	0
7500	-0.000251583	0.000816067	0
7510	-0.000243079	0.000673403	0
7520	-0.000232247	0.000556389	0
7530	-0.000219489	0.000468953	0
7540	-0.000205403	0.000414554	0
7550	-0.000190944	0.000397295	0
7560	-0.000176449	0.000419883	0
7570	-0.000162184	0.000482541	0
7580	-0.000148335	0.000583293	0
7590	-0.000134911	0.000718915	0
7600	-0.000121804	0.000884621	0
7610	-0.000108945	0.00107415	0
7620	-9.62025e-05	0.00128122	0
7630	-8.34013e-05	0.00149891	0
7640	-7.04966e-05	0.00172034	0
7650	-5.73867e-05	0.00193849	0
7660	-4.39203e-05	0.00214688	0
7670	-2.99046e-05	0.00233996	0
7680	-1.51459e-05	0.0025133	0
7690	5.06565e-07	0.00266197	0
7700	1.72366e-05	0.00278181	0
7710	3.48866e-05	0.0028699	0
7720	5.28769e-05	0.00292352	0
7730	7.10668e-05	0.00294253	0
7740	8.89122e-05	0.00292693	0
7750	0.000105982	0.00287832	0
7760	0.000121542	0.00279927	0
7770	0.000134916	0.00269266	0
7780	0.000145349	0.00256291	0
7790	0.00015201	0.00241392	0
7800	0.000154458	0.0022508	0
7810	0.000151795	0.00207896	0
7820	0.000143753	0.001903	0
7830	0.000130054	0.00172681	0
7840	0.000110495	0.00155403	0
7850	8.51826e-05	0.00138897	0
7860	5.41155e-05	0.00123514	0
7870	1.78345e-05	0.00109336	0
7880	-2.29281e-05	0.000965751	0
7890	-6.71065e-05	0.000854422	0
7900	-0.000113956	0.000761732	0
7910	-0.000162607	0.000689913	0
7920	-0.000212156	0.000640427	0
7930	-0.000261502	0.000614597	0
7940	-0.000309091	0.00061218	0
7950	-0.000353272	0.000631486	0
7960	-0.000392436	0.000670279	0
7970	-0.000425162	0.000725508	0
7980	-0.000450197	0.000793173	0
7990	-0.000466334	0.000868802	0
8000	-0.000472652	0.000947696	0
8010	-0.000467844	0.00102465	0
8020	-0.000451572	0.00109463	0
8030	-0.000425165	0.00115318	0
8040	-0.000389634	0.0011971	0
8050	-0.000346109	0.00122429	0
8060	-0.000295982	0.00123409	0
8070	-0.000241196	0.00122651	0
8080	-0.000183613	0.0012017	0
8090	-0.000124913	0.00116121	0
8100	-6.67943e-05	0.00110825	0
8110	-1.10718e-05	0.00104746	0
8120	4.06206e-05	0.000983961	0
8130	8.68629e-05	0.000922293	0
8140	0.000126285	0.000866193	0
8150	0.000157789	0.000818227	0
8160	0.00018062	0.000779654	0
8170	0.000194476	0.000750742	0
8180	0.00019946	0.000730082	0
8190	0.000196032	0.000715205	0
8200	0.000185095	0.000702653	0
8210	0.00016803	0.000688831	0
8220	0.00014607	0.000669521	0
8230	0.000120568	0.000640253	0
8240	9.27078e-05	0.000597173	0
8250	6.34813e-05	0.000536407	0
8260	3.40342e-05	0.000454569	0
8270	5.38456e-06	0.000349741	0
8280	-2.19938e-05	0.000224306	0
8290	-4.79548e-05	8.20533e-05	0
8300	-7.17987e-05	-7.66799e-05	0
8310	-9.30047e-05	-0.000249286	0
8320	-0.000111284	-0.000431869	0
8330	-0.000126351	-0.000619597	0
8340	-0.000138072	-0.000807293	0
8350	-0.000146445	-0.000989524	0
8360	-0.000151619	-0.00116143	0
8370	-0.000153896	-0.00131914	0
8380	-0.000153587	-0.0014602	0
8390	-0.000151122	-0.00158321	0
8400	-0.000146853	-0.00168844	0
8410	-0.00014137	-0.00177776	0
8420	-0.000135187	-0.00185509	0
8430	-0.000128438	-0.00192502	0
8440	-0.000121485	-0.00199208	0
8450	-0.000114683	-0.00206049	0
8460	-0.000107968	-0.00213372	0
8470	-0.000101473	-0.00221381	0
8480	-9.55445e-05	-0.00230082	0
8490	-9.12877e-05	-0.00239322	0
8500	-8.78578e-05	-0.00248755	0
8510	-8.45199e-05	-0.00257838	0
8520	-8.09198e-05	-0.00265896	0
8530	-7.69742e-05	-0.00272211	0
8540	-7.29386e-05	-0.00276065	0
8550	-6.89828e-05	-0.0027668	0
8560	-6.53049e-05	-0.00273316	0
8570	-6.27859e-05	-0.00265385	0
8580	-6.25776e-05	-0.00252463	0
8590	-6.48645e-05	-0.00234356	0
8600	-6.97887e-05	-0.00211199	0
8610	-7.70544e-05	-0.00183356	0
8620	-8.66723e-05	-0.0015164	0
8630	-9.87645e-05	-0.00117275	0
8640	-0.000113273	-0.000811803	0
8650	-0.000129878	-0.000442865	0
8660	-0.000148049	-7.53505e-05	0
8670	-0.000167325	0.000281587	0
8680	-0.000187132	0.000619774	0
8690	-0.000206703	0.00093218	0
8700	-0.000225311	0.00121356	0
8710	-0.00024209	0.00146023	0
8720	-0.000255975	0.00167046	0
8730	-0.000266089	0.00184366	0
8740	-0.000271528	0.00198059	0
8750	-0.000271598	0.00208337	0
8760	-0.000265743	0.00215525	0
8770	-0.000253585	0.00220028	0
8780	-0.000234945	0.00222232	0
8790	-0.000210385	0.00222328	0
8800	-0.000180998	0.00220285	0
8810	-0.00014711	0.00215659	0
8820	-0.00010947	0.00208482	0
8830	-6.94845e-05	0.0019913	0
8840	-2.87457e-05	0.0018801	0
8850	1.13359e-05	0.00175569	0
8860	4.99318e-05	0.00162355	0
8870	8.6588e-05	0.00148958	0
8880	0.000120845	0.00135852	0
8890	0.000152024	0.00123616	0
8900	0.000179296	0.00112843	0
8910	0.000203577	0.0010431	0
8920	0.000225871	0.000977011	0
8930	0.000246671	0.000927764	0
8940	0.000266391	0.000892674	0
8950	0.000285267	0.000871013	0
8960	0.000303495	0.000862824	0
8970	0.000321132	0.000868565	0
8980	0.000337916	0.000888757	0
8990	0.000353624	0.000924357	0
9000	0.000368203	0.000975403	0
9010	0.000381554	0.00104118	0
9020	0.000393605	0.00112075	0
9030	0.000404888	0.00120973	0
9040	0.000415167	0.0013056	0
9050	0.000424005	0.00140525	0
9060	0.000431028	0.00150554	0
9070	0.000435519	0.00160278	0
9080	0.000436905	0.00169361	0
9090	0.000434656	0.00177424	0
9100	0.00042905	0.00183746	0
9110	0.000420076	0.00187773	0
9120	0.000409024	0.00189108	0
9130	0.000395909	0.0018718	0
9140	0.000381282	0.0018175	0
9150	0.000365206	0.00172702	0
9160	0.000347975	0.00159999	0
9170	0.000329967	0.00143712	0
9180	0.000311625	0.00124113	0
9190	0.000293457	0.00101609	0
9200	0.000275872	0.000766639	0
9210	0.000259374	0.000499415	0
9220	0.000244412	0.000219761	0
9230	0.000231393	-6.47818e-05	0
9240	0.000220687	-0.000345589	0
9250	0.000212515	-0.000612608	0
9260	0.000207203	-0.000856913	0
9270	0.000204854	-0.00107023	0
9280	0.000205217	-0.00124377	0
9290	0.000208045	-0.00137264	0
9300	0.000213458	-0.00145495	0
9310	0.00022147	-0.00149312	0
9320	0.000232184	-0.00149217	0
9330	0.000245257	-0.00145941	0
9340	0.000260231	-0.00140404	0
9350	0.000276191	-0.00133548	0
9360	0.000292168	-0.00126458	0
9370	0.000306818	-0.00120181	0
9380	0.000318545	-0.0011552	0
9390	0.000325464	-0.0011316	0
9400	0.000325694	-0.00113519	0
9410	0.000316878	-0.00116667	0
9420	0.000296962	-0.00122235	0
9430	0.000264146	-0.00129743	0
9440	0.00021723	-0.00138284	0
9450	0.000155863	-0.0014689	0
9460	8.05387e-05	-0.00154351	0
9470	-7.36713e-06	-0.0015967	0
9480	-0.000105371	-0.00162312	0
9490	-0.000210005	-0.00162321	0
9500	-0.000316919	-0.00159493	0
9510	-0.000420877	-0.00153962	0
9520	-0.000516605	-0.00146135	0
9530	-0.000599055	-0.00136725	0
9540	-0.000663562	-0.0012669	0
9550	-0.000706171	-0.00117253	0
9560	-0.000723865	-0.00109959	0
9570	-0.000714842	-0.00106336	0
9580	-0.00067884	-0.00107661	0
9590	-0.000618345	-0.00114822	0
9600	-0.000537049	-0.00127742	0
9610	-0.000438496	-0.0014631	0
9620	-0.000326157	-0.00170162	0
9630	-0.000203627	-0.00198473	0
9640	-7.47821e-05	-0.00230217	0
9650	5.58709e-05	-0.00264327	0
9660	0.000184168	-0.0029973	0
9670	0.000305917	-0.00334475	0
9680	0.0004164	-0.00366299	0
9690	0.000510801	-0.00392892	0
9700	0.000585013	-0.00412002	0
9710	0.000635946	-0.00421687	0
9720	0.00066218	-0.0042096	0
9730	0.00066385	-0.00409675	0
9740	0.000641529	-0.00387284	0
9750	0.000596652	-0.00353682	0
9760	0.000531073	-0.00309378	0
9770	0.000448386	-0.00255755	0
9780	0.000353792	-0.00194407	0
9790	0.000250193	-0.0012699	0
9800	0.000140341	-0.000555198	0
9810	2.79367e-05	0.000176112	0
9820	-8.29985e-05	0.00089769	0
9830	-0.000188977	0.00158227	0
9840	-0.000287804	0.00220479	0
9850	-0.000377148	0.00274391	0
9860	-0.000454307	0.0031821	0
9870	-0.000517296	0.00350661	0
9880	-0.000564581	0.00370996	0
9890	-0.000595378	0.00379113	0
9900	-0.000609296	0.00375491	0
9910	-0.000606843	0.00361077	0
9920	-0.000588851	0.00337363	0
9930	-0.000556402	0.00306389	0
9940	-0.000511977	0.00271328	0
9950	-0.000457839	0.00234325	0
9960	-0.00039583	0.00196883	0
9970	-0.000328306	0.00160817	0
9980	-0.00025809	0.00128065	0
9990	-0.000188843	0.00100888	0
10000	-0.000121549	0.000811486	0
10010	-5.9707e-05	0.000698755	0
10020	-3.87115e-06	0.000674115	0
10030	4.43691e-05	0.000735843	0
10040	8.3871e-05	0.000874667	0
10050	0.000114959	0.00107347	0
10060	0.000139488	0.00131121	0
10070	0.000157723	0.00157328	0
10080	0.000169149	0.00184617	0
10090	0.000173474	0.00211841	0
10100	0.000173756	0.00237976	0
10110	0.000170569	0.00261672	0
10120	0.000164385	0.00281531	0
10130	0.000155933	0.00296237	0
10140	0.000145718	0.00304585	0
10150	0.000134384	0.00305622	0
10160	0.000122867	0.00298706	0
10170	0.000112575	0.00284052	0
10180	0.0001027	0.00262312	0
10190	9.35159e-05	0.00234369	0
10200	8.52116e-05	0.00201375	0
10210	7.70007e-05	0.0016451	0
10220	6.98083e-05	0.00124989	0
10230	6.39098e-05	0.000842411	0
10240	5.8839e-05	0.000438268	0
10250	5.40506e-05	5.39062e-05	0
10260	4.89868e-05	-0.000293621	0
10270	4.24188e-05	-0.000588106	0
10280	3.2794e-05	-0.000818656	0
10290	1.96225e-05	-0.000982828	0
10300	2.75586e-06	-0.00107758	0
10310	-2.00528e-05	-0.00110122	0
10320	-4.76983e-05	-0.00105452	0
10330	-8.10088e-05	-0.000940876	0
10340	-0.00011957	-0.000766187	0
10350	-0.000163032	-0.000538959	0
10360	-0.000210487	-0.000269306	0
10370	-0.000258721	3.20656e-05	0
10380	-0.000305498	0.000354951	0
10390	-0.000348917	0.000690275	0
10400	-0.000387387	0.00103102	0
10410	-0.000419023	0.00137125	0
10420	-0.000441157	0.00170256	0
10430	-0.000451814	0.00201517	0
10440	-0.00044795	0.00230219	0
10450	-0.000427942	0.00255675	0
10460	-0.000391389	0.00277179	0
10470	-0.000339069	0.00294224	0
10480	-0.000272308	0.00306499	0
10490	-0.000193759	0.00313956	0
10500	-0.000106759	0.00316785	0
10510	-1.50036e-05	0.00315367	0
10520	7.73068e-05	0.00310247	0
10530	0.000165601	0.00302053	0
10540	0.000245318	0.00291471	0
10550	0.000312393	0.00279165	0
10560	0.000362942	0.00265713	0
10570	0.000395161	0.00251651	0
10580	0.000408357	0.00237574	0
10590	0.000401977	0.00223919	0
10600	0.00037713	0.00210926	0
10610	0.000338605	0.00199281	0
10620	0.000290394	0.00189548	0
10630	0.000235551	0.00181015	0
10640	0.000177618	0.00173333	0
10650	0.000121004	0.00166061	0
10660	6.91074e-05	0.00158619	0
10670	2.471e-05	0.0015043	0
10680	-1.03714e-05	0.00140976	0
10690	-3.64096e-05	0.00129832	0
10700	-5.4946e-05	0.00116773	0
10710	-6.74167e-05	0.00101811	0
10720	-7.63593e-05	0.000850418	0
10730	-8.35098e-05	0.00066461	0
10740	-9.08354e-05	0.000460707	0
10750	-0.000100096	0.000239498	0
10760	-0.000112925	2.06126e-06	0
10770	-0.00013083	-0.000250215	0
10780	-0.000155151	-0.000515682	0
10790	-0.00018658	-0.000792504	0
10800	-0.000225239	-0.0010786	0
10810	-0.000270576	-0.00137203	0
10820	-0.00032044	-0.00166998	0
10830	-0.000372508	-0.00196937	0
10840	-0.000425764	-0.0022667	0
10850	-0.000478444	-0.00255785	0
10860	-0.000527492	-0.00283709	0
10870	-0.000569591	-0.00309723	0
10880	-0.000601525	-0.00333001	0
10890	-0.000621148	-0.00352687	0
10900	-0.000626277	-0.00367892	0
10910	-0.000615042	-0.00377811	0
10920	-0.000586251	-0.00381735	0
10930	-0.000539449	-0.00379123	0
10940	-0.00047513	-0.00369727	0
10950	-0.000394505	-0.00353606	0
10960	-0.000299663	-0.00331129	0
10970	-0.000193529	-0.00302741	0
10980	-7.97782e-05	-0.00269197	0
10990	3.73682e-05	-0.00231553	0
11000	0.000153418	-0.00191079	0
11010	0.000263675	-0.00149189	0
11020	0.000363497	-0.00107378	0
11030	0.000447924	-0.000671055	0
11040	0.000513081	-0.000292062	0
11050	0.000555804	5.39341e-05	0
11060	0.000574443	0.000357581	0
11070	0.000568454	0.00061181	0
11080	0.000538666	0.000810818	0
11090	0.000487241	0.000950539	0
11100	0.000417538	0.00102853	0
11110	0.000333996	0.00104456	0
11120	0.000241689	0.00100047	0
11130	0.000146048	0.00090037	0
11140	5.26635e-05	0.000750703	0
11150	-3.29371e-05	0.000560286	0
11160	-0.000106262	0.000339138	0
11170	-0.000163838	9.76673e-05	0
11180	-0.000203898	-0.000154246	0
11190	-0.000226478	-0.000408616	0
11200	-0.00023195	-0.000658565	0
11210	-0.000221588	-0.000897941	0
11220	-0.000197676	-0.0011216	0
11230	-0.000163221	-0.00132537	0
11240	-0.000121711	-0.0015062	0
11250	-7.69421e-05	-0.00166178	0
11260	-3.29599e-05	-0.00179049	0
11270	5.93376e-06	-0.00189082	0
11280	3.69015e-05	-0.00196156	0
11290	5.83372e-05	-0.00200113	0
11300	6.94366e-05	-0.0020076	0
11310	7.02319e-05	-0.00198001	0
11320	6.25934e-05	-0.00192023	0
11330	4.77539e-05	-0.00182604	0
11340	2.82999e-05	-0.00169875	0
11350	6.94076e-06	-0.00153712	0
11360	-1.49891e-05	-0.00133781	0
11370	-3.69542e-05	-0.00109892	0
11380	-5.80688e-05	-0.00082221	0
11390	-7.75219e-05	-0.000512274	0
11400	-9.46296e-05	-0.000177419	0
11410	-0.000108906	0.000170752	0
11420	-0.000120565	0.00051804	0
11430	-0.000129963	0.000849341	0
11440	-0.000136818	0.00115141	0
11450	-0.000140313	0.0014099	0
11460	-0.000140303	0.00161245	0
11470	-0.000137475	0.00174716	0
11480	-0.000132335	0.00180439	0
11490	-0.000125165	0.00177834	0
11500	-0.000116195	0.00166837	0
11510	-0.000105636	0.00147912	0
11520	-9.36743e-05	0.00121988	0
11530	-8.04231e-05	0.000904629	0
11540	-6.53816e-05	0.000551295	0
11550	-4.89011e-05	0.000181518	0
11560	-3.18078e-05	-0.000183544	0
11570	-1.42121e-05	-0.000524231	0
11580	3.82775e-06	-0.000824277	0
11590	2.16781e-05	-0.00106796	0
11600	3.88535e-05	-0.00124111	0
11610	5.48574e-05	-0.00133374	0
11620	6.91964e-05	-0.00134077	0
11630	8.11913e-05	-0.00126422	0
11640	9.04932e-05	-0.00111657	0
11650	9.69429e-05	-0.000907266	0
11660	0.000100215	-0.000648871	0
11670	0.000100463	-0.000353977	0
11680	9.72846e-05	-3.21089e-05	0
11690	9.04407e-05	0.000307398	0
11700	7.98889e-05	0.000656095	0
11710	6.57083e-05	0.00100248	0
11720	4.82676e-05	0.00133315	0
11730	2.82759e-05	0.00163595	0
11740	6.42515e-06	0.0019011	0
11750	-1.64406e-05	0.00212148	0
11760	-3.87885e-05	0.00229273	0
11770	-5.89729e-05	0.00241321	0
11780	-7.52617e-05	0.00248351	0
11790	-8.61212e-05	0.00250587	0
11800	-9.03334e-05	0.00248376	0
11810	-8.73019e-05	0.00242151	0
11820	-7.71008e-05	0.00232383	0
11830	-5.98456e-05	0.0021992	0
11840	-3.84111e-05	0.00205724	0
11850	-1.39286e-05	0.00190173	0
11860	1.24402e-05	0.00173562	0
11870	3.93089e-05	0.00156119	0
11880	6.50151e-05	0.00138003	0
11890	8.77212e-05	0.00119371	0
11900	0.000105583	0.00100374	0
11910	0.000116795	0.000811567	0
11920	0.000119879	0.000619024	0
11930	0.000113751	0.00042814	0
11940	9.80704e-05	0.000239657	0
11950	7.31944e-05	5.67783e-05	0
11960	3.93851e-05	-0.000115473	0
11970	-2.31479e-06	-0.000272977	0
11980	-4.99519e-05	-0.000413645	0
11990	-0.00010227	-0.000533774	0
12000	-0.000157067	-0.000630406	0
12010	-0.000211856	-0.00070179	0
12020	-0.000263898	-0.000747441	0
12030	-0.000310791	-0.000768154	0
12040	-0.000350246	-0.000766304	0
12050	-0.000380224	-0.000745575	0
12060	-0.000399088	-0.000710977	0
12070	-0.00040572	-0.000668545	0
12080	-0.000399511	-0.000624772	0
12090	-0.000380814	-0.000585382	0
12100	-0.000351126	-0.000555183	0
12110	-0.00031128	-0.000538929	0
12120	-0.000262279	-0.000541064	0
12130	-0.000205824	-0.000564882	0
12140	-0.000144435	-0.000612275	0
12150	-8.0525e-05	-0.000682708	0
12160	-1.66612e-05	-0.000772962	0
12170	4.4964e-05	-0.000877449	0
12180	0.000102181	-0.000988095	0
12190	0.000153726	-0.00109502	0
12200	0.000198992	-0.00118766	0
12210	0.000237743	-0.0012553	0
12220	0.000270253	-0.00128752	0
12230	0.000296159	-0.0012749	0
12240	0.00031467	-0.00120913	0
12250	0.000325998	-0.00108452	0
12260	0.000330656	-0.000898374	0
12270	0.000328948	-0.000651636	0
12280	0.00032126	-0.000348629	0
12290	0.000308282	2.10796e-06	0
12300	0.000290525	0.000387789	0
12310	0.000268474	0.000795215	0
12320	0.000242095	0.00120927	0
12330	0.000212589	0.0016128	0
12340	0.000180904	0.00198843	0
12350	0.000147722	0.00231932	0
12360	0.000114353	0.00259087	0
12370	8.05889e-05	0.00279197	0
12380	4.40794e-05	0.00291762	0
12390	4.37146e-06	0.00297461	0
12400	-3.79132e-05	0.00297037	0
12410	-8.02606e-05	0.0029125	0
12420	-0.000119871	0.00280467	0
12430	-0.000155234	0.00264962	0
12440	-0.000184688	0.00245037	0
12450	-0.000207139	0.00221299	0
12460	-0.000221944	0.0019451	0
12470	-0.000228648	0.0016557	0
12480	-0.00022715	0.00135536	0
12490	-0.000217976	0.00105466	0
12500	-0.000201824	0.000764129	0
12510	-0.00017822	0.000494177	0
12520	-0.000147367	0.000254821	0
12530	-0.000109476	5.34061e-05	0
12540	-6.47477e-05	-0.00010755	0
12550	-1.38411e-05	-0.00022625	0
12560	4.20668e-05	-0.000301469	0
12570	0.000101257	-0.000332454	0
12580	0.000161208	-0.000319366	0
12590	0.000219658	-0.000266098	0
12600	0.00027417	-0.000178386	0
12610	0.000323007	-6.58003e-05	0
12620	0.000364479	5.80178e-05	0
12630	0.000399189	0.000185607	0
12640	0.000426499	0.000311274	0
12650	0.000444189	0.000429428	0
12660	0.00045077	0.000535436	0
12670	0.000445358	0.000625005	0
12680	0.00042741	0.000695145	0
12690	0.000396348	0.000743184	0
12700	0.000352468	0.000767268	0
12710	0.00029679	0.00076634	0
12720	0.000231348	0.000739366	0
12730	0.000159168	0.000685797	0
12740	8.3195e-05	0.000607548	0
12750	6.13312e-06	0.000503812	0
12760	-6.91998e-05	0.000371785	0
12770	-0.000139663	0.000208729	0
12780	-0.000202185	1.40991e-05	0
12790	-0.00025369	-0.000209201	0
12800	-0.000291905	-0.00045533	0
12810	-0.000315949	-0.000716519	0
12820	-0.000325035	-0.000983821	0
12830	-0.000319017	-0.00124725	0
12840	-0.000298603	-0.00149642	0
12850	-0.000265431	-0.00172125	0
12860	-0.000221726	-0.00191313	0
12870	-0.000169994	-0.00206581	0
12880	-0.000112967	-0.00217357	0
12890	-5.37928e-05	-0.00223237	0
12900	4.91735e-06	-0.00224018	0
12910	5.97164e-05	-0.00219789	0
12920	0.000108432	-0.00211339	0
12930	0.000148871	-0.00199454	0
12940	0.000179396	-0.00184848	0
12950	0.00019904	-0.00168295	0
12960	0.000207519	-0.00150562	0
12970	0.000204993	-0.0013249	0
12980	0.000192451	-0.00114893	0
12990	0.00017158	-0.000984676	0
13000	0.000144228	-0.000837409	0
13010	0.000113595	-0.000711174	0
13020	8.32934e-05	-0.000609144	0
13030	5.65082e-05	-0.000530914	0
13040	3.55666e-05	-0.000476931	0
13050	2.2202e-05	-0.000446688	0
13060	1.74956e-05	-0.000438471	0
13070	2.19993e-05	-0.000449453	0
13080	3.52743e-05	-0.00047548	0
13090	5.62753e-05	-0.00051258	0
13100	8.30227e-05	-0.000556147	0
13110	0.000113357	-0.000601179	0
13120	0.000145575	-0.000643703	0
13130	0.000176728	-0.000681284	0
13140	0.000203378	-0.000713311	0
13150	0.000223441	-0.000740586	0
13160	0.000233631	-0.000765721	0
13170	0.000231019	-0.000792191	0
13180	0.000213821	-0.000823569	0
13190	0.000181041	-0.000863338	0
13200	0.000132771	-0.000914107	0
13210	7.04628e-05	-0.000977042	0
13220	-3.50057e-06	-0.00105161	0
13230	-8.57433e-05	-0.00113544	0
13240	-0.000172231	-0.00122423	0
13250	-0.00025846	-0.00131187	0
13260	-0.000339239	-0.00139093	0
13270	-0.000408953	-0.00145359	0
13280	-0.00046246	-0.00149253	0
13290	-0.000495675	-0.00150172	0
13300	-0.000507735	-0.00147669	0
13310	-0.000499783	-0.00141597	0
13320	-0.000473733	-0.001321	0
13330	-0.000430787	-0.00119593	0
13340	-0.000372703	-0.00104717	0
13350	-0.000302012	-0.000882666	0
13360	-0.00022259	-0.000711461	0
13370	-0.000138237	-0.000542721	0
13380	-5.2284e-05	-0.000384611	0
13390	3.23702e-05	-0.000243491	0
13400	0.000113019	-0.000123535	0
13410	0.000187251	-2.63301e-05	0
13420	0.000252983	4.9259e-05	0
13430	0.000308647	0.000107013	0
13440	0.00035325	0.000152859	0
13450	0.000386316	0.000194082	0
13460	0.000407158	0.000238759	0
13470	0.000417303	0.000294414	0
13480	0.000417534	0.000366962	0
13490	0.000408588	0.000460465	0
13500	0.000391538	0.000577098	0
13510	0.000367868	0.00071693	0
13520	0.000339492	0.000877997	0
13530	0.000308245	0.00105587	0
13540	0.000276131	0.00124414	0
13550	0.000244721	0.00143392	0
13560	0.000214851	0.0016138	0
13570	0.000186747	0.00177106	0
13580	0.000160276	0.00189351	0
13590	0.00013484	0.00197152	0
13600	0.000109481	0.00199958	0
13610	8.40247e-05	0.00197557	0
13620	5.83762e-05	0.00190206	0
13630	3.25283e-05	0.00178648	0
13640	6.0382e-06	0.00163844	0
13650	-2.2391e-05	0.0014706	0
13660	-5.40395e-05	0.00129774	0
13670	-8.83479e-05	0.00113422	0
13680	-0.000124754	0.000992123	0
13690	-0.000162691	0.000882881	0
13700	-0.000201152	0.000814297	0
13710	-0.000238921	0.00079355	0
13720	-0.000274584	0.000824225	0
13730	-0.00030629	0.000906488	0
13740	-0.000332342	0.00103462	0
13750	-0.000352051	0.00119431	0
13760	-0.000365225	0.00136494	0
13770	-0.000369158	0.00152948	0
13780	-0.000363509	0.00166639	0
13790	-0.000349398	0.00176447	0
13800	-0.000328151	0.00182104	0
13810	-0.000300078	0.00182979	0
13820	-0.000264812	0.00178823	0
13830	-0.000222814	0.00169718	0
13840	-0.00017369	0.00155983	0
13850	-0.000116579	0.00138215	0
13860	-5.17763e-05	0.00117091	0
13870	1.97705e-05	0.000935657	0
13880	9.64837e-05	0.00068887	0
13890	0.00017703	0.000445783	0
13900	0.00025974	0.000225059	0
13910	0.000342055	4.47312e-05	0
13920	0.000419534	-8.14677e-05	0
13930	0.000490505	-0.000144274	0
13940	0.000553483	-0.000137344	0
13950	0.000605495	-5.71534e-05	0
13960	0.000643786	9.54035e-05	0
13970	0.000666106	0.000314198	0
13980	0.000670521	0.000588531	0
13990	0.000655152	0.000904277	0
14000	0.000622868	0.0012491	0
14010	0.000575785	0.00160098	0
14020	0.000514141	0.00193402	0
14030	0.000440582	0.00222164	0
14040	0.000358225	0.00244166	0
14050	0.000270874	0.00259154	0
14060	0.000182765	0.0026598	0
14070	9.78619e-05	0.00262731	0
14080	1.93668e-05	0.00248776	0
14090	-4.98864e-05	0.00224145	0
14100	-0.000107919	0.001895	0
14110	-0.000152646	0.00146196	0
14120	-0.000183155	0.000962101	0
14130	-0.000201406	0.000420851	0
14140	-0.000208838	-0.000136573	0
14150	-0.000207463	-0.000680719	0
14160	-0.000198549	-0.00117876	0
14170	-0.000183862	-0.00160096	0
14180	-0.000165306	-0.00192465	0
14190	-0.000144163	-0.00213543	0
14200	-0.000121477	-0.0022251	0
14210	-9.79486e-05	-0.00219297	0
14220	-7.44758e-05	-0.00204594	0
14230	-5.17039e-05	-0.00179756	0
14240	-2.86531e-05	-0.00146782	0
14250	-5.11474e-06	-0.00108286	0
14260	1.85815e-05	-0.000669425	0
14270	4.15467e-05	-0.000255492	0
14280	6.23177e-05	0.000134998	0
14290	7.99981e-05	0.00047929	0
14300	9.43915e-05	0.000754799	0
14310	0.000105592	0.000943163	0
14320	0.00011368	0.00103264	0
14330	0.000118781	0.00101886	0
14340	0.000120839	0.000905243	0
14350	0.000119474	0.000702996	0
14360	0.000114287	0.000429312	0
14370	0.000105278	0.000105834	0
14380	9.25065e-05	-0.000243734	0
14390	7.63461e-05	-0.000595002	0
14400	5.7201e-05	-0.000925051	0
14410	3.56181e-05	-0.00121392	0
14420	1.20121e-05	-0.00144625	0
14430	-1.31572e-05	-0.00161262	0
14440	-3.93082e-05	-0.00170989	0
14450	-6.57038e-05	-0.00174173	0
14460	-9.15472e-05	-0.00171612	0
14470	-0.000116229	-0.00164559	0
14480	-0.000139329	-0.00154597	0
14490	-0.000160513	-0.00143492	0
14500	-0.000179574	-0.00133043	0
14510	-0.000196275	-0.00124882	0
14520	-0.000210333	-0.00120322	0
14530	-0.000221352	-0.00120228	0
14540	-0.000228872	-0.00124932	0
14550	-0.000232343	-0.00134234	0
14560	-0.000231241	-0.00147394	0
14570	-0.000225066	-0.00163214	0
14580	-0.000213389	-0.00180159	0
14590	-0.00019605	-0.00196512	0
14600	-0.000173492	-0.00210508	0
14610	-0.000145887	-0.0022058	0
14620	-0.000113473	-0.00225466	0
14630	-7.70654e-05	-0.00224317	0
14640	-3.80675e-05	-0.00216787	0
14650	2.65733e-06	-0.0020307	0
14660	4.43841e-05	-0.0018386	0
14670	8.61548e-05	-0.00160278	0
14680	0.000126802	-0.00133777	0
14690	0.000165757	-0.00106034	0
14700	0.000201991	-0.000787928	0
14710	0.00023394	-0.000537168	0
14720	0.000260596	-0.000322558	0
14730	0.00028139	-0.000154227	0
14740	0.000294399	-3.77968e-05	0
14750	0.000298186	2.42132e-05	0
14760	0.000291703	3.32696e-05	0
14770	0.000274302	-5.5127e-06	0
14780	0.000245813	-8.40903e-05	0
14790	0.000206575	-0.000192258	0
14800	0.000157565	-0.000317929	0
14810	0.000100708	-0.000447837	0
14820	3.86995e-05	-0.000569413	0
14830	-2.52283e-05	-0.000671756	0
14840	-8.75411e-05	-0.000746263	0
14850	-0.000144765	-0.000787219	0
14860	-0.00019385	-0.000792004	0
14870	-0.000231937	-0.000760784	0
14880	-0.000256724	-0.000696137	0
14890	-0.000266646	-0.000602373	0
14900	-0.000261335	-0.000484851	0
14910	-0.000241206	-0.000349106	0
14920	-0.000207588	-0.000199784	0
14930	-0.000162525	-4.07258e-05	0
14940	-0.000108704	0.000125523	0
14950	-4.94096e-05	0.000298003	0
14960	1.16388e-05	0.000477306	0
14970	7.05698e-05	0.000665165	0
14980	0.000123611	0.000863753	0
14990	0.000167319	0.00107489	0
15000	0.000198797	0.00129923	0
15010	0.000215889	0.00153551	0
15020	0.000217294	0.00177999	0
15030	0.000202668	0.00202616	0
15040	0.000172676	0.00226465	0
15050	0.000128968	0.00248355	0
15060	7.40465e-05	0.00266906	0
15070	1.11098e-05	0.00280639	0
15080	-5.59044e-05	0.00288108	0
15090	-0.000122712	0.00288067	0
15100	-0.000185086	0.00279625	0
15110	-0.00023889	0.00262247	0
15120	-0.000280867	0.00235962	0
15130	-0.000308103	0.00201333	0
15140	-0.000318558	0.00159475	0
15150	-0.000312882	0.00112297	0
15160	-0.000291792	0.00062301	0
15170	-0.000255919	0.000118974	0
15180	-0.000206666	-0.000363202	0
15190	-0.000147771	-0.000795697	0
15200	-8.18468e-05	-0.00115219	0
15210	-1.14943e-05	-0.00140981	0
15220	6.0373e-05	-0.00155087	0
15230	0.000130569	-0.00156435	0
15240	0.00019648	-0.00144741	0
15250	0.000255663	-0.00120619	0
15260	0.00030665	-0.000860054	0
15270	0.000348375	-0.000431623	0
15280	0.000379838	5.82827e-05	0
15290	0.000400499	0.00058736	0
15300	0.000410486	0.00113055	0
15310	0.00040979	0.00166165	0
15320	0.000398952	0.00215417	0
15330	0.000380874	0.00258435	0
15340	0.000356583	0.00293267	0
15350	0.000327527	0.00318341	0
15360	0.000295715	0.00332948	0
15370	0.000263469	0.00337404	0
15380	0.000232377	0.00332471	0
15390	0.000203427	0.00319499	0
15400	0.000177763	0.0030014	0
15410	0.000155849	0.00276276	0
15420	0.000137639	0.00249803	0
15430	0.000123237	0.00222506	0
15440	0.000111741	0.00196018	0
15450	0.000104852	0.00172092	0
15460	0.000103235	0.00151569	0
15470	0.000107527	0.00134499	0
15480	0.000116689	0.00120924	0
15490	0.000128413	0.00110677	0
15500	0.000141514	0.00103429	0
15510	0.000154884	0.00098552	0
15520	0.000166347	0.000949747	0
15530	0.000176519	0.000916174	0
15540	0.000185473	0.000875627	0
15550	0.000192066	0.000820425	0
15560	0.000195148	0.000743814	0
15570	0.000194612	0.000640169	0
15580	0.000190131	0.00050562	0
15590	0.000181497	0.000338591	0
15600	0.00016962	0.000140566	0
15610	0.000154788	-8.57453e-05	0
15620	0.000137335	-0.000334887	0
15630	0.000118661	-0.000599221	0
15640	9.96071e-05	-0.000869355	0
15650	8.09549e-05	-0.00113372	0
15660	6.33959e-05	-0.00138025	0
15670	4.73192e-05	-0.00159768	0
15680	3.28098e-05	-0.00177677	0
15690	1.978e-05	-0.0019107	0
15700	7.75168e-06	-0.00199564	0
15710	-3.54634e-06	-0.00203125	0
15720	-1.4505e-05	-0.00202132	0
15730	-2.55452e-05	-0.00197279	0
15740	-3.74568e-05	-0.00189447	0
15750	-5.09039e-05	-0.00179689	0
15760	-6.65025e-05	-0.00169153	0
15770	-8.48142e-05	-0.00159035	0
15780	-0.000106146	-0.00150464	0
15790	-0.000130334	-0.00144389	0
15800	-0.000156879	-0.00141481	0
15810	-0.000184937	-0.00142083	0
15820	-0.000213384	-0.0014616	0
15830	-0.000240675	-0.00153328	0
15840	-0.000264934	-0.00162882	0
15850	-0.000284216	-0.00173864	0
15860	-0.000296535	-0.00185129	0
15870	-0.00029992	-0.0019546	0
15880	-0.000293147	-0.00203733	0
15890	-0.000275433	-0.0020897	0
15900	-0.000246505	-0.00210423	0
15910	-0.000206682	-0.00207619	0
15920	-0.000156931	-0.00200424	0
15930	-9.88779e-05	-0.00189071	0
15940	-3.4604e-05	-0.00174083	0
15950	3.33154e-05	-0.00156209	0
15960	0.000101762	-0.00136363	0
15970	0.000168055	-0.00115575	0
15980	0.000229371	-0.000949206	0
15990	0.000283356	-0.000754014	0
16000	0.000327711	-0.000579156	0
16010	0.000360499	-0.000431871	0
16020	0.000380331	-0.00031724	0
16030	0.000386446	-0.000238056	0
16040	0.000378757	-0.000194955	0
16050	0.000357851	-0.000186757	0
16060	0.000324902	-0.000210958	0
16070	0.000281656	-0.000264126	0
16080	0.000230306	-0.000342452	0
16090	0.000173281	-0.000441996	0
16100	0.000113642	-0.00055846	0
16110	5.4239e-05	-0.000689322	0
16120	-1.68039e-06	-0.000832339	0
16130	-5.21813e-05	-0.000985793	0
16140	-9.57651e-05	-0.00115216	0
16150	-0.000131316	-0.00133218	0
16160	-0.000158014	-0.00152464	0
16170	-0.000175365	-0.00172638	0
16180	-0.000183218	-0.001932	0
16190	-0.000181718	-0.00213378	0
16200	-0.000171672	-0.00232113	0
16210	-0.000152903	-0.00248107	0
16220	-0.000126086	-0.00259925	0
16230	-9.234e-05	-0.00266094	0
16240	-5.30457e-05	-0.00265219	0
16250	-1.02518e-05	-0.00255716	0
16260	3.31275e-05	-0.00236362	0
16270	7.44088e-05	-0.00206581	0
16280	0.000111436	-0.0016633	0
16290	0.000143272	-0.00116156	0
16300	0.000169556	-0.000572595	0
16310	0.000189902	8.32267e-05	0
16320	0.000203826	0.000781444	0
16330	0.000212214	0.0014946	0
16340	0.000214835	0.00219236	0
16350	0.00021044	0.00284351	0
16360	0.000198968	0.00341681	0
16370	0.0001806	0.00388387	0
16380	0.000155665	0.00422114	0
16390	0.000124683	0.0044115	0
16400	8.80042e-05	0.00444535	0
16410	4.66675e-05	0.00432133	0
16420	2.16621e-06	0.00404717	0
16430	-4.36972e-05	0.00363861	0
16440	-8.85846e-05	0.00311832	0
16450	-0.000127915	0.00251717	0
16460	-0.000162169	0.0018755	0
16470	-0.000191568	0.00122962	0
16480	-0.000214386	0.000608518	0
16490	-0.00022889	3.93484e-05	0
16500	-0.000233998	-0.000451551	0
16510	-0.000229058	-0.000841503	0
16520	-0.000214161	-0.00111508	0
16530	-0.000189981	-0.00126595	0
16540	-0.00015742	-0.0012948	0
16550	-0.000117554	-0.00120777	0
16560	-7.14966e-05	-0.00101644	0
16570	-2.07892e-05	-0.000736536	0
16580	3.29939e-05	-0.00038635	0
16590	8.86196e-05	1.34646e-05	0
16600	0.000144593	0.000441303	0
16610	0.000199025	0.000876874	0
16620	0.000249484	0.00130105	0
16630	0.00029469	0.00169749	0
16640	0.000332368	0.00205258	0
16650	0.000360968	0.00235727	0
16660	0.000380758	0.00260667	0
16670	0.000391709	0.00279808	0
16680	0.00039398	0.00293306	0
16690	0.000387565	0.00301629	0
16700	0.000372743	0.00305397	0
16710	0.000350312	0.00305303	0
16720	0.000321081	0.00302101	0
16730	0.000285871	0.00296469	0
16740	0.00024562	0.00288906	0
16750	0.000202108	0.0028001	0
16760	0.000156109	0.00270253	0
16770	0.000106972	0.002602	0
16780	5.6651e-05	0.00250089	0
16790	6.74419e-06	0.00239191	0
16800	-4.18799e-05	0.00226522	0
16810	-8.82507e-05	0.00211	0
16820	-0.000131635	0.00191498	0
16830	-0.000171233	0.00167128	0
16840	-0.000206011	0.00137486	0
16850	-0.000235084	0.00102536	0
16860	-0.00025817	0.000626041	0
16870	-0.000275004	0.000184468	0
16880	-0.000285238	-0.000288186	0
16890	-0.000289652	-0.000775803	0
16900	-0.000288353	-0.00125835	0
16910	-0.000281095	-0.00171338	0
16920	-0.000267773	-0.00211879	0
16930	-0.000248379	-0.00245451	0
16940	-0.000223572	-0.00270526	0
16950	-0.00019488	-0.00285931	0
16960	-0.000162718	-0.00291158	0
16970	-0.000127138	-0.00286758	0
16980	-8.67621e-05	-0.00273258	0
16990	-4.19954e-05	-0.00251269	0
17000	6.1011e-06	-0.00221671	0
17010	5.64821e-05	-0.00185693	0
17020	0.000107936	-0.00144882	0
17030	0.000159077	-0.00100986	0
17040	0.00020846	-0.000559713	0
17050	0.000253645	-0.000119709	0
17060	0.000292327	0.000289979	0
17070	0.000321576	0.000652721	0
17080	0.000341257	0.000953557	0
17090	0.000350171	0.0011797	0
17100	0.00034743	0.00132286	0
17110	0.000332557	0.00137877	0
17120	0.000305049	0.00134867	0
17130	0.00026658	0.00123966	0
17140	0.000218934	0.00105912	0
17150	0.000163668	0.000815907	0
17160	0.000102493	0.000520457	0
17170	3.72472e-05	0.000184162	0
17180	-2.99573e-05	-0.000180809	0
17190	-9.66222e-05	-0.000561657	0
17200	-0.000160131	-0.000945571	0
17210	-0.000217874	-0.00131974	0
17220	-0.0002673	-0.00167232	0
17230	-0.00030621	-0.00199284	0
17240	-0.000333342	-0.00227265	0
17250	-0.00034774	-0.00250473	0
17260	-0.000348913	-0.0026835	0
17270	-0.000336991	-0.00280547	0
17280	-0.000312685	-0.00286885	0
17290	-0.000277817	-0.00287693	0
17300	-0.000234201	-0.00283431	0
17310	-0.000183925	-0.00274303	0
17320	-0.000129054	-0.00260583	0
17330	-7.35344e-05	-0.00242728	0
17340	-2.02278e-05	-0.00221331	0
17350	2.87926e-05	-0.00197111	0
17360	7.30807e-05	-0.00170715	0
17370	0.000112573	-0.0014283	0
17380	0.000147163	-0.00114221	0
17390	0.000176667	-0.000857128	0
17400	0.000200776	-0.000581781	0
17410	0.000221604	-0.000324339	0
17420	0.000239024	-9.19072e-05	0
17430	0.000252547	0.000109572	0
17440	0.000264365	0.000276971	0
17450	0.000274015	0.000408084	0
17460	0.000281424	0.000499097	0
17470	0.000287935	0.000548727	0
17480	0.000293715	0.000558303	0
17490	0.000298541	0.000532437	0
17500	0.000302907	0.000477187	0
17510	0.000307048	0.000399924	0
17520	0.000311045	0.000309627	0
17530	0.000314903	0.000215682	0
17540	0.000318483	0.00012712	0
17550	0.000321527	5.18878e-05	0
17560	0.000323685	-3.7954e-06	0
17570	0.00032462	-3.58093e-05	0
17580	0.000323843	-4.27838e-05	0
17590	0.000320938	-3.08443e-05	0
17600	0.000316175	-4.40514e-06	0
17610	0.00030932	3.30178e-05	0
17620	0.000300026	7.69768e-05	0
17630	0.000287995	0.000122462	0
17640	0.000272965	0.000164721	0
17650	0.000254762	0.0001998	0
17660	0.000233292	0.000224837	0
17670	0.000208606	0.000238428	0
17680	0.000180855	0.000240889	0
17690	0.000150362	0.000234002	0
17700	0.000117713	0.000220821	0
17710	8.3642e-05	0.000205491	0
17720	4.9079e-05	0.000192586	0
17730	1.50117e-05	0.000186202	0
17740	-1.82328e-05	0.000188478	0
17750	-5.06739e-05	0.000199369	0
17760	-8.12198e-05	0.000217654	0
17770	-0.000108642	0.000241263	0
17780	-0.000131711	0.000267483	0
17790	-0.000149424	0.000292645	0
17800	-0.000161098	0.000312371	0
17810	-0.000166334	0.000323146	0
17820	-0.000165346	0.000321533	0
17830	-0.00015894	0.000304522	0
17840	-0.0001473	0.000270496	0
17850	-0.000131396	0.000220182	0
17860	-0.000112528	0.00015589	0
17870	-9.19756e-05	8.06669e-05	0
17880	-7.08293e-05	-1.51497e-06	0
17890	-5.0108e-05	-8.45537e-05	0
17900	-3.07208e-05	-0.000161357	0
17910	-1.36321e-05	-0.000224594	0
17920	2.70178e-07	-0.000267265	0
17930	1.05696e-05	-0.000283423	0
17940	1.70056e-05	-0.000269334	0
17950	1.92445e-05	-0.000224204	0
17960	1.86924e-05	-0.000148826	0
17970	1.6123e-05	-4.48984e-05	0
17980	1.20083e-05	8.33971e-05	0
17990	6.49949e-06	0.000228111	0
18000	7.12006e-07	0.000381054	0
