0	0	0	0
100	0.00403766	0.00158648	0
200	-0.000364151	6.54466e-05	0
300	-0.00282437	-0.00155434	0
400	-0.00161938	-0.00276619	0
500	0.00340444	-0.00281691	0
600	0.006318	-0.00183757	0
700	0.00546879	-0.00180506	0
800	0.00272602	-0.00258559	0
900	0.00331773	-0.00192407	0
1000	0.00448978	-0.00194365	0
1100	0.00397725	-0.00156284	0
1200	0.00211347	-0.00108705	0
1300	-0.000504282	-0.000991048	0
1400	-0.00257408	-0.000816466	0
1500	-0.00293362	-0.00125232	0
1600	-0.00131156	-0.00196668	0
1700	0.00173329	-0.00223813	0
1800	0.0047786	-0.0023855	0
1900	0.00658304	-0.00211238	0
2000	0.00615992	-0.00162347	0
2100	0.00429205	-0.00188395	0
2200	0.00347611	-0.00241808	0
2300	0.00454396	-0.00255704	0
2400	0.00653443	-0.00247394	0
2500	0.00822605	-0.00218422	0
2600	0.00837626	-0.00138751	0
2700	0.0065584	-0.00114762	0
2800	0.00442146	-0.00161016	0
2900	0.00381845	-0.00201581	0
3000	0.00498173	-0.00249924	0
3100	0.00720368	-0.00293883	0
3200	0.00928705	-0.00287902	0
3300	0.01219	-0.00461112	0
3400	0.0120539	-0.00447391	0
3500	0.0112936	-0.00135094	0
3600	0.0109422	-0.00262984	0
3700	0.0111297	-0.0016006	0
3800	0.0106212	0.00140045	0
3900	0.00777396	0.00210606	0
4000	-0.00064876	-0.000801446	0
4100	-0.00413588	-0.00133521	0
4200	-0.00107536	-0.000114361	0
4300	0.00379206	-0.00310478	0
4400	0.00890993	-0.00661077	0
4500	0.0105677	-0.00645543	0
4600	0.00684132	-0.00512098	0
4700	0.000760151	-0.00372823	0
4800	-0.0030211	-0.00187319	0
4900	-0.00211128	-0.00212098	0
5000	0.00258139	-0.00147585	0
5100	0.00601071	-0.0016117	0
5200	0.00611418	-0.002325	0
5300	0.00448595	-0.00148012	0
5400	0.00249035	-0.000181626	0
5500	0.0022095	-0.000989273	0
5600	0.00457654	-0.00141347	0
5700	0.00666105	-0.00129478	0
5800	0.00571503	-0.00136526	0
5900	0.00185009	-0.000225641	0
6000	-0.00252189	-6.44262e-05	0
6100	-0.00202594	0.00322824	0
6200	-0.0039908	0.00637992	0
6300	-0.0072512	0.00553946	0
6400	-0.00379235	0.0050783	0
6500	0.00391456	0.00361719	0
6600	0.00477418	0.00134374	0
6700	0.00541147	0.000837718	0
6800	0.00544908	0.00188779	0
6900	0.00789137	0.00258811	0
7000	0.00013691	0.00305772	0
7100	-0.00665393	0.00350172	0
7200	-0.00534683	-0.000283686	0
7300	0.0110925	-0.000370695	0
7400	0.0147043	0.00079748	0
7500	0.0126404	0.000907489	0
7600	0.0112828	0.00338899	0
7700	0.0101528	0.00723859	0
7800	0.00141255	0.00942757	0
7900	-0.00662094	0.00336985	0
8000	-0.0129103	0.00261686	0
8100	-0.0206946	0.00166318	0
8200	-0.0196218	0.00328645	0
8300	-0.0163877	0.00200709	0
8400	-0.0149242	0.00150694	0
8500	-0.0139052	0.000179565	0
8600	-0.0170366	-0.00236285	0
8700	-0.0259403	0.000353715	0
8800	-0.0263598	0.00197584	0
8900	-0.0199076	0.00410701	0
9000	-0.0197002	0.00748311	0
9100	-0.0254895	0.00405142	0
9200	-0.0225352	0.0030351	0
9300	-0.0225583	0.00238327	0
9400	-0.0281809	0.000124654	0
9500	-0.0327361	0.000655159	0
9600	-0.0368072	0.00202462	0
9700	-0.0398403	0.00308696	0
9800	-0.0429209	0.00450772	0
9900	-0.045381	0.00683285	0
10000	-0.0450944	0.00212081	0
10100	-0.0381724	0.00099583	0
10200	-0.0260808	0.00459912	0
10300	-0.0329634	0.00209897	0
10400	-0.0336271	0.00519944	0
10500	-0.0277161	0.00136439	0
10600	-0.0262309	0.00618118	0
10700	-0.0272369	0.00704007	0
10800	-0.0329289	0.00295161	0
10900	-0.0296344	0.0036222	0
11000	-0.023722	0.002458	0
11100	-0.0234329	0.00270472	0
11200	-0.0248237	0.00199637	0
11300	-0.026017	0.00209454	0
11400	-0.0255117	0.00382544	0
11500	-0.0242504	0.000983014	0
11600	-0.0231745	0.00224976	0
11700	-0.021722	0.00404819	0
11800	-0.022157	0.00189684	0
11900	-0.021804	0.00177515	0
12000	-0.0241185	0.0015238	0
12100	-0.0248415	0.0041951	0
12200	-0.0218621	0.00697283	0
12300	-0.020574	0.0042838	0
12400	-0.0221587	0.00240261	0
12500	-0.0230278	0.00380441	0
12600	-0.0221595	0.00350313	0
12700	-0.0213697	0.00322415	0
12800	-0.0196148	0.00172155	0
12900	-0.019127	0.00147531	0
13000	-0.0185043	0.00444898	0
13100	-0.0190369	0.00204657	0
13200	-0.0199946	0.00354587	0
13300	-0.0197358	0.0047264	0
13400	-0.0189447	0.00442528	0
13500	-0.0181502	0.00450981	0
13600	-0.0175343	0.0038688	0
13700	-0.0180312	0.00430994	0
13800	-0.0179192	0.00493958	0
13900	-0.0176296	0.00322319	0
14000	-0.0173198	0.00292249	0
14100	-0.0163301	0.00330396	0
14200	-0.0147084	0.00246724	0
14300	-0.0132399	0.00138815	0
14400	-0.0123806	-0.000170349	0
14500	-0.0122272	0.00123321	0
14600	-0.0114952	0.00109663	0
14700	-0.0115328	0.0013711	0
14800	-0.0118682	0.00128717	0
14900	-0.0128671	0.00100376	0
15000	-0.0116626	0.00203114	0
15100	-0.00961208	0.00171359	0
15200	-0.0093567	0.000123789	0
15300	-0.0110138	0.00368262	0
15400	-0.0117165	0.00170477	0
15500	-0.0118058	0.00258681	0
15600	-0.0143877	0.00137892	0
15700	-0.0120864	0.00117487	0
15800	-0.0104965	0.00322781	0
15900	-0.0107276	0.00310354	0
16000	-0.0113605	0.00328779	0
16100	-0.0110839	0.00388015	0
16200	-0.0103911	0.00282849	0
16300	-0.0107427	0.0021434	0
16400	-0.0109796	0.00262084	0
16500	-0.0105893	0.00337893	0
16600	-0.00998651	0.00351068	0
16700	-0.01001	0.00243379	0
16800	-0.0104291	0.00314386	0
16900	-0.0106938	0.00407266	0
17000	-0.0110432	0.00347262	0
17100	-0.0111332	0.00350033	0
17200	-0.0111174	0.00446278	0
17300	-0.0109348	0.00375545	0
17400	-0.010477	0.00299026	0
17500	-0.0106192	0.00390956	0
17600	-0.0114044	0.00429547	0
17700	-0.0108674	0.00268039	0
17800	-0.00980514	0.00187652	0
17900	-0.00672099	0.00259268	0
18000	-0.00472046	0.00165151	0
18100	-0.00604361	0.00238331	0
18200	-0.00840088	0.00229386	0
18300	-0.0102808	0.002623	0
18400	-0.0105144	0.00337763	0
18500	-0.0110309	0.00284539	0
18600	-0.0111806	0.0026498	0
18700	-0.0101939	0.00245606	0
18800	-0.00892254	0.00186392	0
18900	-0.00924199	0.00296366	0
19000	-0.010446	0.00384412	0
19100	-0.0106512	0.00313026	0
19200	-0.00994243	0.00281656	0
19300	-0.00964004	0.00234567	0
19400	-0.0101907	0.00284048	0
19500	-0.0105082	0.00352867	0
19600	-0.0108454	0.00254829	0
19700	-0.0103226	0.00290627	0
19800	-0.0102007	0.00340181	0
19900	-0.0100149	0.00223414	0
20000	-0.00978724	0.00216705	0
20100	-0.00924558	0.00271747	0
20200	-0.00936517	0.00322751	0
20300	-0.00982241	0.00319089	0
20400	-0.009606	0.00304263	0
20500	-0.00903111	0.00297369	0
20600	-0.00892579	0.00286841	0
20700	-0.00920541	0.00274427	0
20800	-0.00918835	0.00286457	0
20900	-0.008935	0.00296911	0
21000	-0.00899134	0.00283089	0
21100	-0.00877926	0.0028735	0
21200	-0.00839631	0.00353291	0
21300	-0.00749645	0.000760245	0
21400	-0.00792674	0.00269841	0
21500	-0.00825691	0.00225447	0
21600	-0.00906987	0.00220548	0
21700	-0.0102846	0.0021105	0
21800	-0.010186	0.00134321	0
21900	-0.00960353	0.00289907	0
22000	-0.00941961	0.00209473	0
22100	-0.00969086	0.00176396	0
22200	-0.0101567	0.00243786	0
22300	-0.00975799	0.0022136	0
22400	-0.00922699	0.00215737	0
22500	-0.00896809	0.00215707	0
22600	-0.00866985	0.0024601	0
22700	-0.00850663	0.00322058	0
22800	-0.00870683	0.0030707	0
22900	-0.00915972	0.00284379	0
23000	-0.00927299	0.00280849	0
23100	-0.00886211	0.00220586	0
23200	-0.00834131	0.00215901	0
23300	-0.00767719	0.00257819	0
23400	-0.00691322	0.00223731	0
23500	-0.00831273	0.00276976	0
23600	-0.0084567	0.00228428	0
23700	-0.00842701	0.00250229	0
23800	-0.00856209	0.00278904	0
23900	-0.00880108	0.00321844	0
24000	-0.00852416	0.00244592	0
24100	-0.00845476	0.00248164	0
24200	-0.00844904	0.00264067	0
24300	-0.00835199	0.00258084	0
24400	-0.00784179	0.00253204	0
24500	-0.00825001	0.00199951	0
24600	-0.00903242	0.00239369	0
24700	-0.0090116	0.00239598	0
24800	-0.00900903	0.00216928	0
24900	-0.00889693	0.0024699	0
25000	-0.00858149	0.00266378	0
25100	-0.00836743	0.00257756	0
25200	-0.0086747	0.00303682	0
25300	-0.00857439	0.00221573	0
25400	-0.00839984	0.00199243	0
25500	-0.0081637	0.00189945	0
25600	-0.00840519	0.00272492	0
25700	-0.00874637	0.00282303	0
25800	-0.00847768	0.00277889	0
25900	-0.00789042	0.00229679	0
26000	-0.00832487	0.00257513	0
26100	-0.00860105	0.00296426	0
26200	-0.00795827	0.00292288	0
26300	-0.00781609	0.00222066	0
26400	-0.00823197	0.00231053	0
26500	-0.00854394	0.00238437	0
26600	-0.00883025	0.00245247	0
26700	-0.00854228	0.00197946	0
26800	-0.00850296	0.00249003	0
26900	-0.00881503	0.00283917	0
27000	-0.00899985	0.00281143	0
27100	-0.00866434	0.00230923	0
27200	-0.00827336	0.00243331	0
27300	-0.00833257	0.00235214	0
27400	-0.00863361	0.00249719	0
27500	-0.00835306	0.00237556	0
27600	-0.00809494	0.00233017	0
27700	-0.00833933	0.00235836	0
27800	-0.00850543	0.00247074	0
27900	-0.0084582	0.00227975	0
28000	-0.00845007	0.00237655	0
28100	-0.00868732	0.00224244	0
28200	-0.00871097	0.00232387	0
28300	-0.00835768	0.00245932	0
28400	-0.00809733	0.00214906	0
28500	-0.00807818	0.00251627	0
28600	-0.00801635	0.00220725	0
28700	-0.00811019	0.00220094	0
28800	-0.00815875	0.00196485	0
28900	-0.00845363	0.0026448	0
29000	-0.00858348	0.00245718	0
29100	-0.00844644	0.00236044	0
29200	-0.00812978	0.00232373	0
29300	-0.00807933	0.00210247	0
29400	-0.00829791	0.00249062	0
29500	-0.00825233	0.00250007	0
29600	-0.00807174	0.00222662	0
29700	-0.00804326	0.00247647	0
29800	-0.00804413	0.00254993	0
29900	-0.0081963	0.00253173	0
30000	-0.00848721	0.00245651	0
30100	-0.00845998	0.00231852	0
30200	-0.00823318	0.00232149	0
30300	-0.00806293	0.00224006	0
30400	-0.0078646	0.00235484	0
30500	-0.00790743	0.00196171	0
30600	-0.00826048	0.0020163	0
30700	-0.00837074	0.00245966	0
30800	-0.00831835	0.00279608	0
30900	-0.00856389	0.00252157	0
31000	-0.00884975	0.00248325	0
31100	-0.0087841	0.00269601	0
31200	-0.00842429	0.00225267	0
31300	-0.0083777	0.00253397	0
31400	-0.00840071	0.00232695	0
31500	-0.00863687	0.00232057	0
31600	-0.00890341	0.00219893	0
31700	-0.00899394	0.0020239	0
31800	-0.00896691	0.00251794	0
31900	-0.00870509	0.00276563	0
32000	-0.00849691	0.00244308	0
32100	-0.00835556	0.0023925	0
32200	-0.00826547	0.00243789	0
32300	-0.00836781	0.00209751	0
32400	-0.00861581	0.00242842	0
32500	-0.00858225	0.00263995	0
32600	-0.00851831	0.002478	0
32700	-0.00849545	0.00237678	0
32800	-0.00852355	0.00236004	0
32900	-0.00863752	0.0023385	0
33000	-0.00864172	0.00230295	0
33100	-0.00855603	0.00233455	0
33200	-0.00848012	0.00241589	0
33300	-0.00835118	0.00236507	0
33400	-0.00835041	0.00222787	0
33500	-0.00852983	0.0024328	0
33600	-0.00853599	0.00279696	0
33700	-0.00865591	0.00272091	0
33800	-0.00892893	0.00221565	0
33900	-0.0090899	0.00257759	0
34000	-0.00881999	0.00229516	0
34100	-0.0086761	0.00276802	0
34200	-0.00870576	0.0026559	0
34300	-0.00861122	0.00250471	0
34400	-0.00874014	0.00246153	0
34500	-0.0086491	0.00246492	0
34600	-0.00834549	0.00246372	0
34700	-0.00830332	0.00238767	0
34800	-0.00847239	0.002377	0
34900	-0.00859177	0.00238856	0
35000	-0.00848888	0.00241286	0
35100	-0.00842807	0.002263	0
35200	-0.00855973	0.00229855	0
35300	-0.00862554	0.00250757	0
35400	-0.00847111	0.00247214	0
35500	-0.00825327	0.00245195	0
35600	-0.00823932	0.00252992	0
35700	-0.0083868	0.00246197	0
35800	-0.00830934	0.0025179	0
35900	-0.00829705	0.00245678	0
36000	-0.00840965	0.00240741	0
36100	-0.00840286	0.00249134	0
36200	-0.00834562	0.00251055	0
36300	-0.00833603	0.0024756	0
36400	-0.00838816	0.00243599	0
36500	-0.0085192	0.00249491	0
36600	-0.00843936	0.00243096	0
36700	-0.00828386	0.00237069	0
36800	-0.0084071	0.00246693	0
36900	-0.00845001	0.00250341	0
37000	-0.00843689	0.00242296	0
37100	-0.00842958	0.00248689	0
37200	-0.00833447	0.00259101	0
37300	-0.00833924	0.00253156	0
37400	-0.0084252	0.00252626	0
37500	-0.0084579	0.00245541	0
37600	-0.00843625	0.00238161	0
37700	-0.00838878	0.00254744	0
37800	-0.00828763	0.00246138	0
37900	-0.00832476	0.00226622	0
38000	-0.00861603	0.00251092	0
38100	-0.00870241	0.00246346	0
38200	-0.00847334	0.00242402	0
38300	-0.00838568	0.00238113	0
38400	-0.00844631	0.00243644	0
38500	-0.00841712	0.00248938	0
38600	-0.00843422	0.00251112	0
38700	-0.00842802	0.00237561	0
38800	-0.00841538	0.00259708	0
38900	-0.00831642	0.00259471	0
39000	-0.00833579	0.00246014	0
39100	-0.00843006	0.00250674	0
39200	-0.00856495	0.00232389	0
39300	-0.00844384	0.00243555	0
39400	-0.00829445	0.00233519	0
39500	-0.00831587	0.00232513	0
39600	-0.00844557	0.00236826	0
39700	-0.00842406	0.00244182	0
39800	-0.0082776	0.00247277	0
39900	-0.00825198	0.00240603	0
40000	-0.00835515	0.00254048	0
40100	-0.00834077	0.00244201	0
40200	-0.00830289	0.0023604	0
40300	-0.00837027	0.00240868	0
40400	-0.00841156	0.00240096	0
40500	-0.00833972	0.00231904	0
40600	-0.00835965	0.00240329	0
40700	-0.00840663	0.00245425	0
40800	-0.00838521	0.00226103	0
40900	-0.00841578	0.00242831	0
41000	-0.00833762	0.00243486	0
41100	-0.00832994	0.0024327	0
41200	-0.00834376	0.00245732	0
41300	-0.00833902	0.00243041	0
41400	-0.00836611	0.00232604	0
41500	-0.0084751	0.00242318	0
41600	-0.00842621	0.00239294	0
41700	-0.0084222	0.00234826	0
41800	-0.00842961	0.00245592	0
41900	-0.00833326	0.00244354	0
42000	-0.00831383	0.00242689	0
42100	-0.00845964	0.00241543	0
42200	-0.00853488	0.0024168	0
42300	-0.00831535	0.00239371	0
42400	-0.00844612	0.00233743	0
42500	-0.0084219	0.00239911	0
42600	-0.00831128	0.00242386	0
42700	-0.0084669	0.0024162	0
42800	-0.00842508	0.00238627	0
42900	-0.00842077	0.00240914	0
43000	-0.0083869	0.00242566	0
43100	-0.00837586	0.00240415	0
43200	-0.00843145	0.00238738	0
43300	-0.00834132	0.00240158	0
43400	-0.00836984	0.00241733	0
43500	-0.008397	0.00239881	0
43600	-0.00839718	0.00243811	0
43700	-0.00838876	0.00238479	0
43800	-0.00840821	0.00241192	0
43900	-0.0084177	0.00240109	0
44000	-0.00833539	0.00240674	0
44100	-0.00835524	0.00235915	0
44200	-0.00843735	0.00243913	0
44300	-0.00837076	0.00233664	0
44400	-0.00838526	0.00247205	0
44500	-0.00839568	0.00237151	0
44600	-0.00834773	0.00245763	0
44700	-0.00839408	0.00236915	0
44800	-0.008394	0.00240992	0
44900	-0.00839103	0.00236661	0
45000	-0.00839302	0.00239727	0
45100	-0.0083877	0.00241703	0
45200	-0.00834305	0.00241133	0
45300	-0.00836729	0.00242105	0
45400	-0.00841338	0.00239837	0
45500	-0.00837314	0.002373	0
45600	-0.00840404	0.00239109	0
45700	-0.00839626	0.00240273	0
45800	-0.00835789	0.00239913	0
45900	-0.008382	0.00243381	0
46000	-0.00837682	0.00236926	0
46100	-0.00839326	0.00242782	0
46200	-0.008386	0.00237592	0
46300	-0.00837983	0.00242152	0
46400	-0.00836301	0.0023815	0
46500	-0.00837451	0.00240272	0
46600	-0.00838207	0.00241983	0
46700	-0.00837258	0.00239225	0
46800	-0.00839233	0.00239673	0
46900	-0.00838003	0.00240332	0
47000	-0.00839111	0.00238522	0
47100	-0.00835563	0.00240454	0
47200	-0.00838781	0.0024072	0
47300	-0.00837411	0.00238316	0
47400	-0.00837724	0.00242259	0
47500	-0.00836704	0.00238367	0
47600	-0.00839096	0.00242931	0
47700	-0.00837461	0.0023751	0
47800	-0.00837059	0.0023956	0
47900	-0.00840548	0.00242707	0
48000	-0.00836532	0.0023769	0
48100	-0.0083521	0.00241493	0
48200	-0.00840042	0.00239889	0
48300	-0.00835496	0.00239908	0
48400	-0.00837373	0.00240676	0
48500	-0.00837284	0.00238487	0
48600	-0.00837525	0.00241113	0
48700	-0.00839524	0.00239602	0
48800	-0.00836895	0.00238599	0
48900	-0.00836174	0.00242069	0
49000	-0.00836824	0.00240198	0
49100	-0.00836039	0.00239401	0
49200	-0.00837528	0.00241187	0
49300	-0.0083762	0.00238265	0
49400	-0.00839464	0.00241653	0
49500	-0.00836212	0.00240984	0
49600	-0.00837652	0.00238499	0
49700	-0.00837405	0.00241078	0
49800	-0.00835596	0.00238166	0
49900	-0.00838574	0.00240781	0
50000	-0.0083715	0.00240514	0
