0	-889.967	-1677.51	0
100	-98.7364	-273.016	0
200	-198.7	-506.489	0
300	-222.415	-492.37	0
400	-176.917	-363.406	0
500	-160.735	-338.383	0
600	-177.041	-384.204	0
700	-184.37	-396.109	0
800	-141.745	-294.901	0
900	-125.464	-255.226	0
1000	-133.391	-270.27	0
1100	-139.718	-286.252	0
1200	-133.349	-274.564	0
1300	-117.072	-243.307	0
1400	-104.39	-220.733	0
1500	-106.386	-226.551	0
1600	-114.453	-244.896	0
1700	-130.167	-278.82	0
1800	-149.788	-319.853	0
1900	-165.105	-347.351	0
2000	-171.139	-357.371	0
2100	-166.454	-342.652	0
2200	-154.755	-319.048	0
2300	-140.213	-290.89	0
2400	-122.273	-254.086	0
2500	-113.289	-238.549	0
2600	-118.809	-251.599	0
2700	-141.432	-303.126	0
2800	-162.845	-345.595	0
2900	-170.103	-354.278	0
3000	-170.312	-359.397	0
3100	-153.598	-322.297	0
3200	-133.757	-280.535	0
3300	-124.394	-267.309	0
3400	-135.447	-292.016	0
3500	-169.536	-370.293	0
3600	-231.263	-515.742	0
3700	-335.18	-765.79	0
3800	-419.4	-940.324	0
3900	-409.679	-885.9	0
4000	-346.122	-757.528	0
4100	-367.123	-816.114	0
4200	-345.712	-720.515	0
4300	-296.755	-622.473	0
4400	-316.079	-688.885	0
4500	-326.391	-695.65	0
4600	-304.117	-639.908	0
4700	-265.294	-560.255	0
4800	-261.728	-558.014	0
4900	-272.542	-576.962	0
5000	-256.199	-546.133	0
5100	-220.354	-470.262	0
5200	-205.156	-448.772	0
5300	-206.998	-450.259	0
5400	-225.482	-470.922	0
5500	-289.713	-482.43	0
5600	-404.683	-594.086	0
5700	-497.329	-752.279	0
5800	-523.333	-844.799	0
5900	-478.725	-837.136	0
6000	-405.371	-711.093	0
6100	-370.812	-653.971	0
6200	-395.928	-723.281	0
6300	-443.676	-839.887	0
6400	-449.323	-861.339	0
6500	-445.027	-868.686	0
6600	-408.813	-778.596	0
6700	-363.279	-703.587	0
6800	-391.737	-772.024	0
6900	-459.22	-883.837	0
7000	-502.077	-937.295	0
7100	-532.011	-1025.44	0
7200	-562.826	-1069.55	0
7300	-542.017	-1023.47	0
7400	-537.509	-1045.24	0
7500	-542.471	-1037.01	0
7600	-513.875	-995.216	0
7700	-488.364	-979.044	0
7800	-506.967	-1029.03	0
7900	-645.861	-1298.73	0
8000	-910.422	-1604.48	0
8100	-1028.67	-1663.96	0
8200	-1087.79	-1720.17	0
8300	-1105.13	-1692.35	0
8400	-1090.33	-1605.05	0
8500	-1009.04	-1371.66	0
8600	-819.741	-1028.78	0
8700	-582.434	-721.247	0
8800	-387.195	-504.407	0
8900	-348.681	-475.335	0
9000	-448.301	-594.007	0
9100	-572.222	-727.477	0
9200	-662.717	-897.365	0
9300	-797.319	-1230.3	0
9400	-1027.12	-1743.35	0
9500	-1137.84	-1982.98	0
9600	-1179.19	-2019.41	0
9700	-1082.3	-1874.96	0
9800	-987.898	-1806.38	0
9900	-1007.81	-1799.51	0
10000	-1107.38	-1826.45	0
10100	-1164.44	-1857.98	0
10200	-1209.68	-1901.74	0
10300	-1275.33	-2022.17	0
10400	-1378.15	-2333.68	0
10500	-1449.68	-2536.97	0
10600	-1457.69	-2558.04	0
10700	-1566.07	-3102.77	0
10800	-1802.15	-3965.61	0
10900	-1834.41	-3971.71	0
11000	-1824.85	-3714.94	0
11100	-1800.65	-3535.12	0
11200	-1544.2	-2844.42	0
11300	-970.11	-1574.54	0
11400	-262.78	-445.772	0
11500	-11.9814	-17.0169	0
11600	-46.2533	-51.4812	0
11700	-426.903	-440.551	0
11800	-745.951	-1008.2	0
11900	-801.903	-1231.03	0
12000	-850.879	-1267.68	0
12100	-872.553	-1326.48	0
12200	-821.978	-1328.35	0
12300	-813.632	-1413.72	0
12400	-887.855	-1573.29	0
12500	-938.272	-1600.8	0
12600	-1005.32	-1862.67	0
12700	-1327.84	-2730.44	0
12800	-1522.13	-3128.41	0
12900	-1259.22	-2766.16	0
13000	-1161.81	-2404.86	0
13100	-1250.78	-2163.39	0
13200	-1118.33	-1398.45	0
13300	-707.93	-734.588	0
13400	-281.824	-358.035	0
13500	-184.596	-191.302	0
13600	-263.649	-228.406	0
13700	-448.166	-453.647	0
13800	-601.077	-873.03	0
13900	-724.186	-1117.9	0
14000	-746.756	-1198.36	0
14100	-794.214	-1446.62	0
14200	-869.013	-1825.07	0
14300	-864.43	-1798.89	0
14400	-877.736	-1670.06	0
14500	-931.654	-1603.87	0
14600	-990.821	-1487.18	0
14700	-1066.1	-1633.41	0
14800	-1150.31	-1972.58	0
14900	-1236.13	-2236.2	0
15000	-1255.35	-2140.34	0
15100	-1210.42	-1982.48	0
15200	-1195.1	-2030.49	0
15300	-1170.88	-1921.9	0
15400	-1149.77	-1727.07	0
15500	-1108.15	-1672	0
15600	-1095.81	-1752.39	0
15700	-1132.76	-1949.3	0
15800	-1229.07	-2197.33	0
15900	-1180.19	-2201.96	0
16000	-1175.46	-2175.33	0
16100	-1210.99	-2202.13	0
16200	-1260.33	-2173.69	0
16300	-1251.64	-1902.22	0
16400	-1132.15	-1501.01	0
16500	-1039.49	-1241.03	0
16600	-1047.98	-1343.25	0
16700	-1150.6	-1701.33	0
16800	-1167.96	-1819.18	0
16900	-1062.99	-1615.08	0
17000	-1016.82	-1509.64	0
17100	-1042.56	-1575.91	0
17200	-1059.44	-1688.17	0
17300	-1080.59	-1832.62	0
17400	-1086.52	-1889.73	0
17500	-1092.75	-1841.87	0
17600	-1099.39	-1835.59	0
17700	-1087.67	-1837.18	0
17800	-1056.72	-1765.8	0
17900	-1061.85	-1762.19	0
18000	-1108.7	-1793.53	0
18100	-1058.29	-1728.23	0
18200	-1059.74	-1769.66	0
18300	-1090.63	-1881.83	0
18400	-1083.97	-1780.95	0
18500	-1084.68	-1679.94	0
18600	-1086.64	-1677.06	0
18700	-1087.66	-1716.19	0
18800	-1087.47	-1696.98	0
18900	-1106.81	-1721.33	0
19000	-1118.23	-1738.65	0
19100	-1125.13	-1742.87	0
19200	-1124.04	-1798.91	0
19300	-1094.08	-1776.17	0
19400	-1094.75	-1748.72	0
19500	-1112.95	-1757.68	0
19600	-1103.37	-1709.56	0
19700	-1082.4	-1663.21	0
19800	-1090.1	-1707.08	0
19900	-1096.56	-1725.36	0
20000	-1087.91	-1700.85	0
20100	-1097.03	-1719.98	0
20200	-1100.52	-1719.26	0
20300	-1097.86	-1719.72	0
20400	-1100.28	-1747.21	0
20500	-1084.06	-1755.11	0
20600	-1083.83	-1753.65	0
20700	-1095.04	-1735.9	0
20800	-1076.91	-1698.99	0
20900	-1081.77	-1731.69	0
21000	-1086.43	-1770.94	0
21100	-1069.41	-1681.21	0
21200	-1063.45	-1605.71	0
21300	-1066.57	-1573.98	0
21400	-1075.46	-1582.26	0
21500	-1091.74	-1672.65	0
21600	-1087.09	-1709.99	0
21700	-1073.78	-1650.99	0
21800	-1072.34	-1635.94	0
21900	-1086.19	-1678.49	0
22000	-1104.72	-1695.79	0
22100	-1093.97	-1673.15	0
22200	-1086.24	-1670.89	0
22300	-1097.09	-1677.61	0
22400	-1083.32	-1646.86	0
22500	-1068.02	-1618.6	0
22600	-1064.37	-1613.76	0
22700	-1060.4	-1603.7	0
22800	-1075.26	-1630.14	0
22900	-1080.74	-1584.97	0
23000	-1068.86	-1519.29	0
23100	-1095.52	-1526.45	0
23200	-1112.17	-1552.3	0
23300	-1083.29	-1541.12	0
23400	-1080.77	-1600.43	0
23500	-1100.02	-1682.46	0
23600	-1095.65	-1670.05	0
23700	-1079.6	-1622.59	0
23800	-1076.43	-1626.58	0
23900	-1078.54	-1625.09	0
24000	-1061.41	-1583.68	0
24100	-1050.01	-1558.92	0
24200	-1062.3	-1574.47	0
24300	-1069.86	-1543.86	0
24400	-1065.74	-1504.55	0
24500	-1065.11	-1513.61	0
24600	-1076.45	-1570.33	0
24700	-1077.16	-1602.65	0
24800	-1053.74	-1557.01	0
24900	-1050.3	-1528.93	0
25000	-1050.6	-1504.19	0
25100	-1047.44	-1467.53	0
25200	-1044.95	-1449.82	0
25300	-1061.24	-1470.65	0
25400	-1088.46	-1488.01	0
25500	-1084.45	-1478.42	0
25600	-1074.56	-1490.81	0
25700	-1069.76	-1500.24	0
25800	-1071.75	-1506.45	0
25900	-1078.17	-1506.2	0
26000	-1082.41	-1503.43	0
26100	-1069.43	-1477.41	0
26200	-1052.05	-1453.84	0
26300	-1054.7	-1454.57	0
26400	-1058.78	-1446.92	0
26500	-1059.65	-1453.57	0
26600	-1069.8	-1467.02	0
26700	-1073.23	-1460.93	0
26800	-1066.05	-1462.07	0
26900	-1061.87	-1466.19	0
27000	-1063.8	-1473.31	0
27100	-1072.23	-1488.86	0
27200	-1073.97	-1477.29	0
27300	-1066.75	-1460.43	0
27400	-1064.09	-1467.59	0
27500	-1063.47	-1474.22	0
27600	-1061.6	-1471.67	0
27700	-1062.16	-1468.24	0
27800	-1066.76	-1472.24	0
27900	-1067.82	-1471.07	0
28000	-1065.53	-1466.46	0
28100	-1074.34	-1502.79	0
28200	-1079.95	-1520.88	0
28300	-1069.33	-1485.37	0
28400	-1056.14	-1438.53	0
28500	-1051.67	-1419.17	0
28600	-1058.93	-1438.85	0
28700	-1056.46	-1441.79	0
28800	-1042.11	-1409.67	0
28900	-1036.82	-1399.6	0
29000	-1048.35	-1423.85	0
29100	-1050.62	-1439.57	0
29200	-1052.7	-1439.64	0
29300	-1059.78	-1448.26	0
29400	-1052.94	-1445.7	0
29500	-1051.32	-1448.28	0
29600	-1051.74	-1449.24	0
29700	-1051.45	-1442.72	0
29800	-1044.65	-1427.76	0
29900	-1043.88	-1423.26	0
30000	-1045.75	-1424.68	0
30100	-1049.24	-1429.68	0
30200	-1049.25	-1431.13	0
30300	-1048.5	-1431.08	0
30400	-1048.91	-1431.85	0
30500	-1049.28	-1432.91	0
30600	-1049.51	-1435.33	0
30700	-1050.22	-1437.68	0
30800	-1050.19	-1437.62	0
30900	-1049.92	-1435.78	0
31000	-1050.17	-1433.24	0
31100	-1050.99	-1432.83	0
31200	-1051.39	-1432.54	0
31300	-1051.28	-1432.28	0
31400	-1051.21	-1432.26	0
31500	-1049.35	-1431.25	0
31600	-1047.1	-1431.1	0
31700	-1047.87	-1436.47	0
31800	-1048.8	-1439.19	0
31900	-1050.15	-1437.77	0
32000	-1053.23	-1438.17	0
32100	-1054.75	-1439.64	0
32200	-1054.35	-1440.4	0
32300	-1053.39	-1440.42	0
32400	-1053.15	-1440.29	0
32500	-1053.06	-1440.23	0
32600	-1052.87	-1440.05	0
32700	-1052.82	-1439.94	0
32800	-1052.75	-1439.58	0
32900	-1051.76	-1437.47	0
33000	-1051.3	-1436.7	0
33100	-1051.34	-1436.7	0
33200	-1051.37	-1436.69	0
33300	-1051.42	-1436.65	0
33400	-1051.43	-1436.62	0
33500	-1051.39	-1436.55	0
33600	-1050.99	-1435.88	0
33700	-1050.3	-1434.81	0
33800	-1050.28	-1434.7	0
33900	-1050.29	-1434.64	0
34000	-1050.28	-1434.6	0
34100	-1050.25	-1434.53	0
34200	-1050.25	-1434.46	0
34300	-1050.24	-1434.41	0
34400	-1050.23	-1434.32	0
34500	-1050.21	-1434.2	0
34600	-1050.18	-1434.07	0
34700	-1050.17	-1433.96	0
34800	-1050.16	-1433.87	0
34900	-1050.11	-1433.7	0
35000	-1050.04	-1433.3	0
35100	-1049.96	-1432.93	0
35200	-1049.76	-1432.24	0
35300	-1049.47	-1430.68	0
35400	-1049.41	-1429.95	0
35500	-1049.16	-1429.25	0
35600	-1049.02	-1428.9	0
35700	-1048.96	-1428.83	0
35800	-1048.92	-1428.78	0
35900	-1048.86	-1428.76	0
36000	-1048.83	-1428.76	0
36100	-1048.89	-1428.76	0
36200	-1049.16	-1428.74	0
36300	-1049.17	-1428.78	0
36400	-1049.18	-1428.8	0
36500	-1049.11	-1428.88	0
36600	-1048.84	-1429.25	0
36700	-1048.92	-1429.32	0
36800	-1048.98	-1429.36	0
36900	-1049.06	-1429.4	0
37000	-1049.08	-1429.41	0
37100	-1049.11	-1429.42	0
37200	-1049.15	-1429.43	0
37300	-1049.19	-1429.43	0
37400	-1049.21	-1429.43	0
37500	-1049.22	-1429.41	0
37600	-1049.21	-1429.37	0
37700	-1049.22	-1429.35	0
37800	-1049.22	-1429.34	0
37900	-1049.23	-1429.33	0
38000	-1049.23	-1429.32	0
38100	-1049.23	-1429.3	0
38200	-1049.23	-1429.29	0
38300	-1049.22	-1429.28	0
38400	-1049.21	-1429.26	0
38500	-1049.2	-1429.24	0
38600	-1049.19	-1429.21	0
38700	-1049.19	-1429.2	0
38800	-1049.19	-1429.19	0
38900	-1049.19	-1429.19	0
39000	-1049.19	-1429.18	0
39100	-1049.2	-1429.18	0
39200	-1049.22	-1429.19	0
39300	-1049.23	-1429.2	0
39400	-1049.24	-1429.21	0
39500	-1049.25	-1429.22	0
39600	-1049.26	-1429.23	0
39700	-1049.27	-1429.24	0
39800	-1049.28	-1429.25	0
39900	-1049.28	-1429.26	0
40000	-1049.28	-1429.26	0
40100	-1049.28	-1429.26	0
40200	-1049.28	-1429.26	0
40300	-1049.27	-1429.26	0
40400	-1049.27	-1429.24	0
40500	-1049.26	-1429.23	0
40600	-1049.25	-1429.22	0
40700	-1049.24	-1429.2	0
40800	-1049.24	-1429.18	0
40900	-1049.23	-1429.16	0
41000	-1049.22	-1429.14	0
41100	-1049.21	-1429.12	0
41200	-1049.2	-1429.09	0
41300	-1049.18	-1429.07	0
41400	-1049.17	-1429.04	0
41500	-1049.15	-1429.01	0
41600	-1049.14	-1428.98	0
41700	-1049.13	-1428.95	0
41800	-1049.11	-1428.91	0
41900	-1049.1	-1428.88	0
42000	-1049.08	-1428.84	0
42100	-1049.06	-1428.81	0
42200	-1049.05	-1428.77	0
42300	-1049.03	-1428.73	0
42400	-1049.01	-1428.69	0
42500	-1048.99	-1428.65	0
42600	-1048.98	-1428.61	0
42700	-1048.96	-1428.57	0
42800	-1048.95	-1428.54	0
42900	-1048.93	-1428.5	0
43000	-1048.92	-1428.46	0
43100	-1048.9	-1428.43	0
43200	-1048.89	-1428.39	0
43300	-1048.87	-1428.36	0
43400	-1048.86	-1428.32	0
43500	-1048.84	-1428.29	0
43600	-1048.83	-1428.26	0
43700	-1048.82	-1428.22	0
43800	-1048.81	-1428.19	0
43900	-1048.79	-1428.16	0
44000	-1048.78	-1428.13	0
44100	-1048.77	-1428.1	0
44200	-1048.76	-1428.07	0
44300	-1048.75	-1428.04	0
44400	-1048.74	-1428.01	0
44500	-1048.73	-1427.98	0
44600	-1048.73	-1427.95	0
44700	-1048.72	-1427.93	0
44800	-1048.71	-1427.9	0
44900	-1048.71	-1427.88	0
45000	-1048.7	-1427.86	0
45100	-1048.7	-1427.83	0
45200	-1048.69	-1427.8	0
45300	-1048.69	-1427.76	0
45400	-1048.68	-1427.73	0
45500	-1048.67	-1427.69	0
45600	-1048.67	-1427.66	0
45700	-1048.66	-1427.61	0
45800	-1048.64	-1427.57	0
45900	-1048.63	-1427.53	0
46000	-1048.63	-1427.5	0
46100	-1048.63	-1427.46	0
46200	-1048.62	-1427.42	0
46300	-1048.61	-1427.38	0
46400	-1048.6	-1427.34	0
46500	-1048.59	-1427.3	0
46600	-1048.58	-1427.27	0
46700	-1048.57	-1427.23	0
46800	-1048.56	-1427.19	0
46900	-1048.55	-1427.16	0
47000	-1048.55	-1427.12	0
47100	-1048.54	-1427.09	0
47200	-1048.53	-1427.05	0
47300	-1048.52	-1427.01	0
47400	-1048.52	-1426.98	0
47500	-1048.52	-1426.95	0
47600	-1048.51	-1426.91	0
47700	-1048.5	-1426.87	0
47800	-1048.5	-1426.84	0
47900	-1048.49	-1426.8	0
48000	-1048.48	-1426.77	0
48100	-1048.47	-1426.73	0
48200	-1048.46	-1426.7	0
48300	-1048.46	-1426.66	0
48400	-1048.45	-1426.63	0
48500	-1048.44	-1426.6	0
48600	-1048.44	-1426.57	0
48700	-1048.43	-1426.53	0
48800	-1048.42	-1426.5	0
48900	-1048.42	-1426.47	0
49000	-1048.41	-1426.45	0
49100	-1048.41	-1426.42	0
49200	-1048.4	-1426.39	0
49300	-1048.4	-1426.36	0
49400	-1048.4	-1426.34	0
49500	-1048.39	-1426.31	0
49600	-1048.39	-1426.29	0
49700	-1048.39	-1426.26	0
49800	-1048.38	-1426.24	0
49900	-1048.38	-1426.22	0
50000	-1048.38	-1426.19	0
