0	-889.967	-1677.51	0
100	-101.966	-282.983	0
200	-229.818	-636.965	0
300	-359.231	-995.523	0
400	-485.788	-1345.98	0
500	-614.743	-1703.24	0
600	-741.187	-2053.38	0
700	-854.608	-2367.5	0
800	-906.95	-2511.8	0
900	-840.863	-2276.62	0
1000	-696.78	-1791.6	0
1100	-600.301	-1474.64	0
1200	-544.948	-1166.4	0
1300	-475.297	-806.122	0
1400	-420.651	-590.004	0
1500	-427.047	-482.91	0
1600	-474.762	-609.993	0
1700	-519.111	-878.593	0
1800	-585.774	-1221.02	0
1900	-701.113	-1639.41	0
2000	-743.357	-1849.23	0
2100	-765.076	-2009.09	0
2200	-764.809	-2015.3	0
2300	-738.955	-1922.48	0
2400	-701.523	-1734.13	0
2500	-641.299	-1480.38	0
2600	-581.551	-1183.72	0
2700	-557.054	-1039.38	0
2800	-517.405	-888.074	0
2900	-505.94	-854.893	0
3000	-515.097	-909.809	0
3100	-519.499	-970.57	0
3200	-551.863	-1129.67	0
3300	-577.604	-1231.12	0
3400	-617.521	-1398.81	0
3500	-650.999	-1517.39	0
3600	-657.812	-1567.42	0
3700	-662.715	-1562.67	0
3800	-668.055	-1522.35	0
3900	-651.032	-1462.99	0
4000	-628.031	-1375.58	0
4100	-616.934	-1297.79	0
4200	-599.217	-1219.82	0
4300	-595.28	-1182.13	0
4400	-585.809	-1172.92	0
4500	-574.427	-1167.18	0
4600	-574.91	-1160.42	0
4700	-574.888	-1163.11	0
4800	-573.989	-1171.49	0
4900	-572.6	-1175.19	0
5000	-571.481	-1178.69	0
5100	-569.73	-1184.14	0
5200	-570.013	-1187.4	0
5300	-573.607	-1199.82	0
5400	-580.394	-1211.21	0
5500	-591.071	-1231.43	0
5600	-594.283	-1247.02	0
5700	-601.553	-1278.96	0
5800	-606.477	-1296.24	0
5900	-609.531	-1287.73	0
6000	-606.921	-1274.04	0
6100	-605.216	-1276.41	0
6200	-600.73	-1266.76	0
6300	-601.931	-1256.35	0
6400	-600.13	-1240.75	0
6500	-594.001	-1226.43	0
6600	-584.178	-1213.44	0
6700	-582.239	-1206.47	0
6800	-580.253	-1193.1	0
6900	-575.679	-1181.34	0
7000	-569.423	-1174.15	0
7100	-566.963	-1172.53	0
7200	-566.348	-1170.25	0
7300	-565.925	-1168.94	0
7400	-567.886	-1169.79	0
7500	-575.218	-1176.98	0
7600	-581.096	-1191.52	0
7700	-583.727	-1202.58	0
7800	-589.219	-1211.12	0
7900	-593.667	-1221.13	0
8000	-592.555	-1226.03	0
8100	-592.808	-1225.76	0
8200	-589.323	-1215.04	0
8300	-585.329	-1204.79	0
8400	-580.584	-1199.52	0
8500	-581.2	-1191.79	0
8600	-586.634	-1194.32	0
8700	-585.436	-1193.72	0
8800	-582.517	-1187.35	0
8900	-578.853	-1184.17	0
9000	-579.238	-1182.74	0
9100	-579.76	-1182.36	0
9200	-578.337	-1179.46	0
9300	-574.778	-1170.55	0
9400	-571.498	-1160.97	0
9500	-564.815	-1155.58	0
9600	-562.524	-1153.82	0
9700	-561.349	-1150.65	0
9800	-557.598	-1142.48	0
9900	-556.329	-1138.21	0
10000	-559.245	-1143.65	0
10100	-564.885	-1151.36	0
10200	-567.791	-1160.64	0
10300	-578.82	-1211.35	0
10400	-585.978	-1237.05	0
10500	-592.182	-1214.69	0
10600	-586.29	-1198.46	0
10700	-580.846	-1209.35	0
10800	-584.253	-1206.55	0
10900	-595.289	-1200.26	0
11000	-599.532	-1205.96	0
11100	-591.988	-1198.74	0
11200	-588.238	-1188.51	0
11300	-588.359	-1177.74	0
11400	-580.92	-1165.55	0
11500	-563.162	-1147.64	0
11600	-552.265	-1122	0
11700	-545.775	-1098.07	0
11800	-550.717	-1123.97	0
11900	-545.078	-1107.58	0
12000	-538.549	-1084.88	0
12100	-542.737	-1105.43	0
12200	-529.051	-1083.32	0
12300	-524.601	-1076.15	0
12400	-531.253	-1079.91	0
12500	-560.042	-1122.59	0
12600	-596.447	-1248.01	0
12700	-608.855	-1357.83	0
12800	-617.858	-1380.5	0
12900	-619.547	-1394.02	0
13000	-611.843	-1323.96	0
13100	-608.367	-1260.16	0
13200	-608.027	-1226.83	0
13300	-541.987	-1058.83	0
13400	-523.633	-1030.35	0
13500	-548.989	-1056.95	0
13600	-505.878	-950.029	0
13700	-499.393	-964.655	0
13800	-509.055	-999.196	0
13900	-506.12	-991.106	0
14000	-520.241	-1030.96	0
14100	-511.003	-1040.07	0
14200	-516.211	-1083.21	0
14300	-568.263	-1172.35	0
14400	-623.573	-1300.17	0
14500	-603.536	-1387.45	0
14600	-618.661	-1454.44	0
14700	-634.895	-1400.54	0
14800	-582.623	-1280.01	0
14900	-556.511	-1206.73	0
15000	-533.537	-1094.21	0
15100	-523.397	-1009.38	0
15200	-514.441	-926.985	0
15300	-502.61	-941.063	0
15400	-502.064	-955.03	0
15500	-517.876	-1010.67	0
15600	-512.195	-979.9	0
15700	-528.826	-1048.94	0
15800	-561.981	-1170.72	0
15900	-564.793	-1201.05	0
16000	-576.56	-1227.46	0
16100	-578.903	-1222.9	0
16200	-571.003	-1214.73	0
16300	-569.301	-1197.19	0
16400	-567.683	-1180.44	0
16500	-555.009	-1136.4	0
16600	-535.302	-1101.1	0
16700	-527.111	-1064.39	0
16800	-531.189	-1044.64	0
16900	-526.564	-1033.93	0
17000	-520.731	-1035.18	0
17100	-528.019	-1049.94	0
17200	-545.271	-1072.61	0
17300	-557.97	-1126.44	0
17400	-553.529	-1158.8	0
17500	-555.448	-1163.42	0
17600	-558.113	-1147.5	0
17700	-552.779	-1130.65	0
17800	-553.438	-1139.84	0
17900	-553.106	-1133.61	0
18000	-548.947	-1123.29	0
18100	-546.028	-1120.46	0
18200	-542.592	-1107.13	0
18300	-540.092	-1095.35	0
18400	-541.617	-1102.35	0
18500	-540.033	-1101.43	0
18600	-540.173	-1098.56	0
18700	-542.078	-1101.55	0
18800	-541.675	-1101.94	0
18900	-541.08	-1099.93	0
19000	-541.138	-1100.05	0
19100	-541.151	-1099.53	0
19200	-540.791	-1097.47	0
19300	-540.768	-1097.12	0
19400	-540.794	-1097.12	0
19500	-540.794	-1097.09	0
19600	-540.794	-1097.06	0
19700	-540.796	-1097.01	0
19800	-540.808	-1096.95	0
19900	-540.833	-1096.9	0
20000	-540.848	-1096.86	0
20100	-540.864	-1096.81	0
20200	-540.87	-1096.76	0
20300	-540.883	-1096.71	0
20400	-540.895	-1096.66	0
20500	-540.893	-1096.61	0
20600	-540.887	-1096.56	0
20700	-540.884	-1096.5	0
20800	-540.874	-1096.45	0
20900	-540.863	-1096.4	0
21000	-540.848	-1096.34	0
21100	-540.85	-1096.3	0
21200	-540.866	-1096.26	0
21300	-540.903	-1096.23	0
21400	-540.92	-1096.19	0
21500	-540.892	-1096.14	0
21600	-540.854	-1096.09	0
21700	-540.839	-1096.04	0
21800	-540.819	-1095.99	0
21900	-540.796	-1095.94	0
22000	-540.776	-1095.89	0
22100	-540.756	-1095.84	0
22200	-540.732	-1095.79	0
22300	-540.71	-1095.74	0
22400	-540.686	-1095.7	0
22500	-540.665	-1095.65	0
22600	-540.643	-1095.6	0
22700	-540.622	-1095.55	0
22800	-540.599	-1095.51	0
22900	-540.575	-1095.46	0
23000	-540.552	-1095.41	0
23100	-540.528	-1095.37	0
23200	-540.506	-1095.32	0
23300	-540.484	-1095.27	0
23400	-540.461	-1095.23	0
23500	-540.442	-1095.18	0
23600	-540.42	-1095.13	0
23700	-540.393	-1095.09	0
23800	-540.37	-1095.04	0
23900	-540.346	-1094.99	0
24000	-540.322	-1094.95	0
24100	-540.3	-1094.9	0
24200	-540.277	-1094.85	0
24300	-540.252	-1094.81	0
24400	-540.228	-1094.76	0
24500	-540.204	-1094.71	0
24600	-540.181	-1094.67	0
24700	-540.157	-1094.62	0
24800	-540.133	-1094.57	0
24900	-540.109	-1094.52	0
25000	-540.087	-1094.48	0
25100	-540.063	-1094.43	0
25200	-540.037	-1094.38	0
25300	-540.016	-1094.33	0
25400	-539.994	-1094.29	0
25500	-539.97	-1094.24	0
25600	-539.951	-1094.19	0
25700	-539.929	-1094.14	0
25800	-539.907	-1094.1	0
25900	-539.886	-1094.05	0
26000	-539.862	-1094	0
26100	-539.838	-1093.95	0
26200	-539.812	-1093.9	0
26300	-539.787	-1093.85	0
26400	-539.761	-1093.8	0
26500	-539.736	-1093.75	0
26600	-539.71	-1093.7	0
26700	-539.684	-1093.65	0
26800	-539.658	-1093.6	0
26900	-539.632	-1093.55	0
27000	-539.605	-1093.5	0
27100	-539.579	-1093.45	0
27200	-539.553	-1093.4	0
27300	-539.528	-1093.35	0
27400	-539.501	-1093.3	0
27500	-539.475	-1093.24	0
27600	-539.448	-1093.19	0
27700	-539.422	-1093.14	0
27800	-539.395	-1093.09	0
27900	-539.369	-1093.04	0
28000	-539.343	-1092.98	0
28100	-539.316	-1092.93	0
28200	-539.291	-1092.88	0
28300	-539.264	-1092.83	0
28400	-539.238	-1092.77	0
28500	-539.211	-1092.72	0
28600	-539.188	-1092.67	0
28700	-539.163	-1092.62	0
28800	-539.137	-1092.57	0
28900	-539.11	-1092.51	0
29000	-539.083	-1092.46	0
29100	-539.056	-1092.41	0
29200	-539.03	-1092.36	0
29300	-539.003	-1092.3	0
29400	-538.976	-1092.25	0
29500	-538.949	-1092.2	0
29600	-538.922	-1092.14	0
29700	-538.895	-1092.09	0
29800	-538.868	-1092.04	0
29900	-538.841	-1091.98	0
30000	-538.814	-1091.93	0
30100	-538.787	-1091.87	0
30200	-538.76	-1091.82	0
30300	-538.733	-1091.77	0
30400	-538.706	-1091.71	0
30500	-538.679	-1091.66	0
30600	-538.652	-1091.61	0
30700	-538.625	-1091.55	0
30800	-538.598	-1091.5	0
30900	-538.572	-1091.44	0
31000	-538.546	-1091.39	0
31100	-538.519	-1091.34	0
31200	-538.493	-1091.28	0
31300	-538.467	-1091.23	0
31400	-538.442	-1091.18	0
31500	-538.416	-1091.13	0
31600	-538.391	-1091.07	0
31700	-538.365	-1091.02	0
31800	-538.34	-1090.97	0
31900	-538.316	-1090.92	0
32000	-538.291	-1090.87	0
32100	-538.267	-1090.81	0
32200	-538.243	-1090.76	0
32300	-538.219	-1090.71	0
32400	-538.196	-1090.66	0
32500	-538.172	-1090.61	0
32600	-538.149	-1090.56	0
32700	-538.126	-1090.51	0
32800	-538.104	-1090.46	0
32900	-538.081	-1090.41	0
33000	-538.059	-1090.36	0
33100	-538.037	-1090.31	0
33200	-538.016	-1090.27	0
33300	-537.994	-1090.22	0
33400	-537.973	-1090.17	0
33500	-537.952	-1090.12	0
33600	-537.931	-1090.08	0
33700	-537.911	-1090.03	0
33800	-537.891	-1089.98	0
33900	-537.871	-1089.94	0
34000	-537.851	-1089.89	0
34100	-537.832	-1089.84	0
34200	-537.812	-1089.8	0
34300	-537.793	-1089.75	0
34400	-537.775	-1089.71	0
34500	-537.756	-1089.67	0
34600	-537.738	-1089.62	0
34700	-537.72	-1089.58	0
34800	-537.702	-1089.54	0
34900	-537.684	-1089.49	0
35000	-537.666	-1089.45	0
35100	-537.649	-1089.41	0
35200	-537.632	-1089.37	0
35300	-537.615	-1089.32	0
35400	-537.598	-1089.28	0
35500	-537.581	-1089.24	0
35600	-537.564	-1089.2	0
35700	-537.548	-1089.16	0
35800	-537.531	-1089.12	0
35900	-537.515	-1089.08	0
36000	-537.499	-1089.04	0
36100	-537.483	-1089	0
36200	-537.467	-1088.96	0
36300	-537.451	-1088.92	0
36400	-537.435	-1088.88	0
36500	-537.42	-1088.84	0
36600	-537.404	-1088.81	0
36700	-537.389	-1088.77	0
36800	-537.374	-1088.73	0
36900	-537.358	-1088.69	0
37000	-537.343	-1088.66	0
37100	-537.328	-1088.62	0
37200	-537.313	-1088.58	0
37300	-537.298	-1088.55	0
37400	-537.284	-1088.51	0
37500	-537.269	-1088.47	0
37600	-537.254	-1088.44	0
37700	-537.239	-1088.4	0
37800	-537.225	-1088.37	0
37900	-537.21	-1088.33	0
38000	-537.196	-1088.3	0
38100	-537.182	-1088.26	0
38200	-537.167	-1088.23	0
38300	-537.153	-1088.2	0
38400	-537.139	-1088.16	0
38500	-537.124	-1088.13	0
38600	-537.11	-1088.1	0
38700	-537.096	-1088.06	0
38800	-537.082	-1088.03	0
38900	-537.068	-1088	0
39000	-537.054	-1087.97	0
39100	-537.041	-1087.93	0
39200	-537.027	-1087.9	0
39300	-537.013	-1087.87	0
39400	-536.999	-1087.84	0
39500	-536.986	-1087.81	0
39600	-536.972	-1087.78	0
39700	-536.959	-1087.75	0
39800	-536.945	-1087.72	0
39900	-536.932	-1087.69	0
40000	-536.918	-1087.66	0
40100	-536.905	-1087.63	0
40200	-536.892	-1087.6	0
40300	-536.879	-1087.57	0
40400	-536.865	-1087.54	0
40500	-536.852	-1087.51	0
40600	-536.839	-1087.48	0
40700	-536.826	-1087.45	0
40800	-536.814	-1087.43	0
40900	-536.801	-1087.4	0
41000	-536.788	-1087.37	0
41100	-536.776	-1087.34	0
41200	-536.764	-1087.32	0
41300	-536.751	-1087.29	0
41400	-536.739	-1087.26	0
41500	-536.727	-1087.24	0
41600	-536.716	-1087.21	0
41700	-536.704	-1087.19	0
41800	-536.693	-1087.16	0
41900	-536.681	-1087.14	0
42000	-536.67	-1087.11	0
42100	-536.659	-1087.09	0
42200	-536.649	-1087.06	0
42300	-536.638	-1087.04	0
42400	-536.628	-1087.01	0
42500	-536.618	-1086.99	0
42600	-536.608	-1086.97	0
42700	-536.598	-1086.94	0
42800	-536.589	-1086.92	0
42900	-536.579	-1086.9	0
43000	-536.571	-1086.88	0
43100	-536.562	-1086.86	0
43200	-536.553	-1086.83	0
43300	-536.545	-1086.81	0
43400	-536.537	-1086.79	0
43500	-536.529	-1086.77	0
43600	-536.521	-1086.75	0
43700	-536.514	-1086.73	0
43800	-536.507	-1086.71	0
43900	-536.5	-1086.69	0
44000	-536.493	-1086.67	0
44100	-536.486	-1086.65	0
44200	-536.48	-1086.64	0
44300	-536.473	-1086.62	0
44400	-536.467	-1086.6	0
44500	-536.461	-1086.58	0
44600	-536.455	-1086.56	0
44700	-536.45	-1086.55	0
44800	-536.444	-1086.53	0
44900	-536.439	-1086.51	0
45000	-536.434	-1086.49	0
45100	-536.429	-1086.48	0
45200	-536.424	-1086.46	0
45300	-536.419	-1086.45	0
45400	-536.414	-1086.43	0
45500	-536.41	-1086.41	0
45600	-536.405	-1086.4	0
45700	-536.401	-1086.38	0
45800	-536.397	-1086.37	0
45900	-536.392	-1086.35	0
46000	-536.388	-1086.34	0
46100	-536.385	-1086.33	0
46200	-536.381	-1086.31	0
46300	-536.377	-1086.3	0
46400	-536.373	-1086.28	0
46500	-536.37	-1086.27	0
46600	-536.367	-1086.26	0
46700	-536.363	-1086.24	0
46800	-536.36	-1086.23	0
46900	-536.357	-1086.22	0
47000	-536.354	-1086.2	0
47100	-536.351	-1086.19	0
47200	-536.348	-1086.18	0
47300	-536.345	-1086.17	0
47400	-536.342	-1086.16	0
47500	-536.339	-1086.14	0
47600	-536.336	-1086.13	0
47700	-536.334	-1086.12	0
47800	-536.331	-1086.11	0
47900	-536.328	-1086.1	0
48000	-536.326	-1086.09	0
48100	-536.323	-1086.07	0
48200	-536.321	-1086.06	0
48300	-536.319	-1086.05	0
48400	-536.316	-1086.04	0
48500	-536.314	-1086.03	0
48600	-536.312	-1086.02	0
48700	-536.31	-1086.01	0
48800	-536.307	-1086	0
48900	-536.305	-1085.99	0
49000	-536.303	-1085.98	0
49100	-536.301	-1085.97	0
49200	-536.299	-1085.96	0
49300	-536.297	-1085.95	0
49400	-536.295	-1085.94	0
49500	-536.293	-1085.93	0
49600	-536.291	-1085.92	0
49700	-536.289	-1085.91	0
49800	-536.287	-1085.9	0
49900	-536.285	-1085.89	0
50000	-536.283	-1085.88	0
